0.0504351
2.8116250915  -2.9172140476   0.0001154039
2.8116250915  -2.9172140476   0.0001154039
2.8116303672  -2.9171841108   0.0000905772
2.8116176882  -2.9170931932   0.0000322532
2.8115789217  -2.9169430927  -0.0000605925
2.8115056718  -2.9167201274  -0.0001889640
2.8113950095  -2.9164205219  -0.0003538456
2.8112453256  -2.9160427475  -0.0005562016
2.8110555047  -2.9155860839  -0.0007969763
2.8108246566  -2.9150501575  -0.0010770938
2.8105520084  -2.9144347547  -0.0013974585
2.8102368542  -2.9137397350  -0.0017589544
2.8098785287  -2.9129649875  -0.0021624459
2.8094763939  -2.9121104069  -0.0026087771
2.8090298306  -2.9111758800  -0.0030987723
2.8085382335  -2.9101612788  -0.0036332356
2.8080010083  -2.9090664562  -0.0042129511
2.8074175700  -2.9078912441  -0.0048386832
2.8067873417  -2.9066354529  -0.0055111759
2.8061097540  -2.9052988714  -0.0062311533
2.8053842446  -2.9038812683  -0.0069993197
2.8046102584  -2.9023823925  -0.0078163592
2.8037872473  -2.9008019756  -0.0086829358
2.8029146707  -2.8991397329  -0.0095996938
2.8019919952  -2.8973953656  -0.0105672572
2.8010186957  -2.8955685626  -0.0115862302
2.7999942547  -2.8936590030  -0.0126571968
2.7989181635  -2.8916663576  -0.0137807211
2.7977899225  -2.8895902916  -0.0149573473
2.7966090409  -2.8874304667  -0.0161875993
2.7953750373  -2.8851865422  -0.0174719812
2.7940874390  -2.8828581769  -0.0188109772
2.7927457826  -2.8804432907  -0.0202069004
2.7913496316  -2.8779432329  -0.0216585905
2.7898985495  -2.8753597933  -0.0231659344
2.7883920914  -2.8726913237  -0.0247291812
2.7868298370  -2.8699371066  -0.0263486370
2.7852113862  -2.8670966780  -0.0280246745
2.7835363531  -2.8641696490  -0.0297576487
2.7818043647  -2.8611557003  -0.0315479050
2.7800150623  -2.8580545521  -0.0333957781
2.7781681020  -2.8548659577  -0.0353015901
2.7762631550  -2.8515897040  -0.0372656496
2.7742999078  -2.8482256111  -0.0392882508
2.7722780629  -2.8447735339  -0.0413696720
2.7701973387  -2.8412333632  -0.0435101753
2.7680574701  -2.8376050261  -0.0457100067
2.7658582088  -2.8338884870  -0.0479693962
2.7635993230  -2.8300837493  -0.0502885576
2.7612805986  -2.8261908574  -0.0526676878
2.7589018382  -2.8222098975  -0.0551069674
2.7564628552  -2.8181409902  -0.0576065596
2.7539634754  -2.8139842926  -0.0601666105
2.7514035485  -2.8097400117  -0.0627872483
2.7487829463  -2.8054084036  -0.0654685827
2.7461015593  -2.8009897694  -0.0682107047
2.7433592961  -2.7964844553  -0.0710136879
2.7405560840  -2.7918928529  -0.0738775889
2.7376918688  -2.7872153998  -0.0768024467
2.7347666147  -2.7824525794  -0.0797882834
2.7317803044  -2.7776049204  -0.0828351034
2.7287329385  -2.7726729966  -0.0859428942
2.7256245359  -2.7676574264  -0.0891116250
2.7224551325  -2.7625584426  -0.0923412466
2.7192247769  -2.7573766030  -0.0956316918
2.7159335189  -2.7521134747  -0.0989828772
2.7125814289  -2.7467701765  -0.1023947041
2.7091686092  -2.7413472422  -0.1058670581
2.7056951799  -2.7358454245  -0.1093998095
2.7021612790  -2.7302655815  -0.1129928130
2.6985670616  -2.7246086244  -0.1166459073
2.6949126991  -2.7188755065  -0.1203589136
2.6911983788  -2.7130672127  -0.1241316380
2.6874243039  -2.7071847570  -0.1279638731
2.6835906928  -2.7012291820  -0.1318553982
2.6796977746  -2.6952015551  -0.1358059797
2.6757457599  -2.6891029403  -0.1398153713
2.6717348690  -2.6829344215  -0.1438833143
2.6676653661  -2.6766971344  -0.1480095356
2.6635375355  -2.6703922438  -0.1521937477
2.6593516750  -2.6640209352  -0.1564356516
2.6551080958  -2.6575844143  -0.1607349389
2.6508071212  -2.6510839081  -0.1650912915
2.6464490862  -2.6445206642  -0.1695043824
2.6420343366  -2.6378959490  -0.1739738761
2.6375632035  -2.6312110214  -0.1784994287
2.6330359888  -2.6244671169  -0.1830806870
2.6284530258  -2.6176654982  -0.1877172870
2.6238146926  -2.6108074695  -0.1924088532
2.6191213771  -2.6038943486  -0.1971550005
2.6143734758  -2.5969274650  -0.2019553343
2.6095713930  -2.5899081612  -0.2068094525
2.6047155410  -2.5828377949  -0.2117169482
2.5998063372  -2.5757177383  -0.2166774148
2.5948441489  -2.5685493064  -0.2216904457
2.5898293244  -2.5613337620  -0.2267556275
2.5847622703  -2.5540724382  -0.2318725402
2.5796434223  -2.5467667520  -0.2370407593
2.5744732222  -2.5394181348  -0.2422598567
2.5692521163  -2.5320280084  -0.2475294033
2.5639805561  -2.5245978019  -0.2528489747
2.5586589955  -2.5171289798  -0.2582181528
2.5532878206  -2.5096230069  -0.2636365220
2.5478673837  -2.5020812359  -0.2691036681
2.5423981044  -2.4945047917  -0.2746191806
2.5368804380  -2.4868947027  -0.2801826523
2.5313148410  -2.4792522490  -0.2857936795
2.5257017729  -2.4715790275  -0.2914518619
2.5200416946  -2.4638767340  -0.2971568029
2.5143350475  -2.4561470137  -0.3029081093
2.5085821713  -2.4483913998  -0.3087053913
2.5027834050  -2.4406113772  -0.3145482615
2.4969391812  -2.4328084428  -0.3204363301
2.4910499462  -2.4249840590  -0.3263692108
2.4851161489  -2.4171396493  -0.3323465349
2.4791382413  -2.4092766001  -0.3383679550
2.4731166737  -2.4013962566  -0.3444331403
2.4670518893  -2.3934999584  -0.3505417704
2.4609442612  -2.3855889553  -0.3566935191
2.4547940682  -2.3776643073  -0.3628880409
2.4486015519  -2.3697269592  -0.3691249714
2.4423669416  -2.3617777986  -0.3754039311
2.4360904585  -2.3538176669  -0.3817245309
2.4297723219  -2.3458473725  -0.3880863875
2.4234128785  -2.3378678713  -0.3944891337
2.4170126666  -2.3298803604  -0.4009324080
2.4105720804  -2.3218858341  -0.4074158521
2.4040912980  -2.3138849678  -0.4139391147
2.3975704823  -2.3058784041  -0.4205018500
2.3910097859  -2.2978667918  -0.4271037152
2.3844093528  -2.2898507785  -0.4337443675
2.3777694415  -2.2818311651  -0.4404234636
2.3710905278  -2.2738090444  -0.4471406587
2.3643730684  -2.2657856842  -0.4538955956
2.3576174018  -2.2577622637  -0.4606879047
2.3508238788  -2.2497388479  -0.4675172796
2.3439928782  -2.2417144355  -0.4743835228
2.3371247819  -2.2336894625  -0.4812864325
2.3302199573  -2.2256665761  -0.4882256946
2.3232787410  -2.2176484034  -0.4952009265
2.3163014502  -2.2096363989  -0.5022117458
2.3092884166  -2.2016314999  -0.5092577820
2.3022399796  -2.1936345809  -0.5163386694
2.2951563866  -2.1856464274  -0.5234540446
2.2880376728  -2.1776676482  -0.5306035473
2.2808842524  -2.1696992009  -0.5377868185
2.2736970950  -2.1617425480  -0.5450035002
2.2664772502  -2.1537992385  -0.5522532368
2.2592257944  -2.1458708447  -0.5595356745
2.2519435339  -2.1379587262  -0.5668504622
2.2446305914  -2.1300635504  -0.5741972527
2.2372866535  -2.1221854161  -0.5815757028
2.2299113499  -2.1143242905  -0.5889854783
2.2225042629  -2.1064800809  -0.5964262549
2.2150651353  -2.0986528866  -0.6038977257
2.2075944370  -2.0908436426  -0.6113995590
2.2000927895  -2.0830534080  -0.6189312591
2.1925604292  -2.0752827419  -0.6264923201
2.1849976711  -2.0675322859  -0.6340824803
2.1774049155  -2.0598028134  -0.6417015452
2.1697825501  -2.0520951253  -0.6493492493
2.1621308786  -2.0444098624  -0.6570252965
2.1544501180  -2.0367474550  -0.6647293230
2.1467404414  -2.0291082129  -0.6724608204
2.1390019989  -2.0214922917  -0.6802189315
2.1312341351  -2.0138986579  -0.6879999019
2.1234365189  -2.0063267867  -0.6958018546
2.1156127491  -1.9987816018  -0.7036328970
2.1077673809  -1.9912699550  -0.7115014911
2.0998998732  -1.9837924723  -0.7194079162
2.0920070114  -1.9763455152  -0.7273501180
2.0840873551  -1.9689267247  -0.7353269276
2.0761409209  -1.9615353200  -0.7433372863
2.0681679087  -1.9541706570  -0.7513800745
2.0601684298  -1.9468318014  -0.7594541173
2.0521426893  -1.9395178563  -0.7675581956
2.0440909315  -1.9322278654  -0.7756910471
2.0360132963  -1.9249605729  -0.7838513547
2.0279099899  -1.9177147421  -0.7920377428
2.0197812528  -1.9104890837  -0.8002487812
2.0116272761  -1.9032821153  -0.8084829916
2.0034483084  -1.8960924010  -0.8167388668
1.9952444446  -1.8889182607  -0.8250148904
1.9870158072  -1.8817580048  -0.8333095466
1.9787626593  -1.8746100592  -0.8416213249
1.9704852426  -1.8674728093  -0.8499487249
1.9621842761  -1.8603450985  -0.8582902459
1.9538577899  -1.8532230125  -0.8666443809
1.9454973620  -1.8460961199  -0.8750096301
1.9371055381  -1.8389651823  -0.8833845063
1.9286900796  -1.8318364927  -0.8917675301
1.9202500738  -1.8247075781  -0.9001572340
1.9117843122  -1.8175755478  -0.9085521706
1.9032904876  -1.8104364104  -0.9169509187
1.8947642884  -1.8032842145  -0.9253520896
1.8861970913  -1.7961087085  -0.9337543339
1.8775684775  -1.7888869235  -0.9421563819
1.8687056035  -1.7814441772  -0.9505570599
1.8597925561  -1.7739705714  -0.9589551142
1.8512303969  -1.7668725321  -0.9673490543
1.8429080363  -1.7600345553  -0.9757373604
1.8346236842  -1.7532463508  -0.9841187418
1.8263489942  -1.7464720709  -0.9924920971
1.8180833872  -1.7397072324  -1.0008563948
1.8098265725  -1.7329494304  -1.0092106579
1.8015782620  -1.7261965691  -1.0175539810
1.7933381868  -1.7194466973  -1.0258855358
1.7851060964  -1.7126980140  -1.0342045717
1.7768817595  -1.7059488680  -1.0425104218
1.7686649629  -1.6991977540  -1.0508025062
1.7604555109  -1.6924433143  -1.0590803338
1.7522532231  -1.6856843433  -1.0673435059
1.7440579343  -1.6789197940  -1.0755917194
1.7358694934  -1.6721487849  -1.0838247717
1.7276877636  -1.6653706019  -1.0920425659
1.7195126186  -1.6585846924  -1.1002451103
1.7113439399  -1.6517906566  -1.1084325201
1.7031816124  -1.6449882368  -1.1166050120
1.6950255384  -1.6381773180  -1.1247629513
1.6868757023  -1.6313579498  -1.1329070221
1.6787321328  -1.6245303315  -1.1410381146
1.6705947326  -1.6176947385  -1.1491570528
1.6624633129  -1.6108515056  -1.1572647348
1.6543377490  -1.6040010672  -1.1653622769
1.6462179756  -1.5971439634  -1.1734509996
1.6381039551  -1.5902808326  -1.1815324897
1.6299957124  -1.5834124296  -1.1896087229
1.6218934270  -1.5765397665  -1.1976823692
1.6137985055  -1.5696644933  -1.2057599397
1.6057122345  -1.5627881521  -1.2138473231
1.5976308469  -1.5559101351  -1.2219398185
1.5895482442  -1.5490282095  -1.2300298506
1.5814635207  -1.5421412591  -1.2381164016
1.5733791959  -1.5352495956  -1.2462006837
1.5652964019  -1.5283535978  -1.2542831447
1.5572150083  -1.5214533393  -1.2623640871
1.5491347292  -1.5145487794  -1.2704438182
1.5410552773  -1.5076398398  -1.2785226511
1.5329763653  -1.5007264147  -1.2866009042
1.5248977047  -1.4938083705  -1.2946789011
1.5168190062  -1.4868855474  -1.3027569698
1.5087399793  -1.4799577605  -1.3108354424
1.5006603324  -1.4730248003  -1.3189146541
1.4925797723  -1.4660864346  -1.3269949430
1.4844980046  -1.4591424095  -1.3350766493
1.4764147332  -1.4521924505  -1.3431601145
1.4683296606  -1.4452362621  -1.3512456806
1.4602424876  -1.4382735269  -1.3593336895
1.4521529136  -1.4313039056  -1.3674244823
1.4440606364  -1.4243270435  -1.3755183982
1.4359653516  -1.4173425998  -1.3836157725
1.4278667519  -1.4103502623  -1.3917169332
1.4197645279  -1.4033496856  -1.3998222027
1.4116583705  -1.3963404481  -1.4079319002
1.4035479704  -1.3893221093  -1.4160463404
1.3954330166  -1.3822942595  -1.4241658306
1.3873131953  -1.3752565135  -1.4322906686
1.3791881898  -1.3682085168  -1.4404211405
1.3710576799  -1.3611499880  -1.4485575161
1.3629213334  -1.3540810713  -1.4567000208
1.3547787989  -1.3470022956  -1.4648488184
1.3466297459  -1.3399127846  -1.4730041093
1.3384739214  -1.3328094920  -1.4811662488
1.3303111097  -1.3256899270  -1.4893356686
1.3221410348  -1.3185538401  -1.4975127392
1.3139633561  -1.3114016095  -1.5056977740
1.3057777298  -1.3042330136  -1.5138910835
1.2975838313  -1.2970475080  -1.5220929857
1.2893813428  -1.2898445276  -1.5303038005
1.2811699461  -1.2826235222  -1.5385238490
1.2729493213  -1.2753839570  -1.5467534536
1.2647191471  -1.2681253128  -1.5549929381
1.2564791003  -1.2608470834  -1.5632426277
1.2482288565  -1.2535487706  -1.5715028490
1.2399680895  -1.2462298873  -1.5797739302
1.2316964713  -1.2388899784  -1.5880562010
1.2234136718  -1.2315286245  -1.5963499921
1.2151193592  -1.2241454106  -1.6046556357
1.2068132002  -1.2167399039  -1.6129734662
1.1984948595  -1.2093116633  -1.6213038198
1.1901640001  -1.2018602504  -1.6296470347
1.1818202831  -1.1943852252  -1.6380034511
1.1734633673  -1.1868861373  -1.6463734113
1.1650929098  -1.1793625225  -1.6547572598
1.1567085655  -1.1718139056  -1.6631553435
1.1483099871  -1.1642398009  -1.6715680113
1.1398968252  -1.1566397059  -1.6799956147
1.1314687284  -1.1490130939  -1.6884385076
1.1230253428  -1.1413594073  -1.6968970465
1.1145663126  -1.1336780470  -1.7053715905
1.1060912797  -1.1259683349  -1.7138625019
1.0975998844  -1.1182294594  -1.7223701465
1.0890917644  -1.1104605507  -1.7308948939
1.0805665549  -1.1026609076  -1.7394371153
1.0720238865  -1.0948300586  -1.7479971822
1.0634633871  -1.0869675587  -1.7565754667
1.0548846825  -1.0790728493  -1.7651723441
1.0462873974  -1.0711453066  -1.7737881930
1.0376711540  -1.0631843027  -1.7824233948
1.0290355720  -1.0551892106  -1.7910783337
1.0203802684  -1.0471593968  -1.7997533963
1.0117048577  -1.0390942200  -1.8084489718
1.0030089518  -1.0309930302  -1.8171654520
0.9942921602  -1.0228551680  -1.8259032313
0.9855540914  -1.0146791501  -1.8346627086
0.9767943555  -1.0064618192  -1.8434442909
0.9680125583  -0.9982017106  -1.8522483878
0.9592082905  -0.9899019940  -1.8610753955
0.9503811352  -0.9815656769  -1.8699257006
0.9415306831  -0.9731922024  -1.8787997014
0.9326565331  -0.9647801647  -1.8876978105
0.9237582818  -0.9563286265  -1.8966204446
0.9148355211  -0.9478366021  -1.9055680233
0.9058878395  -0.9393030103  -1.9145409699
0.8969148236  -0.9307266864  -1.9235397112
0.8879160580  -0.9221063946  -1.9325646769
0.8788911255  -0.9134408405  -1.9416162994
0.8698396071  -0.9047286845  -1.9506950133
0.8607610820  -0.8959685551  -1.9598012545
0.8516551277  -0.8871590627  -1.9689354600
0.8425213204  -0.8782988134  -1.9780980669
0.8333592350  -0.8693864220  -1.9872895122
0.8241684453  -0.8604205258  -1.9965102319
0.8149485243  -0.8513997968  -2.0057606606
0.8056990447  -0.8423229534  -2.0150412310
0.7964195787  -0.8331887698  -2.0243523732
0.7871096991  -0.8239960860  -2.0336945148
0.7777689792  -0.8147438186  -2.0430680801
0.7683969933  -0.8054309690  -2.0524734899
0.7589933172  -0.7960566312  -2.0619111613
0.7495575290  -0.7866199973  -2.0713815073
0.7400892090  -0.7771203617  -2.0808849367
0.7305879407  -0.7675571245  -2.0904218536
0.7210533116  -0.7579297938  -2.0999926575
0.7114849132  -0.7482379857  -2.1095977425
0.7018823423  -0.7384814248  -2.1192374975
0.6922453067  -0.7286736259  -2.1289127882
0.6825737058  -0.7188338151  -2.1386250358
0.6728670720  -0.7089309304  -2.1483742699
0.6631242987  -0.6989215357  -2.1581592193
0.6533446833  -0.6888194551  -2.1679796581
0.6435282133  -0.6786462186  -2.1778359896
0.6336747849  -0.6684036871  -2.1877283766
0.6237841164  -0.6580937893  -2.1976570028
0.6138559481  -0.6477185224  -2.2076220759
0.6038900401  -0.6372799109  -2.2176238288
0.5938861706  -0.6267799679  -2.2276625219
0.5838441338  -0.6162206596  -2.2377384429
0.5737637386  -0.6056038729  -2.2478519075
0.5636448071  -0.5949313855  -2.2580032577
0.5534871732  -0.5842048400  -2.2681928606
0.5432906822  -0.5734257219  -2.2784211056
0.5330551906  -0.5625953413  -2.2886884010
0.5227805669  -0.5517148189  -2.2989951693
0.5124666922  -0.5407850763  -2.3093418426
0.5021134627  -0.5298068312  -2.3197288558
0.4917207918  -0.5187805965  -2.3301566400
0.4812886133  -0.5077066848  -2.3406256148
0.4708168850  -0.4965852169  -2.3511361800
0.4603055928  -0.4854161363  -2.3616887065
0.4497547551  -0.4741992270  -2.3722835272
0.4391644273  -0.4629341374  -2.3829209270
0.4285347069  -0.4516204087  -2.3936011332
0.4178657378  -0.4402575071  -2.4043243056
0.4071577147  -0.4288448621  -2.4150905269
0.3964108877  -0.4173819074  -2.4258997937
0.3856255656  -0.4058681273  -2.4367520074
0.3748021169  -0.3943032044  -2.4476469647
0.3639703019  -0.3827097100  -2.4587724126
0.3531500522  -0.3711025332  -2.4702213884
0.3422659788  -0.3594209158  -2.4816720500
0.3312960747  -0.3476476498  -2.4932063940
0.3202802293  -0.3358156701  -2.5048177860
0.3092184734  -0.3239259914  -2.5164987220
0.2981111050  -0.3119804284  -2.5282408290
0.2869586647  -0.2999815131  -2.5400348646
0.2757619463  -0.2879325271  -2.5518707169
0.2645220051  -0.2758375179  -2.5637374048
0.2532401642  -0.2637012998  -2.5756230780
0.2419180180  -0.2515294339  -2.5875150167
0.2305574336  -0.2393281876  -2.5993996319
0.2191605481  -0.2271044713  -2.6112624652
0.2077297631  -0.2148657511  -2.6230881889
0.1962677355  -0.2026199376  -2.6348606062
0.1847773646  -0.1903752528  -2.6465626506
0.1732617755  -0.1781400760  -2.6581763865
0.1617242987  -0.1659227725  -2.6696830091
0.1501684465  -0.1537315108  -2.6810628440
0.1385978863  -0.1415740731  -2.6922953477
0.1270164111  -0.1294576680  -2.7033591073
0.1154279083  -0.1173887531  -2.7142318407
0.1038363273  -0.1053728776  -2.7248903962
0.0922456466  -0.0934145543  -2.7353107531
0.0806598419  -0.0815171719  -2.7454680211
0.0690828558  -0.0696829563  -2.7553364409
0.0575185704  -0.0579129889  -2.7648893837
0.0459707842  -0.0462072875  -2.7740993513
0.0344431941  -0.0345649537  -2.7829379764
0.0229393835  -0.0229843823  -2.7913760222
0.0114628186  -0.0114635285  -2.7993833827
0.0114273769  -0.0114631291  -2.7993833827
