0.162655
1.0562949163  -1.7662734573   0.0000918305
1.0562949163  -1.7662734573   0.0000918305
1.0563121374  -1.7663288817   0.0000837256
1.0563177407  -1.7663444472   0.0000550740
1.0563029478  -1.7662920179   0.0000052204
1.0562654892  -1.7661645947  -0.0000664753
1.0562043444  -1.7659590348  -0.0001606387
1.0561188538  -1.7656733099  -0.0002778803
1.0560084958  -1.7653058183  -0.0004187958
1.0558728116  -1.7648551563  -0.0005839662
1.0557113752  -1.7643200267  -0.0007739574
1.0555237801  -1.7636991982  -0.0009893206
1.0553096327  -1.7629914856  -0.0012305921
1.0550685481  -1.7621957404  -0.0014982933
1.0548001494  -1.7613108457  -0.0017929309
1.0545040658  -1.7603357140  -0.0021149965
1.0541799325  -1.7592692869  -0.0024649671
1.0538273904  -1.7581105350  -0.0028433046
1.0534460864  -1.7568584590  -0.0032504562
1.0530356730  -1.7555120905  -0.0036868542
1.0525958090  -1.7540704936  -0.0041529162
1.0521261595  -1.7525327667  -0.0046490446
1.0516263961  -1.7508980434  -0.0051756272
1.0510961974  -1.7491654949  -0.0057330369
1.0505352494  -1.7473343313  -0.0063216318
1.0499432454  -1.7454038033  -0.0069417549
1.0493198868  -1.7433732042  -0.0075937346
1.0486648833  -1.7412418714  -0.0082778844
1.0479779531  -1.7390091880  -0.0089945029
1.0472588234  -1.7366745846  -0.0097438738
1.0465072307  -1.7342375405  -0.0105262660
1.0457229210  -1.7316975859  -0.0113419335
1.0449056604  -1.7290540160  -0.0121925176
1.0440552094  -1.7263066883  -0.0130769410
1.0431713297  -1.7234557120  -0.0139949031
1.0422538120  -1.7205006774  -0.0149466465
1.0413024594  -1.7174412562  -0.0159323707
1.0403170837  -1.7142772725  -0.0169522472
1.0392975073  -1.7110086297  -0.0180064361
1.0382435644  -1.7076352954  -0.0190950874
1.0371551010  -1.7041572986  -0.0202183400
1.0360319718  -1.7005747262  -0.0213763216
1.0348740414  -1.6968877243  -0.0225691481
1.0336811902  -1.6930965045  -0.0237969234
1.0324533130  -1.6892013436  -0.0250597393
1.0311903176  -1.6852025811  -0.0263576748
1.0298921248  -1.6811006194  -0.0276907953
1.0285586687  -1.6768959237  -0.0290591537
1.0271898964  -1.6725890217  -0.0304627903
1.0257857682  -1.6681805031  -0.0319017337
1.0243462576  -1.6636710188  -0.0333760000
1.0228713512  -1.6590612809  -0.0348855934
1.0213610486  -1.6543520611  -0.0364305058
1.0198153624  -1.6495441903  -0.0380107170
1.0182343177  -1.6446385574  -0.0396261937
1.0166179521  -1.6396361078  -0.0412768896
1.0149663050  -1.6345378307  -0.0429627466
1.0132794214  -1.6293447613  -0.0446836956
1.0115573679  -1.6240579978  -0.0464396568
1.0098002289  -1.6186786956  -0.0482305393
1.0080081012  -1.6132080603  -0.0500562421
1.0061810930  -1.6076473451  -0.0519166535
1.0043193242  -1.6019978489  -0.0538116503
1.0024229257  -1.5962608828  -0.0557410977
1.0004920387  -1.5904378198  -0.0577048511
0.9985268153  -1.5845301487  -0.0597027580
0.9965274181  -1.5785393610  -0.0617346573
0.9944940084  -1.5724669168  -0.0638003798
0.9924267360  -1.5663142997  -0.0658997484
0.9903257674  -1.5600830418  -0.0680325776
0.9881912970  -1.5537747242  -0.0701986728
0.9860235286  -1.5473909558  -0.0723978306
0.9838226743  -1.5409333694  -0.0746298419
0.9815889540  -1.5344036191  -0.0768944923
0.9793225949  -1.5278033779  -0.0791915622
0.9770238306  -1.5211343351  -0.0815208273
0.9746929004  -1.5143981936  -0.0838820580
0.9723300185  -1.5075966392  -0.0862750188
0.9699353884  -1.5007313514  -0.0886994672
0.9675092463  -1.4938040435  -0.0911551573
0.9650518496  -1.4868164507  -0.0936418408
0.9625634608  -1.4797703134  -0.0961592675
0.9600443463  -1.4726673743  -0.0987071854
0.9574947764  -1.4655093761  -0.1012853407
0.9549150243  -1.4582980596  -0.1038934780
0.9523053565  -1.4510351529  -0.1065313395
0.9496659933  -1.4437223362  -0.1091986629
0.9469971568  -1.4363612821  -0.1118951825
0.9442991168  -1.4289536948  -0.1146206297
0.9415721525  -1.4215012771  -0.1173747341
0.9388165448  -1.4140057210  -0.1201572244
0.9360325758  -1.4064687060  -0.1229678324
0.9332205284  -1.3988918965  -0.1258062970
0.9303806751  -1.3912769329  -0.1286723590
0.9275132248  -1.3836253890  -0.1315657574
0.9246183844  -1.3759388174  -0.1344862298
0.9216964200  -1.3682188018  -0.1374335142
0.9187476075  -1.3604669214  -0.1404073499
0.9157722229  -1.3526847355  -0.1434074821
0.9127705419  -1.3448737797  -0.1464336672
0.9097428386  -1.3370355682  -0.1494856703
0.9066893435  -1.3291715685  -0.1525632619
0.9036102217  -1.3212831849  -0.1556662183
0.9005056749  -1.3133718105  -0.1587943216
0.8973759623  -1.3054388297  -0.1619473610
0.8942213423  -1.2974856023  -0.1651251323
0.8910420710  -1.2895134972  -0.1683274376
0.8878384017  -1.2815238887  -0.1715540838
0.8846105652  -1.2735181195  -0.1748048836
0.8813586930  -1.2654974420  -0.1780796559
0.8780829173  -1.2574630777  -0.1813782216
0.8747834582  -1.2494162750  -0.1847004019
0.8714605474  -1.2413582635  -0.1880460310
0.8681144161  -1.2332902441  -0.1914149656
0.8647452942  -1.2252133892  -0.1948070827
0.8613534086  -1.2171288501  -0.1982222744
0.8579389698  -1.2090377926  -0.2016604359
0.8545021102  -1.2009412981  -0.2051214494
0.8510428845  -1.1928403042  -0.2086051782
0.8475613252  -1.1847356926  -0.2121114696
0.8440574540  -1.1766283128  -0.2156401561
0.8405312844  -1.1685189811  -0.2191910672
0.8369828355  -1.1604084933  -0.2227640459
0.8334123410  -1.1522978900  -0.2263589473
0.8298200946  -1.1441882842  -0.2299756279
0.8262061544  -1.1360804918  -0.2336139462
0.8225704775  -1.1279751855  -0.2372737677
0.8189130096  -1.1198730054  -0.2409549631
0.8152336868  -1.1117745642  -0.2446574047
0.8115324572  -1.1036804778  -0.2483809641
0.8078094850  -1.0955916158  -0.2521255125
0.8040650524  -1.0875089668  -0.2558909213
0.8002993262  -1.0794333449  -0.2596770627
0.7965124343  -1.0713654932  -0.2634837980
0.7927045052  -1.0633061382  -0.2673109840
0.7888756770  -1.0552560195  -0.2711585320
0.7850261219  -1.0472159529  -0.2750264191
0.7811560237  -1.0391867686  -0.2789145914
0.7772655255  -1.0311691690  -0.2828229156
0.7733547458  -1.0231637718  -0.2867512294
0.7694238122  -1.0151712043  -0.2906993766
0.7654728562  -1.0071921039  -0.2946672041
0.7615017524  -0.9992268906  -0.2986545586
0.7575104630  -0.9912760720  -0.3026612866
0.7534995461  -0.9833406827  -0.3066872316
0.7494698446  -0.9754220094  -0.3107322343
0.7454222483  -0.9675213756  -0.3147961349
0.7413576172  -0.9596400886  -0.3188787712
0.7372762737  -0.9517789855  -0.3229799804
0.7331778873  -0.9439381929  -0.3270995981
0.7290619312  -0.9361175212  -0.3312374588
0.7249278254  -0.9283167004  -0.3353934012
0.7207749415  -0.9205353993  -0.3395672689
0.7166031898  -0.9127739068  -0.3437589194
0.7124130740  -0.9050331779  -0.3479681718
0.7082048926  -0.8973139404  -0.3521946350
0.7039787144  -0.8896166409  -0.3564378968
0.6997346769  -0.8819416602  -0.3606978401
0.6954730190  -0.8742894716  -0.3649744325
0.6911939688  -0.8666606317  -0.3692675549
0.6868976584  -0.8590555710  -0.3735770527
0.6825841755  -0.8514746354  -0.3779027047
0.6782536136  -0.8439182092  -0.3822441620
0.6739061291  -0.8363868556  -0.3866008208
0.6695418014  -0.8288811507  -0.3909714432
0.6651600285  -0.8214018461  -0.3953505421
0.6607608793  -0.8139492565  -0.3997378301
0.6563473804  -0.8065222135  -0.4041468418
0.6519220745  -0.7991200571  -0.4085866292
0.6474836525  -0.7917442376  -0.4130556254
0.6430301408  -0.7843964689  -0.4175517584
0.6385611059  -0.7770776235  -0.4220737976
0.6340766290  -0.7697880944  -0.4266205116
0.6295767669  -0.7625280741  -0.4311905820
0.6250617113  -0.7552979522  -0.4357826109
0.6205316515  -0.7480980715  -0.4403951145
0.6159866682  -0.7409285560  -0.4450265164
0.6114269661  -0.7337897198  -0.4496751505
0.6068527552  -0.7266818314  -0.4543392658
0.6022642241  -0.7196050648  -0.4590170413
0.5976615990  -0.7125596644  -0.4637066100
0.5930448969  -0.7055455764  -0.4684060753
0.5884142324  -0.6985628434  -0.4731135197
0.5837698634  -0.6916116183  -0.4778270135
0.5791119956  -0.6846919818  -0.4825446138
0.5744414969  -0.6778046633  -0.4872643534
0.5697559094  -0.6709470806  -0.4919842455
0.5650447323  -0.6641086150  -0.4967023001
0.5603107766  -0.6572920528  -0.5014165283
0.5555636743  -0.6505070868  -0.5061249430
0.5508026841  -0.6437528679  -0.5108255638
0.5460265840  -0.6370280077  -0.5155164257
0.5412332502  -0.6303302463  -0.5201955871
0.5364188337  -0.6236556464  -0.5248611352
0.5315761255  -0.6169970066  -0.5295111912
0.5266902960  -0.6103397011  -0.5341439177
0.5217243099  -0.6036473367  -0.5387575496
0.5164268217  -0.5966724672  -0.5433503945
0.5112105504  -0.5898307450  -0.5479207140
0.5065421217  -0.5835816919  -0.5524666707
0.5021010004  -0.5775959771  -0.5569864922
0.4977085254  -0.5716922333  -0.5614785869
0.4933481893  -0.5658529870  -0.5659414854
0.4890193403  -0.5600766785  -0.5703737922
0.4847216558  -0.5543620921  -0.5747741939
0.4804548267  -0.5487080463  -0.5791414675
0.4762185581  -0.5431133995  -0.5834744835
0.4720125691  -0.5375770484  -0.5877722135
0.4678365921  -0.5320979269  -0.5920337344
0.4636903708  -0.5266750058  -0.5962582304
0.4595736598  -0.5213072913  -0.6004449989
0.4554862235  -0.5159938237  -0.6045934544
0.4514278354  -0.5107336760  -0.6087031360
0.4473982777  -0.5055259525  -0.6127737139
0.4433973391  -0.5003697878  -0.6168049883
0.4394248136  -0.4952643457  -0.6207968935
0.4354804979  -0.4902088182  -0.6247494909
0.4315641981  -0.4852024229  -0.6286630261
0.4276757604  -0.4802443950  -0.6325381424
0.4238150527  -0.4753339906  -0.6363757466
0.4199818838  -0.4704705037  -0.6401766702
0.4161760191  -0.4656532600  -0.6439418301
0.4123972542  -0.4608815970  -0.6476724060
0.4086454121  -0.4561548643  -0.6513698165
0.4049203256  -0.4514724277  -0.6550357736
0.4012218459  -0.4468336673  -0.6586723829
0.3975498641  -0.4422379734  -0.6622823554
0.3939043725  -0.4376847384  -0.6658695729
0.3902860080  -0.4331732610  -0.6694436026
0.3866949815  -0.4287029599  -0.6730102920
0.3831287959  -0.4242737537  -0.6765600781
0.3795847163  -0.4198855072  -0.6800843717
0.3760629282  -0.4155374873  -0.6835836697
0.3725645056  -0.4112288495  -0.6870590830
0.3690896211  -0.4069589706  -0.6905109402
0.3656380699  -0.4027273151  -0.6939394852
0.3622096181  -0.3985333616  -0.6973449602
0.3588040347  -0.3943765974  -0.7007276072
0.3554210910  -0.3902565178  -0.7040876677
0.3520605618  -0.3861726265  -0.7074253825
0.3487222243  -0.3821244348  -0.7107409912
0.3454058588  -0.3781114619  -0.7140347321
0.3421112481  -0.3741332349  -0.7173068418
0.3388381779  -0.3701892883  -0.7205575548
0.3355864362  -0.3662791641  -0.7237871032
0.3323558140  -0.3624024117  -0.7269957164
0.3291461046  -0.3585585877  -0.7301836206
0.3259571039  -0.3547472562  -0.7333510387
0.3227886102  -0.3509679881  -0.7364981899
0.3196404244  -0.3472203612  -0.7396252882
0.3165123494  -0.3435039598  -0.7427325417
0.3134041905  -0.3398183752  -0.7458201529
0.3103157557  -0.3361632066  -0.7488883201
0.3072468556  -0.3325380606  -0.7519372368
0.3041973031  -0.3289425500  -0.7549670907
0.3011669131  -0.3253762941  -0.7579780626
0.2981555028  -0.3218389185  -0.7609703262
0.2951628915  -0.3183300548  -0.7639440463
0.2921889004  -0.3148493400  -0.7668993761
0.2892333511  -0.3113964110  -0.7698364426
0.2862960658  -0.3079709073  -0.7727553446
0.2833768734  -0.3045724994  -0.7756562112
0.2804756160  -0.3012008950  -0.7785392449
0.2775921392  -0.2978557950  -0.7814046634
0.2747262810  -0.2945368717  -0.7842526445
0.2718778750  -0.2912437938  -0.7870833445
0.2690467583  -0.2879762443  -0.7898969194
0.2662327723  -0.2847339173  -0.7926935250
0.2634357610  -0.2815165131  -0.7954733157
0.2606555705  -0.2783237371  -0.7982364436
0.2578920485  -0.2751552998  -0.8009830592
0.2551450447  -0.2720109163  -0.8037133110
0.2524144107  -0.2688903069  -0.8064273456
0.2496999997  -0.2657931961  -0.8091253079
0.2470016668  -0.2627193133  -0.8118073411
0.2443192688  -0.2596683919  -0.8144735866
0.2416526641  -0.2566401700  -0.8171241839
0.2390017129  -0.2536343895  -0.8197592712
0.2363662771  -0.2506507967  -0.8223789846
0.2337462201  -0.2476891417  -0.8249834589
0.2311414070  -0.2447491785  -0.8275728273
0.2285517044  -0.2418306648  -0.8301472211
0.2259769807  -0.2389333618  -0.8327067705
0.2234171055  -0.2360570346  -0.8352516039
0.2208719501  -0.2332014516  -0.8377818483
0.2183413872  -0.2303663844  -0.8402976294
0.2158252912  -0.2275516083  -0.8427990713
0.2133235377  -0.2247569015  -0.8452862966
0.2108360038  -0.2219820455  -0.8477594268
0.2083625680  -0.2192268247  -0.8502185819
0.2059031102  -0.2164910261  -0.8526638808
0.2034575117  -0.2137744395  -0.8550954411
0.2010256552  -0.2110768574  -0.8575133792
0.1986074245  -0.2083980768  -0.8599178100
0.1962027050  -0.2057378987  -0.8623088468
0.1938113830  -0.2030961266  -0.8646866017
0.1914333464  -0.2004725665  -0.8670511854
0.1890684842  -0.1978670269  -0.8694027075
0.1867166867  -0.1952793189  -0.8717412765
0.1843778455  -0.1927092566  -0.8740669997
0.1820518532  -0.1901566564  -0.8763799830
0.1797386038  -0.1876213376  -0.8786803315
0.1774379922  -0.1851031218  -0.8809681488
0.1751499148  -0.1826018333  -0.8832435375
0.1728742688  -0.1801172984  -0.8855065992
0.1706109527  -0.1776493453  -0.8877574343
0.1683598661  -0.1751978051  -0.8899961420
0.1661209097  -0.1727625130  -0.8922228206
0.1638939851  -0.1703433061  -0.8944375672
0.1616789952  -0.1679400227  -0.8966404778
0.1594758439  -0.1655525028  -0.8988316477
0.1572844359  -0.1631805890  -0.9010111709
0.1551046772  -0.1608241258  -0.9031791405
0.1529364746  -0.1584829599  -0.9053356485
0.1507797361  -0.1561569400  -0.9074807860
0.1486343705  -0.1538459167  -0.9096146433
0.1465002877  -0.1515497426  -0.9117373095
0.1443773983  -0.1492682724  -0.9138488729
0.1422656141  -0.1470013627  -0.9159494209
0.1401648478  -0.1447488717  -0.9180390398
0.1380750129  -0.1425106598  -0.9201178151
0.1359960239  -0.1402865891  -0.9221858317
0.1339277960  -0.1380765235  -0.9242431731
0.1318702456  -0.1358803287  -0.9262899222
0.1298232896  -0.1336978720  -0.9283261612
0.1277868462  -0.1315290226  -0.9303519711
0.1257608339  -0.1293736514  -0.9323674324
0.1237451726  -0.1272316308  -0.9343726245
0.1217397825  -0.1251028350  -0.9363676261
0.1197445850  -0.1229871398  -0.9383525152
0.1177595021  -0.1208844223  -0.9403273689
0.1157844567  -0.1187945615  -0.9422922635
0.1138193725  -0.1167174379  -0.9442472745
0.1118641737  -0.1146529333  -0.9461924767
0.1099187856  -0.1126009310  -0.9481279442
0.1079831342  -0.1105613160  -0.9500537502
0.1060571462  -0.1085339778  -0.9519699737
0.1041407497  -0.1065188088  -0.9538767000
0.1022338724  -0.1045156900  -0.9557739958
0.1003364420  -0.1025245012  -0.9576619102
0.0984483875  -0.1005451376  -0.9595405053
0.0965696397  -0.0985774978  -0.9614098510
0.0947001301  -0.0966214770  -0.9632700135
0.0928397903  -0.0946769711  -0.9651210588
0.0909885526  -0.0927438773  -0.9669630527
0.0891463502  -0.0908220941  -0.9687960609
0.0873131166  -0.0889115210  -0.9706201489
0.0854887863  -0.0870120587  -0.9724353822
0.0836732941  -0.0851236091  -0.9742418264
0.0818665758  -0.0832460751  -0.9760395470
0.0800685674  -0.0813793609  -0.9778286095
0.0782792059  -0.0795233715  -0.9796090796
0.0764984286  -0.0776780131  -0.9813810229
0.0747261736  -0.0758431930  -0.9831445050
0.0729623795  -0.0740188194  -0.9848995916
0.0712069854  -0.0722048016  -0.9866463482
0.0694599311  -0.0704010500  -0.9883848406
0.0677211569  -0.0686074758  -0.9901151341
0.0659906035  -0.0668239912  -0.9918372940
0.0642682125  -0.0650505096  -0.9935513854
0.0625539256  -0.0632869450  -0.9952574729
0.0608476855  -0.0615332126  -0.9969556209
0.0591494349  -0.0597892286  -0.9986458931
0.0574591175  -0.0580549098  -1.0003283528
0.0557766772  -0.0563301743  -1.0020030623
0.0541020585  -0.0546149408  -1.0036700834
0.0524352065  -0.0529091291  -1.0053294765
0.0507760666  -0.0512126598  -1.0069813011
0.0491249685  -0.0495254498  -1.0086491773
0.0474821109  -0.0478474191  -1.0103448310
0.0458464460  -0.0461785026  -1.0120280667
0.0442176276  -0.0445186273  -1.0137093220
0.0425961186  -0.0428677120  -1.0153879277
0.0409818588  -0.0412256825  -1.0170631161
0.0393747903  -0.0395924657  -1.0187340209
0.0377748580  -0.0379679888  -1.0203996775
0.0361820096  -0.0363521802  -1.0220590227
0.0345961956  -0.0347449690  -1.0237108948
0.0330173698  -0.0331462848  -1.0253540336
0.0314454889  -0.0315560584  -1.0269870803
0.0298805132  -0.0299742211  -1.0286085779
0.0283224063  -0.0284007050  -1.0302169706
0.0267711351  -0.0268354430  -1.0318106041
0.0252266704  -0.0252783687  -1.0333877259
0.0236889863  -0.0237294164  -1.0349464847
0.0221580607  -0.0221885214  -1.0364849308
0.0206338751  -0.0206556193  -1.0380010161
0.0191164145  -0.0191306467  -1.0394925937
0.0176056674  -0.0176135408  -1.0409574186
0.0161016259  -0.0161042397  -1.0423931471
0.0146042853  -0.0146026820  -1.0437973369
0.0131136439  -0.0131088071  -1.0451674473
0.0116297031  -0.0116225551  -1.0465008392
0.0101524668  -0.0101438667  -1.0477947748
0.0086819412  -0.0086726834  -1.0490464180
0.0072181348  -0.0072089474  -1.0502528340
0.0057610573  -0.0057526016  -1.0514109898
0.0043107198  -0.0043035895  -1.0525177535
0.0028671336  -0.0028618553  -1.0535698950
0.0014303103  -0.0014273441  -1.0545640856
0.0014297610  -0.0014273415  -1.0545640856
