0.268662
0.4657730730  -0.4931459999   0.0000149786
0.4657730730  -0.4931459999   0.0000149786
0.4657754136  -0.4931485786   0.0000136104
0.4657759195  -0.4931482626   0.0000089206
0.4657733299  -0.4931437030   0.0000008281
0.4657672295  -0.4931345194  -0.0000107482
0.4657574388  -0.4931205442  -0.0000258896
0.4657438458  -0.4931016701  -0.0000446777
0.4657263639  -0.4930778121  -0.0000671941
0.4657049178  -0.4930488946  -0.0000935207
0.4656794375  -0.4930148461  -0.0001237396
0.4656498557  -0.4929755967  -0.0001579329
0.4656161062  -0.4929310772  -0.0001961832
0.4655781233  -0.4928812181  -0.0002385731
0.4655358413  -0.4928259494  -0.0002851852
0.4654891944  -0.4927652004  -0.0003361026
0.4654381161  -0.4926988992  -0.0003914084
0.4653825396  -0.4926269730  -0.0004511859
0.4653223971  -0.4925493479  -0.0005155187
0.4652576204  -0.4924659488  -0.0005844904
0.4651881403  -0.4923766993  -0.0006581849
0.4651138870  -0.4922815217  -0.0007366862
0.4650347895  -0.4921803374  -0.0008200786
0.4649507763  -0.4920730660  -0.0009084466
0.4648617748  -0.4919596263  -0.0010018746
0.4647677116  -0.4918399353  -0.0011004474
0.4646685123  -0.4917139090  -0.0012042501
0.4645641015  -0.4915814621  -0.0013133678
0.4644544031  -0.4914425077  -0.0014278857
0.4643393396  -0.4912969578  -0.0015478894
0.4642188329  -0.4911447230  -0.0016734646
0.4640928037  -0.4909857125  -0.0018046971
0.4639611708  -0.4908197952  -0.0019418876
0.4638238539  -0.4906469137  -0.0020849202
0.4636807721  -0.4904670271  -0.0022338033
0.4635318412  -0.4902800107  -0.0023886250
0.4633769760  -0.4900857512  -0.0025494708
0.4632160911  -0.4898841457  -0.0027164266
0.4630490997  -0.4896750917  -0.0028895792
0.4628759141  -0.4894584856  -0.0030690171
0.4626964456  -0.4892342228  -0.0032548297
0.4625106041  -0.4890021977  -0.0034471079
0.4623182987  -0.4887623029  -0.0036459437
0.4621194370  -0.4885144302  -0.0038514304
0.4619139259  -0.4882584700  -0.0040636623
0.4617016707  -0.4879943114  -0.0042827352
0.4614825759  -0.4877218423  -0.0045087458
0.4612565446  -0.4874409495  -0.0047417922
0.4610234787  -0.4871515185  -0.0049819735
0.4607832792  -0.4868534335  -0.0052293903
0.4605358454  -0.4865465779  -0.0054841441
0.4602810759  -0.4862308336  -0.0057463379
0.4600188677  -0.4859060816  -0.0060160759
0.4597491167  -0.4855722016  -0.0062934634
0.4594717175  -0.4852290723  -0.0065786072
0.4591865635  -0.4848765715  -0.0068716152
0.4588935467  -0.4845145757  -0.0071725965
0.4585925581  -0.4841429604  -0.0074816618
0.4582834872  -0.4837616003  -0.0077989228
0.4579662221  -0.4833703689  -0.0081244927
0.4576406497  -0.4829691388  -0.0084584859
0.4573066558  -0.4825577816  -0.0088010182
0.4569641245  -0.4821361681  -0.0091522067
0.4566129391  -0.4817041564  -0.0095121699
0.4562529809  -0.4812616114  -0.0098810276
0.4558841304  -0.4808084260  -0.0102589010
0.4555062664  -0.4803444800  -0.0106459126
0.4551192665  -0.4798696309  -0.0110421863
0.4547230070  -0.4793837396  -0.0114478474
0.4543173625  -0.4788866699  -0.0118630227
0.4539022066  -0.4783782850  -0.0122878404
0.4534774111  -0.4778584474  -0.0127224301
0.4530428466  -0.4773270183  -0.0131669226
0.4525983824  -0.4767838581  -0.0136214503
0.4521438862  -0.4762288264  -0.0140861471
0.4516792243  -0.4756617821  -0.0145611482
0.4512042616  -0.4750825834  -0.0150465902
0.4507188616  -0.4744910874  -0.0155426112
0.4502228863  -0.4738871507  -0.0160493507
0.4497161963  -0.4732706289  -0.0165669496
0.4491986508  -0.4726413769  -0.0170955504
0.4486701075  -0.4719992489  -0.0176352969
0.4481304226  -0.4713440984  -0.0181863344
0.4475794509  -0.4706757779  -0.0187488096
0.4470170459  -0.4699941395  -0.0193228706
0.4464430594  -0.4692990343  -0.0199086671
0.4458573419  -0.4685903129  -0.0205063501
0.4452597424  -0.4678678252  -0.0211160721
0.4446501085  -0.4671314203  -0.0217379871
0.4440282863  -0.4663809469  -0.0223722505
0.4433941206  -0.4656162533  -0.0230190193
0.4427474545  -0.4648371869  -0.0236784517
0.4420881301  -0.4640435948  -0.0243507076
0.4414159875  -0.4632353241  -0.0250359480
0.4407308660  -0.4624122211  -0.0257343355
0.4400326030  -0.4615741350  -0.0264460339
0.4393210348  -0.4607209237  -0.0271712084
0.4385959960  -0.4598524468  -0.0279100255
0.4378573204  -0.4589685349  -0.0286626531
0.4371048402  -0.4580689785  -0.0294292607
0.4363383872  -0.4571535640  -0.0302100190
0.4355577921  -0.4562221141  -0.0310051002
0.4347628832  -0.4552744905  -0.0318146777
0.4339534877  -0.4543105778  -0.0326389263
0.4331294310  -0.4533302678  -0.0334780219
0.4322905378  -0.4523334490  -0.0343321413
0.4314366313  -0.4513200018  -0.0352014626
0.4305675336  -0.4502898001  -0.0360861648
0.4296830656  -0.4492427126  -0.0369864281
0.4287830471  -0.4481786023  -0.0379024336
0.4278672968  -0.4470973264  -0.0388343636
0.4269356321  -0.4459987359  -0.0397824014
0.4259878697  -0.4448826767  -0.0407467314
0.4250238251  -0.4437489894  -0.0417275396
0.4240433127  -0.4425975102  -0.0427250130
0.4230461460  -0.4414280711  -0.0437393394
0.4220321376  -0.4402405009  -0.0447707073
0.4210010993  -0.4390346255  -0.0458193061
0.4199528418  -0.4378102689  -0.0468853259
0.4188871755  -0.4365672544  -0.0479689575
0.4178039123  -0.4353054090  -0.0490703924
0.4167028645  -0.4340245612  -0.0501898231
0.4155838416  -0.4327245369  -0.0513274421
0.4144466520  -0.4314051622  -0.0524834420
0.4132911034  -0.4300662647  -0.0536580151
0.4121170030  -0.4287076736  -0.0548513538
0.4109241581  -0.4273292176  -0.0560636544
0.4097123752  -0.4259306579  -0.0572951159
0.4084814588  -0.4245116314  -0.0585459239
0.4072312127  -0.4230719888  -0.0598162494
0.4059614466  -0.4216121874  -0.0611062674
0.4046719758  -0.4201328252  -0.0624161565
0.4033626129  -0.4186338822  -0.0637460858
0.4020331658  -0.4171148047  -0.0650962307
0.4006834471  -0.4155750111  -0.0664667945
0.3993132692  -0.4140140730  -0.0678580034
0.3979224390  -0.4124317051  -0.0692700779
0.3965107625  -0.4108277538  -0.0707032192
0.3950780470  -0.4092021488  -0.0721576225
0.3936241018  -0.4075548566  -0.0736334841
0.3921487382  -0.4058858651  -0.0751309984
0.3906517687  -0.4041951824  -0.0766503569
0.3891330073  -0.4024828349  -0.0781917481
0.3875922724  -0.4007488706  -0.0797553580
0.3860293977  -0.3989933738  -0.0813413684
0.3844442216  -0.3972164461  -0.0829499575
0.3828365751  -0.3954181866  -0.0845812991
0.3812062901  -0.3935987044  -0.0862355614
0.3795532014  -0.3917581196  -0.0879129070
0.3778771460  -0.3898965619  -0.0896134907
0.3761779642  -0.3880141691  -0.0913374604
0.3744555029  -0.3861110918  -0.0930849537
0.3727096255  -0.3841875091  -0.0948560931
0.3709401938  -0.3822435962  -0.0966509844
0.3691470559  -0.3802795035  -0.0984697106
0.3673300591  -0.3782953756  -0.1003123193
0.3654890502  -0.3762913518  -0.1021788047
0.3636238860  -0.3742675751  -0.1040690742
0.3617346850  -0.3722244426  -0.1059828790
0.3598213483  -0.3701622386  -0.1079178106
0.3578830803  -0.3680806528  -0.1098698414
0.3559193041  -0.3659791364  -0.1118406800
0.3539300632  -0.3638571951  -0.1138382725
0.3519150214  -0.3617143284  -0.1158688629
0.3498736027  -0.3595505254  -0.1179349911
0.3478060658  -0.3573667602  -0.1200375362
0.3457134257  -0.3551645794  -0.1221762703
0.3435964340  -0.3529450876  -0.1243502818
0.3414547794  -0.3507081424  -0.1265585489
0.3392879759  -0.3484532720  -0.1288000569
0.3370959528  -0.3461803473  -0.1310736901
0.3348787097  -0.3438892828  -0.1333782429
0.3326362402  -0.3415799370  -0.1357124267
0.3303684949  -0.3392520683  -0.1380748747
0.3280754895  -0.3369054788  -0.1404641483
0.3257572151  -0.3345399031  -0.1428787422
0.3234136461  -0.3321550208  -0.1453170897
0.3210447880  -0.3297505230  -0.1477775694
0.3186505980  -0.3273260175  -0.1502585104
0.3162310361  -0.3248810993  -0.1527581981
0.3137860083  -0.3224152923  -0.1552748798
0.3113153767  -0.3199280602  -0.1578067703
0.3088190019  -0.3174188664  -0.1603520575
0.3062965356  -0.3148869570  -0.1629089074
0.3037474394  -0.3123313922  -0.1654754696
0.3011709997  -0.3097510740  -0.1680498833
0.2985660599  -0.3071444773  -0.1706302830
0.2959307180  -0.3045093596  -0.1732148043
0.2932619376  -0.3018423860  -0.1758015893
0.2905545725  -0.2991381746  -0.1783887872
0.2877992405  -0.2963872871  -0.1809745648
0.2848652875  -0.2934592794  -0.1835571369
0.2817119197  -0.2903150654  -0.1861347648
0.2786243145  -0.2872405669  -0.1887057146
0.2757824534  -0.2844131962  -0.1912682590
0.2731274094  -0.2817711302  -0.1938207281
0.2705951718  -0.2792487808  -0.1963615210
0.2681403025  -0.2767999636  -0.1988890812
0.2657242940  -0.2743858255  -0.2014018939
0.2633273134  -0.2719864068  -0.2038985131
0.2609485738  -0.2696007875  -0.2063775800
0.2585874924  -0.2672282404  -0.2088378171
0.2562437444  -0.2648683287  -0.2112780264
0.2539171740  -0.2625208265  -0.2136970965
0.2516076613  -0.2601855824  -0.2160940090
0.2493150954  -0.2578624910  -0.2184678428
0.2470393730  -0.2555514892  -0.2208177788
0.2447803980  -0.2532525534  -0.2231431059
0.2425380807  -0.2509656953  -0.2254432258
0.2403123364  -0.2486909587  -0.2277176580
0.2381030850  -0.2464284155  -0.2299660463
0.2359102502  -0.2441781620  -0.2321881643
0.2337337581  -0.2419403151  -0.2343839225
0.2315735369  -0.2397150082  -0.2365533736
0.2294295158  -0.2375023883  -0.2386967227
0.2273016250  -0.2353026123  -0.2408143388
0.2251897956  -0.2331158438  -0.2429067672
0.2230939587  -0.2309422503  -0.2449747463
0.2210140470  -0.2287820013  -0.2470192368
0.2189499968  -0.2266352668  -0.2490414615
0.2169017519  -0.2245022175  -0.2510429740
0.2148692728  -0.2223830335  -0.2530257846
0.2128527881  -0.2202780356  -0.2549947854
0.2108528602  -0.2181877046  -0.2569579527
0.2088693234  -0.2161121293  -0.2589184945
0.2069007325  -0.2140507221  -0.2608724098
0.2049457536  -0.2120029029  -0.2628154400
0.2030040876  -0.2099685631  -0.2647456363
0.2010758857  -0.2079478060  -0.2666619777
0.1991612774  -0.2059407271  -0.2685641522
0.1972603374  -0.2039473943  -0.2704523578
0.1953730529  -0.2019678294  -0.2723268250
0.1934993242  -0.2000020065  -0.2741876905
0.1916390222  -0.1980498765  -0.2760350969
0.1897920177  -0.1961113822  -0.2778691873
0.1879581819  -0.1941864578  -0.2796901050
0.1861373869  -0.1922750303  -0.2814979929
0.1843295060  -0.1903770198  -0.2832929939
0.1825344137  -0.1884923401  -0.2850752504
0.1807519858  -0.1866208994  -0.2868449041
0.1789820991  -0.1847626006  -0.2886020954
0.1772246316  -0.1829173419  -0.2903469633
0.1754794629  -0.1810850177  -0.2920796450
0.1737464735  -0.1792655184  -0.2938002756
0.1720255451  -0.1774587318  -0.2955089878
0.1703165610  -0.1756645429  -0.2972059114
0.1686194055  -0.1738828349  -0.2988911734
0.1669339642  -0.1721134891  -0.3005648971
0.1652601241  -0.1703563861  -0.3022272024
0.1635977733  -0.1686114054  -0.3038782049
0.1619468012  -0.1668784260  -0.3055180159
0.1603070985  -0.1651573266  -0.3071467418
0.1586785570  -0.1634479846  -0.3087644832
0.1570610694  -0.1617502619  -0.3103713291
0.1554545285  -0.1600639864  -0.3119673460
0.1538588277  -0.1583890080  -0.3135525866
0.1522738647  -0.1567252915  -0.3151271249
0.1506995423  -0.1550728739  -0.3166910701
0.1491357649  -0.1534317383  -0.3182445431
0.1475824353  -0.1518017910  -0.3197876566
0.1460394553  -0.1501829148  -0.3213205154
0.1445067273  -0.1485749957  -0.3228432185
0.1429841549  -0.1469779275  -0.3243558612
0.1414716431  -0.1453916136  -0.3258585369
0.1399690982  -0.1438159644  -0.3273513380
0.1384764276  -0.1422508933  -0.3288343561
0.1369935401  -0.1406963151  -0.3303076817
0.1355203451  -0.1391521460  -0.3317714043
0.1340567534  -0.1376183033  -0.3332256122
0.1326026766  -0.1360947055  -0.3346703928
0.1311580273  -0.1345812722  -0.3361058325
0.1297227190  -0.1330779238  -0.3375320168
0.1282966664  -0.1315845816  -0.3389490299
0.1268797850  -0.1301011676  -0.3403569555
0.1254719912  -0.1286276047  -0.3417558760
0.1240732024  -0.1271638162  -0.3431458730
0.1226833370  -0.1257097259  -0.3445270272
0.1213023140  -0.1242652579  -0.3458994184
0.1199300536  -0.1228303368  -0.3472631256
0.1185664768  -0.1214048872  -0.3486182267
0.1172115055  -0.1199888340  -0.3499647991
0.1158650622  -0.1185821021  -0.3513029190
0.1145270706  -0.1171846161  -0.3526326621
0.1131974551  -0.1157963007  -0.3539541031
0.1118761408  -0.1144170799  -0.3552673159
0.1105630538  -0.1130468759  -0.3565723737
0.1092581210  -0.1116856091  -0.3578693491
0.1079612699  -0.1103332008  -0.3591583139
0.1066724290  -0.1089895760  -0.3604393389
0.1053915274  -0.1076546632  -0.3617124943
0.1041184951  -0.1063283918  -0.3629778492
0.1028532629  -0.1050106914  -0.3642354722
0.1015957623  -0.1037014914  -0.3654854308
0.1003459254  -0.1024007213  -0.3667277923
0.0991036852  -0.1011083112  -0.3679626229
0.0978689754  -0.0998241916  -0.3691899882
0.0966417304  -0.0985482935  -0.3704099531
0.0954218853  -0.0972805485  -0.3716225819
0.0942093758  -0.0960208888  -0.3728279380
0.0930041385  -0.0947692469  -0.3740260843
0.0918061104  -0.0935255562  -0.3752170830
0.0906152296  -0.0922897502  -0.3764009956
0.0894314344  -0.0910617633  -0.3775778829
0.0882546639  -0.0898415303  -0.3787478051
0.0870848581  -0.0886289860  -0.3799108218
0.0859219573  -0.0874240647  -0.3810669920
0.0847659026  -0.0862267027  -0.3822163739
0.0836166357  -0.0850368390  -0.3833590252
0.0824740989  -0.0838544132  -0.3844950030
0.0813382352  -0.0826793633  -0.3856243638
0.0802089881  -0.0815116272  -0.3867471634
0.0790863016  -0.0803511438  -0.3878634572
0.0779701206  -0.0791978524  -0.3889732998
0.0768603903  -0.0780516927  -0.3900767454
0.0757570565  -0.0769126050  -0.3911738476
0.0746600658  -0.0757805301  -0.3922646593
0.0735693650  -0.0746554093  -0.3933492331
0.0724849018  -0.0735371843  -0.3944276209
0.0714066241  -0.0724257976  -0.3954998739
0.0703344808  -0.0713211918  -0.3965660431
0.0692684208  -0.0702233104  -0.3976261788
0.0682083940  -0.0691320972  -0.3986803307
0.0671543505  -0.0680474966  -0.3997285482
0.0661062410  -0.0669694534  -0.4007708799
0.0650640169  -0.0658979132  -0.4018073742
0.0640276298  -0.0648328219  -0.4028380788
0.0629970320  -0.0637741258  -0.4038630410
0.0619721762  -0.0627217721  -0.4048823075
0.0609530156  -0.0616757080  -0.4058959248
0.0599395039  -0.0606358816  -0.4069039385
0.0589315954  -0.0596022414  -0.4079063941
0.0579292445  -0.0585747362  -0.4089033364
0.0569324065  -0.0575533155  -0.4098948100
0.0559410369  -0.0565379292  -0.4108808587
0.0549550917  -0.0555285277  -0.4118615262
0.0539745273  -0.0545250617  -0.4128368556
0.0529993008  -0.0535274881  -0.4138068910
0.0520293694  -0.0525357656  -0.4147716781
0.0510646910  -0.0515498331  -0.4157312577
0.0501052234  -0.0505696271  -0.4166856656
0.0491509253  -0.0495951073  -0.4176349412
0.0482017559  -0.0486262360  -0.4185791250
0.0472576745  -0.0476629676  -0.4195182569
0.0463186410  -0.0467052570  -0.4204523760
0.0453846158  -0.0457530595  -0.4213815215
0.0444555595  -0.0448063304  -0.4223057321
0.0435314330  -0.0438650258  -0.4232250464
0.0426121979  -0.0429291017  -0.4241395027
0.0416978160  -0.0419985148  -0.4250491391
0.0407882494  -0.0410732219  -0.4259539935
0.0398834608  -0.0401531801  -0.4268541035
0.0389834131  -0.0392383469  -0.4277495065
0.0380880695  -0.0383286802  -0.4286402398
0.0371973938  -0.0374241382  -0.4295263404
0.0363113500  -0.0365246793  -0.4304078452
0.0354299024  -0.0356302623  -0.4312847908
0.0345530157  -0.0347408464  -0.4321572134
0.0336806550  -0.0338563912  -0.4330251494
0.0328127857  -0.0329768564  -0.4338886345
0.0319493735  -0.0321022023  -0.4347477045
0.0310903846  -0.0312323894  -0.4356023947
0.0302357852  -0.0303673785  -0.4364527402
0.0293855421  -0.0295071310  -0.4372987757
0.0285396224  -0.0286516085  -0.4381405357
0.0276979933  -0.0278007728  -0.4389780541
0.0268606227  -0.0269545864  -0.4398113647
0.0260274784  -0.0261130120  -0.4406405007
0.0251985287  -0.0252760126  -0.4414654948
0.0243738380  -0.0244435551  -0.4422980156
0.0235534377  -0.0236156050  -0.4431438566
0.0227370488  -0.0227921174  -0.4439831763
0.0219245680  -0.0219730544  -0.4448211336
0.0211160935  -0.0211583860  -0.4456574034
0.0203115932  -0.0203480774  -0.4464916124
0.0195110360  -0.0195420943  -0.4473233385
0.0187143913  -0.0187404027  -0.4481521112
0.0179216296  -0.0179429691  -0.4489774114
0.0171327222  -0.0171497601  -0.4497986715
0.0163476413  -0.0163607429  -0.4506152757
0.0155663601  -0.0155758848  -0.4514265592
0.0147888527  -0.0147951536  -0.4522318091
0.0140150942  -0.0140185172  -0.4530302638
0.0132450607  -0.0132459441  -0.4538211132
0.0124787293  -0.0124774029  -0.4546034987
0.0117160782  -0.0117128624  -0.4553765133
0.0109570866  -0.0109522919  -0.4561392013
0.0102017346  -0.0101956609  -0.4568905587
0.0094500035  -0.0094429390  -0.4576295328
0.0087018755  -0.0086940964  -0.4583550225
0.0079573337  -0.0079491032  -0.4590658783
0.0072163622  -0.0072079301  -0.4597609019
0.0064789460  -0.0064705477  -0.4604388468
0.0057450710  -0.0057369272  -0.4610984178
0.0050147237  -0.0050070398  -0.4617382713
0.0042878914  -0.0042808570  -0.4623570150
0.0035645620  -0.0035583508  -0.4629532084
0.0028447240  -0.0028394932  -0.4635253623
0.0021283660  -0.0021242566  -0.4640719390
0.0014154772  -0.0014126136  -0.4645913522
0.0007060466  -0.0007045371  -0.4650819674
0.0007059128  -0.0007045365  -0.4650819674
