0.192942
0.9623658766  -1.1854369982   0.0000353363
0.9623658766  -1.1854369982   0.0000353363
0.9623709396  -1.1854448050   0.0000314391
0.9623714273  -1.1854411209   0.0000193302
0.9623644306  -1.1854214757  -0.0000012029
0.9623487754  -1.1853841629  -0.0000303723
0.9623239697  -1.1853284707  -0.0000683892
0.9622897138  -1.1852539672  -0.0001154646
0.9622457813  -1.1851603254  -0.0001718086
0.9621919784  -1.1850472639  -0.0002376308
0.9621281272  -1.1849145231  -0.0003131402
0.9620540584  -1.1847618535  -0.0003985453
0.9619696067  -1.1845890102  -0.0004940539
0.9618746093  -1.1843957495  -0.0005998733
0.9617689040  -1.1841818277  -0.0007162101
0.9616523287  -1.1839469990  -0.0008432703
0.9615247210  -1.1836910158  -0.0009812596
0.9613859175  -1.1834136275  -0.0011303827
0.9612357538  -1.1831145806  -0.0012908439
0.9610740645  -1.1827936187  -0.0014628470
0.9609006828  -1.1824504818  -0.0016465950
0.9607154404  -1.1820849070  -0.0018422906
0.9605181677  -1.1816966278  -0.0020501355
0.9603086937  -1.1812853747  -0.0022703312
0.9600868457  -1.1808508748  -0.0025030785
0.9598524497  -1.1803928521  -0.0027485773
0.9596053300  -1.1799110276  -0.0030070275
0.9593453095  -1.1794051193  -0.0032786278
0.9590722094  -1.1788748421  -0.0035635768
0.9587858494  -1.1783199079  -0.0038620721
0.9584860473  -1.1777400262  -0.0041743111
0.9581726199  -1.1771349035  -0.0045004903
0.9578453788  -1.1765040606  -0.0048413267
0.9575041411  -1.1758473676  -0.0051965337
0.9571487225  -1.1751647682  -0.0055661246
0.9567789298  -1.1744558242  -0.0059502930
0.9563945702  -1.1737201639  -0.0063492280
0.9559954506  -1.1729574639  -0.0067631216
0.9555813762  -1.1721674060  -0.0071921675
0.9551521511  -1.1713496729  -0.0076365615
0.9547075778  -1.1705039471  -0.0080965015
0.9542474573  -1.1696299103  -0.0085721870
0.9537715891  -1.1687272438  -0.0090638195
0.9532797715  -1.1677956288  -0.0095716021
0.9527718010  -1.1668347460  -0.0100957396
0.9522474731  -1.1658442765  -0.0106364382
0.9517065817  -1.1648239017  -0.0111939056
0.9511489194  -1.1637733035  -0.0117683508
0.9505742773  -1.1626921643  -0.0123599840
0.9499824454  -1.1615801680  -0.0129690172
0.9493732123  -1.1604369993  -0.0135956630
0.9487463652  -1.1592623452  -0.0142401359
0.9481016903  -1.1580558942  -0.0149026512
0.9474389723  -1.1568173367  -0.0155834255
0.9467579948  -1.1555463654  -0.0162826765
0.9460585404  -1.1542426756  -0.0170006230
0.9453403902  -1.1529059647  -0.0177374850
0.9446033244  -1.1515359334  -0.0184934833
0.9438471221  -1.1501322852  -0.0192688398
0.9430715614  -1.1486947269  -0.0200637773
0.9422764191  -1.1472229687  -0.0208785195
0.9414614712  -1.1457167240  -0.0217132909
0.9406264929  -1.1441757102  -0.0225683169
0.9397712582  -1.1425995982  -0.0234438235
0.9388955402  -1.1409880960  -0.0243400377
0.9379991110  -1.1393410398  -0.0252571868
0.9370817426  -1.1376582157  -0.0261954990
0.9361432060  -1.1359393267  -0.0271552028
0.9351832714  -1.1341841008  -0.0281365275
0.9342017084  -1.1323922862  -0.0291397025
0.9331982857  -1.1305636388  -0.0301649579
0.9321727718  -1.1286979210  -0.0312125240
0.9311249344  -1.1267949007  -0.0322826314
0.9300545414  -1.1248543509  -0.0333755109
0.9289613650  -1.1228760569  -0.0344913934
0.9278451798  -1.1208598132  -0.0356305099
0.9267057567  -1.1188054161  -0.0367930916
0.9255428649  -1.1167126658  -0.0379793693
0.9243562736  -1.1145813690  -0.0391895741
0.9231457519  -1.1124113384  -0.0404239355
0.9219110693  -1.1102023933  -0.0416826816
0.9206519950  -1.1079543595  -0.0429660411
0.9193682991  -1.1056670691  -0.0442742437
0.9180597517  -1.1033403610  -0.0456075199
0.9167261234  -1.1009740815  -0.0469661014
0.9153671854  -1.0985680838  -0.0483502199
0.9139827093  -1.0961222290  -0.0497601081
0.9125724675  -1.0936363858  -0.0511959985
0.9111362328  -1.0911104320  -0.0526581239
0.9096737790  -1.0885442545  -0.0541467170
0.9081848806  -1.0859377483  -0.0556620099
0.9066693130  -1.0832908136  -0.0572042325
0.9051268526  -1.0806033566  -0.0587736108
0.9035572763  -1.0778752922  -0.0603703658
0.9019603623  -1.0751065434  -0.0619947143
0.9003358908  -1.0722970420  -0.0636468683
0.8986836453  -1.0694467385  -0.0653270356
0.8970034109  -1.0665555985  -0.0670354195
0.8952949717  -1.0636235940  -0.0687722190
0.8935581134  -1.0606507068  -0.0705376288
0.8917926231  -1.0576369441  -0.0723318394
0.8899982899  -1.0545823505  -0.0741550395
0.8881749055  -1.0514869434  -0.0760074206
0.8863222640  -1.0483506086  -0.0778891766
0.8844401611  -1.0451731611  -0.0798005009
0.8825283941  -1.0419545386  -0.0817415847
0.8805867621  -1.0386948621  -0.0837126163
0.8786150672  -1.0353943369  -0.0857137820
0.8766131144  -1.0320531702  -0.0877452662
0.8745807115  -1.0286715585  -0.0898072515
0.8725176619  -1.0252496857  -0.0918999196
0.8704237195  -1.0217876869  -0.0940234513
0.8682986518  -1.0182857017  -0.0961780261
0.8661423013  -1.0147439267  -0.0983638211
0.8639545344  -1.0111625731  -0.1005810115
0.8617352281  -1.0075418545  -0.1028297706
0.8594842695  -1.0038819882  -0.1051102695
0.8572015566  -1.0001831953  -0.1074226775
0.8548869976  -0.9964457029  -0.1097671628
0.8525405117  -0.9926697432  -0.1121438926
0.8501620282  -0.9888555458  -0.1145530306
0.8477514869  -0.9850033453  -0.1169947372
0.8453088300  -0.9811134064  -0.1194691709
0.8428339367  -0.9771859789  -0.1219764892
0.8403266147  -0.9732212361  -0.1245168485
0.8377866567  -0.9692193019  -0.1270904033
0.8352138485  -0.9651802909  -0.1296973041
0.8326079658  -0.9611043168  -0.1323376973
0.8299687746  -0.9569914933  -0.1350117246
0.8272960311  -0.9528419335  -0.1377195243
0.8245894814  -0.9486557484  -0.1404612311
0.8218488618  -0.9444330389  -0.1432369745
0.8190738959  -0.9401737662  -0.1460468652
0.8162644280  -0.9358779813  -0.1488909924
0.8134204801  -0.9315466267  -0.1517694844
0.8105420455  -0.9271813544  -0.1546825548
0.8076290307  -0.9227830708  -0.1576304227
0.8046813176  -0.9183514612  -0.1606132212
0.8016987703  -0.9138860345  -0.1636310162
0.7986812625  -0.9093868375  -0.1666838605
0.7956286860  -0.9048542800  -0.1697718063
0.7925409467  -0.9002888858  -0.1728949008
0.7894179849  -0.8956912765  -0.1760531882
0.7862597556  -0.8910621269  -0.1792467097
0.7830661936  -0.8864020933  -0.1824754976
0.7798372304  -0.8817118439  -0.1857395762
0.7765728035  -0.8769920749  -0.1890389664
0.7732728571  -0.8722435090  -0.1923736841
0.7699373416  -0.8674668924  -0.1957437390
0.7665662369  -0.8626630375  -0.1991491365
0.7631595656  -0.8578328376  -0.2025898903
0.7597173339  -0.8529771614  -0.2060659341
0.7562394976  -0.8480968240  -0.2095769877
0.7527260218  -0.8431926437  -0.2131228038
0.7491769438  -0.8382654550  -0.2167034159
0.7455923462  -0.8333161317  -0.2203189172
0.7419723264  -0.8283456398  -0.2239693211
0.7383169565  -0.8233549215  -0.2276546152
0.7346262662  -0.8183448153  -0.2313747580
0.7309002811  -0.8133161306  -0.2351296620
0.7271390249  -0.8082696551  -0.2389191684
0.7233425705  -0.8032062487  -0.2427429987
0.7195110061  -0.7981267894  -0.2466006463
0.7156443094  -0.7930319502  -0.2504910940
0.7117417428  -0.7879220699  -0.2544085459
0.7078027223  -0.7827975252  -0.2583493121
0.7038297919  -0.7776597833  -0.2623251602
0.6998266998  -0.7725110869  -0.2663504901
0.6957935375  -0.7673528603  -0.2704281464
0.6917278957  -0.7621854419  -0.2745557408
0.6876283502  -0.7570090015  -0.2787314300
0.6834946897  -0.7518238275  -0.2829538368
0.6793269381  -0.7466300544  -0.2872214666
0.6751251391  -0.7414277370  -0.2915327041
0.6708894526  -0.7362170307  -0.2958858198
0.6666199547  -0.7309978950  -0.3002789788
0.6623165618  -0.7257699745  -0.3047102493
0.6579793716  -0.7205331014  -0.3091776109
0.6536085799  -0.7152871280  -0.3136789620
0.6492043225  -0.7100317222  -0.3182121279
0.6447667984  -0.7047666310  -0.3227748679
0.6402962700  -0.6994915722  -0.3273648818
0.6357938518  -0.6942070764  -0.3319798170
0.6312549612  -0.6889080025  -0.3366172793
0.6266702624  -0.6835843163  -0.3412748405
0.6220445582  -0.6782402603  -0.3459500420
0.6173867210  -0.6728843013  -0.3506403984
0.6126967198  -0.6675158371  -0.3553434042
0.6079739501  -0.6621335953  -0.3600565436
0.6032177972  -0.6567363140  -0.3647772975
0.5984270858  -0.6513222114  -0.3695031520
0.5935996503  -0.6458885642  -0.3742316045
0.5887317641  -0.6404311678  -0.3789601706
0.5838166385  -0.6349428685  -0.3836863909
0.5788409569  -0.6294101780  -0.3884078416
0.5737748670  -0.6238034468  -0.3931221750
0.5683327627  -0.6178390919  -0.3978271424
0.5627615795  -0.6117697489  -0.4025204611
0.5576911321  -0.6062223009  -0.4071996755
0.5530462665  -0.6011105555  -0.4118623013
0.5485287395  -0.5961310437  -0.4165060452
0.5440392537  -0.5911830974  -0.4211288075
0.5395752342  -0.5862632480  -0.4257285949
0.5351362542  -0.5813701879  -0.4303034995
0.5307221370  -0.5765029426  -0.4348517132
0.5263327261  -0.5716606409  -0.4393715354
0.5219678860  -0.5668425159  -0.4438613798
0.5176275027  -0.5620479027  -0.4483197862
0.5133114823  -0.5572762361  -0.4527454255
0.5090197477  -0.5525270471  -0.4571371020
0.5047522370  -0.5477999592  -0.4614937602
0.5005089027  -0.5430946843  -0.4658144919
0.4962897096  -0.5384110173  -0.4700985394
0.4920946298  -0.5337488314  -0.4743452854
0.4879236595  -0.5291080769  -0.4785543557
0.4837768642  -0.5244887846  -0.4827258078
0.4796543259  -0.5198910516  -0.4868599258
0.4755560294  -0.5153150151  -0.4909569381
0.4714819048  -0.5107608471  -0.4950171921
0.4674319260  -0.5062287627  -0.4990413002
0.4634060988  -0.5017190144  -0.5030301066
0.4594044299  -0.4972318837  -0.5069847043
0.4554269290  -0.4927676750  -0.5109064728
0.4514736152  -0.4883267123  -0.5147971314
0.4475445274  -0.4839093372  -0.5186588340
0.4436397500  -0.4795159128  -0.5224943570
0.4397594803  -0.4751468611  -0.5263075402
0.4359049589  -0.4708028432  -0.5301085186
0.4320775067  -0.4664845190  -0.5339075058
0.4282744265  -0.4621916937  -0.5376987331
0.4244906902  -0.4579235130  -0.5414700171
0.4207250042  -0.4536795992  -0.5452177969
0.4169792230  -0.4494601626  -0.5489431775
0.4132545939  -0.4452654197  -0.5526468456
0.4095512559  -0.4410954282  -0.5563289804
0.4058690596  -0.4369501809  -0.5599897553
0.4022078494  -0.4328296507  -0.5636293469
0.3985674706  -0.4287337934  -0.5672479353
0.3949477693  -0.4246625482  -0.5708457037
0.3913485925  -0.4206158383  -0.5744228380
0.3877697880  -0.4165935717  -0.5779795260
0.3842112048  -0.4125956421  -0.5815159570
0.3806726923  -0.4086219298  -0.5850323206
0.3771541009  -0.4046723025  -0.5885288065
0.3736552821  -0.4007466166  -0.5920056040
0.3701760879  -0.3968447177  -0.5954629004
0.3667163711  -0.3929664389  -0.5989008793
0.3632759852  -0.3891116017  -0.6023197187
0.3598547843  -0.3852800237  -0.6057195920
0.3564526245  -0.3814715232  -0.6091006697
0.3530693632  -0.3776859149  -0.6124631183
0.3497048591  -0.3739230073  -0.6158070985
0.3463589715  -0.3701826047  -0.6191327637
0.3430315609  -0.3664645097  -0.6224402600
0.3397224887  -0.3627685235  -0.6257297251
0.3364316177  -0.3590944466  -0.6290012867
0.3331588114  -0.3554420777  -0.6322550608
0.3299039338  -0.3518112106  -0.6354911479
0.3266668469  -0.3482015930  -0.6387096102
0.3234474078  -0.3446129251  -0.6419104523
0.3202454811  -0.3410450715  -0.6450936981
0.3170609573  -0.3374981780  -0.6482594925
0.3138937423  -0.3339723635  -0.6514080546
0.3107437269  -0.3304674747  -0.6545395637
0.3076107814  -0.3269832419  -0.6576541469
0.3044947746  -0.3235194571  -0.6607519199
0.3013955817  -0.3200759725  -0.6638330015
0.2983130831  -0.3166526575  -0.6668975105
0.2952471602  -0.3132493864  -0.6699455648
0.2921976960  -0.3098660374  -0.6729772809
0.2891645742  -0.3065024919  -0.6759927745
0.2861476799  -0.3031586348  -0.6789921598
0.2831468987  -0.2998343542  -0.6819755501
0.2801621178  -0.2965295406  -0.6849430575
0.2771932248  -0.2932440875  -0.6878947930
0.2742401086  -0.2899778902  -0.6908308666
0.2713026591  -0.2867308458  -0.6937513874
0.2683807670  -0.2835028527  -0.6966564633
0.2654743240  -0.2802938099  -0.6995462014
0.2625832226  -0.2771036164  -0.7024207078
0.2597073563  -0.2739321719  -0.7052800876
0.2568466196  -0.2707793760  -0.7081244453
0.2540009077  -0.2676451284  -0.7109538842
0.2511701167  -0.2645293277  -0.7137685070
0.2483541436  -0.2614318719  -0.7165684155
0.2455528862  -0.2583526571  -0.7193537107
0.2427662431  -0.2552915779  -0.7221244930
0.2399941138  -0.2522485269  -0.7248808620
0.2372363986  -0.2492233933  -0.7276229165
0.2344929984  -0.2462160613  -0.7303507550
0.2317638152  -0.2432264051  -0.7330644753
0.2290487516  -0.2402542947  -0.7357641753
0.2263477109  -0.2372996131  -0.7384499516
0.2236605972  -0.2343622615  -0.7411218993
0.2209873152  -0.2314421456  -0.7437801125
0.2183277706  -0.2285391648  -0.7464246844
0.2156818695  -0.2256532139  -0.7490557078
0.2130495192  -0.2227841874  -0.7516732748
0.2104306275  -0.2199319805  -0.7542774772
0.2078251028  -0.2170964891  -0.7568684056
0.2052328543  -0.2142776090  -0.7594461502
0.2026537919  -0.2114752365  -0.7620108004
0.2000878262  -0.2086892685  -0.7645624450
0.1975348684  -0.2059196018  -0.7671011721
0.1949948305  -0.2031661298  -0.7696270692
0.1924676248  -0.2004287387  -0.7721402230
0.1899531648  -0.1977073238  -0.7746407197
0.1874513643  -0.1950018020  -0.7771286448
0.1849621379  -0.1923120883  -0.7796040829
0.1824854007  -0.1896380816  -0.7820671185
0.1800210685  -0.1869796779  -0.7845178349
0.1775690578  -0.1843367754  -0.7869563153
0.1751292856  -0.1817092724  -0.7893826419
0.1727016695  -0.1790970672  -0.7917968966
0.1702861278  -0.1765000584  -0.7941991606
0.1678825794  -0.1739181449  -0.7965895144
0.1654909436  -0.1713512256  -0.7989680379
0.1631111405  -0.1687992001  -0.8013348107
0.1607430908  -0.1662619683  -0.8036899115
0.1583867156  -0.1637394306  -0.8060334186
0.1560419367  -0.1612314879  -0.8083654096
0.1537086765  -0.1587380416  -0.8106859617
0.1513868579  -0.1562589938  -0.8129951514
0.1490764043  -0.1537942471  -0.8152930546
0.1467772398  -0.1513437048  -0.8175797469
0.1444892889  -0.1489072707  -0.8198553030
0.1422124768  -0.1464848495  -0.8221197974
0.1399467292  -0.1440763462  -0.8243733038
0.1376919721  -0.1416816667  -0.8266158955
0.1354481325  -0.1393007174  -0.8288476452
0.1332151374  -0.1369334052  -0.8310686251
0.1309929148  -0.1345796379  -0.8332789069
0.1287813929  -0.1322393236  -0.8354785618
0.1265805006  -0.1299123710  -0.8376676603
0.1243901671  -0.1275986894  -0.8398462727
0.1222103223  -0.1252981886  -0.8420144685
0.1200408970  -0.1230108234  -0.8441723252
0.1178818229  -0.1207365631  -0.8463199293
0.1157330309  -0.1184752112  -0.8484573429
0.1135944503  -0.1162265437  -0.8505846057
0.1114660129  -0.1139905270  -0.8527017751
0.1093476527  -0.1117671454  -0.8548089189
0.1072393035  -0.1095563171  -0.8569061006
0.1051408993  -0.1073579593  -0.8589933838
0.1030523744  -0.1051719895  -0.8610708320
0.1009736637  -0.1029983247  -0.8631385094
0.0989047025  -0.1008368818  -0.8651964801
0.0968454265  -0.0986875774  -0.8672448087
0.0947957721  -0.0965503279  -0.8692835600
0.0927556757  -0.0944250495  -0.8713127993
0.0907250747  -0.0923116580  -0.8733325923
0.0887039064  -0.0902100690  -0.8753430049
0.0866921088  -0.0881201982  -0.8773441037
0.0846896203  -0.0860419608  -0.8793359554
0.0826963796  -0.0839752721  -0.8813186270
0.0807123259  -0.0819200474  -0.8832921861
0.0787373989  -0.0798762019  -0.8852567000
0.0767715385  -0.0778436509  -0.8872122367
0.0748146850  -0.0758223098  -0.8891588638
0.0728667794  -0.0738120944  -0.8910966493
0.0709277627  -0.0718129203  -0.8930256608
0.0689975766  -0.0698247039  -0.8949459657
0.0670761631  -0.0678473616  -0.8968576310
0.0651634644  -0.0658808104  -0.8987607232
0.0632594235  -0.0639249677  -0.9006553081
0.0613639833  -0.0619797513  -0.9025414507
0.0594770876  -0.0600450798  -0.9044192150
0.0575986802  -0.0581208722  -0.9062886635
0.0557292094  -0.0562070754  -0.9081766069
0.0538689494  -0.0543036237  -0.9100963531
0.0520165389  -0.0524103657  -0.9120022619
0.0501715391  -0.0505272056  -0.9139061773
0.0483345726  -0.0486541049  -0.9158073340
0.0465055747  -0.0467909874  -0.9177048548
0.0446844836  -0.0449377778  -0.9195977509
0.0428712409  -0.0430944017  -0.9214849216
0.0410657914  -0.0412607853  -0.9233651543
0.0392680836  -0.0394368558  -0.9252371248
0.0374780698  -0.0376225410  -0.9270993972
0.0356957061  -0.0358177693  -0.9289504235
0.0339209529  -0.0340224697  -0.9307885442
0.0321537745  -0.0322365718  -0.9326119879
0.0303941396  -0.0304600057  -0.9344188716
0.0286420213  -0.0286927020  -0.9362072001
0.0268973971  -0.0269345916  -0.9379748669
0.0251602490  -0.0251856058  -0.9397196535
0.0234305634  -0.0234456762  -0.9414392295
0.0217083310  -0.0217147349  -0.9431311529
0.0199935471  -0.0199927139  -0.9447928700
0.0182862109  -0.0182795459  -0.9464217150
0.0165863260  -0.0165751635  -0.9480149106
0.0148938995  -0.0148794998  -0.9495695676
0.0132089422  -0.0131924881  -0.9510826851
0.0115314683  -0.0115140621  -0.9525511503
0.0098614946  -0.0098441557  -0.9539717387
0.0081990405  -0.0081827035  -0.9553411141
0.0065441271  -0.0065296405  -0.9566558284
0.0048967770  -0.0048849022  -0.9579123216
0.0032570133  -0.0032484250  -0.9591069223
0.0016248590  -0.0016201457  -0.9602358469
0.0016241508  -0.0016201414  -0.9602358469
