0.156861
1.2300014761  -1.6413939997   0.0000562027
1.2300014761  -1.6413939997   0.0000562027
1.2300089907  -1.6414062336   0.0000489059
1.2300088011  -1.6413942147   0.0000279093
1.2299962992  -1.6413500335  -0.0000071718
1.2299693160  -1.6412697927  -0.0000567182
1.2299269665  -1.6411519634  -0.0001211071
1.2298687212  -1.6409956695  -0.0002007116
1.2297941868  -1.6408002806  -0.0002959012
1.2297030311  -1.6405652752  -0.0004070416
1.2295949530  -1.6402901842  -0.0005344946
1.2294696679  -1.6399745650  -0.0006786183
1.2293269011  -1.6396179878  -0.0008397667
1.2291663831  -1.6392200286  -0.0010182903
1.2289878477  -1.6387802647  -0.0012145356
1.2287910304  -1.6382982726  -0.0014288455
1.2285756675  -1.6377736262  -0.0016615588
1.2283414959  -1.6372058961  -0.0019130107
1.2280882521  -1.6365946492  -0.0021835325
1.2278156726  -1.6359394484  -0.0024734516
1.2275234934  -1.6352398523  -0.0027830919
1.2272114500  -1.6344954159  -0.0031127731
1.2268792773  -1.6337056902  -0.0034628114
1.2265267098  -1.6328702227  -0.0038335189
1.2261534812  -1.6319885576  -0.0042252042
1.2257593249  -1.6310602364  -0.0046381717
1.2253439737  -1.6300847980  -0.0050727225
1.2249071604  -1.6290617793  -0.0055291533
1.2244486171  -1.6279907158  -0.0060077575
1.2239680759  -1.6268711414  -0.0065088243
1.2234652688  -1.6257025899  -0.0070326394
1.2229399275  -1.6244845945  -0.0075794845
1.2223917800  -1.6232162393  -0.0081504973
1.2218205637  -1.6218974650  -0.0087451705
1.2212260161  -1.6205283877  -0.0093634879
1.2206078640  -1.6191082140  -0.0100057102
1.2199658381  -1.6176363357  -0.0106720926
1.2192996715  -1.6161122592  -0.0113628962
1.2186090983  -1.6145355110  -0.0120783815
1.2178938534  -1.6129056294  -0.0128188093
1.2171536725  -1.6112221607  -0.0135844406
1.2163882925  -1.6094846591  -0.0143755358
1.2155974515  -1.6076926869  -0.0151923544
1.2147808885  -1.6058458151  -0.0160351550
1.2139383444  -1.6039436238  -0.0169041949
1.2130695612  -1.6019857033  -0.0177997292
1.2121742828  -1.5999716540  -0.0187220116
1.2112522545  -1.5979010874  -0.0196712938
1.2103032239  -1.5957736268  -0.0206478259
1.2093269401  -1.5935889080  -0.0216518559
1.2083231546  -1.5913465805  -0.0226836299
1.2072916211  -1.5890463074  -0.0237433920
1.2062320954  -1.5866877661  -0.0248313838
1.2051443359  -1.5842706486  -0.0259478445
1.2040281035  -1.5817946619  -0.0270930108
1.2028831618  -1.5792595288  -0.0282671168
1.2017092770  -1.5766649879  -0.0294703939
1.2005062184  -1.5740107944  -0.0307030705
1.1992737550  -1.5712967178  -0.0319653718
1.1980116561  -1.5685225436  -0.0332575193
1.1967196968  -1.5656880771  -0.0345797305
1.1953976578  -1.5627931437  -0.0359322201
1.1940453232  -1.5598375874  -0.0373151996
1.1926624811  -1.5568211562  -0.0387288770
1.1912489225  -1.5537436909  -0.0401734572
1.1898044425  -1.5506053241  -0.0416491411
1.1883288414  -1.5474060839  -0.0431561264
1.1868219233  -1.5441458277  -0.0446946070
1.1852834953  -1.5408244790  -0.0462647731
1.1837133690  -1.5374420121  -0.0478668109
1.1821113602  -1.5339984254  -0.0495009030
1.1804772890  -1.5304937391  -0.0511672274
1.1788109797  -1.5269279934  -0.0528659574
1.1771122612  -1.5233012489  -0.0545972612
1.1753809664  -1.5196135860  -0.0563613017
1.1736169330  -1.5158651066  -0.0581582370
1.1718199971  -1.5120559302  -0.0599882201
1.1699899877  -1.5081861905  -0.0618513991
1.1681267431  -1.5042560458  -0.0637479174
1.1662301168  -1.5002656819  -0.0656779135
1.1642999674  -1.4962153050  -0.0676415221
1.1623361588  -1.4921051405  -0.0696388760
1.1603385603  -1.4879354321  -0.0716701063
1.1583070460  -1.4837064433  -0.0737353386
1.1562414947  -1.4794184582  -0.0758346926
1.1541417904  -1.4750717828  -0.0779682822
1.1520078217  -1.4706667451  -0.0801362162
1.1498394826  -1.4662036958  -0.0823385985
1.1476366718  -1.4616830095  -0.0845755281
1.1453992931  -1.4571050823  -0.0868470995
1.1431272388  -1.4524703206  -0.0891534055
1.1408203868  -1.4477791385  -0.0914945392
1.1384786342  -1.4430319808  -0.0938705921
1.1361019007  -1.4382293244  -0.0962816528
1.1336901113  -1.4333716577  -0.0987278066
1.1312431960  -1.4284594772  -0.1012091364
1.1287610900  -1.4234933051  -0.1037257222
1.1262437337  -1.4184736981  -0.1062776410
1.1236910723  -1.4134012337  -0.1088649674
1.1211030558  -1.4082765054  -0.1114877738
1.1184796390  -1.4031001285  -0.1141461298
1.1158207812  -1.3978727626  -0.1168401015
1.1131264472  -1.3925951348  -0.1195697520
1.1103965905  -1.3872678927  -0.1223351410
1.1076311461  -1.3818914473  -0.1251363258
1.1048300433  -1.3764661603  -0.1279733588
1.1019932101  -1.3709926267  -0.1308462836
1.0991205750  -1.3654716646  -0.1337551401
1.0962120690  -1.3599041420  -0.1366999748
1.0932676252  -1.3542909022  -0.1396808423
1.0902871774  -1.3486327679  -0.1426978026
1.0872706594  -1.3429305459  -0.1457509199
1.0842180504  -1.3371850817  -0.1488402562
1.0811294345  -1.3313973378  -0.1519658604
1.0780048538  -1.3255682125  -0.1551277597
1.0748442425  -1.3196984525  -0.1583259619
1.0716475256  -1.3137887711  -0.1615604564
1.0684146255  -1.3078398584  -0.1648312155
1.0651454629  -1.3018523830  -0.1681382001
1.0618399591  -1.2958269948  -0.1714813744
1.0584980369  -1.2897643283  -0.1748607089
1.0551196298  -1.2836650204  -0.1782761716
1.0517047927  -1.2775298518  -0.1817277248
1.0482536443  -1.2713596653  -0.1852153259
1.0447662365  -1.2651552006  -0.1887389276
1.0412426025  -1.2589171756  -0.1922984805
1.0376827816  -1.2526463295  -0.1958939327
1.0340868191  -1.2463434083  -0.1995252285
1.0304547655  -1.2400091550  -0.2031923057
1.0267866772  -1.2336443179  -0.2068950972
1.0230826331  -1.2272496942  -0.2106335318
1.0193427260  -1.2208261132  -0.2144075324
1.0155670377  -1.2143743732  -0.2182170124
1.0117556423  -1.2078951999  -0.2220618603
1.0079086171  -1.2013893399  -0.2259419488
1.0040260602  -1.1948578799  -0.2298572215
1.0001080995  -1.1883021388  -0.2338077182
0.9961547329  -1.1817229813  -0.2377934410
0.9921658139  -1.1751208169  -0.2418142761
0.9881415050  -1.1684964122  -0.2458700575
0.9840823180  -1.1618510281  -0.2499606191
0.9799888313  -1.1551860680  -0.2540857954
0.9758616723  -1.1485030067  -0.2582454204
0.9717015033  -1.1418033743  -0.2624393244
0.9675087477  -1.1350885440  -0.2666673310
0.9632833588  -1.1283594329  -0.2709292599
0.9590250510  -1.1216166411  -0.2752249299
0.9547334973  -1.1148607024  -0.2795541599
0.9504083224  -1.1080921047  -0.2839167702
0.9460491013  -1.1013112874  -0.2883125772
0.9416556892  -1.0945190268  -0.2927413960
0.9372285238  -1.0877167677  -0.2972030460
0.9327680342  -1.0809059136  -0.3016973496
0.9282743665  -1.0740875101  -0.3062241407
0.9237476609  -1.0672625802  -0.3107832192
0.9191880232  -1.0604321271  -0.3153741621
0.9145956060  -1.0535972569  -0.3199964936
0.9099706711  -1.0467591167  -0.3246500510
0.9053134804  -1.0399187287  -0.3293347863
0.9006242223  -1.0330770399  -0.3340505552
0.8959030423  -1.0262349621  -0.3387971620
0.8911501504  -1.0193935119  -0.3435743374
0.8863657857  -1.0125537304  -0.3483816770
0.8815500923  -1.0057164611  -0.3532185061
0.8767030719  -0.9988823180  -0.3580834803
0.8718238409  -0.9920516124  -0.3629703101
0.8669123887  -0.9852250844  -0.3678778709
0.8619729294  -0.9784048612  -0.3728210931
0.8570093866  -0.9715933865  -0.3778111791
0.8520202175  -0.9647917510  -0.3828468928
0.8470025126  -0.9580001438  -0.3879257269
0.8419553838  -0.9512186568  -0.3930462540
0.8368787926  -0.9444472784  -0.3982070582
0.8317728961  -0.9376861168  -0.4034066009
0.8266379197  -0.9309352828  -0.4086432233
0.8214739803  -0.9241945819  -0.4139151564
0.8162812272  -0.9174637770  -0.4192205397
0.8110599294  -0.9107427257  -0.4245574381
0.8058102928  -0.9040310545  -0.4299238516
0.8005325948  -0.8973284175  -0.4353177244
0.7952270803  -0.8906344039  -0.4407369551
0.7898937656  -0.8839482438  -0.4461794012
0.7845328507  -0.8772693669  -0.4516428718
0.7791446344  -0.8705972411  -0.4571251284
0.7737293537  -0.8639312495  -0.4626238989
0.7682879407  -0.8572714366  -0.4681368880
0.7628183602  -0.8506148719  -0.4736617836
0.7573089653  -0.8439489984  -0.4791962649
0.7517614758  -0.8372747526  -0.4847380031
0.7461868192  -0.8306024764  -0.4902846633
0.7405849705  -0.8239314173  -0.4958339132
0.7349545077  -0.8172593381  -0.5013834327
0.7292931557  -0.8105831944  -0.5069309200
0.7235967950  -0.8038981956  -0.5124740958
0.7178576913  -0.7971960742  -0.5180107127
0.7120601041  -0.7904607843  -0.5235385682
0.7061649524  -0.7836532730  -0.5290555518
0.6998790423  -0.7764838577  -0.5345596459
0.6936321996  -0.7693872867  -0.5400487278
0.6879916410  -0.7629240559  -0.5455204620
0.6826331849  -0.7567587189  -0.5509725606
0.6773246225  -0.7506549130  -0.5564029916
0.6720428543  -0.7445876706  -0.5618098943
0.6667873088  -0.7385549934  -0.5671914896
0.6615577968  -0.7325555088  -0.5725460827
0.6563541442  -0.7265879680  -0.5778720760
0.6511761986  -0.7206512381  -0.5831679766
0.6460238310  -0.7147443020  -0.5884324049
0.6408969327  -0.7088662572  -0.5936640962
0.6357954143  -0.7030163142  -0.5988619071
0.6307192043  -0.6971937932  -0.6040248210
0.6256682476  -0.6913981205  -0.6091519528
0.6206425057  -0.6856288250  -0.6142425601
0.6156419547  -0.6798855328  -0.6192960480
0.6106665818  -0.6741679628  -0.6243119698
0.6057163829  -0.6684759206  -0.6292900331
0.6007913584  -0.6628092926  -0.6342300929
0.5958915222  -0.6571680433  -0.6391322033
0.5910169595  -0.6515522136  -0.6439968559
0.5861678042  -0.6459619143  -0.6488248719
0.5813440842  -0.6403973097  -0.6536170131
0.5765457315  -0.6348586028  -0.6583741223
0.5717727233  -0.6293460323  -0.6630973374
0.5670250890  -0.6238598707  -0.6677880763
0.5623028741  -0.6184004212  -0.6724480900
0.5576061536  -0.6129680148  -0.6770795725
0.5529350712  -0.6075630155  -0.6816853855
0.5482899510  -0.6021858693  -0.6862696541
0.5436724127  -0.5968371889  -0.6908430728
0.5390834232  -0.5915174957  -0.6954129917
0.5345185843  -0.5862266932  -0.6999691304
0.5299725707  -0.5809642552  -0.7045009240
0.5254457548  -0.5757298893  -0.7090083067
0.5209406499  -0.5705236065  -0.7134925529
0.5164580477  -0.5653454458  -0.7179539444
0.5119978763  -0.5601953956  -0.7223926466
0.5075599873  -0.5550734190  -0.7268088271
0.5031442320  -0.5499794617  -0.7312026580
0.4987504635  -0.5449134527  -0.7355743147
0.4943785356  -0.5398753050  -0.7399239759
0.4900283032  -0.5348649156  -0.7442518226
0.4856996223  -0.5298821662  -0.7485580377
0.4813923495  -0.5249269243  -0.7528428054
0.4771063426  -0.5199990434  -0.7571063101
0.4728414601  -0.5150983647  -0.7613487361
0.4685975611  -0.5102247175  -0.7655702666
0.4643745061  -0.5053779208  -0.7697710830
0.4601721560  -0.5005577848  -0.7739513640
0.4559903730  -0.4957641114  -0.7781112851
0.4518290199  -0.4909966939  -0.7822510164
0.4476879597  -0.4862553172  -0.7863707195
0.4435670564  -0.4815397626  -0.7904705487
0.4394661757  -0.4768498140  -0.7945506534
0.4353851855  -0.4721852557  -0.7986111771
0.4313239544  -0.4675458690  -0.8026522552
0.4272823519  -0.4629314339  -0.8066740130
0.4232602483  -0.4583417305  -0.8106765647
0.4192575144  -0.4537765385  -0.8146600105
0.4152740212  -0.4492356332  -0.8186244312
0.4113096354  -0.4447187477  -0.8225698596
0.4073642177  -0.4402255950  -0.8264962709
0.4034376451  -0.4357560812  -0.8304036970
0.3995298341  -0.4313103408  -0.8342923202
0.3956407109  -0.4268883928  -0.8381623652
0.3917701698  -0.4224900052  -0.8420139828
0.3879180819  -0.4181149142  -0.8458472798
0.3840843234  -0.4137629376  -0.8496623634
0.3802687806  -0.4094339341  -0.8534593444
0.3764713432  -0.4051277727  -0.8572383324
0.3726919024  -0.4008443284  -0.8609994359
0.3689303503  -0.3965834822  -0.8647427624
0.3651865799  -0.3923451204  -0.8684684182
0.3614604855  -0.3881291343  -0.8721765083
0.3577519622  -0.3839354202  -0.8758671368
0.3540609059  -0.3797638785  -0.8795404065
0.3503872137  -0.3756144135  -0.8831964194
0.3467307835  -0.3714869328  -0.8868352764
0.3430915142  -0.3673813467  -0.8904570773
0.3394693054  -0.3632975678  -0.8940619210
0.3358640577  -0.3592355108  -0.8976499057
0.3322756726  -0.3551950909  -0.9012211285
0.3287040521  -0.3511762234  -0.9047756856
0.3251490995  -0.3471788226  -0.9083136728
0.3216107186  -0.3432028024  -0.9118351848
0.3180888139  -0.3392480759  -0.9153403157
0.3145832909  -0.3353145550  -0.9188291590
0.3110940556  -0.3314021494  -0.9223018073
0.3076210148  -0.3275107660  -0.9257583530
0.3041640762  -0.3236403081  -0.9291988875
0.3007231479  -0.3197906743  -0.9326235020
0.2972981389  -0.3159617537  -0.9360322873
0.2938889588  -0.3121534206  -0.9394253343
0.2904955178  -0.3083655483  -0.9428027335
0.2871177267  -0.3045980358  -0.9461645743
0.2837554969  -0.3008508068  -0.9495109445
0.2804087401  -0.2971237835  -0.9528419306
0.2770773690  -0.2934168765  -0.9561576188
0.2737612969  -0.2897299919  -0.9594580954
0.2704604376  -0.2860630369  -0.9627434458
0.2671747055  -0.2824159191  -0.9660137552
0.2639040157  -0.2787885462  -0.9692691080
0.2606482836  -0.2751808264  -0.9725095882
0.2574074252  -0.2715926677  -0.9757352791
0.2541813572  -0.2680239784  -0.9789462637
0.2509699966  -0.2644746582  -0.9821426244
0.2477732609  -0.2609445897  -0.9853244431
0.2445910682  -0.2574336753  -0.9884918013
0.2414233372  -0.2539418655  -0.9916447798
0.2382699870  -0.2504691063  -0.9947834589
0.2351309372  -0.2470153065  -0.9979079186
0.2320061078  -0.2435803674  -1.0010182383
0.2288954192  -0.2401641948  -1.0041144972
0.2257987924  -0.2367666938  -1.0071967740
0.2227161487  -0.2333877690  -1.0102651468
0.2196474100  -0.2300273247  -1.0133196933
0.2165924985  -0.2266852646  -1.0163604911
0.2135513368  -0.2233614925  -1.0193876171
0.2105238479  -0.2200559124  -1.0224011477
0.2075099555  -0.2167684280  -1.0254011591
0.2045095834  -0.2134989435  -1.0283877271
0.2015226559  -0.2102473633  -1.0313609269
0.1985490976  -0.2070135923  -1.0343208336
0.1955888337  -0.2037975356  -1.0372675215
0.1926417897  -0.2005990991  -1.0402010650
0.1897078913  -0.1974181889  -1.0431215376
0.1867870649  -0.1942547120  -1.0460290129
0.1838792370  -0.1911085757  -1.0489235637
0.1809843346  -0.1879796878  -1.0518052627
0.1781022851  -0.1848679569  -1.0546741822
0.1752330162  -0.1817732919  -1.0575303941
0.1723764558  -0.1786956023  -1.0603739699
0.1695325325  -0.1756347979  -1.0632049808
0.1667011749  -0.1725907889  -1.0660234975
0.1638823123  -0.1695634859  -1.0688295906
0.1610758739  -0.1665527999  -1.0716233302
0.1582817897  -0.1635586417  -1.0744047861
0.1554999907  -0.1605810253  -1.0771740419
0.1527304093  -0.1576199964  -1.0799311975
0.1499729752  -0.1546752204  -1.0826763114
0.1472276143  -0.1517462969  -1.0854094040
0.1444942565  -0.1488332610  -1.0881305266
0.1417728361  -0.1459361889  -1.0908397492
0.1390632867  -0.1430550041  -1.0935371345
0.1363655410  -0.1401896277  -1.0962227460
0.1336795320  -0.1373399796  -1.0988966479
0.1310051931  -0.1345059782  -1.1015589055
0.1283424580  -0.1316875407  -1.1042095847
0.1256912606  -0.1288845825  -1.1068487528
0.1230515352  -0.1260970175  -1.1094764780
0.1204232164  -0.1233247580  -1.1120928296
0.1178062388  -0.1205677148  -1.1146978780
0.1152005376  -0.1178257971  -1.1172916949
0.1126060480  -0.1150989127  -1.1198743529
0.1100227054  -0.1123869681  -1.1224459260
0.1074504458  -0.1096898686  -1.1250064888
0.1048892050  -0.1070075183  -1.1275561171
0.1023389192  -0.1043398203  -1.1300948874
0.0997995249  -0.1016866769  -1.1326228770
0.0972709588  -0.0990479895  -1.1351401638
0.0947531578  -0.0964236592  -1.1376468258
0.0922460590  -0.0938135864  -1.1401429417
0.0897495998  -0.0912176714  -1.1426285896
0.0872637179  -0.0886358143  -1.1451038479
0.0847883511  -0.0860679150  -1.1475687942
0.0823234375  -0.0835138737  -1.1500235055
0.0798689156  -0.0809735908  -1.1524680576
0.0774247240  -0.0784469670  -1.1549025251
0.0749908015  -0.0759339037  -1.1573269809
0.0725679503  -0.0734343688  -1.1597764616
0.0701566740  -0.0709482992  -1.1622683566
0.0677546743  -0.0684754210  -1.1647429844
0.0653612336  -0.0660155954  -1.1672158165
0.0629774512  -0.0635688218  -1.1696858395
0.0606032490  -0.0611350071  -1.1721518935
0.0582385537  -0.0587140596  -1.1746126725
0.0558832970  -0.0563058887  -1.1770667240
0.0535374162  -0.0539104047  -1.1795124495
0.0512008543  -0.0515275189  -1.1819481038
0.0488735605  -0.0491571436  -1.1843717958
0.0465554902  -0.0467991917  -1.1867814879
0.0442466055  -0.0444535765  -1.1891749962
0.0419468752  -0.0421202122  -1.1915499906
0.0396562751  -0.0397990130  -1.1939039946
0.0373747881  -0.0374898935  -1.1962343855
0.0351024045  -0.0351927684  -1.1985383943
0.0328391217  -0.0329075525  -1.2008131056
0.0305849444  -0.0306341603  -1.2030554578
0.0283398845  -0.0283725063  -1.2052622430
0.0261039611  -0.0261225049  -1.2074301070
0.0238772000  -0.0238840701  -1.2095555493
0.0216596338  -0.0216571156  -1.2116349230
0.0194513013  -0.0194415551  -1.2136644351
0.0172522471  -0.0172373020  -1.2156401462
0.0150625211  -0.0150442696  -1.2175579705
0.0128821778  -0.0128623713  -1.2194136763
0.0107112756  -0.0106915209  -1.2212028850
0.0085498759  -0.0085316324  -1.2229210723
0.0063980420  -0.0063826204  -1.2245635672
0.0042558383  -0.0042444004  -1.2261255525
0.0021233285  -0.0021168891  -1.2276020649
0.0021221177  -0.0021168811  -1.2276020649
