0.147122
1.3134610759  -1.7851677309   0.0000659109
1.3134610759  -1.7851677309   0.0000659109
1.3134696150  -1.7851809769   0.0000568351
1.3134689221  -1.7851636341   0.0000313905
1.3134536032  -1.7851065244  -0.0000108961
1.3134209663  -1.7850046158  -0.0000704920
1.3133699242  -1.7848559870  -0.0001478585
1.3132998316  -1.7846595649  -0.0002434509
1.3132102117  -1.7844145963  -0.0003577183
1.3131006642  -1.7841204694  -0.0004911039
1.3129708279  -1.7837766413  -0.0006440449
1.3128203630  -1.7833826038  -0.0008169724
1.3126489423  -1.7829378662  -0.0010103114
1.3124562461  -1.7824419459  -0.0012244811
1.3122419594  -1.7818943631  -0.0014598945
1.3120057703  -1.7812946373  -0.0017169585
1.3117473689  -1.7806422860  -0.0019960742
1.3114664465  -1.7799368231  -0.0022976365
1.3111626953  -1.7791777591  -0.0026220342
1.3108358083  -1.7783646003  -0.0029696504
1.3104854788  -1.7774968490  -0.0033408618
1.3101114007  -1.7765740042  -0.0037360393
1.3097132683  -1.7755955612  -0.0041555476
1.3092907764  -1.7745610127  -0.0045997456
1.3088436203  -1.7734698490  -0.0050689860
1.3083714959  -1.7723215584  -0.0055636155
1.3078740999  -1.7711156282  -0.0060839748
1.3073511296  -1.7698515454  -0.0066303985
1.3068022836  -1.7685287967  -0.0072032153
1.3062272611  -1.7671468702  -0.0078027477
1.3056257629  -1.7657052553  -0.0084293124
1.3049974909  -1.7642034440  -0.0090832199
1.3043421449  -1.7626403346  -0.0097657973
1.3036594361  -1.7610159666  -0.0104764203
1.3029490760  -1.7593306072  -0.0112150459
1.3022107670  -1.7575833238  -0.0119819506
1.3014442176  -1.7557734407  -0.0127774047
1.3006491407  -1.7539004320  -0.0136016862
1.2998252521  -1.7519638014  -0.0144550706
1.2989722703  -1.7499630716  -0.0153378323
1.2980899164  -1.7478977797  -0.0162502438
1.2971779147  -1.7457674770  -0.0171925755
1.2962359927  -1.7435717291  -0.0181650948
1.2952638810  -1.7413101169  -0.0191680664
1.2942613141  -1.7389822367  -0.0202017513
1.2932280295  -1.7365877014  -0.0212664071
1.2921637663  -1.7341261391  -0.0223622876
1.2910682674  -1.7315971954  -0.0234896425
1.2899412814  -1.7290005370  -0.0246487168
1.2887825619  -1.7263358499  -0.0258397509
1.2875918669  -1.7236028405  -0.0270629802
1.2863689593  -1.7208012358  -0.0283186362
1.2851136067  -1.7179307850  -0.0296069453
1.2838255816  -1.7149912598  -0.0309281294
1.2825046618  -1.7119824559  -0.0322824051
1.2811506304  -1.7089041933  -0.0336699842
1.2797632758  -1.7057563173  -0.0350910732
1.2783423920  -1.7025386985  -0.0365458732
1.2768877786  -1.6992512326  -0.0380345799
1.2753992410  -1.6958938398  -0.0395573828
1.2738765904  -1.6924664653  -0.0411144647
1.2723196442  -1.6889690803  -0.0427060023
1.2707282254  -1.6854016820  -0.0443321663
1.2691021637  -1.6817641467  -0.0459931220
1.2674412941  -1.6780564718  -0.0476890287
1.2657454552  -1.6742790299  -0.0494200395
1.2640144847  -1.6704320516  -0.0511863019
1.2622482280  -1.6665155521  -0.0529879571
1.2604465441  -1.6625296400  -0.0548251403
1.2586092992  -1.6584744894  -0.0566979801
1.2567363665  -1.6543503060  -0.0586065971
1.2548276262  -1.6501573235  -0.0605511047
1.2528829655  -1.6458958020  -0.0625316103
1.2509022785  -1.6415660270  -0.0645482152
1.2488854665  -1.6371683100  -0.0666010148
1.2468324375  -1.6327029885  -0.0686900985
1.2447431065  -1.6281704262  -0.0708155493
1.2426173955  -1.6235710122  -0.0729774445
1.2404552330  -1.6189051599  -0.0751758551
1.2382565489  -1.6141733030  -0.0774108460
1.2360212599  -1.6093758855  -0.0796824750
1.2337492921  -1.6045133794  -0.0819907923
1.2314405960  -1.5995862955  -0.0843358404
1.2290951309  -1.5945951697  -0.0867176542
1.2267128631  -1.5895405595  -0.0891362615
1.2242937660  -1.5844230432  -0.0915916830
1.2218378196  -1.5792432193  -0.0940839324
1.2193450107  -1.5740017082  -0.0966130186
1.2168153333  -1.5686991532  -0.0991789485
1.2142487880  -1.5633362211  -0.1017817264
1.2116453810  -1.5579136036  -0.1044213496
1.2090050982  -1.5524319986  -0.1070978076
1.2063279105  -1.5468921127  -0.1098110836
1.2036138190  -1.5412946902  -0.1125611546
1.2008628490  -1.5356405002  -0.1153479921
1.1980750324  -1.5299303174  -0.1181715636
1.1952504081  -1.5241649416  -0.1210318365
1.1923890214  -1.5183452103  -0.1239287802
1.1894909236  -1.5124719823  -0.1268623622
1.1865561708  -1.5065461303  -0.1298325475
1.1835848241  -1.5005685483  -0.1328392992
1.1805769200  -1.4945401547  -0.1358825783
1.1775324587  -1.4884618932  -0.1389623439
1.1744514708  -1.4823346550  -0.1420785540
1.1713340296  -1.4761591487  -0.1452311663
1.1681802130  -1.4699360246  -0.1484201371
1.1649901031  -1.4636661643  -0.1516454204
1.1617637877  -1.4573506988  -0.1549069671
1.1585013597  -1.4509908281  -0.1582047251
1.1552029156  -1.4445877282  -0.1615386368
1.1518685565  -1.4381425610  -0.1649086372
1.1484983762  -1.4316564913  -0.1683146649
1.1450924332  -1.4251306188  -0.1717566724
1.1416507572  -1.4185659581  -0.1752346239
1.1381733723  -1.4119634901  -0.1787484926
1.1346602978  -1.4053241667  -0.1822982551
1.1311115462  -1.3986489107  -0.1858838769
1.1275271222  -1.3919386153  -0.1895053008
1.1239070241  -1.3851941458  -0.1931624465
1.1202513452  -1.3784164653  -0.1968552138
1.1165603062  -1.3716066814  -0.2005834839
1.1128340281  -1.3647657653  -0.2043471318
1.1090725008  -1.3578945029  -0.2081460419
1.1052757086  -1.3509936535  -0.2119801059
1.1014436295  -1.3440639548  -0.2158492111
1.0975762340  -1.3371061304  -0.2197532399
1.0936734881  -1.3301209018  -0.2236920738
1.0897354336  -1.3231090880  -0.2276655956
1.0857622837  -1.3160717116  -0.2316736863
1.0817542517  -1.3090097809  -0.2357162216
1.0777114576  -1.3019241812  -0.2397930713
1.0736340233  -1.2948157981  -0.2439041007
1.0695220762  -1.2876855233  -0.2480491709
1.0653757462  -1.2805342366  -0.2522281229
1.0611951719  -1.2733628407  -0.2564407797
1.0569805338  -1.2661724009  -0.2606870290
1.0527320387  -1.2589640667  -0.2649668617
1.0484498670  -1.2517388886  -0.2692802462
1.0441341604  -1.2444978356  -0.2736270311
1.0397850438  -1.2372418611  -0.2780070026
1.0354026580  -1.2299719386  -0.2824199469
1.0309869402  -1.2226888838  -0.2868656512
1.0265378483  -1.2153935630  -0.2913438978
1.0220558449  -1.2080873107  -0.2958544673
1.0175416925  -1.2007717463  -0.3003971386
1.0129962076  -1.1934485541  -0.3049716880
1.0084202551  -1.1861194707  -0.3095778920
1.0038144979  -1.1787860982  -0.3142155279
0.9991790035  -1.1714494664  -0.3188843746
0.9945134346  -1.1641101014  -0.3235842128
0.9898173872  -1.1567684007  -0.3283148191
0.9850903963  -1.1494246919  -0.3330759648
0.9803319641  -1.1420792641  -0.3378674214
0.9755421792  -1.1347330861  -0.3426889623
0.9707216404  -1.1273876836  -0.3475403795
0.9658706826  -1.1200442380  -0.3524213576
0.9609894216  -1.1127036779  -0.3573313729
0.9560780033  -1.1053669089  -0.3622700332
0.9511367298  -1.0980349498  -0.3672372329
0.9461659599  -1.0907089076  -0.3722328579
0.9411659307  -1.0833897427  -0.3772566936
0.9361367951  -1.0760782636  -0.3823084646
0.9310786941  -1.0687752330  -0.3873877781
0.9259918175  -1.0614815113  -0.3924940090
0.9208762986  -1.0541978635  -0.3976259683
0.9157313078  -1.0469245363  -0.4027779125
0.9105565679  -1.0396619209  -0.4079478999
0.9053560269  -1.0324119683  -0.4131490525
0.9001340355  -1.0251773676  -0.4183929557
0.8948895182  -1.0179593347  -0.4236792512
0.8896193186  -1.0107577623  -0.4290053397
0.8843223357  -1.0035726394  -0.4343697980
0.8789986557  -0.9964041367  -0.4397712817
0.8736483876  -0.9892521695  -0.4452083533
0.8682716759  -0.9821166079  -0.4506794770
0.8628687726  -0.9749974085  -0.4561830136
0.8574398502  -0.9678942859  -0.4617172232
0.8519850497  -0.9608068140  -0.4672802703
0.8465046404  -0.9537346952  -0.4728702315
0.8409988410  -0.9466774339  -0.4784851143
0.8354679339  -0.9396345513  -0.4841228778
0.8299121358  -0.9326054648  -0.4897814444
0.8243314704  -0.9255892919  -0.4954587074
0.8187261567  -0.9185853497  -0.5011525416
0.8130965055  -0.9115929989  -0.5068607999
0.8074426878  -0.9046114431  -0.5125813040
0.8017659250  -0.8976409300  -0.5183118504
0.7960591753  -0.8906734430  -0.5240502285
0.7903140057  -0.8836995965  -0.5297942273
0.7845384315  -0.8767266631  -0.5355416333
0.7787393551  -0.8697608737  -0.5412902315
0.7729147538  -0.8627993600  -0.5470378153
0.7670626477  -0.8558392940  -0.5527821966
0.7611793438  -0.8488762134  -0.5585212127
0.7552580366  -0.8419026772  -0.5642527325
0.7492850631  -0.8349045998  -0.5699746646
0.7432274109  -0.8278487722  -0.5756850039
0.7368141180  -0.8204667226  -0.5813818445
0.7303856306  -0.8131046678  -0.5870631930
0.7245091879  -0.8063248728  -0.5927268360
0.7189460383  -0.7998768640  -0.5983705748
0.7134394278  -0.7934990296  -0.6039924586
0.7079596751  -0.7871595125  -0.6095907198
0.7025061830  -0.7808561244  -0.6151636700
0.6970787602  -0.7745874091  -0.6207096984
0.6916772287  -0.7683520426  -0.6262272888
0.6863014323  -0.7621488175  -0.6317150237
0.6809512363  -0.7559766423  -0.6371715900
0.6756265271  -0.7498345405  -0.6425957869
0.6703272109  -0.7437216486  -0.6479865295
0.6650532116  -0.7376372152  -0.6533428525
0.6598044696  -0.7315805976  -0.6586639163
0.6545809401  -0.7255512587  -0.6639490121
0.6493825937  -0.7195487627  -0.6691975717
0.6442094140  -0.7135727697  -0.6744091722
0.6390613938  -0.7076230309  -0.6795835354
0.6339385332  -0.7016993818  -0.6847205359
0.6288408348  -0.6958017368  -0.6898201877
0.6237683347  -0.6899300868  -0.6948827918
0.6187211526  -0.6840844966  -0.6999091009
0.6136993944  -0.6782650958  -0.7049000114
0.6087030333  -0.6724720626  -0.7098563584
0.6037320067  -0.6667056123  -0.7147791713
0.5987863211  -0.6609659939  -0.7196697864
0.5938660228  -0.6552534896  -0.7245298445
0.5889711823  -0.6495684123  -0.7293613919
0.5841019321  -0.6439111089  -0.7341670739
0.5792585631  -0.6382820055  -0.7389506336
0.5744426052  -0.6326816730  -0.7437218405
0.5696552183  -0.6271106360  -0.7484884731
0.5648924845  -0.6215689430  -0.7532420689
0.5601489386  -0.6160561829  -0.7579719482
0.5554244289  -0.6105719971  -0.7626772708
0.5507214541  -0.6051162994  -0.7673593998
0.5460409817  -0.5996890990  -0.7720186499
0.5413829698  -0.5942903786  -0.7766551829
0.5367472726  -0.5889200957  -0.7812691625
0.5321337449  -0.5835781902  -0.7858607569
0.5275422424  -0.5782645858  -0.7904301375
0.5229726225  -0.5729791903  -0.7949774787
0.5184247432  -0.5677218960  -0.7995029574
0.5138984638  -0.5624925809  -0.8040067523
0.5093936446  -0.5572911088  -0.8084890432
0.5049101466  -0.5521173308  -0.8129500104
0.5004478319  -0.5469710852  -0.8173898338
0.4960065634  -0.5418521991  -0.8218086924
0.4915862051  -0.5367604892  -0.8262067634
0.4871866216  -0.5316957630  -0.8305842215
0.4828076787  -0.5266578200  -0.8349412381
0.4784492432  -0.5216464529  -0.8392779803
0.4741111824  -0.5166614467  -0.8435946081
0.4697933638  -0.5117025803  -0.8478912724
0.4654956565  -0.5067696328  -0.8521681176
0.4612179315  -0.5018623853  -0.8564252831
0.4569600617  -0.4969806189  -0.8606629009
0.4527219204  -0.4921241130  -0.8648810935
0.4485033820  -0.4872926469  -0.8690799720
0.4443043212  -0.4824860007  -0.8732596343
0.4401246130  -0.4777039520  -0.8774201597
0.4359641281  -0.4729462448  -0.8815615819
0.4318227304  -0.4682125999  -0.8856838751
0.4277002988  -0.4635028925  -0.8897870581
0.4235967522  -0.4588172117  -0.8938712964
0.4195120245  -0.4541555772  -0.8979368109
0.4154460181  -0.4495177835  -0.9019837552
0.4113986090  -0.4449035741  -0.9060122332
0.4073696765  -0.4403127649  -0.9100223472
0.4033591103  -0.4357452150  -0.9140142033
0.3993668047  -0.4312007956  -0.9179879066
0.3953926554  -0.4266793852  -0.9219435613
0.3914365588  -0.4221808682  -0.9258812701
0.3874984128  -0.4177051354  -0.9298011349
0.3835781161  -0.4132520832  -0.9337032562
0.3796755682  -0.4088216136  -0.9375877334
0.3757906699  -0.4044136333  -0.9414546648
0.3719233227  -0.4000280533  -0.9453041478
0.3680734292  -0.3956647885  -0.9491362786
0.3642408929  -0.3913237572  -0.9529511525
0.3604256181  -0.3870048802  -0.9567488638
0.3566275099  -0.3827080808  -0.9605295058
0.3528464745  -0.3784332834  -0.9642931711
0.3490824186  -0.3741804130  -0.9680399514
0.3453352501  -0.3699493938  -0.9717699375
0.3416048773  -0.3657401490  -0.9754832196
0.3378912095  -0.3615526012  -0.9791798873
0.3341941567  -0.3573866716  -0.9828600292
0.3305136297  -0.3532422798  -0.9865237336
0.3268495397  -0.3491193423  -0.9901710879
0.3232017990  -0.3450177719  -0.9938021793
0.3195703204  -0.3409374764  -0.9974170944
0.3159550173  -0.3368783538  -1.0010159192
0.3123558038  -0.3328402860  -1.0045987403
0.3087725948  -0.3288231518  -1.0081656437
0.3052053055  -0.3248268558  -1.0117167145
0.3016538516  -0.3208513314  -1.0152520362
0.2981181495  -0.3168965126  -1.0187716910
0.2945981160  -0.3129623208  -1.0222757605
0.2910936687  -0.3090486721  -1.0257643267
0.2876047260  -0.3051554829  -1.0292374708
0.2841312065  -0.3012826705  -1.0326952736
0.2806730293  -0.2974301523  -1.0361378154
0.2772301143  -0.2935978460  -1.0395651760
0.2738023817  -0.2897856694  -1.0429774347
0.2703897520  -0.2859935402  -1.0463746702
0.2669921466  -0.2822213656  -1.0497569610
0.2636094869  -0.2784690311  -1.0531243850
0.2602416950  -0.2747364472  -1.0564770197
0.2568886936  -0.2710235841  -1.0598149421
0.2535504057  -0.2673304060  -1.0631382286
0.2502267547  -0.2636568312  -1.0664469554
0.2469176643  -0.2600027683  -1.0697411981
0.2436230589  -0.2563681313  -1.0730210323
0.2403428630  -0.2527528336  -1.0762865330
0.2370770016  -0.2491567875  -1.0795377747
0.2338254000  -0.2455799049  -1.0827748318
0.2305879841  -0.2420220970  -1.0859977783
0.2273646799  -0.2384832748  -1.0892066876
0.2241554140  -0.2349633493  -1.0924016330
0.2209601130  -0.2314622315  -1.0955826875
0.2177787043  -0.2279798322  -1.0987499234
0.2146111152  -0.2245160629  -1.1019034130
0.2114572736  -0.2210708351  -1.1050432282
0.2083171078  -0.2176440608  -1.1081694404
0.2051905461  -0.2142356526  -1.1112821209
0.2020775174  -0.2108455235  -1.1143813405
0.1989779508  -0.2074735868  -1.1174671699
0.1958917757  -0.2041197568  -1.1205396792
0.1928189218  -0.2007839479  -1.1235989383
0.1897593192  -0.1974660753  -1.1266450170
0.1867128981  -0.1941660545  -1.1296779846
0.1836795892  -0.1908838015  -1.1326979101
0.1806593232  -0.1876192327  -1.1357048623
0.1776520315  -0.1843722646  -1.1386989097
0.1746576454  -0.1811428144  -1.1416801205
0.1716760965  -0.1779307989  -1.1446485625
0.1687073170  -0.1747361354  -1.1476043035
0.1657512401  -0.1715588696  -1.1505474271
0.1628078009  -0.1683990871  -1.1534780356
0.1598769307  -0.1652563971  -1.1563961840
0.1569585559  -0.1621303255  -1.1593018841
0.1540526082  -0.1590209435  -1.1621951830
0.1511590241  -0.1559283741  -1.1650761491
0.1482777392  -0.1528525483  -1.1679448430
0.1454086878  -0.1497933947  -1.1708013261
0.1425518048  -0.1467508396  -1.1736456608
0.1397070248  -0.1437248078  -1.1764779106
0.1368742832  -0.1407152217  -1.1792981403
0.1340535152  -0.1377220018  -1.1821064160
0.1312446564  -0.1347450662  -1.1849028051
0.1284476426  -0.1317843309  -1.1876873763
0.1256624097  -0.1288397097  -1.1904601999
0.1228888938  -0.1259111143  -1.1932213475
0.1201270312  -0.1229984542  -1.1959708922
0.1173767582  -0.1201016373  -1.1987089082
0.1146380114  -0.1172205694  -1.2014354713
0.1119107276  -0.1143551548  -1.2041506581
0.1091948435  -0.1115052962  -1.2068545466
0.1064902962  -0.1086708952  -1.2095472155
0.1037970228  -0.1058518519  -1.2122287443
0.1011149607  -0.1030480658  -1.2148992131
0.0984440472  -0.1002594353  -1.2175587023
0.0957842201  -0.0974858583  -1.2202072924
0.0931354170  -0.0947272323  -1.2228450639
0.0904975760  -0.0919834545  -1.2254720965
0.0878706352  -0.0892544221  -1.2280884695
0.0852545330  -0.0865400321  -1.2306942610
0.0826492077  -0.0838401819  -1.2332895475
0.0800545983  -0.0811547695  -1.2358744040
0.0774716306  -0.0784837781  -1.2384862683
0.0749008887  -0.0758271506  -1.2411437214
0.0723397522  -0.0731845600  -1.2437829787
0.0697874084  -0.0705558516  -1.2464205701
0.0672451230  -0.0679410477  -1.2490554084
0.0647128147  -0.0653400522  -1.2516862499
0.0621904077  -0.0627527701  -1.2543116946
0.0596778317  -0.0601791078  -1.2569301860
0.0571750228  -0.0576189728  -1.2595400114
0.0546819235  -0.0550722736  -1.2621393016
0.0521984831  -0.0525389196  -1.2647260310
0.0497246581  -0.0500188207  -1.2672980177
0.0472604125  -0.0475118875  -1.2698529233
0.0448057179  -0.0450180312  -1.2723882531
0.0423605538  -0.0425371629  -1.2749013562
0.0399249077  -0.0400691941  -1.2773894248
0.0374987753  -0.0376140361  -1.2798494954
0.0350821604  -0.0351715998  -1.2822784475
0.0326750752  -0.0327417962  -1.2846730045
0.0302775400  -0.0303245356  -1.2870297336
0.0278895830  -0.0279197279  -1.2893450452
0.0255112402  -0.0255272824  -1.2916151937
0.0231425551  -0.0231471078  -1.2938362768
0.0207835784  -0.0207791125  -1.2960042361
0.0184343671  -0.0184232043  -1.2981148567
0.0160949845  -0.0160792907  -1.3001637671
0.0137654987  -0.0137472792  -1.3021464399
0.0114459825  -0.0114270771  -1.3040581909
0.0091365120  -0.0091185922  -1.3058941797
0.0068371653  -0.0068217328  -1.3076494095
0.0045480217  -0.0045364080  -1.3093187270
0.0022691599  -0.0022625281  -1.3108968227
0.0022677770  -0.0022625191  -1.3108968227
