0.14507
1.3319028866  -1.8164826957   0.0000682952
1.3319028866  -1.8164826957   0.0000682952
1.3319116665  -1.8164960950   0.0000587666
1.3319108334  -1.8164773235   0.0000322043
1.3318948009  -1.8164169225  -0.0000118875
1.3318607429  -1.8163095720  -0.0000739983
1.3318075212  -1.8161532539  -0.0001546105
1.3317344610  -1.8159468484  -0.0002542001
1.3316410647  -1.8156895739  -0.0003732364
1.3315269150  -1.8153807990  -0.0005121822
1.3313916357  -1.8150199649  -0.0006714934
1.3312348733  -1.8146065499  -0.0008516195
1.3310562876  -1.8141400509  -0.0010530032
1.3308555466  -1.8136199735  -0.0012760806
1.3306323234  -1.8130458264  -0.0015212813
1.3303862944  -1.8124171176  -0.0017890279
1.3301171385  -1.8117333534  -0.0020797369
1.3298245361  -1.8109940365  -0.0023938176
1.3295081686  -1.8101986660  -0.0027316730
1.3291677185  -1.8093467371  -0.0030936993
1.3288028691  -1.8084377410  -0.0034802863
1.3284133042  -1.8074711655  -0.0038918168
1.3279987084  -1.8064464949  -0.0043286672
1.3275587670  -1.8053632111  -0.0047912073
1.3270931662  -1.8042207937  -0.0052798001
1.3266015930  -1.8030187212  -0.0057948019
1.3260837359  -1.8017564711  -0.0063365626
1.3255392839  -1.8004335209  -0.0069054254
1.3249679279  -1.7990493488  -0.0075017267
1.3243693599  -1.7976034346  -0.0081257963
1.3237432735  -1.7960952604  -0.0087779576
1.3230893643  -1.7945243115  -0.0094585270
1.3224073259  -1.7928894429  -0.0101688758
1.3216968640  -1.7911907243  -0.0109083497
1.3209576845  -1.7894284647  -0.0116768985
1.3201894849  -1.7876016999  -0.0124748015
1.3193919693  -1.7857097414  -0.0133023320
1.3185648471  -1.7837520597  -0.0141597712
1.3177078308  -1.7817281575  -0.0150473970
1.3168206362  -1.7796375585  -0.0159654853
1.3159029822  -1.7774798028  -0.0169143094
1.3149545916  -1.7752544454  -0.0178941400
1.3139751908  -1.7729610575  -0.0189052446
1.3129645103  -1.7705992270  -0.0199478869
1.3119222845  -1.7681685597  -0.0210223269
1.3108482523  -1.7656686797  -0.0221288204
1.3097421570  -1.7630992302  -0.0232676188
1.3086037466  -1.7604598748  -0.0244389689
1.3074327736  -1.7577502978  -0.0256431129
1.3062289959  -1.7549702048  -0.0268802880
1.3049921762  -1.7521193235  -0.0281507260
1.3037220825  -1.7491974045  -0.0294546532
1.3024184883  -1.7462042216  -0.0307922895
1.3010811687  -1.7431395698  -0.0321638493
1.2997099024  -1.7400032671  -0.0335695415
1.2983044771  -1.7367951608  -0.0350095693
1.2968646883  -1.7335151270  -0.0364841302
1.2953903379  -1.7301630691  -0.0379934157
1.2938812342  -1.7267389186  -0.0395376111
1.2923371921  -1.7232426346  -0.0411168957
1.2907580329  -1.7196742029  -0.0427314424
1.2891435848  -1.7160336364  -0.0443814175
1.2874936830  -1.7123209764  -0.0460669797
1.2858081689  -1.7085361363  -0.0477882801
1.2840868908  -1.7046791581  -0.0495454634
1.2823297042  -1.7007504821  -0.0513386678
1.2805364739  -1.6967504071  -0.0531680248
1.2787070708  -1.6926790041  -0.0550336599
1.2768413720  -1.6885364367  -0.0569356916
1.2749392607  -1.6843229342  -0.0588742320
1.2730006146  -1.6800387484  -0.0608493863
1.2710253162  -1.6756841580  -0.0628612521
1.2690132666  -1.6712594786  -0.0649099186
1.2669643771  -1.6667650553  -0.0669954672
1.2648785670  -1.6622012605  -0.0691179730
1.2627557632  -1.6575684936  -0.0712775047
1.2605959003  -1.6528671810  -0.0734741247
1.2583989202  -1.6480977758  -0.0757078890
1.2561647726  -1.6432607565  -0.0779788470
1.2538934142  -1.6383566266  -0.0802870419
1.2515848093  -1.6333859155  -0.0826325102
1.2492389291  -1.6283491791  -0.0850152818
1.2468557461  -1.6232469952  -0.0874353785
1.2444352150  -1.6180799462  -0.0898928139
1.2419772993  -1.6128486380  -0.0923875937
1.2394819914  -1.6075537151  -0.0949197160
1.2369492940  -1.6021958445  -0.0974891716
1.2343792169  -1.5967757143  -0.1000959442
1.2317717771  -1.5912940350  -0.1027400115
1.2291269989  -1.5857515402  -0.1054213494
1.2264449138  -1.5801489869  -0.1081399320
1.2237255594  -1.5744871573  -0.1108957269
1.2209689791  -1.5687668583  -0.1136886940
1.2181752066  -1.5629889091  -0.1165187863
1.2153442450  -1.5571541129  -0.1193859508
1.2124761146  -1.5512632828  -0.1222901288
1.2095708754  -1.5453172807  -0.1252312582
1.2066285963  -1.5393170084  -0.1282092772
1.2036493530  -1.5332633879  -0.1312241257
1.2006332269  -1.5271573546  -0.1342757422
1.1975803045  -1.5209998642  -0.1373640626
1.1944906770  -1.5147919149  -0.1404890213
1.1913644404  -1.5085345561  -0.1436505517
1.1882016498  -1.5022287450  -0.1468485860
1.1850023312  -1.4958752079  -0.1500830564
1.1817665549  -1.4894746286  -0.1533538951
1.1784944264  -1.4830279387  -0.1566610326
1.1751860568  -1.4765363234  -0.1600043966
1.1718415627  -1.4700010403  -0.1633839126
1.1684610649  -1.4634233228  -0.1667995038
1.1650446872  -1.4568043776  -0.1702510868
1.1615925560  -1.4501453914  -0.1737385734
1.1581048022  -1.4434475612  -0.1772618835
1.1545815282  -1.4367120457  -0.1808209521
1.1510227920  -1.4299399036  -0.1844157261
1.1474286359  -1.4231321352  -0.1880461617
1.1437990955  -1.4162897091  -0.1917122144
1.1401341971  -1.4094135616  -0.1954138219
1.1364339583  -1.4025045981  -0.1991508980
1.1326983902  -1.3955636954  -0.2029233346
1.1289275665  -1.3885917868  -0.2067310044
1.1251217278  -1.3815899988  -0.2105737657
1.1212810553  -1.3745593727  -0.2144514796
1.1174055593  -1.3675007171  -0.2183640185
1.1134952336  -1.3604148005  -0.2223112549
1.1095500633  -1.3533023728  -0.2262930558
1.1055700267  -1.3461641780  -0.2303092884
1.1015550978  -1.3390009558  -0.2343598218
1.0975053345  -1.3318135457  -0.2384445247
1.0934209727  -1.3246029997  -0.2425632617
1.0893022432  -1.3173703543  -0.2467158920
1.0851492815  -1.3101165202  -0.2509022699
1.0809622255  -1.3028424087  -0.2551222450
1.0767412154  -1.2955489257  -0.2593756471
1.0724863932  -1.2882369836  -0.2636622871
1.0681979304  -1.2809075780  -0.2679820400
1.0638760509  -1.2735618146  -0.2723348867
1.0595209671  -1.2662007939  -0.2767207889
1.0551328323  -1.2588255600  -0.2811395901
1.0507117807  -1.2514371286  -0.2855910694
1.0462579625  -1.2440364973  -0.2900750052
1.0417715133  -1.2366246452  -0.2945911789
1.0372523157  -1.2292023557  -0.2991393672
1.0327004647  -1.2217706260  -0.3037193433
1.0281166199  -1.2143309697  -0.3083308791
1.0235016035  -1.2068850648  -0.3129737430
1.0188562906  -1.1994346469  -0.3176477027
1.0141815632  -1.1919814745  -0.3223525276
1.0094778668  -1.1845269466  -0.3270879881
1.0047450320  -1.1770718107  -0.3318538563
0.9999826643  -1.1696164726  -0.3366499029
0.9951903137  -1.1621612545  -0.3414758969
0.9903674689  -1.1547064052  -0.3463316074
0.9855138170  -1.1472524053  -0.3512168012
0.9806297923  -1.1398005831  -0.3561312614
0.9757159632  -1.1323523846  -0.3610746861
0.9707724727  -1.1249087514  -0.3660465567
0.9657994605  -1.1174705693  -0.3710464409
0.9607971935  -1.1100387691  -0.3760742104
0.9557660361  -1.1026144289  -0.3811297569
0.9507062701  -1.0951985637  -0.3862128669
0.9456180616  -1.0877919831  -0.3913232659
0.9405015497  -1.0803954226  -0.3964605637
0.9353568884  -1.0730096502  -0.4016241452
0.9301842147  -1.0656354192  -0.4068128503
0.9249827468  -1.0582730289  -0.4120210701
0.9197521796  -1.0509228407  -0.4172467284
0.9144963606  -1.0435866975  -0.4225025488
0.9092196857  -1.0362672767  -0.4278001498
0.9039212122  -1.0289658773  -0.4331393528
0.8985977711  -1.0216823794  -0.4385175510
0.8932481818  -1.0144166794  -0.4439333254
0.8878725286  -1.0071689385  -0.4493853421
0.8824709561  -0.9999391197  -0.4548721746
0.8770435780  -0.9927270151  -0.4603923081
0.8715906420  -0.9855325515  -0.4659441329
0.8661123593  -0.9783554901  -0.4715259407
0.8606088486  -0.9711953447  -0.4771359299
0.8550803681  -0.9640517855  -0.4827722091
0.8495271545  -0.9569243403  -0.4884328103
0.8439494638  -0.9498124713  -0.4941157109
0.8383475446  -0.9427156203  -0.4998188510
0.8327214219  -0.9356328912  -0.5055401420
0.8270712787  -0.9285635455  -0.5112774760
0.8213974236  -0.9215069261  -0.5170287310
0.8157000461  -0.9144622346  -0.5227917619
0.8099803311  -0.9074296625  -0.5285643955
0.8042325802  -0.9004025184  -0.5343444471
0.7984471818  -0.8933702158  -0.5401297332
0.7926308041  -0.8863386453  -0.5459180695
0.7867915557  -0.8793152415  -0.5517072705
0.7809274737  -0.8722971916  -0.5574951577
0.7750366397  -0.8652817172  -0.5632795705
0.7691154518  -0.8582644285  -0.5690583738
0.7631572807  -0.8512380393  -0.5748294640
0.7571488482  -0.8441888236  -0.5805907775
0.7510582297  -0.8370846169  -0.5863403353
0.7446206025  -0.8296628939  -0.5920762568
0.7381577908  -0.8222513554  -0.5977965787
0.7322344017  -0.8154099739  -0.6034991181
0.7266295618  -0.8089061381  -0.6091816995
0.7210825537  -0.8024741467  -0.6148423919
0.7155623981  -0.7960807823  -0.6204794500
0.7100684941  -0.7897238183  -0.6260912082
0.7046006501  -0.7834017825  -0.6316760764
0.6991586870  -0.7771133370  -0.6372325578
0.6937424480  -0.7708572607  -0.6427592538
0.6883517971  -0.7646324492  -0.6482548680
0.6829866196  -0.7584379124  -0.6537182150
0.6776468205  -0.7522727733  -0.6591482242
0.6723323225  -0.7461362670  -0.6645439430
0.6670430648  -0.7400277373  -0.6699045430
0.6617790014  -0.7339466338  -0.6752293244
0.6565401013  -0.7278925084  -0.6805177262
0.6513263470  -0.7218650093  -0.6857693311
0.6461377303  -0.7158638763  -0.6909838654
0.6409742505  -0.7098889347  -0.6961612053
0.6358359090  -0.7039400890  -0.7013013652
0.6307227350  -0.6980173201  -0.7064046190
0.6256348407  -0.6921206833  -0.7114716911
0.6205723417  -0.6862502997  -0.7165034945
0.6155352225  -0.6804063420  -0.7215008691
0.6105234158  -0.6745890203  -0.7264648236
0.6055369226  -0.6687985784  -0.7313966757
0.6005757879  -0.6630352937  -0.7362980422
0.5956400813  -0.6572994750  -0.7411709377
0.5907299329  -0.6515914648  -0.7460179625
0.5858456269  -0.6459116851  -0.7508427840
0.5809886682  -0.6402606978  -0.7556549559
0.5761602458  -0.6346390260  -0.7604622994
0.5713565515  -0.6290467435  -0.7652567376
0.5665721121  -0.6234834626  -0.7700276084
0.5618066679  -0.6179488149  -0.7747739189
0.5570627054  -0.6124426948  -0.7794970448
0.5523412257  -0.6069651048  -0.7841973072
0.5476421930  -0.6015160263  -0.7888748670
0.5429654623  -0.5960954155  -0.7935298871
0.5383108889  -0.5907032117  -0.7981625348
0.5336783295  -0.5853393375  -0.8027729804
0.5290676420  -0.5800036996  -0.8073613975
0.5244786852  -0.5746961897  -0.8119279619
0.5199113193  -0.5694166847  -0.8164728513
0.5153654051  -0.5641650481  -0.8209962443
0.5108408047  -0.5589411301  -0.8254983203
0.5063373810  -0.5537447688  -0.8299792581
0.5018549976  -0.5485757912  -0.8344392357
0.4973935193  -0.5434340137  -0.8388784293
0.4929528117  -0.5383192436  -0.8432970124
0.4885327415  -0.5332312803  -0.8476951554
0.4841331763  -0.5281699164  -0.8520730247
0.4797539843  -0.5231349372  -0.8564307794
0.4753950341  -0.5181261218  -0.8607685699
0.4710561954  -0.5131432488  -0.8650865395
0.4667373402  -0.5081860991  -0.8693848264
0.4624383420  -0.5032544538  -0.8736635618
0.4581590755  -0.4983480925  -0.8779228675
0.4538994158  -0.4934667949  -0.8821628538
0.4496592384  -0.4886103414  -0.8863836179
0.4454384195  -0.4837785105  -0.8905852389
0.4412368307  -0.4789710491  -0.8947677506
0.4370543368  -0.4741876806  -0.8989311273
0.4328908170  -0.4694282748  -0.9030753854
0.4287461912  -0.4646929106  -0.9072006866
0.4246203943  -0.4599816064  -0.9113072505
0.4205133309  -0.4552941623  -0.9153952311
0.4164248782  -0.4506303244  -0.9194647317
0.4123549160  -0.4459899087  -0.9235158533
0.4083033352  -0.4413727747  -0.9275487009
0.4042700311  -0.4367787947  -0.9315633786
0.4002549002  -0.4322078479  -0.9355599894
0.3962578403  -0.4276598198  -0.9395386352
0.3922787501  -0.4231346026  -0.9434994165
0.3883175296  -0.4186320940  -0.9474424329
0.3843740793  -0.4141521973  -0.9513677826
0.3804483012  -0.4096948211  -0.9552755630
0.3765400978  -0.4052598781  -0.9591658701
0.3726493729  -0.4008472851  -0.9630387992
0.3687760310  -0.3964569622  -0.9668944444
0.3649199775  -0.3920888325  -0.9707328989
0.3610811188  -0.3877428213  -0.9745542549
0.3572593621  -0.3834188554  -0.9783586039
0.3534546152  -0.3791168622  -0.9821460364
0.3496667871  -0.3748367683  -0.9859166421
0.3458957874  -0.3705784992  -0.9896705102
0.3421415263  -0.3663419799  -0.9934077289
0.3384039151  -0.3621271342  -0.9971283859
0.3346828655  -0.3579338839  -1.0008325683
0.3309782901  -0.3537621480  -1.0045203624
0.3272901021  -0.3496118417  -1.0081918542
0.3236182156  -0.3454828753  -1.0118471292
0.3199625449  -0.3413751490  -1.0154862725
0.3163230055  -0.3372885468  -1.0191093692
0.3126995131  -0.3332229491  -1.0227165044
0.3090919843  -0.3291782623  -1.0263077623
0.3055003358  -0.3251544219  -1.0298832251
0.3019244849  -0.3211513652  -1.0334429739
0.2983643497  -0.3171690161  -1.0369870894
0.2948198489  -0.3132072933  -1.0405156522
0.2912909018  -0.3092661158  -1.0440287427
0.2877774282  -0.3053454033  -1.0475264406
0.2842793483  -0.3014450757  -1.0510088251
0.2807965830  -0.2975650532  -1.0544759749
0.2773290535  -0.2937052561  -1.0579279682
0.2738766815  -0.2898656047  -1.0613648829
0.2704393892  -0.2860460080  -1.0647867963
0.2670170992  -0.2822463527  -1.0681937854
0.2636097346  -0.2784665513  -1.0715859266
0.2602172191  -0.2747065788  -1.0749632959
0.2568394766  -0.2709664043  -1.0783259688
0.2534764316  -0.2672459484  -1.0816740204
0.2501280087  -0.2635451218  -1.0850075254
0.2467941333  -0.2598638408  -1.0883265585
0.2434747309  -0.2562020209  -1.0916311936
0.2401697274  -0.2525595765  -1.0949215045
0.2368790490  -0.2489364215  -1.0981975646
0.2336026225  -0.2453324694  -1.1014594468
0.2303403749  -0.2417476330  -1.1047072240
0.2270922335  -0.2381818252  -1.1079409683
0.2238581260  -0.2346349590  -1.1111607519
0.2206379805  -0.2311069473  -1.1143666464
0.2174317253  -0.2275977033  -1.1175587232
0.2142392891  -0.2241071404  -1.1207370533
0.2110606008  -0.2206351727  -1.1239017075
0.2078955897  -0.2171817145  -1.1270527560
0.2047441855  -0.2137466806  -1.1301902691
0.2016063181  -0.2103299865  -1.1333143166
0.1984819175  -0.2069315481  -1.1364249678
0.1953709143  -0.2035512819  -1.1395222921
0.1922732392  -0.2001891047  -1.1426063584
0.1891888233  -0.1968449342  -1.1456772352
0.1861175978  -0.1935186880  -1.1487349911
0.1830594942  -0.1902102844  -1.1517796940
0.1800144445  -0.1869196420  -1.1548114119
0.1769823807  -0.1836466793  -1.1578302122
0.1739632350  -0.1803913154  -1.1608361623
0.1709569402  -0.1771534691  -1.1638293292
0.1679634303  -0.1739331941  -1.1668097964
0.1649826409  -0.1707305862  -1.1697776667
0.1620145038  -0.1675452411  -1.1727329942
0.1590589459  -0.1643766670  -1.1756757886
0.1561158991  -0.1612249441  -1.1786060958
0.1531853007  -0.1580902071  -1.1815239840
0.1502670867  -0.1549723893  -1.1844295131
0.1473611922  -0.1518714212  -1.1873227437
0.1444675523  -0.1487872311  -1.1902037379
0.1415861023  -0.1457197454  -1.1930725587
0.1387167777  -0.1426688883  -1.1959292704
0.1358595145  -0.1396345817  -1.1987739387
0.1330142486  -0.1366167450  -1.2016066308
0.1301809161  -0.1336152955  -1.2044274152
0.1273594534  -0.1306301479  -1.2072363620
0.1245497968  -0.1276612147  -1.2100335427
0.1217518829  -0.1247084064  -1.2128190302
0.1189656486  -0.1217716312  -1.2155928990
0.1161910306  -0.1188507955  -1.2183552248
0.1134279659  -0.1159458039  -1.2211060844
0.1106763916  -0.1130565592  -1.2238455559
0.1079362450  -0.1101829631  -1.2265737183
0.1052074633  -0.1073249157  -1.2292906514
0.1024899841  -0.1044823163  -1.2319964356
0.0997837451  -0.1016550631  -1.2346911517
0.0970886839  -0.0988430537  -1.2373748806
0.0944047385  -0.0960461853  -1.2400477030
0.0917318471  -0.0932643546  -1.2427096992
0.0890699477  -0.0904974582  -1.2453609489
0.0864189789  -0.0877453928  -1.2480015305
0.0837788791  -0.0850080550  -1.2506315209
0.0811495872  -0.0822853424  -1.2532509955
0.0785320573  -0.0795772422  -1.2558979119
0.0759268918  -0.0768836990  -1.2585911088
0.0733313972  -0.0742043728  -1.2612659134
0.0707447396  -0.0715391054  -1.2639390846
0.0681682225  -0.0688879249  -1.2666095191
0.0656017640  -0.0662507347  -1.2692759551
0.0630452875  -0.0636274392  -1.2719369721
0.0604987227  -0.0610179445  -1.2745909910
0.0579620052  -0.0584221575  -1.2772362742
0.0554350776  -0.0558399862  -1.2798709257
0.0529178893  -0.0532713394  -1.2824928907
0.0504103972  -0.0507161268  -1.2850999559
0.0479125658  -0.0481742585  -1.2876897494
0.0454243672  -0.0456456450  -1.2902597409
0.0429457819  -0.0431301971  -1.2928072414
0.0404767985  -0.0406278256  -1.2953294033
0.0380174140  -0.0381384410  -1.2978232205
0.0355676339  -0.0356619540  -1.3002855283
0.0331274719  -0.0331982745  -1.3027130035
0.0306969502  -0.0307473121  -1.3051021642
0.0282760993  -0.0283089757  -1.3074493702
0.0258649574  -0.0258831738  -1.3097508225
0.0234635707  -0.0234698142  -1.3120025634
0.0210719925  -0.0210688039  -1.3142004771
0.0186902827  -0.0186800496  -1.3163402888
0.0163185075  -0.0163034577  -1.3184175654
0.0139567383  -0.0139389341  -1.3204277150
0.0116050512  -0.0115863851  -1.3223659874
0.0092635255  -0.0092457169  -1.3242274735
0.0069322428  -0.0069168364  -1.3260071061
0.0046112858  -0.0045996514  -1.3276996590
0.0023007365  -0.0022940708  -1.3292997476
0.0022993148  -0.0022940616  -1.3292997476
