0.195775
0.7566219265  -1.0405860537   0.0000358537
0.7566219265  -1.0405860537   0.0000358537
0.7566283958  -1.0406004437   0.0000331425
0.7566306355  -1.0406050623   0.0000227448
0.7566253818  -1.0405926763   0.0000044588
0.7566118358  -1.0405615614  -0.0000219163
0.7565896397  -1.0405109428  -0.0000565806
0.7565585611  -1.0404403160  -0.0000997333
0.7565184143  -1.0403492764  -0.0001515729
0.7564690336  -1.0402374629  -0.0002122968
0.7564102628  -1.0401045349  -0.0002821018
0.7563419500  -1.0399501623  -0.0003611838
0.7562639457  -1.0397740198  -0.0004497379
0.7561761008  -1.0395757847  -0.0005479584
0.7560782665  -1.0393551352  -0.0006560387
0.7559702933  -1.0391117492  -0.0007741714
0.7558520311  -1.0388453043  -0.0009025483
0.7557233290  -1.0385554771  -0.0010413603
0.7555840348  -1.0382419431  -0.0011907976
0.7554339954  -1.0379043767  -0.0013510493
0.7552730563  -1.0375424511  -0.0015223041
0.7551010620  -1.0371558382  -0.0017047496
0.7549178557  -1.0367442091  -0.0018985725
0.7547232793  -1.0363072333  -0.0021039589
0.7545171736  -1.0358445795  -0.0023210938
0.7542993780  -1.0353559157  -0.0025501617
0.7540697306  -1.0348409086  -0.0027913461
0.7538280683  -1.0342992244  -0.0030448295
0.7535742269  -1.0337305286  -0.0033107939
0.7533080407  -1.0331344860  -0.0035894204
0.7530293431  -1.0325107614  -0.0038808890
0.7527379660  -1.0318590189  -0.0041853791
0.7524337415  -1.0311788937  -0.0045035975
0.7521164987  -1.0304700734  -0.0048352292
0.7517860644  -1.0297322629  -0.0051802574
0.7514422661  -1.0289651091  -0.0055388738
0.7510849306  -1.0281682645  -0.0059112593
0.7507138834  -1.0273413916  -0.0062975894
0.7503289487  -1.0264841552  -0.0066980408
0.7499299498  -1.0255962212  -0.0071127914
0.7495167089  -1.0246772570  -0.0075420203
0.7490890474  -1.0237269313  -0.0079859075
0.7486467853  -1.0227449140  -0.0084446338
0.7481897418  -1.0217308764  -0.0089183812
0.7477177349  -1.0206844917  -0.0094073327
0.7472305816  -1.0196054349  -0.0099116724
0.7467280982  -1.0184933831  -0.0104315851
0.7462100998  -1.0173480155  -0.0109672567
0.7456764008  -1.0161690142  -0.0115188737
0.7451268147  -1.0149560636  -0.0120866233
0.7445611540  -1.0137088511  -0.0126706935
0.7439792311  -1.0124270677  -0.0132712732
0.7433808588  -1.0111104090  -0.0138885517
0.7427658497  -1.0097585747  -0.0145227186
0.7421340166  -1.0083712687  -0.0151739639
0.7414851717  -1.0069481995  -0.0158424778
0.7408191274  -1.0054890802  -0.0165284513
0.7401356961  -1.0039936288  -0.0172320755
0.7394346885  -1.0024615669  -0.0179535425
0.7387159129  -1.0008926192  -0.0186930446
0.7379791762  -0.9992865138  -0.0194507739
0.7372242839  -0.9976429840  -0.0202269226
0.7364510412  -0.9959617677  -0.0210216826
0.7356592520  -0.9942426027  -0.0218352460
0.7348487218  -0.9924852375  -0.0226678050
0.7340192597  -0.9906894451  -0.0235195518
0.7331706781  -0.9888550019  -0.0243906785
0.7323027903  -0.9869816821  -0.0252813771
0.7314154114  -0.9850692701  -0.0261918399
0.7305083563  -0.9831175598  -0.0271222588
0.7295814361  -0.9811263484  -0.0280728253
0.7286344557  -0.9790954347  -0.0290437289
0.7276672182  -0.9770246226  -0.0300351590
0.7266795255  -0.9749137228  -0.0310473048
0.7256711819  -0.9727625560  -0.0320803559
0.7246419994  -0.9705709586  -0.0331345015
0.7235917946  -0.9683387802  -0.0342099292
0.7225203847  -0.9660658794  -0.0353068254
0.7214275880  -0.9637521239  -0.0364253758
0.7203132187  -0.9613973864  -0.0375657650
0.7191770913  -0.9590015484  -0.0387281768
0.7180190265  -0.9565645058  -0.0399127938
0.7168388474  -0.9540861667  -0.0411197968
0.7156363777  -0.9515664483  -0.0423493651
0.7144114370  -0.9490052736  -0.0436016777
0.7131638411  -0.9464025705  -0.0448769137
0.7118934054  -0.9437582759  -0.0461752498
0.7105999495  -0.9410723410  -0.0474968597
0.7092833030  -0.9383447362  -0.0488419145
0.7079433030  -0.9355754495  -0.0502105854
0.7065797898  -0.9327644809  -0.0516030434
0.7051925984  -0.9299118359  -0.0530194562
0.7037815545  -0.9270175208  -0.0544599879
0.7023464808  -0.9240815487  -0.0559247999
0.7008872086  -0.9211039506  -0.0574140525
0.6994035795  -0.9180847782  -0.0589279038
0.6978954382  -0.9150240967  -0.0604665111
0.6963626270  -0.9119219794  -0.0620300300
0.6948049919  -0.9087785139  -0.0636186131
0.6932223930  -0.9055938122  -0.0652324101
0.6916147003  -0.9023680078  -0.0668715672
0.6899817718  -0.8991012338  -0.0685362268
0.6883234406  -0.8957936023  -0.0702265293
0.6866395335  -0.8924452163  -0.0719426141
0.6849299070  -0.8890562164  -0.0736846176
0.6831944567  -0.8856268051  -0.0754526710
0.6814330833  -0.8821572150  -0.0772469030
0.6796456606  -0.8786476654  -0.0790674410
0.6778320435  -0.8750983636  -0.0809144078
0.6759920980  -0.8715095363  -0.0827879191
0.6741257064  -0.8678814347  -0.0846880891
0.6722327579  -0.8642143234  -0.0866150321
0.6703131444  -0.8605084786  -0.0885688582
0.6683667470  -0.8567641728  -0.0905496712
0.6663934320  -0.8529816712  -0.0925575709
0.6643930972  -0.8491612785  -0.0945926538
0.6623656975  -0.8453033639  -0.0966550131
0.6603111835  -0.8414083013  -0.0987447381
0.6582294390  -0.8374764033  -0.1008619140
0.6561203144  -0.8335079539  -0.1030066215
0.6539837260  -0.8295033119  -0.1051789375
0.6518196736  -0.8254629290  -0.1073789346
0.6496281307  -0.8213872389  -0.1096066797
0.6474089739  -0.8172765821  -0.1118622332
0.6451620768  -0.8131313016  -0.1141456509
0.6428873786  -0.8089518152  -0.1164569873
0.6405848258  -0.8047385557  -0.1187962926
0.6382543800  -0.8004919782  -0.1211636110
0.6358960497  -0.7962125900  -0.1235589812
0.6335098217  -0.7919008845  -0.1259824346
0.6310956546  -0.7875573310  -0.1284339948
0.6286535196  -0.7831824150  -0.1309136794
0.6261833603  -0.7787765923  -0.1334214927
0.6236851264  -0.7743403369  -0.1359574309
0.6211588560  -0.7698742755  -0.1385215185
0.6186046063  -0.7653791010  -0.1411138213
0.6160223361  -0.7608553411  -0.1437343896
0.6134119851  -0.7563034143  -0.1463832148
0.6107736129  -0.7517238612  -0.1490602496
0.6081073072  -0.7471173014  -0.1517654391
0.6054129918  -0.7424842184  -0.1544987261
0.6026905858  -0.7378250993  -0.1572600485
0.5999402441  -0.7331406739  -0.1600493416
0.5971621216  -0.7284316801  -0.1628665312
0.5943562005  -0.7236986860  -0.1657115313
0.5915224879  -0.7189422840  -0.1685842553
0.5886610603  -0.7141631381  -0.1714846142
0.5857720011  -0.7093619221  -0.1744125092
0.5828554104  -0.7045393308  -0.1773678329
0.5799113744  -0.6996960430  -0.1803504723
0.5769399734  -0.6948327297  -0.1833603094
0.5739413267  -0.6899501032  -0.1863972189
0.5709155674  -0.6850488888  -0.1894610657
0.5678628308  -0.6801298101  -0.1925517031
0.5647832041  -0.6751935396  -0.1956689723
0.5616767235  -0.6702407006  -0.1988127015
0.5585435797  -0.6652720641  -0.2019827007
0.5553840232  -0.6602884610  -0.2051787527
0.5521982176  -0.6552906350  -0.2084006027
0.5489863292  -0.6502793280  -0.2116479354
0.5457485241  -0.6452552883  -0.2149203389
0.5424848772  -0.6402191838  -0.2182172295
0.5391955087  -0.6351717618  -0.2215376764
0.5358805863  -0.6301139110  -0.2248800155
0.5325398602  -0.6250464755  -0.2282399849
0.5291735265  -0.6199700955  -0.2316172786
0.5257835677  -0.6148848413  -0.2350225343
0.5223720095  -0.6097909208  -0.2384653830
0.5189385898  -0.6046895006  -0.2419464710
0.5154819955  -0.5995820123  -0.2454636545
0.5120016519  -0.5944694913  -0.2490153516
0.5084976598  -0.5893527670  -0.2526001977
0.5049702506  -0.5842325986  -0.2562167371
0.5014197038  -0.5791097642  -0.2598634192
0.4978464530  -0.5739851714  -0.2635386020
0.4942505006  -0.5688592674  -0.2672405641
0.4906319938  -0.5637326152  -0.2709675135
0.4869914593  -0.5586061351  -0.2747175931
0.4833291698  -0.5534804696  -0.2784888870
0.4796453586  -0.5483561961  -0.2822794273
0.4759403079  -0.5432339167  -0.2860872012
0.4722143501  -0.5381142612  -0.2899101584
0.4684677457  -0.5329977651  -0.2937462171
0.4647007251  -0.5278849135  -0.2975932700
0.4609135148  -0.5227761694  -0.3014491904
0.4571062250  -0.5176718626  -0.3053118401
0.4532788356  -0.5125721779  -0.3091790773
0.4494311610  -0.5074771233  -0.3130487606
0.4455627223  -0.5023864071  -0.3169187519
0.4416725813  -0.4972992766  -0.3207869243
0.4377590629  -0.4922142581  -0.3246511688
0.4338191315  -0.4871285353  -0.3285094008
0.4298475324  -0.4820371223  -0.3323595675
0.4258343262  -0.4769304487  -0.3361996554
0.4217592515  -0.4717888069  -0.3400276960
0.4175798961  -0.4665707762  -0.3438417853
0.4131440862  -0.4611268900  -0.3476400832
0.4087338221  -0.4557419226  -0.3514207438
0.4047604505  -0.4508235353  -0.3551818740
0.4010790072  -0.4462199926  -0.3589216269
0.3974805032  -0.4417194113  -0.3626382975
0.3939112226  -0.4372673082  -0.3663303101
0.3903694515  -0.4328614388  -0.3699961792
0.3868547620  -0.4285008464  -0.3736345043
0.3833668693  -0.4241847265  -0.3772439780
0.3799055008  -0.4199123001  -0.3808233887
0.3764703968  -0.4156828135  -0.3843716314
0.3730613102  -0.4114955374  -0.3878877168
0.3696780041  -0.4073497665  -0.3913707655
0.3663202499  -0.4032448189  -0.3948200124
0.3629878280  -0.3991800351  -0.3982348174
0.3596805272  -0.3951547768  -0.4016146683
0.3563981427  -0.3911684266  -0.4049591832
0.3531404759  -0.3872203867  -0.4082681161
0.3499073335  -0.3833100780  -0.4115413629
0.3466985265  -0.3794369395  -0.4147789655
0.3435138702  -0.3756004271  -0.4179811191
0.3403531831  -0.3718000126  -0.4211481800
0.3372162874  -0.3680351831  -0.4242806757
0.3341030080  -0.3643054400  -0.4273793176
0.3310131736  -0.3606102978  -0.4304450190
0.3279466171  -0.3569492836  -0.4334789228
0.3249031787  -0.3533219360  -0.4364824456
0.3218827101  -0.3497278038  -0.4394573502
0.3188850842  -0.3461664448  -0.4424058816
0.3159102191  -0.3426374230  -0.4453310564
0.3129581299  -0.3391403038  -0.4482372755
0.3100291631  -0.3356746290  -0.4511328396
0.3071233447  -0.3322399999  -0.4540233432
0.3042390193  -0.3288362213  -0.4569022861
0.3013740920  -0.3254631048  -0.4597610761
0.2985282337  -0.3221202130  -0.4625981718
0.2957021366  -0.3188070050  -0.4654145661
0.2928960828  -0.3155230228  -0.4682107601
0.2901099486  -0.3122678723  -0.4709869785
0.2873435261  -0.3090411765  -0.4737434393
0.2845966076  -0.3058425638  -0.4764803597
0.2818689883  -0.3026716686  -0.4791979558
0.2791604660  -0.2995281304  -0.4818964430
0.2764708412  -0.2964115941  -0.4845760354
0.2737999169  -0.2933217099  -0.4872369458
0.2711474991  -0.2902581333  -0.4898793850
0.2685133959  -0.2872205247  -0.4925035621
0.2658974181  -0.2842085498  -0.4951096837
0.2632993790  -0.2812218793  -0.4976979539
0.2607190943  -0.2782601890  -0.5002685740
0.2581563820  -0.2753231595  -0.5028217421
0.2556110626  -0.2724104764  -0.5053576529
0.2530829588  -0.2695218303  -0.5078764975
0.2505718956  -0.2666569165  -0.5103784627
0.2480777004  -0.2638154351  -0.5128637315
0.2456002027  -0.2609970912  -0.5153324820
0.2431392341  -0.2582015942  -0.5177848875
0.2406946286  -0.2554286586  -0.5202211157
0.2382662221  -0.2526780031  -0.5226413288
0.2358538527  -0.2499493509  -0.5250456818
0.2334573603  -0.2472424292  -0.5274343220
0.2310765867  -0.2445569686  -0.5298073851
0.2287113748  -0.2418927005  -0.5321649877
0.2263615688  -0.2392493601  -0.5345072275
0.2240270177  -0.2366267023  -0.5368342201
0.2217075781  -0.2340245058  -0.5391461316
0.2194031105  -0.2314425485  -0.5414431478
0.2171134725  -0.2288805905  -0.5437254315
0.2148385189  -0.2263383865  -0.5459931249
0.2125781064  -0.2238156996  -0.5482463660
0.2103320950  -0.2213123010  -0.5504852924
0.2081003471  -0.2188279668  -0.5527100407
0.2058827269  -0.2163624772  -0.5549207456
0.2036791003  -0.2139156157  -0.5571175400
0.2014893350  -0.2114871693  -0.5593005553
0.1993133004  -0.2090769285  -0.5614699210
0.1971508674  -0.2066846870  -0.5636257650
0.1950019085  -0.2043102418  -0.5657682138
0.1928662980  -0.2019533931  -0.5678973920
0.1907439116  -0.1996139442  -0.5700134229
0.1886346264  -0.1972917012  -0.5721164279
0.1865383214  -0.1949864734  -0.5742065273
0.1844548768  -0.1926980729  -0.5762838396
0.1823841744  -0.1904263145  -0.5783484821
0.1803260972  -0.1881710158  -0.5804005703
0.1782805300  -0.1859319971  -0.5824402187
0.1762473588  -0.1837090812  -0.5844675401
0.1742264710  -0.1815020936  -0.5864826461
0.1722177554  -0.1793108621  -0.5884856468
0.1702211020  -0.1771352170  -0.5904766513
0.1682364023  -0.1749749911  -0.5924557672
0.1662635490  -0.1728300191  -0.5944231008
0.1643024361  -0.1707001382  -0.5963787572
0.1623529589  -0.1685851876  -0.5983228405
0.1604150139  -0.1664850084  -0.6002554535
0.1584884989  -0.1643994439  -0.6021766979
0.1565733127  -0.1623283404  -0.6040866742
0.1546693556  -0.1602715467  -0.6059854813
0.1527765287  -0.1582289141  -0.6078732172
0.1508947345  -0.1562002954  -0.6097499785
0.1490238766  -0.1541855455  -0.6116158609
0.1471638598  -0.1521845211  -0.6134709589
0.1453145897  -0.1501970811  -0.6153153660
0.1434759733  -0.1482230861  -0.6171491745
0.1416479187  -0.1462623989  -0.6189724759
0.1398303347  -0.1443148840  -0.6207853603
0.1380231315  -0.1423804077  -0.6225879171
0.1362262201  -0.1404588383  -0.6243802345
0.1344395127  -0.1385500456  -0.6261623996
0.1326629224  -0.1366539009  -0.6279344988
0.1308963632  -0.1347702776  -0.6296966173
0.1291397502  -0.1328990515  -0.6314488395
0.1273929994  -0.1310400997  -0.6331912486
0.1256560278  -0.1291933009  -0.6349239272
0.1239287532  -0.1273585349  -0.6366469566
0.1222110944  -0.1255356833  -0.6383604176
0.1205029712  -0.1237246292  -0.6400643898
0.1188043042  -0.1219252572  -0.6417589521
0.1171150147  -0.1201374535  -0.6434441824
0.1154350252  -0.1183611058  -0.6451201578
0.1137642588  -0.1165961029  -0.6467869546
0.1121026396  -0.1148423356  -0.6484446483
0.1104500924  -0.1130996957  -0.6500933133
0.1088065429  -0.1113680764  -0.6517330236
0.1071719176  -0.1096473726  -0.6533638520
0.1055461439  -0.1079374801  -0.6549858709
0.1039291497  -0.1062382963  -0.6565991515
0.1023208639  -0.1045497199  -0.6582037646
0.1007212162  -0.1028716508  -0.6597997800
0.0991301369  -0.1012039902  -0.6613872669
0.0975475572  -0.0995466406  -0.6629662937
0.0959734089  -0.0978995056  -0.6645369280
0.0944076246  -0.0962624901  -0.6660992368
0.0928501376  -0.0946355002  -0.6676532863
0.0913008819  -0.0930184431  -0.6691991421
0.0897597921  -0.0914112273  -0.6707368689
0.0882268038  -0.0898137621  -0.6722665310
0.0867018529  -0.0882259583  -0.6737881919
0.0851848763  -0.0866477275  -0.6753019143
0.0836758112  -0.0850789827  -0.6768077604
0.0821745959  -0.0835196390  -0.6783057956
0.0806811693  -0.0819696136  -0.6797960889
0.0791954706  -0.0804288188  -0.6812786978
0.0777174392  -0.0788971668  -0.6827536692
0.0762470155  -0.0773745771  -0.6842210575
0.0747841408  -0.0758609710  -0.6856809217
0.0733287573  -0.0743562690  -0.6871333182
0.0718808074  -0.0728603918  -0.6885783034
0.0704402340  -0.0713732615  -0.6900159330
0.0690069808  -0.0698948009  -0.6914462628
0.0675809920  -0.0684249338  -0.6928693481
0.0661622122  -0.0669635846  -0.6942852441
0.0647505869  -0.0655106789  -0.6956940060
0.0633460617  -0.0640661431  -0.6970956884
0.0619485833  -0.0626299041  -0.6984903462
0.0605580983  -0.0612018900  -0.6998780338
0.0591745544  -0.0597820295  -0.7012588058
0.0577978995  -0.0583702523  -0.7026327162
0.0564280821  -0.0569664886  -0.7039998193
0.0550650511  -0.0555706697  -0.7053601689
0.0537087561  -0.0541827274  -0.7067138187
0.0523591470  -0.0528025944  -0.7080608223
0.0510161743  -0.0514302041  -0.7094012329
0.0496797890  -0.0500654906  -0.7107351034
0.0483499424  -0.0487083889  -0.7120624863
0.0470265865  -0.0473588344  -0.7133834340
0.0457096736  -0.0460167636  -0.7146979981
0.0443991564  -0.0446821135  -0.7160062298
0.0430949884  -0.0433548216  -0.7173081798
0.0417971231  -0.0420348266  -0.7186038981
0.0405055147  -0.0407220673  -0.7198934340
0.0392201178  -0.0394164836  -0.7211768358
0.0379411176  -0.0381180137  -0.7224723659
0.0366686209  -0.0368265976  -0.7237890906
0.0354019864  -0.0355421826  -0.7250959434
0.0341409944  -0.0342647120  -0.7264009963
0.0328859106  -0.0329941263  -0.7277037358
0.0316366869  -0.0317303689  -0.7290035724
0.0303932768  -0.0304733843  -0.7302998407
0.0291556356  -0.0292231172  -0.7315917990
0.0279237202  -0.0279795130  -0.7328786297
0.0266974897  -0.0267425179  -0.7341594392
0.0254769048  -0.0255120785  -0.7354332576
0.0242619284  -0.0242881419  -0.7366990392
0.0230525256  -0.0230706560  -0.7379556621
0.0218486634  -0.0218595691  -0.7392019284
0.0206503113  -0.0206548302  -0.7404365640
0.0194574407  -0.0194563886  -0.7416582191
0.0182700255  -0.0182641944  -0.7428654674
0.0170880417  -0.0170781981  -0.7440568068
0.0159114679  -0.0158983509  -0.7452306590
0.0147402844  -0.0147246044  -0.7463853700
0.0135744742  -0.0135569107  -0.7475192091
0.0124140222  -0.0123952226  -0.7486303703
0.0112589154  -0.0112394932  -0.7497169708
0.0101091427  -0.0100896763  -0.7507770523
0.0089646949  -0.0089457261  -0.7518085803
0.0078255646  -0.0078075973  -0.7528094440
0.0066917455  -0.0066752452  -0.7537774568
0.0055632331  -0.0055486256  -0.7547103560
0.0044400233  -0.0044276947  -0.7556058027
0.0033221134  -0.0033124093  -0.7564613822
0.0022095006  -0.0022027266  -0.7572746036
0.0011021823  -0.0010986043  -0.7580428998
0.0011018541  -0.0010986030  -0.7580428998
