0.215443
0.6429158711  -0.8291493374   0.0000272043
0.6429158711  -0.8291493374   0.0000272043
0.6429207667  -0.8291586628   0.0000252154
0.6429224819  -0.8291617277   0.0000174398
0.6429185518  -0.8291538527   0.0000037304
0.6429083796  -0.8291339320  -0.0000160598
0.6428916979  -0.8291014686  -0.0000420775
0.6428683332  -0.8290561385  -0.0000744690
0.6428381462  -0.8289976813  -0.0001133808
0.6428010127  -0.8289258643  -0.0001589587
0.6427568150  -0.8288404670  -0.0002113486
0.6427054389  -0.8287412753  -0.0002706960
0.6426467715  -0.8286280780  -0.0003371462
0.6425807002  -0.8285006647  -0.0004108444
0.6425071121  -0.8283588249  -0.0004919353
0.6424258942  -0.8282023477  -0.0005805637
0.6423369322  -0.8280310213  -0.0006768740
0.6422401114  -0.8278446323  -0.0007810103
0.6421353158  -0.8276429663  -0.0008931165
0.6420224283  -0.8274258074  -0.0010133365
0.6419013310  -0.8271929381  -0.0011418137
0.6417719045  -0.8269441394  -0.0012786914
0.6416340286  -0.8266791909  -0.0014241126
0.6414875815  -0.8263978704  -0.0015782201
0.6413324404  -0.8260999543  -0.0017411565
0.6411684814  -0.8257852176  -0.0019130641
0.6409955792  -0.8254534337  -0.0020940852
0.6408136072  -0.8251043745  -0.0022843615
0.6406224377  -0.8247378106  -0.0024840348
0.6404219417  -0.8243535110  -0.0026932464
0.6402119889  -0.8239512434  -0.0029121377
0.6399924480  -0.8235307745  -0.0031408495
0.6397631866  -0.8230918549  -0.0033799185
0.6395240705  -0.8226342608  -0.0036291144
0.6392749634  -0.8221577748  -0.0038884305
0.6390157290  -0.8216621495  -0.0041580181
0.6387462295  -0.8211471392  -0.0044380203
0.6384663261  -0.8206125020  -0.0047285766
0.6381758784  -0.8200579956  -0.0050298276
0.6378747449  -0.8194833772  -0.0053419157
0.6375627827  -0.8188884029  -0.0056649845
0.6372398477  -0.8182728283  -0.0059991791
0.6369057947  -0.8176364081  -0.0063446463
0.6365604772  -0.8169788967  -0.0067015336
0.6362037473  -0.8163000478  -0.0070699904
0.6358354561  -0.8155996144  -0.0074501670
0.6354554534  -0.8148773494  -0.0078422149
0.6350635878  -0.8141330054  -0.0082462868
0.6346597067  -0.8133663347  -0.0086625365
0.6342436562  -0.8125770895  -0.0090911190
0.6338152815  -0.8117650218  -0.0095321901
0.6333744266  -0.8109298842  -0.0099859070
0.6329209343  -0.8100714291  -0.0104524279
0.6324546466  -0.8091894094  -0.0109319124
0.6319754039  -0.8082835783  -0.0114245210
0.6314830459  -0.8073536892  -0.0119304156
0.6309774111  -0.8063994964  -0.0124497594
0.6304583368  -0.8054207549  -0.0129827162
0.6299256595  -0.8044172201  -0.0135294510
0.6293792145  -0.8033886488  -0.0140901295
0.6288188361  -0.8023347985  -0.0146649181
0.6282443579  -0.8012554282  -0.0152539844
0.6276556126  -0.8001502983  -0.0158574965
0.6270524318  -0.7990191669  -0.0164756239
0.6264346457  -0.7978617956  -0.0171085368
0.6258020837  -0.7966779554  -0.0177564064
0.6251545744  -0.7954674155  -0.0184194046
0.6244919452  -0.7942299412  -0.0190977040
0.6238140228  -0.7929653008  -0.0197914783
0.6231206329  -0.7916732658  -0.0205009023
0.6224116004  -0.7903536098  -0.0212261512
0.6216867503  -0.7890061101  -0.0219674010
0.6209459081  -0.7876305474  -0.0227248284
0.6201888990  -0.7862267057  -0.0234986105
0.6194155479  -0.7847943718  -0.0242889249
0.6186256797  -0.7833333362  -0.0250959498
0.6178191187  -0.7818433928  -0.0259198639
0.6169956877  -0.7803243373  -0.0267608458
0.6161552068  -0.7787759672  -0.0276190747
0.6152974950  -0.7771980821  -0.0284947300
0.6144223702  -0.7755904849  -0.0293879920
0.6135296497  -0.7739529820  -0.0302990414
0.6126191498  -0.7722853833  -0.0312280593
0.6116906881  -0.7705875043  -0.0321752266
0.6107440852  -0.7688591685  -0.0331407236
0.6097791641  -0.7671002062  -0.0341247306
0.6087957486  -0.7653104533  -0.0351274282
0.6077936634  -0.7634897516  -0.0361489975
0.6067727328  -0.7616379473  -0.0371896202
0.6057327765  -0.7597548877  -0.0382494773
0.6046736094  -0.7578404197  -0.0393287488
0.6035950447  -0.7558943943  -0.0404276131
0.6024968947  -0.7539166665  -0.0415462490
0.6013789758  -0.7519071016  -0.0426848361
0.6002411110  -0.7498655765  -0.0438435545
0.5990831228  -0.7477919740  -0.0450225838
0.5979048326  -0.7456861815  -0.0462221016
0.5967060614  -0.7435480930  -0.0474422846
0.5954866292  -0.7413776074  -0.0486833090
0.5942463604  -0.7391746349  -0.0499453502
0.5929850864  -0.7369390992  -0.0512285828
0.5917026410  -0.7346709307  -0.0525331808
0.5903988546  -0.7323700553  -0.0538593171
0.5890735530  -0.7300363968  -0.0552071640
0.5877265631  -0.7276698919  -0.0565768920
0.5863577144  -0.7252704965  -0.0579686701
0.5849668405  -0.7228381833  -0.0593826661
0.5835537744  -0.7203729316  -0.0608190460
0.5821183434  -0.7178747195  -0.0622779748
0.5806603734  -0.7153435296  -0.0637596154
0.5791796960  -0.7127793563  -0.0652641294
0.5776761557  -0.7101822128  -0.0667916757
0.5761496067  -0.7075521276  -0.0683424102
0.5745999057  -0.7048891378  -0.0699164875
0.5730268989  -0.7021932767  -0.0715140620
0.5714304189  -0.6994645691  -0.0731352861
0.5698102948  -0.6967030420  -0.0747803097
0.5681663691  -0.6939087433  -0.0764492800
0.5664985077  -0.6910817511  -0.0781423414
0.5648065916  -0.6882221647  -0.0798596356
0.5630904998  -0.6853300892  -0.0816013002
0.5613500810  -0.6824056059  -0.0833674693
0.5595851540  -0.6794487714  -0.0851582754
0.5577955513  -0.6764596634  -0.0869738493
0.5559811584  -0.6734384207  -0.0888143173
0.5541419031  -0.6703852315  -0.0906798010
0.5522776965  -0.6673002760  -0.0925704191
0.5503884065  -0.6641836975  -0.0944862875
0.5484738849  -0.6610356284  -0.0964275188
0.5465340077  -0.6578562335  -0.0983942210
0.5445686727  -0.6546457053  -0.1003864955
0.5425777769  -0.6514042350  -0.1024044339
0.5405612199  -0.6481320256  -0.1044481189
0.5385189123  -0.6448293439  -0.1065176484
0.5364507756  -0.6414965259  -0.1086131533
0.5343567282  -0.6381338707  -0.1107347652
0.5322366794  -0.6347415790  -0.1128825794
0.5300905440  -0.6313198369  -0.1150566575
0.5279182534  -0.6278688901  -0.1172570418
0.5257197478  -0.6243890335  -0.1194837662
0.5234949677  -0.6208805798  -0.1217368658
0.5212438632  -0.6173438569  -0.1240163724
0.5189663873  -0.6137792066  -0.1263223104
0.5166624529  -0.6101869387  -0.1286546968
0.5143319779  -0.6065673751  -0.1310135425
0.5119749666  -0.6029209302  -0.1333988535
0.5095914496  -0.5992480512  -0.1358106305
0.5071814177  -0.5955491525  -0.1382488676
0.5047448563  -0.5918246467  -0.1407135535
0.5022817654  -0.5880749671  -0.1432046700
0.4997921584  -0.5843005641  -0.1457221910
0.4972760403  -0.5805018853  -0.1482660807
0.4947333759  -0.5766793403  -0.1508362933
0.4921641755  -0.5728333886  -0.1534327724
0.4895685404  -0.5689645837  -0.1560554484
0.4869465332  -0.5650734450  -0.1587042334
0.4842981394  -0.5611604172  -0.1613790130
0.4816233935  -0.5572259969  -0.1640796356
0.4789223891  -0.5532707453  -0.1668058964
0.4761952193  -0.5492952295  -0.1695575069
0.4734419886  -0.5453000427  -0.1723340312
0.4706627454  -0.5412857451  -0.1751347548
0.4678574814  -0.5372528917  -0.1779584460
0.4650259911  -0.5332021090  -0.1808015675
0.4621682390  -0.5291339806  -0.1836623521
0.4592854250  -0.5250487562  -0.1865484790
0.4563792307  -0.5209465585  -0.1894703662
0.4534499186  -0.5168280435  -0.1924313660
0.4504967281  -0.5126944370  -0.1954301390
0.4475190447  -0.5085467501  -0.1984650641
0.4445164674  -0.5043854251  -0.2015348512
0.4414890681  -0.5002110681  -0.2046381830
0.4384371724  -0.4960244902  -0.2077736449
0.4353609550  -0.4918263350  -0.2109397291
0.4322605383  -0.4876171698  -0.2141348425
0.4291360612  -0.4833975618  -0.2173573146
0.4259877243  -0.4791681268  -0.2206054027
0.4228157655  -0.4749294996  -0.2238772976
0.4196203813  -0.4706822526  -0.2271711315
0.4164017513  -0.4664269263  -0.2304849852
0.4131601017  -0.4621640937  -0.2338168948
0.4098956379  -0.4578942910  -0.2371648579
0.4066085180  -0.4536179906  -0.2405268406
0.4032988399  -0.4493355899  -0.2439007846
0.3999666515  -0.4450474233  -0.2472846136
0.3966118880  -0.4407537031  -0.2506762376
0.3932343064  -0.4364544560  -0.2540735586
0.3898334228  -0.4321494623  -0.2574744792
0.3864082944  -0.4278380448  -0.2608769093
0.3829573266  -0.4235188811  -0.2642787698
0.3794777903  -0.4191895279  -0.2676779986
0.3759649837  -0.4148456118  -0.2710725567
0.3724103021  -0.4104789266  -0.2744604355
0.3687974251  -0.4060736770  -0.2778396659
0.3650960489  -0.4016003809  -0.2812083327
0.3611679967  -0.3969227049  -0.2845645805
0.3571644686  -0.3921947913  -0.2879065704
0.3534860305  -0.3878160294  -0.2912324353
0.3501487872  -0.3837972088  -0.2945403292
0.3469504121  -0.3799325793  -0.2978285090
0.3437924813  -0.3761226252  -0.3010953495
0.3406604996  -0.3723524399  -0.3043393241
0.3375534288  -0.3686205988  -0.3075589937
0.3344709088  -0.3649263599  -0.3107530038
0.3314126751  -0.3612690850  -0.3139200916
0.3283784751  -0.3576481561  -0.3170590960
0.3253680676  -0.3540629744  -0.3201689621
0.3223812216  -0.3505129605  -0.3232487448
0.3194177152  -0.3469975531  -0.3262976124
0.3164773345  -0.3435162091  -0.3293148516
0.3135598736  -0.3400684023  -0.3322998739
0.3106651330  -0.3366536227  -0.3352522191
0.3077929196  -0.3332713763  -0.3381715594
0.3049430452  -0.3299211839  -0.3410577060
0.3021153264  -0.3266025806  -0.3439106150
0.2993095841  -0.3233151147  -0.3467303938
0.2965256424  -0.3200583475  -0.3495173087
0.2937633290  -0.3168318523  -0.3522717948
0.2910224746  -0.3136352136  -0.3549944683
0.2883029131  -0.3104680265  -0.3576861444
0.2856044828  -0.3073298962  -0.3603478628
0.2829270276  -0.3042204368  -0.3629809266
0.2802704004  -0.3011392711  -0.3655869664
0.2776344705  -0.2980860290  -0.3681680571
0.2750191387  -0.2950603470  -0.3707269427
0.2724243659  -0.2920618657  -0.3732674477
0.2698503634  -0.2890902144  -0.3757968146
0.2672972767  -0.2861450431  -0.3783218707
0.2647640807  -0.2832261136  -0.3808396076
0.2622489772  -0.2803332340  -0.3833416792
0.2597511983  -0.2774660901  -0.3858244746
0.2572711106  -0.2746242699  -0.3882883497
0.2548090634  -0.2718073855  -0.3907339359
0.2523650316  -0.2690150976  -0.3931615054
0.2499388401  -0.2662470876  -0.3955712623
0.2475302965  -0.2635030431  -0.3979634072
0.2451392097  -0.2607826564  -0.4003381391
0.2427653913  -0.2580856241  -0.4026956565
0.2404086555  -0.2554116474  -0.4050361564
0.2380688189  -0.2527604317  -0.4073598348
0.2357457009  -0.2501316868  -0.4096668858
0.2334391231  -0.2475251266  -0.4119575016
0.2311489096  -0.2449404693  -0.4142318726
0.2288748869  -0.2423774373  -0.4164901867
0.2266168838  -0.2398357569  -0.4187326290
0.2243747314  -0.2373151587  -0.4209593823
0.2221482631  -0.2348153775  -0.4231706258
0.2199373145  -0.2323361517  -0.4253665356
0.2177417234  -0.2298772241  -0.4275472844
0.2155613298  -0.2274383413  -0.4297130408
0.2133959758  -0.2250192539  -0.4318639695
0.2112455057  -0.2226197162  -0.4340002307
0.2091097657  -0.2202394866  -0.4361219800
0.2069886040  -0.2178783272  -0.4382293678
0.2048818711  -0.2155360035  -0.4403225385
0.2027894190  -0.2132122848  -0.4424016298
0.2007111018  -0.2109069431  -0.4444667706
0.1986467748  -0.2086197518  -0.4465180748
0.1965962947  -0.2063504863  -0.4485556385
0.1945595212  -0.2040989344  -0.4505795632
0.1925363197  -0.2018649036  -0.4525899871
0.1905265601  -0.1996482064  -0.4545870749
0.1885301115  -0.1974486440  -0.4565709809
0.1865468413  -0.1952660099  -0.4585418402
0.1845766176  -0.1931001018  -0.4604997801
0.1826193112  -0.1909507245  -0.4624449265
0.1806747950  -0.1888176872  -0.4643774047
0.1787429438  -0.1867008029  -0.4662973383
0.1768236343  -0.1845998873  -0.4682048493
0.1749167445  -0.1825147593  -0.4701000580
0.1730221542  -0.1804452403  -0.4719830833
0.1711397445  -0.1783911548  -0.4738540425
0.1692693982  -0.1763523297  -0.4757130512
0.1674109996  -0.1743285948  -0.4775602238
0.1655644344  -0.1723197824  -0.4793956731
0.1637295899  -0.1703257273  -0.4812195104
0.1619063546  -0.1683462669  -0.4830318455
0.1600946186  -0.1663812409  -0.4848327871
0.1582942732  -0.1644304914  -0.4866224423
0.1565052114  -0.1624938627  -0.4884009169
0.1547273271  -0.1605712016  -0.4901683155
0.1529605158  -0.1586623569  -0.4919247410
0.1512046742  -0.1567671796  -0.4936702956
0.1494597004  -0.1548855228  -0.4954050799
0.1477254937  -0.1530172416  -0.4971291932
0.1460019545  -0.1511621932  -0.4988427338
0.1442889846  -0.1493202366  -0.5005457988
0.1425864870  -0.1474912329  -0.5022384840
0.1408943657  -0.1456750446  -0.5039208842
0.1392125260  -0.1438715364  -0.5055930932
0.1375408745  -0.1420805743  -0.5072552034
0.1358793186  -0.1403020269  -0.5089073065
0.1342277671  -0.1385357648  -0.5105494927
0.1325861297  -0.1367816609  -0.5121818510
0.1309543173  -0.1350395893  -0.5138044696
0.1293322417  -0.1333094261  -0.5154174353
0.1277198160  -0.1315910487  -0.5170208343
0.1261169542  -0.1298843364  -0.5186147515
0.1245235713  -0.1281891700  -0.5201992708
0.1229395833  -0.1265054322  -0.5217744754
0.1213649072  -0.1248330070  -0.5233404473
0.1197994610  -0.1231717801  -0.5248972674
0.1182431637  -0.1215216387  -0.5264450160
0.1166959351  -0.1198824715  -0.5279837722
0.1151576962  -0.1182541686  -0.5295136143
0.1136283685  -0.1166366215  -0.5310346197
0.1121078748  -0.1150297233  -0.5325468648
0.1105961387  -0.1134333688  -0.5340504253
0.1090930844  -0.1118474543  -0.5355453759
0.1075986374  -0.1102718770  -0.5370317905
0.1061127237  -0.1087065355  -0.5385097420
0.1046352704  -0.1071513298  -0.5399793028
0.1031662051  -0.1056061609  -0.5414405441
0.1017054567  -0.1040709315  -0.5428935366
0.1002529544  -0.1025455453  -0.5443383501
0.0988086286  -0.1010299072  -0.5457750536
0.0973724102  -0.0995239234  -0.5472037152
0.0959442310  -0.0980275014  -0.5486244026
0.0945240237  -0.0965405497  -0.5500371823
0.0931117214  -0.0950629781  -0.5514421205
0.0917072582  -0.0935946974  -0.5528392822
0.0903105689  -0.0921356197  -0.5542287321
0.0889215890  -0.0906856580  -0.5556105339
0.0875402547  -0.0892447267  -0.5569847509
0.0861665029  -0.0878127410  -0.5583514453
0.0848002712  -0.0863896173  -0.5597106789
0.0834414979  -0.0849752730  -0.5610625129
0.0820901219  -0.0835696266  -0.5624070075
0.0807460829  -0.0821725974  -0.5637442226
0.0794093210  -0.0807841059  -0.5650742172
0.0780797774  -0.0794040735  -0.5663970497
0.0767573934  -0.0780324227  -0.5677127781
0.0754421112  -0.0766690767  -0.5690214595
0.0741338738  -0.0753139599  -0.5703231505
0.0728326244  -0.0739669974  -0.5716179071
0.0715383072  -0.0726281154  -0.5729057848
0.0702508668  -0.0712972417  -0.5741868409
0.0689702485  -0.0699743055  -0.5754611358
0.0676963980  -0.0686592334  -0.5767287211
0.0664292614  -0.0673519519  -0.5779896405
0.0651687854  -0.0660523925  -0.5792439434
0.0639149177  -0.0647604879  -0.5804916821
0.0626676065  -0.0634761705  -0.5817329071
0.0614268002  -0.0621993733  -0.5829676687
0.0601924482  -0.0609300298  -0.5841960165
0.0589644999  -0.0596680748  -0.5854180002
0.0577429056  -0.0584134434  -0.5866336691
0.0565276161  -0.0571660716  -0.5878430721
0.0553185824  -0.0559258962  -0.5890462581
0.0541157564  -0.0546928547  -0.5902432757
0.0529190902  -0.0534668853  -0.5914341731
0.0517285364  -0.0522479267  -0.5926189986
0.0505440484  -0.0510359186  -0.5937978001
0.0493655796  -0.0498308012  -0.5949706253
0.0481930843  -0.0486325153  -0.5961375218
0.0470265170  -0.0474410027  -0.5972985369
0.0458658327  -0.0462562055  -0.5984537176
0.0447109869  -0.0450780665  -0.5996031109
0.0435619355  -0.0439065293  -0.6007467632
0.0424186349  -0.0427415380  -0.6018847208
0.0412810418  -0.0415830373  -0.6030170296
0.0401491135  -0.0404309727  -0.6041437351
0.0390228076  -0.0392852900  -0.6052648825
0.0379020821  -0.0381459358  -0.6063805164
0.0367868955  -0.0370128572  -0.6074906811
0.0356772067  -0.0358860021  -0.6085954201
0.0345729750  -0.0347653187  -0.6096947764
0.0334741599  -0.0336507558  -0.6107887923
0.0323808885  -0.0325422615  -0.6118929962
0.0312932306  -0.0314397853  -0.6130150974
0.0302107145  -0.0303432810  -0.6141286853
0.0291331740  -0.0292527004  -0.6152406242
0.0280607945  -0.0281679934  -0.6163504794
0.0269935342  -0.0270891122  -0.6174577515
0.0259313525  -0.0260160094  -0.6185618766
0.0248742103  -0.0249486383  -0.6196622259
0.0238220696  -0.0238869525  -0.6207581064
0.0227748939  -0.0228309062  -0.6218487600
0.0217326484  -0.0217804540  -0.6229333643
0.0206952995  -0.0207355512  -0.6240110322
0.0196628154  -0.0196961534  -0.6250808118
0.0186351660  -0.0186622166  -0.6261416868
0.0176123225  -0.0176336976  -0.6271925762
0.0165942582  -0.0166105534  -0.6282323342
0.0155809479  -0.0155927414  -0.6292597506
0.0145723680  -0.0145802198  -0.6302735506
0.0135684967  -0.0135729468  -0.6312723944
0.0125693139  -0.0125708814  -0.6322548781
0.0115748012  -0.0115739829  -0.6332195327
0.0105849418  -0.0105822111  -0.6341648248
0.0095997202  -0.0095955261  -0.6350891564
0.0086191226  -0.0086138886  -0.6359908648
0.0076431366  -0.0076372597  -0.6368682227
0.0066717510  -0.0066656008  -0.6377194380
0.0057049557  -0.0056988738  -0.6385426543
0.0047427415  -0.0047370411  -0.6393359502
0.0037851002  -0.0037800653  -0.6400973401
0.0028320241  -0.0028279095  -0.6408247733
0.0018835056  -0.0018805375  -0.6415161349
0.0009395376  -0.0009379130  -0.6421692451
0.0009393004  -0.0009379122  -0.6421692451
