0.225687
0.5846574829  -0.7316014499   0.0000236533
0.5846574829  -0.7316014499   0.0000236533
0.5846617402  -0.7316089801   0.0000219461
0.5846632390  -0.7316114794   0.0000152223
0.5846598377  -0.7316051718   0.0000033558
0.5846510202  -0.7315891682  -0.0000137793
0.5846365552  -0.7315630691  -0.0000363091
0.5846162926  -0.7315266136  -0.0000643593
0.5845901118  -0.7314795923  -0.0000980557
0.5845579050  -0.7314218174  -0.0001375240
0.5845195703  -0.7313531113  -0.0001828899
0.5844750086  -0.7312733011  -0.0002342789
0.5844241218  -0.7311822160  -0.0002918165
0.5843668120  -0.7310796859  -0.0003556280
0.5843029813  -0.7309655405  -0.0004258390
0.5842325310  -0.7308396086  -0.0005025745
0.5841553621  -0.7307017185  -0.0005859599
0.5840713743  -0.7305516970  -0.0006761202
0.5839804666  -0.7303893697  -0.0007731805
0.5838825370  -0.7302145608  -0.0008772658
0.5837774825  -0.7300270931  -0.0009885010
0.5836651990  -0.7298267880  -0.0011070109
0.5835455813  -0.7296134654  -0.0012329202
0.5834185229  -0.7293869436  -0.0013663538
0.5832839165  -0.7291470395  -0.0015074361
0.5831416535  -0.7288935686  -0.0016562918
0.5829916240  -0.7286263448  -0.0018130452
0.5828337172  -0.7283451805  -0.0019778209
0.5826678208  -0.7280498867  -0.0021507432
0.5824938217  -0.7277402729  -0.0023319362
0.5823116051  -0.7274161473  -0.0025215243
0.5821210555  -0.7270773166  -0.0027196314
0.5819220563  -0.7267235759  -0.0029267243
0.5817144892  -0.7263547378  -0.0031426050
0.5814982340  -0.7259706193  -0.0033672701
0.5812731703  -0.7255710150  -0.0036008527
0.5810391763  -0.7251557204  -0.0038434793
0.5807961290  -0.7247245335  -0.0040952734
0.5805439043  -0.7242772511  -0.0043563593
0.5802823765  -0.7238136692  -0.0046268633
0.5800114189  -0.7233335827  -0.0049069128
0.5797309035  -0.7228367854  -0.0051966367
0.5794407010  -0.7223230698  -0.0054961650
0.5791406810  -0.7217922278  -0.0058056292
0.5788307117  -0.7212440499  -0.0061251619
0.5785106602  -0.7206783260  -0.0064548971
0.5781803921  -0.7200948450  -0.0067949699
0.5778397722  -0.7194933951  -0.0071455166
0.5774886638  -0.7188737637  -0.0075066749
0.5771269293  -0.7182357377  -0.0078785836
0.5767544298  -0.7175791034  -0.0082613827
0.5763710251  -0.7169036461  -0.0086552134
0.5759765736  -0.7162091510  -0.0090602181
0.5755709330  -0.7154954025  -0.0094765402
0.5751539592  -0.7147621849  -0.0099043244
0.5747255073  -0.7140092818  -0.0103437167
0.5742854313  -0.7132364770  -0.0107948641
0.5738335836  -0.7124435537  -0.0112579150
0.5733698159  -0.7116302953  -0.0117330189
0.5728939785  -0.7107964850  -0.0122203264
0.5724059206  -0.7099419059  -0.0127199895
0.5719054901  -0.7090663414  -0.0132321609
0.5713925336  -0.7081695746  -0.0137569946
0.5708668973  -0.7072513873  -0.0142946456
0.5703284261  -0.7063115629  -0.0148452696
0.5697769641  -0.7053498916  -0.0154090237
0.5692123544  -0.7043661615  -0.0159860657
0.5686344389  -0.7033601571  -0.0165765549
0.5680430590  -0.7023316645  -0.0171806512
0.5674380548  -0.7012804714  -0.0177985162
0.5668192655  -0.7002063667  -0.0184303122
0.5661865287  -0.6991091396  -0.0190762025
0.5655396809  -0.6979885802  -0.0197363512
0.5648785579  -0.6968444802  -0.0204109230
0.5642029947  -0.6956766324  -0.0211000830
0.5635128253  -0.6944848312  -0.0218039973
0.5628078830  -0.6932688724  -0.0225228329
0.5620880002  -0.6920285534  -0.0232567580
0.5613530086  -0.6907636734  -0.0240059419
0.5606027398  -0.6894740342  -0.0247705551
0.5598370242  -0.6881594393  -0.0255507683
0.5590556908  -0.6868196933  -0.0263467529
0.5582585674  -0.6854546027  -0.0271586805
0.5574454812  -0.6840639761  -0.0279867230
0.5566162586  -0.6826476245  -0.0288310534
0.5557707252  -0.6812053614  -0.0296918449
0.5549087066  -0.6797370036  -0.0305692713
0.5540300296  -0.6782423723  -0.0314635070
0.5531345211  -0.6767212922  -0.0323747267
0.5522220083  -0.6751735918  -0.0333031054
0.5512923180  -0.6735991030  -0.0342488187
0.5503452775  -0.6719976618  -0.0352120423
0.5493807124  -0.6703691066  -0.0361929522
0.5483984458  -0.6687132774  -0.0371917244
0.5473982989  -0.6670300156  -0.0382085348
0.5463800923  -0.6653191664  -0.0392435596
0.5453436459  -0.6635805785  -0.0402969752
0.5442887804  -0.6618141061  -0.0413689577
0.5432153195  -0.6600196118  -0.0424596834
0.5421230908  -0.6581969670  -0.0435693280
0.5410119231  -0.6563460480  -0.0446980674
0.5398816461  -0.6544667326  -0.0458460768
0.5387320908  -0.6525588993  -0.0470135307
0.5375630829  -0.6506224269  -0.0482006027
0.5363744401  -0.6486571981  -0.0494074657
0.5351659773  -0.6466631039  -0.0506342932
0.5339375085  -0.6446400418  -0.0518812582
0.5326888544  -0.6425879212  -0.0531485331
0.5314198493  -0.6405066689  -0.0544362890
0.5301303357  -0.6383962245  -0.0557446961
0.5288201598  -0.6362565351  -0.0570739238
0.5274891619  -0.6340875476  -0.0584241403
0.5261371703  -0.6318892012  -0.0597955126
0.5247640088  -0.6296614348  -0.0611882056
0.5233695019  -0.6274041925  -0.0626023826
0.5219534815  -0.6251174312  -0.0640382058
0.5205157875  -0.6228011215  -0.0654958374
0.5190562605  -0.6204552388  -0.0669754377
0.5175747409  -0.6180797635  -0.0684771640
0.5160710701  -0.6156746840  -0.0700011715
0.5145450932  -0.6132399974  -0.0715476137
0.5129966587  -0.6107757094  -0.0731166427
0.5114256182  -0.6082818350  -0.0747084088
0.5098318228  -0.6057583956  -0.0763230599
0.5082151226  -0.6032054166  -0.0779607415
0.5065753685  -0.6006229298  -0.0796215957
0.5049124166  -0.5980109801  -0.0813057614
0.5032261301  -0.5953696263  -0.0830133738
0.5015163772  -0.5926989367  -0.0847445655
0.4997830269  -0.5899989880  -0.0864994657
0.4980259485  -0.5872698584  -0.0882781976
0.4962450138  -0.5845116278  -0.0900808755
0.4944401060  -0.5817244183  -0.0919076177
0.4926111029  -0.5789084080  -0.0937585686
0.4907578624  -0.5760637652  -0.0956338854
0.4888802498  -0.5731906006  -0.0975337031
0.4869781649  -0.5702890065  -0.0994581257
0.4850515333  -0.5673591124  -0.1014072394
0.4831002675  -0.5644010772  -0.1033811225
0.4811242661  -0.5614150736  -0.1053798481
0.4791234360  -0.5584012938  -0.1074034839
0.4770976929  -0.5553599498  -0.1094520923
0.4750469565  -0.5522912638  -0.1115257309
0.4729711588  -0.5491954777  -0.1136244527
0.4708702230  -0.5460728332  -0.1157483056
0.4687440470  -0.5429235512  -0.1178973320
0.4665925564  -0.5397478886  -0.1200715695
0.4644157304  -0.5365461623  -0.1222710501
0.4622135606  -0.5333187078  -0.1244957999
0.4599859948  -0.5300658239  -0.1267458375
0.4577329533  -0.5267877850  -0.1290211742
0.4554544021  -0.5234849183  -0.1313218123
0.4531503439  -0.5201575910  -0.1336477442
0.4508207776  -0.5168061732  -0.1359989495
0.4484657179  -0.5134310543  -0.1383753919
0.4460851897  -0.5100326392  -0.1407770137
0.4436791857  -0.5066113042  -0.1432037273
0.4412477032  -0.5031674348  -0.1456554023
0.4387907451  -0.4997014300  -0.1481318434
0.4363083090  -0.4962136932  -0.1506327451
0.4338004300  -0.4927046833  -0.1531576064
0.4312671457  -0.4891748900  -0.1557056071
0.4287083386  -0.4856248050  -0.1582743730
0.4261238125  -0.4820549390  -0.1608607631
0.4235141430  -0.4784657336  -0.1634678098
0.4208807574  -0.4748573832  -0.1661052176
0.4182243225  -0.4712300122  -0.1687797518
0.4155443501  -0.4675842562  -0.1714922108
0.4128402436  -0.4639211165  -0.1742412001
0.4101116866  -0.4602413411  -0.1770253146
0.4073586283  -0.4565454855  -0.1798433573
0.4045811204  -0.4528340544  -0.1826940450
0.4017792336  -0.4491075476  -0.1855759999
0.3989530922  -0.4453665100  -0.1884877550
0.3961028443  -0.4416114922  -0.1914277597
0.3932286384  -0.4378430325  -0.1943943877
0.3903306026  -0.4340616406  -0.1973859441
0.3874088872  -0.4302678294  -0.2004006723
0.3844636627  -0.4264621178  -0.2034367596
0.3814950923  -0.4226450101  -0.2064923424
0.3785033227  -0.4188169815  -0.2095655143
0.3754884606  -0.4149784509  -0.2126543334
0.3724505899  -0.4111298022  -0.2157568285
0.3693897455  -0.4072713634  -0.2188710035
0.3663058619  -0.4034033536  -0.2219948445
0.3631987548  -0.3995258659  -0.2251263250
0.3600679939  -0.3956387425  -0.2282634122
0.3569128319  -0.3917415077  -0.2314040734
0.3537319569  -0.3878331239  -0.2345462826
0.3505232120  -0.3839117200  -0.2376880265
0.3472830394  -0.3799740541  -0.2408273103
0.3440050168  -0.3760140640  -0.2439621640
0.3406776591  -0.3720207134  -0.2470906477
0.3372820226  -0.3679756772  -0.2502108636
0.3337234909  -0.3637853277  -0.2533209687
0.3299863369  -0.3594365686  -0.2564191559
0.3263875358  -0.3552476419  -0.2595036086
0.3231362774  -0.3514243904  -0.2625725085
0.3201107595  -0.3478409496  -0.2656241053
0.3171725878  -0.3443570428  -0.2686567546
0.3142627984  -0.3409131039  -0.2716689088
0.3113771706  -0.3375045931  -0.2746591042
0.3085149049  -0.3341303940  -0.2776259601
0.3056756781  -0.3307898708  -0.2805681850
0.3028592396  -0.3274824666  -0.2834845815
0.3000653494  -0.3242076418  -0.2863740504
0.2972937774  -0.3209648738  -0.2892355958
0.2945443025  -0.3177536560  -0.2920683307
0.2918167124  -0.3145734978  -0.2948714812
0.2891108019  -0.3114239239  -0.2976443915
0.2864263731  -0.3083044732  -0.3003865276
0.2837632338  -0.3052146988  -0.3030974834
0.2811211975  -0.3021541669  -0.3057769857
0.2785000826  -0.2991224565  -0.3084249002
0.2758997117  -0.2961191583  -0.3110412371
0.2733199110  -0.2931438746  -0.3136261589
0.2707605101  -0.2901962183  -0.3161799884
0.2682213420  -0.2872758125  -0.3187032206
0.2657022426  -0.2843822895  -0.3211965377
0.2632030517  -0.2815152907  -0.3236608304
0.2607236135  -0.2786744657  -0.3260972296
0.2582637789  -0.2758594717  -0.3285071539
0.2558234102  -0.2730699730  -0.3308923963
0.2534023898  -0.2703056401  -0.3332552794
0.2510006347  -0.2675661488  -0.3355988949
0.2486182148  -0.2648511725  -0.3379287061
0.2462553431  -0.2621603849  -0.3402522640
0.2439116323  -0.2594935148  -0.3425715213
0.2415856935  -0.2568503572  -0.3448801752
0.2392763174  -0.2542306704  -0.3471723279
0.2369833749  -0.2516341237  -0.3494465866
0.2347072013  -0.2490603656  -0.3517034278
0.2324479258  -0.2465090755  -0.3539433260
0.2302054445  -0.2439799588  -0.3561664884
0.2279795778  -0.2414727314  -0.3583731071
0.2257701432  -0.2389871138  -0.3605633714
0.2235769605  -0.2365228302  -0.3627374691
0.2213998514  -0.2340796092  -0.3648955874
0.2192386405  -0.2316571830  -0.3670379118
0.2170931548  -0.2292552877  -0.3691646266
0.2149632236  -0.2268736634  -0.3712759142
0.2128486786  -0.2245120539  -0.3733719551
0.2107493539  -0.2221702065  -0.3754529279
0.2086650858  -0.2198478726  -0.3775190085
0.2065957128  -0.2175448071  -0.3795703706
0.2045410757  -0.2152607684  -0.3816071847
0.2025010176  -0.2129955188  -0.3836296187
0.2004753834  -0.2107488242  -0.3856378370
0.1984640205  -0.2085204537  -0.3876320005
0.1964667781  -0.2063101804  -0.3896122668
0.1944835075  -0.2041177806  -0.3915787890
0.1925140621  -0.2019430342  -0.3935317165
0.1905582973  -0.1997857245  -0.3954711937
0.1886160702  -0.1976456380  -0.3973973603
0.1866872401  -0.1955225646  -0.3993103498
0.1847716679  -0.1934162968  -0.4012102891
0.1828692161  -0.1913266294  -0.4030972942
0.1809797486  -0.1892533580  -0.4049714648
0.1791031310  -0.1871962842  -0.4068328938
0.1772392333  -0.1851552256  -0.4086816947
0.1753879299  -0.1831300108  -0.4105180117
0.1735490970  -0.1811204646  -0.4123419951
0.1717226096  -0.1791264026  -0.4141537805
0.1699083429  -0.1771476399  -0.4159534911
0.1681061734  -0.1751839965  -0.4177412464
0.1663159799  -0.1732352979  -0.4195171649
0.1645376435  -0.1713013729  -0.4212813640
0.1627710465  -0.1693820533  -0.4230339595
0.1610160730  -0.1674771736  -0.4247750654
0.1592726086  -0.1655865707  -0.4265047947
0.1575405404  -0.1637100842  -0.4282232584
0.1558197570  -0.1618475560  -0.4299305665
0.1541101483  -0.1599988305  -0.4316268273
0.1524116057  -0.1581637545  -0.4333121476
0.1507240221  -0.1563421771  -0.4349866331
0.1490472916  -0.1545339496  -0.4366503879
0.1473813099  -0.1527389255  -0.4383035149
0.1457259738  -0.1509569606  -0.4399461155
0.1440811815  -0.1491879125  -0.4415782900
0.1424468325  -0.1474316412  -0.4432001374
0.1408228276  -0.1456880085  -0.4448117553
0.1392090688  -0.1439568781  -0.4464132402
0.1376054593  -0.1422381160  -0.4480046874
0.1360119037  -0.1405315895  -0.4495861910
0.1344283076  -0.1388371683  -0.4511578439
0.1328545778  -0.1371547234  -0.4527197379
0.1312906223  -0.1354841279  -0.4542719636
0.1297363503  -0.1338252564  -0.4558146107
0.1281916720  -0.1321779850  -0.4573477676
0.1266564987  -0.1305421914  -0.4588715219
0.1251307430  -0.1289177553  -0.4603859600
0.1236143183  -0.1273045582  -0.4618911672
0.1221071393  -0.1257024836  -0.4633872279
0.1206091214  -0.1241114168  -0.4648742250
0.1191201813  -0.1225312441  -0.4663522408
0.1176402368  -0.1209618538  -0.4678213564
0.1161692063  -0.1194031353  -0.4692816522
0.1147070095  -0.1178549796  -0.4707332073
0.1132535671  -0.1163172794  -0.4721761001
0.1118088004  -0.1147899286  -0.4736104080
0.1103726320  -0.1132728226  -0.4750362075
0.1089449853  -0.1117658583  -0.4764535742
0.1075257844  -0.1102689339  -0.4778625826
0.1061149546  -0.1087819489  -0.4792633068
0.1047124220  -0.1073048042  -0.4806558195
0.1033181135  -0.1058374018  -0.4820401929
0.1019319567  -0.1043796452  -0.4834164982
0.1005538805  -0.1029314394  -0.4847848059
0.0991838141  -0.1014926907  -0.4861451855
0.0978216880  -0.1000633063  -0.4874977059
0.0964674330  -0.0986431947  -0.4888424350
0.0951209812  -0.0972322655  -0.4901794401
0.0937822652  -0.0958304294  -0.4915087876
0.0924512183  -0.0944375984  -0.4928305432
0.0911277748  -0.0930536856  -0.4941447719
0.0898118697  -0.0916786051  -0.4954515379
0.0885034385  -0.0903122722  -0.4967509046
0.0872024177  -0.0889546033  -0.4980429349
0.0859087443  -0.0876055158  -0.4993276908
0.0846223564  -0.0862649280  -0.5006052336
0.0833431923  -0.0849327596  -0.5018756241
0.0820711912  -0.0836089311  -0.5031389222
0.0808062932  -0.0822933638  -0.5043951873
0.0795484386  -0.0809859804  -0.5056444780
0.0782975689  -0.0796867043  -0.5068868524
0.0770536258  -0.0783954598  -0.5081223678
0.0758165518  -0.0771121724  -0.5093510810
0.0745862902  -0.0758367684  -0.5105730480
0.0733627847  -0.0745691748  -0.5117883245
0.0721459796  -0.0733093198  -0.5129969653
0.0709358201  -0.0720571324  -0.5141990246
0.0697322517  -0.0708125424  -0.5153945563
0.0685352206  -0.0695754804  -0.5165836134
0.0673446735  -0.0683458781  -0.5177662485
0.0661605579  -0.0671236678  -0.5189425135
0.0649828216  -0.0659087826  -0.5201124599
0.0638114132  -0.0647011572  -0.5212761409
0.0626462818  -0.0635007275  -0.5224336115
0.0614873770  -0.0623074272  -0.5235849201
0.0603346486  -0.0611211904  -0.5247301082
0.0591880471  -0.0599419550  -0.5258692218
0.0580475238  -0.0587696600  -0.5270023096
0.0569130306  -0.0576042440  -0.5281294184
0.0557845196  -0.0564456464  -0.5292505949
0.0546619436  -0.0552938073  -0.5303658854
0.0535452558  -0.0541486674  -0.5314753357
0.0524344099  -0.0530101682  -0.5325789917
0.0513293600  -0.0518782517  -0.5336768988
0.0502300610  -0.0507528607  -0.5347691021
0.0491364678  -0.0496339387  -0.5358556466
0.0480485361  -0.0485214297  -0.5369365770
0.0469662219  -0.0474152783  -0.5380119377
0.0458894819  -0.0463154300  -0.5390817731
0.0448182729  -0.0452218306  -0.5401461272
0.0437525523  -0.0441344266  -0.5412050438
0.0426922779  -0.0430531652  -0.5422585664
0.0416374081  -0.0419779942  -0.5433067385
0.0405879015  -0.0409088618  -0.5443496030
0.0395437172  -0.0398457168  -0.5453872029
0.0385048147  -0.0387885089  -0.5464195805
0.0374711539  -0.0377371879  -0.5474467781
0.0364426951  -0.0366917044  -0.5484688375
0.0354193991  -0.0356520096  -0.5494858001
0.0344012268  -0.0346180550  -0.5504977070
0.0333881400  -0.0335897929  -0.5515045986
0.0323801002  -0.0325671759  -0.5525065151
0.0313770699  -0.0315501573  -0.5535034959
0.0303790117  -0.0305386908  -0.5544955799
0.0293860254  -0.0295327297  -0.5554968299
0.0283981644  -0.0285322283  -0.5565142275
0.0274150373  -0.0275371443  -0.5575238575
0.0264365033  -0.0265474338  -0.5585319367
0.0254627107  -0.0255630518  -0.5595380724
0.0244936213  -0.0245839552  -0.5605418132
0.0235291977  -0.0236101010  -0.5615426493
0.0225694039  -0.0226414468  -0.5625400123
0.0216142048  -0.0216779508  -0.5635332754
0.0206635667  -0.0207195714  -0.5645217533
0.0197174570  -0.0197662677  -0.5655047020
0.0187758446  -0.0188179990  -0.5664813193
0.0178386996  -0.0178747253  -0.5674507442
0.0169059935  -0.0169364067  -0.5684120573
0.0159776992  -0.0160030040  -0.5693642808
0.0150537909  -0.0150744783  -0.5703063781
0.0141342445  -0.0141507911  -0.5712372545
0.0132190371  -0.0132319044  -0.5721557564
0.0123081473  -0.0123177806  -0.5730606719
0.0114015551  -0.0114083824  -0.5739507306
0.0104992419  -0.0105036730  -0.5748246036
0.0096011904  -0.0096036159  -0.5756809032
0.0087073847  -0.0087081751  -0.5765181837
0.0078178101  -0.0078173148  -0.5773349404
0.0069324530  -0.0069309999  -0.5781296104
0.0060513010  -0.0060491954  -0.5789005722
0.0051743424  -0.0051718667  -0.5796461457
0.0043015667  -0.0042989797  -0.5803645925
0.0034329637  -0.0034305006  -0.5810541155
0.0025685239  -0.0025663960  -0.5817128591
0.0017082382  -0.0017066329  -0.5823389094
0.0008520974  -0.0008511784  -0.5829302937
0.0008519029  -0.0008511778  -0.5829302937
