0.181615
0.8499711921  -1.2376443524   0.0000453537
0.8499711921  -1.2376443524   0.0000453537
0.8499794506  -1.2376652541   0.0000418078
0.8499822724  -1.2376717912   0.0000284581
0.8499754821  -1.2376534373   0.0000050380
0.8499580456  -1.2376076599  -0.0000287168
0.8499294995  -1.2375333211  -0.0000730692
0.8498895434  -1.2374296809  -0.0001282798
0.8498379375  -1.2372961474  -0.0001946075
0.8497744685  -1.2371321938  -0.0002723090
0.8496989357  -1.2369373250  -0.0003616393
0.8496111446  -1.2367110622  -0.0004628514
0.8495109036  -1.2364529357  -0.0005761965
0.8493980230  -1.2361624807  -0.0007019235
0.8492723132  -1.2358392354  -0.0008402799
0.8491335845  -1.2354827394  -0.0009915108
0.8489816469  -1.2350925334  -0.0011558596
0.8488163096  -1.2346681585  -0.0013335678
0.8486373811  -1.2342091564  -0.0015248749
0.8484446689  -1.2337150687  -0.0017300184
0.8482379795  -1.2331854376  -0.0019492341
0.8480171187  -1.2326198059  -0.0021827556
0.8477818910  -1.2320177167  -0.0024308148
0.8475321002  -1.2313787141  -0.0026936415
0.8472675490  -1.2307023429  -0.0029714637
0.8469880392  -1.2299881493  -0.0032645075
0.8466933717  -1.2292356809  -0.0035729968
0.8463833465  -1.2284444869  -0.0038971539
0.8460577629  -1.2276141184  -0.0042371990
0.8457164191  -1.2267441287  -0.0045933504
0.8453591127  -1.2258340734  -0.0049658246
0.8449856406  -1.2248835112  -0.0053548359
0.8445958010  -1.2238919490  -0.0057612700
0.8441893884  -1.2228589942  -0.0061847117
0.8437661950  -1.2217842920  -0.0066251236
0.8433260154  -1.2206673831  -0.0070827336
0.8428686447  -1.2195078209  -0.0075577543
0.8423938767  -1.2183051807  -0.0080503907
0.8419015048  -1.2170590458  -0.0085608483
0.8413913217  -1.2157690053  -0.0090893334
0.8408631203  -1.2144346541  -0.0096360530
0.8403166930  -1.2130555934  -0.0102012145
0.8397518323  -1.2116314306  -0.0107850260
0.8391683306  -1.2101617796  -0.0113876953
0.8385659803  -1.2086462618  -0.0120094307
0.8379445737  -1.2070845054  -0.0126504404
0.8373039030  -1.2054761464  -0.0133109326
0.8366437608  -1.2038208289  -0.0139911147
0.8359639400  -1.2021182060  -0.0146911942
0.8352642340  -1.2003679393  -0.0154113788
0.8345444366  -1.1985696997  -0.0161518762
0.8338043412  -1.1967231668  -0.0169128940
0.8330437413  -1.1948280299  -0.0176946389
0.8322624326  -1.1928839898  -0.0184973164
0.8314602125  -1.1908907588  -0.0193211317
0.8306368794  -1.1888480606  -0.0201662889
0.8297922357  -1.1867556332  -0.0210329917
0.8289260830  -1.1846132252  -0.0219214428
0.8280382131  -1.1824205859  -0.0228318437
0.8271284097  -1.1801774678  -0.0237643951
0.8261964549  -1.1778836332  -0.0247192965
0.8252421408  -1.1755388661  -0.0256967469
0.8242652737  -1.1731429772  -0.0266969439
0.8232656635  -1.1706957838  -0.0277200827
0.8222431214  -1.1681971231  -0.0287663561
0.8211974583  -1.1656468674  -0.0298359562
0.8201284810  -1.1630448872  -0.0309290753
0.8190359944  -1.1603910477  -0.0320459045
0.8179198046  -1.1576852321  -0.0331866306
0.8167797220  -1.1549273449  -0.0343514367
0.8156155622  -1.1521173095  -0.0355405057
0.8144271428  -1.1492550653  -0.0367540208
0.8132142826  -1.1463405666  -0.0379921623
0.8119768026  -1.1433737840  -0.0392551055
0.8107145263  -1.1403547044  -0.0405430224
0.8094272796  -1.1372833312  -0.0418560843
0.8081148936  -1.1341596868  -0.0431944605
0.8067771981  -1.1309838073  -0.0445583183
0.8054140175  -1.1277557375  -0.0459478226
0.8040251750  -1.1244755360  -0.0473631342
0.8026105094  -1.1211432907  -0.0488044102
0.8011698830  -1.1177591280  -0.0502718055
0.7997031635  -1.1143231942  -0.0517654731
0.7982102010  -1.1108356324  -0.0532855618
0.7966908322  -1.1072965860  -0.0548322161
0.7951449011  -1.1037062203  -0.0564055768
0.7935722658  -1.1000647290  -0.0580057820
0.7919727894  -1.0963723256  -0.0596329668
0.7903463362  -1.0926292393  -0.0612872636
0.7886927746  -1.0888357163  -0.0629687996
0.7870119744  -1.0849920187  -0.0646776963
0.7853038086  -1.0810984252  -0.0664140742
0.7835681669  -1.0771552449  -0.0681780525
0.7818049561  -1.0731628182  -0.0699697449
0.7800140621  -1.0691214776  -0.0717892602
0.7781953326  -1.0650315293  -0.0736367032
0.7763486285  -1.0608933058  -0.0755121743
0.7744738905  -1.0567072337  -0.0774157687
0.7725711027  -1.0524737969  -0.0793475784
0.7706401678  -1.0481934101  -0.0813076944
0.7686809009  -1.0438664109  -0.0832962019
0.7666931756  -1.0394932091  -0.0853131793
0.7646769930  -1.0350743509  -0.0873587036
0.7626323586  -1.0306103862  -0.0894328489
0.7605591507  -1.0261017371  -0.0915356813
0.7584572035  -1.0215488000  -0.0936672608
0.7563264527  -1.0169521032  -0.0958276438
0.7541668857  -1.0123122496  -0.0980168841
0.7519784669  -1.0076298266  -0.1002350324
0.7497611750  -1.0029054403  -0.1024821345
0.7475149780  -0.9981396935  -0.1047582300
0.7452397909  -0.9933331424  -0.1070633532
0.7429355549  -0.9884863734  -0.1093975355
0.7406022874  -0.9836000544  -0.1117608031
0.7382399951  -0.9786748493  -0.1141531749
0.7358486132  -0.9737113549  -0.1165746665
0.7334280903  -0.9687101842  -0.1190252900
0.7309784212  -0.9636720020  -0.1215050487
0.7284996071  -0.9585974844  -0.1240139419
0.7259916966  -0.9534873570  -0.1265519691
0.7234547244  -0.9483423358  -0.1291191224
0.7208886074  -0.9431630221  -0.1317153866
0.7182933124  -0.9379500686  -0.1343407428
0.7156689591  -0.9327042861  -0.1369951673
0.7130156157  -0.9274264375  -0.1396786308
0.7103332591  -0.9221171947  -0.1423910978
0.7076219056  -0.9167772697  -0.1451325292
0.7048816099  -0.9114074162  -0.1479028824
0.7021123873  -0.9060083498  -0.1507021065
0.6993142336  -0.9005807683  -0.1535301406
0.6964872873  -0.8951255147  -0.1563869192
0.6936317007  -0.8896434459  -0.1592723746
0.6907474299  -0.8841352112  -0.1621864284
0.6878345070  -0.8786015323  -0.1651289875
0.6848931644  -0.8730433751  -0.1680999697
0.6819234736  -0.8674615965  -0.1710993395
0.6789253913  -0.8618569085  -0.1741270759
0.6758989826  -0.8562300426  -0.1771831038
0.6728443675  -0.8505817456  -0.1802672943
0.6697617315  -0.8449128588  -0.1833795045
0.6666512300  -0.8392242247  -0.1865195888
0.6635129644  -0.8335166417  -0.1896873942
0.6603469936  -0.8277908649  -0.1928827613
0.6571534263  -0.8220476958  -0.1961055283
0.6539325035  -0.8162880662  -0.1993555295
0.6506843328  -0.8105127699  -0.2026325955
0.6474089796  -0.8047225541  -0.2059365479
0.6441067221  -0.7989183786  -0.2092672010
0.6407776769  -0.7931010340  -0.2126243701
0.6374218387  -0.7872711791  -0.2160078652
0.6340395505  -0.7814298177  -0.2194174871
0.6306310935  -0.7755778888  -0.2228530296
0.6271965428  -0.7697161147  -0.2263142822
0.6237360767  -0.7638453092  -0.2298010279
0.6202499268  -0.7579663330  -0.2333130391
0.6167383270  -0.7520800438  -0.2368500738
0.6132014795  -0.7461872553  -0.2404118743
0.6096396141  -0.7402887998  -0.2439981634
0.6060529950  -0.7343855381  -0.2476086338
0.6024418755  -0.7284783100  -0.2512429325
0.5988063779  -0.7225678205  -0.2549006336
0.5951466861  -0.7166548418  -0.2585811820
0.5914631484  -0.7107403354  -0.2622837691
0.5877559855  -0.7048251990  -0.2660070674
0.5840251158  -0.6989103909  -0.2697475292
0.5802704726  -0.6929967631  -0.2735022228
0.5764934596  -0.6870843913  -0.2772778733
0.5726967086  -0.6811731246  -0.2810861711
0.5688809170  -0.6752637632  -0.2849307534
0.5650446960  -0.6693579455  -0.2888093237
0.5611871807  -0.6634571467  -0.2927200230
0.5573084436  -0.6575623289  -0.2966614774
0.5534087158  -0.6516742093  -0.3006322300
0.5494881591  -0.6457933896  -0.3046307349
0.5455470614  -0.6399205674  -0.3086553636
0.5415857567  -0.6340564568  -0.3127044091
0.5376046722  -0.6282018341  -0.3167760940
0.5336042375  -0.6223574446  -0.3208685810
0.5295845183  -0.6165236391  -0.3249799760
0.5255458604  -0.6107010203  -0.3291083351
0.5214888138  -0.6048903684  -0.3332516765
0.5174136332  -0.5990921407  -0.3374079827
0.5133206034  -0.5933068000  -0.3415752016
0.5092100756  -0.5875348528  -0.3457512605
0.5050823100  -0.5817766922  -0.3499340719
0.5009375032  -0.5760326277  -0.3541215374
0.4967757894  -0.5703028907  -0.3583115530
0.4925970990  -0.5645874933  -0.3625020163
0.4884011447  -0.5588862218  -0.3666908324
0.4841873020  -0.5531985270  -0.3708759187
0.4799543446  -0.5475232581  -0.3750552103
0.4757000575  -0.5418582965  -0.3792266689
0.4714204116  -0.5361997487  -0.3833882896
0.4671080881  -0.5305405095  -0.3875381025
0.4627484363  -0.5248663070  -0.3916741800
0.4583112264  -0.5191476248  -0.3957946555
0.4536647944  -0.5132544812  -0.3998977358
0.4488882037  -0.5072699521  -0.4039816508
0.4444358254  -0.5016472723  -0.4080445781
0.4403899934  -0.4964609805  -0.4120846913
0.4364747676  -0.4914303060  -0.4161002893
0.4325920128  -0.4864558526  -0.4200898207
0.4287386247  -0.4815338645  -0.4240518319
0.4249141152  -0.4766632058  -0.4279849512
0.4211181848  -0.4718429394  -0.4318879000
0.4173505474  -0.4670721569  -0.4357594983
0.4136109297  -0.4623499795  -0.4395986671
0.4098990699  -0.4576755579  -0.4434044310
0.4062147164  -0.4530480715  -0.4471759214
0.4025576289  -0.4484667263  -0.4509123879
0.3989275772  -0.4439307551  -0.4546132026
0.3953243386  -0.4394394158  -0.4582778551
0.3917476967  -0.4349919915  -0.4619059603
0.3881974426  -0.4305877881  -0.4654972669
0.3846733731  -0.4262261341  -0.4690516586
0.3811752896  -0.4219063793  -0.4725691584
0.3777029978  -0.4176278938  -0.4760499360
0.3742563073  -0.4133900669  -0.4794943134
0.3708350308  -0.4091923062  -0.4829027734
0.3674389845  -0.4050340361  -0.4862759715
0.3640679877  -0.4009146975  -0.4896147497
0.3607218639  -0.3968337460  -0.4929201586
0.3574004425  -0.3927906514  -0.4961934911
0.3541035624  -0.3887848961  -0.4994363401
0.3508310802  -0.3848159734  -0.5026506993
0.3475828870  -0.3808833854  -0.5058391682
0.3443589485  -0.3769866385  -0.5090053862
0.3411595336  -0.3731252124  -0.5121562647
0.3379849664  -0.3692986037  -0.5152995641
0.3348341749  -0.3655065267  -0.5184332924
0.3317047608  -0.3617488448  -0.5215478249
0.3285955641  -0.3580251822  -0.5246389656
0.3255072035  -0.3543349117  -0.5277077656
0.3224402549  -0.3506774555  -0.5307549688
0.3193946722  -0.3470523509  -0.5337808171
0.3163702389  -0.3434591684  -0.5367855390
0.3133667361  -0.3398974856  -0.5397693618
0.3103839478  -0.3363668867  -0.5427325121
0.3074216605  -0.3328669621  -0.5456752156
0.3044796640  -0.3293973086  -0.5485976970
0.3015577504  -0.3259575290  -0.5515001796
0.2986557147  -0.3225472320  -0.5543828850
0.2957733544  -0.3191660326  -0.5572460329
0.2929104698  -0.3158135514  -0.5600898406
0.2900668634  -0.3124894151  -0.5629145230
0.2872423407  -0.3091932560  -0.5657202921
0.2844367093  -0.3059247122  -0.5685073567
0.2816497793  -0.3026834276  -0.5712759222
0.2788813632  -0.2994690515  -0.5740261904
0.2761312762  -0.2962812389  -0.5767583589
0.2733993353  -0.2931196505  -0.5794726209
0.2706853602  -0.2899839523  -0.5821691651
0.2679891728  -0.2868738158  -0.5848481753
0.2653105971  -0.2837889178  -0.5875098296
0.2626494595  -0.2807289404  -0.5901543003
0.2600055884  -0.2776935707  -0.5927817531
0.2573788143  -0.2746825009  -0.5953923459
0.2547689696  -0.2716954270  -0.5979862262
0.2521758881  -0.2687320474  -0.6005635243
0.2495994042  -0.2657920617  -0.6031243463
0.2470393562  -0.2628751844  -0.6056688005
0.2444955901  -0.2599811594  -0.6081970426
0.2419679593  -0.2571097419  -0.6107092684
0.2394563153  -0.2542606703  -0.6132056615
0.2369605053  -0.2514336689  -0.6156863763
0.2344803765  -0.2486284678  -0.6181515576
0.2320157797  -0.2458448076  -0.6206013508
0.2295665685  -0.2430824362  -0.6230359000
0.2271325990  -0.2403411056  -0.6254553479
0.2247137289  -0.2376205720  -0.6278598349
0.2223098175  -0.2349205957  -0.6302495001
0.2199207262  -0.2322409408  -0.6326244805
0.2175463178  -0.2295813750  -0.6349849116
0.2151864570  -0.2269416700  -0.6373309272
0.2128410101  -0.2243216010  -0.6396626592
0.2105098449  -0.2217209467  -0.6419802380
0.2081928311  -0.2191394894  -0.6442837926
0.2058898396  -0.2165770144  -0.6465734500
0.2036007434  -0.2140333107  -0.6488493360
0.2013254164  -0.2115081703  -0.6511115747
0.1990637346  -0.2090013882  -0.6533602887
0.1968155752  -0.2065127625  -0.6555955992
0.1945808168  -0.2040420946  -0.6578176259
0.1923593397  -0.2015891882  -0.6600264870
0.1901510254  -0.1991538503  -0.6622222994
0.1879557569  -0.1967358904  -0.6644051787
0.1857734186  -0.1943351207  -0.6665752391
0.1836038963  -0.1919513561  -0.6687325933
0.1814470771  -0.1895844139  -0.6708773530
0.1793028494  -0.1872341138  -0.6730096286
0.1771711028  -0.1849002776  -0.6751295291
0.1750517285  -0.1825827296  -0.6772371627
0.1729446187  -0.1802812969  -0.6793326361
0.1708496669  -0.1779958101  -0.6814160545
0.1687667679  -0.1757261024  -0.6834875220
0.1666958175  -0.1734720092  -0.6855471412
0.1646367129  -0.1712333677  -0.6875950138
0.1625893525  -0.1690100176  -0.6896312403
0.1605536358  -0.1668018005  -0.6916559201
0.1585294634  -0.1646085607  -0.6936691514
0.1565167370  -0.1624301441  -0.6956710313
0.1545153596  -0.1602663992  -0.6976616560
0.1525252351  -0.1581171763  -0.6996411203
0.1505462686  -0.1559823278  -0.7016095182
0.1485783662  -0.1538617081  -0.7035669424
0.1466214350  -0.1517551730  -0.7055134849
0.1446753832  -0.1496625808  -0.7074492364
0.1427401201  -0.1475837925  -0.7093742866
0.1408155560  -0.1455186711  -0.7112887244
0.1389016019  -0.1434670806  -0.7131926376
0.1369981702  -0.1414288865  -0.7150861129
0.1351051740  -0.1394039565  -0.7169692364
0.1332225274  -0.1373921598  -0.7188420928
0.1313501455  -0.1353933673  -0.7207047664
0.1294879443  -0.1334074517  -0.7225573401
0.1276358407  -0.1314342873  -0.7243998963
0.1257937524  -0.1294737502  -0.7262325162
0.1239615981  -0.1275257178  -0.7280552803
0.1221392975  -0.1255900694  -0.7298682681
0.1203267710  -0.1236666857  -0.7316715585
0.1185239398  -0.1217554489  -0.7334652292
0.1167307261  -0.1198562428  -0.7352493575
0.1149470528  -0.1179689527  -0.7370240194
0.1131728437  -0.1160934653  -0.7387892904
0.1114080235  -0.1142296689  -0.7405452452
0.1096525174  -0.1123774530  -0.7422919576
0.1079062517  -0.1105367087  -0.7440295006
0.1061691533  -0.1087073284  -0.7457579465
0.1044411499  -0.1068892059  -0.7474773670
0.1027221701  -0.1050822361  -0.7491878326
0.1010121429  -0.1032863157  -0.7508894136
0.0993109985  -0.1015013421  -0.7525821792
0.0976186675  -0.0997272145  -0.7542661980
0.0959350812  -0.0979638331  -0.7559415378
0.0942601718  -0.0962110992  -0.7576082660
0.0925938722  -0.0944689156  -0.7592664489
0.0909361159  -0.0927371882  -0.7609161570
0.0892868375  -0.0910158248  -0.7625574654
0.0876459717  -0.0893047269  -0.7641904353
0.0860134532  -0.0876037950  -0.7658151148
0.0843892178  -0.0859129398  -0.7674315617
0.0827732029  -0.0842320742  -0.7690398390
0.0811653461  -0.0825611094  -0.7706400071
0.0795655857  -0.0808999573  -0.7722321260
0.0779738603  -0.0792485307  -0.7738162555
0.0763901093  -0.0776067437  -0.7753924551
0.0748142729  -0.0759745111  -0.7769607843
0.0732462915  -0.0743517488  -0.7785213020
0.0716861064  -0.0727383738  -0.7800740675
0.0701336593  -0.0711343039  -0.7816191397
0.0685888926  -0.0695394578  -0.7831565774
0.0670517492  -0.0679537551  -0.7846864393
0.0655221726  -0.0663771164  -0.7862087842
0.0640001069  -0.0648094632  -0.7877236705
0.0624854965  -0.0632507177  -0.7892311568
0.0609782866  -0.0617008033  -0.7907313013
0.0594784228  -0.0601596438  -0.7922241623
0.0579858512  -0.0586271642  -0.7937097975
0.0565005186  -0.0571032903  -0.7951882649
0.0550223721  -0.0555879485  -0.7966596218
0.0535513594  -0.0540810662  -0.7981239253
0.0520874286  -0.0525825716  -0.7995812321
0.0506305283  -0.0510923935  -0.8010315985
0.0491806078  -0.0496104619  -0.8024750800
0.0477376166  -0.0481367070  -0.8039117318
0.0463015049  -0.0466710604  -0.8053416081
0.0448722230  -0.0452134538  -0.8067647624
0.0434497222  -0.0437638203  -0.8081812472
0.0420342349  -0.0423220901  -0.8096112540
0.0406258977  -0.0408881962  -0.8110648066
0.0392239342  -0.0394620811  -0.8125075525
0.0378280823  -0.0380436823  -0.8139484153
0.0364386724  -0.0366329324  -0.8153868257
0.0350556518  -0.0352297685  -0.8168221304
0.0336789700  -0.0338341285  -0.8182535920
0.0323085780  -0.0324459508  -0.8196803886
0.0309444294  -0.0310651747  -0.8211016147
0.0295864798  -0.0296917400  -0.8225162802
0.0282346871  -0.0283255872  -0.8239233111
0.0268890118  -0.0269666574  -0.8253215493
0.0255494168  -0.0256148925  -0.8267097524
0.0242158675  -0.0242702349  -0.8280865941
0.0228883320  -0.0229326276  -0.8294506638
0.0215667811  -0.0216020143  -0.8308004667
0.0202511883  -0.0202783393  -0.8321344241
0.0189415298  -0.0189615476  -0.8334508731
0.0176377845  -0.0176515845  -0.8347480664
0.0163399340  -0.0163483962  -0.8360241730
0.0150479625  -0.0150519295  -0.8372772774
0.0137618569  -0.0137621315  -0.8385053803
0.0124816064  -0.0124789503  -0.8397063979
0.0112072027  -0.0112023342  -0.8408781625
0.0099386396  -0.0099322323  -0.8420184224
0.0086759129  -0.0086685941  -0.8431248414
0.0074190202  -0.0074113700  -0.8441949995
0.0061679605  -0.0061605106  -0.8452263923
0.0049227343  -0.0049159673  -0.8462164316
0.0036833425  -0.0036776919  -0.8471624447
0.0024497870  -0.0024456370  -0.8480616750
0.0012220692  -0.0012197554  -0.8489112818
0.0012216679  -0.0012197539  -0.8489112818
