0.162888
0.9806623434  -1.5526302829   0.0000696595
0.9806623434  -1.5526302829   0.0000696595
0.9806752808  -1.5526686275   0.0000637079
0.9806795578  -1.5526797742   0.0000423395
0.9806685986  -1.5526443169   0.0000050916
0.9806407277  -1.5525574873  -0.0000484912
0.9805951935  -1.5524171452  -0.0001188567
0.9805315098  -1.5522219057  -0.0002064456
0.9804492910  -1.5519706695  -0.0003116908
0.9803481959  -1.5516624661  -0.0004350183
0.9802279058  -1.5512963912  -0.0005768464
0.9800881141  -1.5508715789  -0.0007375859
0.9799285217  -1.5503871875  -0.0009176405
0.9797488340  -1.5498423926  -0.0011174063
0.9795487592  -1.5492363834  -0.0013372721
0.9793280083  -1.5485683610  -0.0015776193
0.9790862938  -1.5478375371  -0.0018388218
0.9788233297  -1.5470431339  -0.0021212462
0.9785388317  -1.5461843844  -0.0024252517
0.9782325168  -1.5452605327  -0.0027511901
0.9779041035  -1.5442708342  -0.0030994058
0.9775533118  -1.5432145570  -0.0034702357
0.9771798637  -1.5420909818  -0.0038640095
0.9767834825  -1.5408994031  -0.0042810494
0.9763638939  -1.5396391303  -0.0047216701
0.9759208254  -1.5383094879  -0.0051861792
0.9754540068  -1.5369098167  -0.0056748765
0.9749631703  -1.5354394745  -0.0061880548
0.9744480505  -1.5338978374  -0.0067259992
0.9739083853  -1.5322843003  -0.0072889875
0.9733439151  -1.5305982781  -0.0078772903
0.9727543836  -1.5288392063  -0.0084911705
0.9721395425  -1.5270063822  -0.0091319500
0.9714991398  -1.5250994075  -0.0097988955
0.9708329216  -1.5231180131  -0.0104918651
0.9701406466  -1.5210616375  -0.0112111289
0.9694220792  -1.5189297638  -0.0119569289
0.9686769863  -1.5167219523  -0.0127294904
0.9679051392  -1.5144378010  -0.0135290345
0.9671063131  -1.5120769368  -0.0143557780
0.9662802880  -1.5096390161  -0.0152099338
0.9654268492  -1.5071237256  -0.0160917099
0.9645457867  -1.5045307818  -0.0170013096
0.9636368957  -1.5018599317  -0.0179389307
0.9626999771  -1.4991109546  -0.0189047659
0.9617348371  -1.4962836618  -0.0198990021
0.9607412874  -1.4933778966  -0.0209218205
0.9597191462  -1.4903935366  -0.0219733968
0.9586682371  -1.4873304924  -0.0230539001
0.9575883898  -1.4841887092  -0.0241634938
0.9564794409  -1.4809681681  -0.0253023349
0.9553412325  -1.4776688842  -0.0264705743
0.9541736133  -1.4742909076  -0.0276683562
0.9529764380  -1.4708343239  -0.0288958185
0.9517495683  -1.4672992549  -0.0301530924
0.9504928736  -1.4636858593  -0.0314403024
0.9492062288  -1.4599943310  -0.0327575665
0.9478895154  -1.4562249007  -0.0341049960
0.9465426217  -1.4523778348  -0.0354826952
0.9451654438  -1.4484534344  -0.0368907618
0.9437578838  -1.4444520364  -0.0383292867
0.9423198514  -1.4403740161  -0.0397983538
0.9408512627  -1.4362197845  -0.0412980404
0.9393520405  -1.4319897641  -0.0428284169
0.9378221142  -1.4276844254  -0.0443895467
0.9362614204  -1.4233043276  -0.0459814871
0.9346699030  -1.4188500403  -0.0476042883
0.9330475126  -1.4143221261  -0.0492579954
0.9313942058  -1.4097211891  -0.0509426460
0.9297099455  -1.4050478764  -0.0526582641
0.9279947013  -1.4003028672  -0.0544048648
0.9262484498  -1.3954868678  -0.0561824614
0.9244711744  -1.3906006151  -0.0579910626
0.9226628633  -1.3856448766  -0.0598306706
0.9208235121  -1.3806204477  -0.0617012828
0.9189531214  -1.3755281476  -0.0636028929
0.9170516990  -1.3703688268  -0.0655354892
0.9151192578  -1.3651433615  -0.0674990552
0.9131558159  -1.3598526466  -0.0694935722
0.9111613974  -1.3544976019  -0.0715190199
0.9091360306  -1.3490791721  -0.0735753722
0.9070797505  -1.3435983249  -0.0756625986
0.9049925963  -1.3380560468  -0.0777806653
0.9028746118  -1.3324533418  -0.0799295357
0.9007258456  -1.3267912329  -0.0821091711
0.8985463488  -1.3210707620  -0.0843195288
0.8963361784  -1.3152929846  -0.0865605610
0.8940953951  -1.3094589683  -0.0888322209
0.8918240633  -1.3035697981  -0.0911344582
0.8895222520  -1.2976265745  -0.0934672158
0.8871900309  -1.2916304067  -0.0958304380
0.8848274747  -1.2855824143  -0.0982240653
0.8824346609  -1.2794837253  -0.1006480312
0.8800116657  -1.2733354705  -0.1031022684
0.8775585729  -1.2671387938  -0.1055867107
0.8750754677  -1.2608948450  -0.1081012881
0.8725624337  -1.2546047726  -0.1106459263
0.8700195580  -1.2482697364  -0.1132205495
0.8674469304  -1.2418909037  -0.1158250794
0.8648447209  -1.2354695160  -0.1184594323
0.8622129146  -1.2290066292  -0.1211235226
0.8595512782  -1.2225030799  -0.1238172648
0.8568598743  -1.2159600028  -0.1265405689
0.8541388837  -1.2093786447  -0.1292933398
0.8513883458  -1.2027600854  -0.1320754831
0.8486083317  -1.1961054352  -0.1348869024
0.8457989464  -1.1894158642  -0.1377274960
0.8429603009  -1.1826925619  -0.1405971577
0.8400924501  -1.1759366605  -0.1434957773
0.8371954787  -1.1691493116  -0.1464232442
0.8342696222  -1.1623318071  -0.1493794455
0.8313150244  -1.1554853369  -0.1523642626
0.8283317420  -1.1486109906  -0.1553775760
0.8253199003  -1.1417099165  -0.1584192617
0.8222796275  -1.1347832548  -0.1614891871
0.8192110810  -1.1278321612  -0.1645872177
0.8161144685  -1.1208578315  -0.1677132194
0.8129898393  -1.1138612879  -0.1708670552
0.8098373233  -1.1068436186  -0.1740485814
0.8066572697  -1.0998061231  -0.1772576495
0.8034496841  -1.0927497438  -0.1804941089
0.8002146753  -1.0856755067  -0.1837578033
0.7969526077  -1.0785846852  -0.1870485724
0.7936634778  -1.0714781709  -0.1903662509
0.7903473545  -1.0643569113  -0.1937106664
0.7870045393  -1.0572220775  -0.1970816463
0.7836352852  -1.0500747782  -0.2004790141
0.7802397142  -1.0429159776  -0.2039025853
0.7768179792  -1.0357466545  -0.2073521712
0.7733703474  -1.0285678878  -0.2108275793
0.7698969410  -1.0213806006  -0.2143286096
0.7663978824  -1.0141856997  -0.2178550571
0.7628734250  -1.0069842070  -0.2214067169
0.7593238551  -0.9997771610  -0.2249833730
0.7557492506  -0.9925653841  -0.2285848072
0.7521497946  -0.9853498210  -0.2322108508
0.7485258540  -0.9781316083  -0.2358613784
0.7448776031  -0.9709116366  -0.2395362259
0.7412052078  -0.9636907224  -0.2432351618
0.7375088236  -0.9564696565  -0.2469579321
0.7337886285  -0.9492492637  -0.2507042852
0.7300450027  -0.9420305776  -0.2544739664
0.7262781158  -0.9348144087  -0.2582667189
0.7224881634  -0.9276015765  -0.2620822856
0.7186755227  -0.9203930752  -0.2659204056
0.7148402810  -0.9131895908  -0.2697808145
0.7109825390  -0.9059918087  -0.2736632480
0.7071026459  -0.8988006523  -0.2775674425
0.7032009759  -0.8916170562  -0.2814931323
0.6992777906  -0.8844418278  -0.2854400453
0.6953332377  -0.8772756451  -0.2894079077
0.6913676119  -0.8701193159  -0.2933964453
0.6873812282  -0.8629736533  -0.2974053810
0.6833742606  -0.8558393157  -0.3014344307
0.6793470778  -0.8487171431  -0.3054833050
0.6752998166  -0.8416077256  -0.3095517122
0.6712327262  -0.8345117473  -0.3136393492
0.6671462916  -0.8274301205  -0.3177458942
0.6630407099  -0.8203634556  -0.3218710042
0.6589162142  -0.8133123815  -0.3260143056
0.6547731358  -0.8062776177  -0.3301753700
0.6506117598  -0.7992598338  -0.3343536760
0.6464323493  -0.7922596880  -0.3385485290
0.6422351720  -0.7852778942  -0.3427588537
0.6380203295  -0.7783151563  -0.3469826317
0.6337875008  -0.7713721674  -0.3512156814
0.6295374408  -0.7644493066  -0.3554597464
0.6252730256  -0.7575460759  -0.3597264352
0.6209961096  -0.7506624902  -0.3640223713
0.6167055603  -0.7438000356  -0.3683457592
0.6123999298  -0.7369601960  -0.3726945452
0.6080790755  -0.7301438203  -0.3770674080
0.6037431938  -0.7233513928  -0.3814629928
0.5993925532  -0.7165833941  -0.3858798630
0.5950275730  -0.7098404206  -0.3903165096
0.5906485502  -0.7031229115  -0.3947713531
0.5862556756  -0.6964311662  -0.3992427530
0.5818492895  -0.6897656031  -0.4037290193
0.5774297700  -0.6831266492  -0.4082284129
0.5729976839  -0.6765148918  -0.4127391482
0.5685531959  -0.6699304880  -0.4172594017
0.5640964955  -0.6633735937  -0.4217873219
0.5596281724  -0.6568447409  -0.4263210337
0.5551484690  -0.6503440934  -0.4308586410
0.5506576371  -0.6438718040  -0.4353982355
0.5461559437  -0.6374280217  -0.4399379010
0.5416435415  -0.6310127661  -0.4444757197
0.5371204868  -0.6246259497  -0.4490097797
0.5325866523  -0.6182672976  -0.4535381737
0.5280415968  -0.6119362149  -0.4580590064
0.5234844576  -0.6056316931  -0.4625704043
0.5189136448  -0.5993520128  -0.4670705173
0.5143262718  -0.5930941933  -0.4715575234
0.5097170028  -0.5868528744  -0.4760296358
0.5050755404  -0.5806178595  -0.4804851087
0.5003795275  -0.5743671554  -0.4849222477
0.4955745322  -0.5680473053  -0.4893394319
0.4905386838  -0.5615398472  -0.4937350937
0.4856502915  -0.5552242683  -0.4981076228
0.4812244798  -0.5494089498  -0.5024553539
0.4769857344  -0.5438115727  -0.5067767063
0.4727876912  -0.5382837692  -0.5110702617
0.4686207580  -0.5328151402  -0.5153347132
0.4644843972  -0.5274043662  -0.5195688291
0.4603782961  -0.5220503661  -0.5237714601
0.4563021531  -0.5167520908  -0.5279415436
0.4522556797  -0.5115085261  -0.5320781082
0.4482385996  -0.5063186914  -0.5361802827
0.4442506489  -0.5011816390  -0.5402472976
0.4402915732  -0.4960964533  -0.5442784860
0.4363611266  -0.4910622497  -0.5482732841
0.4324590715  -0.4860781734  -0.5522312395
0.4285851792  -0.4811433977  -0.5561520206
0.4247392281  -0.4762571234  -0.5600354108
0.4209210009  -0.4714185777  -0.5638813126
0.4171302860  -0.4666270127  -0.5676897577
0.4133668769  -0.4618817042  -0.5714609083
0.4096305707  -0.4571819507  -0.5751950623
0.4059211681  -0.4525270721  -0.5788926611
0.4022384730  -0.4479164085  -0.5825542969
0.3985822926  -0.4433493189  -0.5861807261
0.3949524382  -0.4388251806  -0.5897728861
0.3913487262  -0.4343433870  -0.5933319197
0.3877709807  -0.4299033472  -0.5968592182
0.3842190400  -0.4255044838  -0.6003564949
0.3806927692  -0.4211462307  -0.6038259298
0.3771920924  -0.4168280285  -0.6072704930
0.3737170808  -0.4125493125  -0.6106947753
0.3702681528  -0.4083094857  -0.6141068319
0.3668450286  -0.4041080931  -0.6175096346
0.3634454515  -0.3999449863  -0.6208945109
0.3600674099  -0.3958199006  -0.6242548159
0.3567111827  -0.3917321664  -0.6275911539
0.3533775872  -0.3876810729  -0.6309045008
0.3500666989  -0.3836660709  -0.6341951427
0.3467783046  -0.3796866722  -0.6374633167
0.3435121764  -0.3757423991  -0.6407092586
0.3402680891  -0.3718327812  -0.6439332035
0.3370458204  -0.3679573556  -0.6471353857
0.3338451508  -0.3641156667  -0.6503160382
0.3306658636  -0.3603072659  -0.6534753926
0.3275077449  -0.3565317117  -0.6566136791
0.3243705835  -0.3527885694  -0.6597311257
0.3212541708  -0.3490774113  -0.6628279582
0.3181583008  -0.3453978163  -0.6659043999
0.3150827703  -0.3417493700  -0.6689606713
0.3120273783  -0.3381316649  -0.6719969898
0.3089919265  -0.3345442997  -0.6750135693
0.3059762190  -0.3309868796  -0.6780106203
0.3029800624  -0.3274590165  -0.6809883489
0.3000032657  -0.3239603285  -0.6839469572
0.2970456400  -0.3204904398  -0.6868866427
0.2941069992  -0.3170489812  -0.6898075980
0.2911871592  -0.3136355895  -0.6927100103
0.2882859381  -0.3102499074  -0.6955940611
0.2854031564  -0.3068915837  -0.6984599256
0.2825386367  -0.3035602727  -0.7013077716
0.2796922034  -0.3002556340  -0.7041377577
0.2768636829  -0.2969773311  -0.7069500291
0.2740529022  -0.2937250286  -0.7097447085
0.2712596902  -0.2904983987  -0.7125219033
0.2684838828  -0.2872971426  -0.7152817540
0.2657253256  -0.2841209881  -0.7180244574
0.2629838661  -0.2809696523  -0.7207502147
0.2602593459  -0.2778428300  -0.7234591947
0.2575516041  -0.2747402162  -0.7261515491
0.2548604834  -0.2716615189  -0.7288274300
0.2521858301  -0.2686064552  -0.7314869887
0.2495274930  -0.2655747475  -0.7341303750
0.2468853227  -0.2625661230  -0.7367577365
0.2442591714  -0.2595803134  -0.7393692192
0.2416488935  -0.2566170548  -0.7419649674
0.2390543449  -0.2536760877  -0.7445451233
0.2364753834  -0.2507571568  -0.7471098275
0.2339118683  -0.2478600107  -0.7496592189
0.2313636609  -0.2449844023  -0.7521934348
0.2288306239  -0.2421300883  -0.7547126106
0.2263126218  -0.2392968291  -0.7572168801
0.2238095207  -0.2364843891  -0.7597063758
0.2213211881  -0.2336925359  -0.7621812282
0.2188474934  -0.2309210410  -0.7646415664
0.2163883072  -0.2281696792  -0.7670875181
0.2139435020  -0.2254382287  -0.7695192093
0.2115129515  -0.2227264708  -0.7719367647
0.2090965309  -0.2200341901  -0.7743403075
0.2066941170  -0.2173611744  -0.7767299593
0.2043055879  -0.2147072144  -0.7791058405
0.2019308233  -0.2120721037  -0.7814680703
0.1995697041  -0.2094556387  -0.7838167661
0.1972221126  -0.2068576187  -0.7861520444
0.1948879326  -0.2042778452  -0.7884740205
0.1925670490  -0.2017161224  -0.7907828081
0.1902593483  -0.1991722574  -0.7930785201
0.1879647179  -0.1966460611  -0.7953612677
0.1856830469  -0.1941373478  -0.7976311609
0.1834142253  -0.1916459345  -0.7998883079
0.1811581445  -0.1891716402  -0.8021328162
0.1789146972  -0.1867142861  -0.8043647919
0.1766837771  -0.1842736962  -0.8065843402
0.1744652793  -0.1818496970  -0.8087915648
0.1722591000  -0.1794421173  -0.8109865685
0.1700651364  -0.1770507883  -0.8131694527
0.1678832871  -0.1746755435  -0.8153403181
0.1657134517  -0.1723162189  -0.8174992638
0.1635555307  -0.1699726523  -0.8196463882
0.1614094262  -0.1676446832  -0.8217817885
0.1592750408  -0.1653321540  -0.8239055606
0.1571522785  -0.1630349105  -0.8260177997
0.1550410444  -0.1607528006  -0.8281185999
0.1529412444  -0.1584856731  -0.8302080540
0.1508527855  -0.1562333785  -0.8322862540
0.1487755757  -0.1539957697  -0.8343532911
0.1467095242  -0.1517727012  -0.8364092552
0.1446545409  -0.1495640297  -0.8384542354
0.1426105366  -0.1473696136  -0.8404883198
0.1405774235  -0.1451893133  -0.8425115957
0.1385551143  -0.1430229910  -0.8445241492
0.1365435228  -0.1408705105  -0.8465260658
0.1345425636  -0.1387317376  -0.8485174299
0.1325521525  -0.1366065399  -0.8504983249
0.1305722058  -0.1344947865  -0.8524688337
0.1286026409  -0.1323963482  -0.8544290380
0.1266433761  -0.1303110978  -0.8563790188
0.1246943305  -0.1282389094  -0.8583188562
0.1227554239  -0.1261796588  -0.8602486294
0.1208265771  -0.1241332236  -0.8621684169
0.1189077118  -0.1220994825  -0.8640782963
0.1169987502  -0.1200783163  -0.8659783445
0.1150996157  -0.1180696070  -0.8678686375
0.1132102321  -0.1160732381  -0.8697492505
0.1113305243  -0.1140890947  -0.8716202581
0.1094604178  -0.1121170632  -0.8734817339
0.1075998388  -0.1101570314  -0.8753337509
0.1057487145  -0.1082088888  -0.8771763814
0.1039069726  -0.1062725259  -0.8790096968
0.1020745417  -0.1043478347  -0.8808337679
0.1002513511  -0.1024347116  -0.8826486704
0.0984373313  -0.1005330553  -0.8844544858
0.0966324127  -0.0986427548  -0.8862512787
0.0948365256  -0.0967636974  -0.8880390981
0.0930496016  -0.0948957849  -0.8898180044
0.0912715740  -0.0930389219  -0.8915880650
0.0895023765  -0.0911930098  -0.8933493441
0.0877419433  -0.0893579512  -0.8951019054
0.0859902091  -0.0875336495  -0.8968458124
0.0842471093  -0.0857200093  -0.8985811285
0.0825125800  -0.0839169363  -0.9003079171
0.0807865580  -0.0821243373  -0.9020262413
0.0790689804  -0.0803421201  -0.9037361642
0.0773597852  -0.0785701937  -0.9054377489
0.0756589109  -0.0768084678  -0.9071310584
0.0739662967  -0.0750568535  -0.9088161559
0.0722818823  -0.0733152625  -0.9104931042
0.0706056078  -0.0715836078  -0.9121619665
0.0689374142  -0.0698618033  -0.9138228056
0.0672772428  -0.0681497636  -0.9154756844
0.0656250357  -0.0664474045  -0.9171206657
0.0639807352  -0.0647546427  -0.9187578122
0.0623442844  -0.0630713958  -0.9203871863
0.0607156268  -0.0613975822  -0.9220088501
0.0590947066  -0.0597331213  -0.9236228655
0.0574814684  -0.0580779333  -0.9252292939
0.0558758571  -0.0564319395  -0.9268281963
0.0542778185  -0.0547950618  -0.9284196330
0.0526872986  -0.0531672230  -0.9300036636
0.0511042441  -0.0515483470  -0.9315803470
0.0495286020  -0.0499383582  -0.9331497411
0.0479603199  -0.0483371822  -0.9347119028
0.0463996886  -0.0467447411  -0.9362891433
0.0448468817  -0.0451609601  -0.9378925391
0.0433009598  -0.0435857769  -0.9394841250
0.0417616101  -0.0420191223  -0.9410737607
0.0402292424  -0.0404609208  -0.9426608154
0.0387037995  -0.0389111027  -0.9442445650
0.0371852261  -0.0373695990  -0.9458241925
0.0356734698  -0.0358363416  -0.9473987880
0.0341684801  -0.0343112629  -0.9489673484
0.0326702097  -0.0327942962  -0.9505287777
0.0311786139  -0.0312853756  -0.9520818869
0.0296936506  -0.0297844359  -0.9536253939
0.0282152812  -0.0282914123  -0.9551579236
0.0267434697  -0.0268062411  -0.9566780080
0.0252781836  -0.0253288592  -0.9581840860
0.0238193934  -0.0238592040  -0.9596745035
0.0223670730  -0.0223972139  -0.9611475134
0.0209211993  -0.0209428277  -0.9626012756
0.0194817528  -0.0194959850  -0.9640338569
0.0180487169  -0.0180566261  -0.9654432313
0.0166220783  -0.0166246920  -0.9668272794
0.0152018269  -0.0152001242  -0.9681837892
0.0137879555  -0.0137828649  -0.9695104555
0.0123804595  -0.0123728571  -0.9708048802
0.0109793372  -0.0109700443  -0.9720645719
0.0095845891  -0.0095743707  -0.9732869465
0.0081962180  -0.0081857811  -0.9744693267
0.0068142283  -0.0068042211  -0.9756089424
0.0054386259  -0.0054296368  -0.9767029302
0.0040694178  -0.0040619749  -0.9777483339
0.0027066113  -0.0027011829  -0.9787421043
0.0013502140  -0.0013472087  -0.9796810989
0.0013497239  -0.0013472066  -0.9796810989
