0.259195
0.3782690787  -0.4311262583   0.0000140833
0.3782690787  -0.4311262583   0.0000140833
0.3782715984  -0.4311297930   0.0000130996
0.3782724970  -0.4311309974   0.0000091505
0.3782705096  -0.4311281020   0.0000021633
0.3782653351  -0.4311206938  -0.0000079344
0.3782568386  -0.4311085873  -0.0000212153
0.3782449323  -0.4310916610  -0.0000377524
0.3782295457  -0.4310698175  -0.0000576186
0.3782106154  -0.4310429691  -0.0000808869
0.3781880818  -0.4310110327  -0.0001076307
0.3781618864  -0.4309739273  -0.0001379232
0.3781319714  -0.4309315726  -0.0001718378
0.3780982791  -0.4308838885  -0.0002094483
0.3780607516  -0.4308307946  -0.0002508283
0.3780193305  -0.4307722100  -0.0002960517
0.3779739571  -0.4307080532  -0.0003451924
0.3779245720  -0.4306382420  -0.0003983245
0.3778711150  -0.4305626932  -0.0004555222
0.3778135256  -0.4304813230  -0.0005168600
0.3777517423  -0.4303940465  -0.0005824122
0.3776857030  -0.4303007778  -0.0006522535
0.3776153447  -0.4302014304  -0.0007264585
0.3775406039  -0.4300959165  -0.0008051022
0.3774614161  -0.4299841476  -0.0008882595
0.3773777161  -0.4298660339  -0.0009760055
0.3772894378  -0.4297414848  -0.0010684154
0.3771965145  -0.4296104088  -0.0011655646
0.3770988784  -0.4294727131  -0.0012675285
0.3769964610  -0.4293283042  -0.0013743827
0.3768891930  -0.4291770873  -0.0014862030
0.3767770042  -0.4290189667  -0.0016030652
0.3766598237  -0.4288538425  -0.0017252469
0.3765375795  -0.4286816197  -0.0018526335
0.3764101984  -0.4285022042  -0.0019852256
0.3762776069  -0.4283154939  -0.0021231047
0.3761397303  -0.4281213864  -0.0022663485
0.3759964931  -0.4279197794  -0.0024150330
0.3758478190  -0.4277105698  -0.0025692351
0.3756936305  -0.4274936533  -0.0027290328
0.3755338495  -0.4272689248  -0.0028945052
0.3753683966  -0.4270362780  -0.0030657323
0.3751971918  -0.4267956056  -0.0032427952
0.3750201538  -0.4265467992  -0.0034257761
0.3748372007  -0.4262897495  -0.0036147578
0.3746482494  -0.4260243459  -0.0038098246
0.3744532158  -0.4257504771  -0.0040110615
0.3742520150  -0.4254680304  -0.0042185544
0.3740445609  -0.4251768925  -0.0044323906
0.3738307666  -0.4248769486  -0.0046526580
0.3736105441  -0.4245680833  -0.0048794457
0.3733838043  -0.4242501800  -0.0051128440
0.3731504574  -0.4239231210  -0.0053529438
0.3729104122  -0.4235867879  -0.0055998374
0.3726635768  -0.4232410609  -0.0058536179
0.3724098579  -0.4228858197  -0.0061143797
0.3721491615  -0.4225209424  -0.0063822180
0.3718813923  -0.4221463067  -0.0066572292
0.3716064541  -0.4217617890  -0.0069395105
0.3713242495  -0.4213672649  -0.0072291605
0.3710346802  -0.4209626089  -0.0075262786
0.3707376467  -0.4205476947  -0.0078309654
0.3704330484  -0.4201223951  -0.0081433226
0.3701207838  -0.4196865811  -0.0084634528
0.3698007501  -0.4192401231  -0.0087914600
0.3694728435  -0.4187828933  -0.0091274490
0.3691369592  -0.4183147618  -0.0094715258
0.3687929912  -0.4178355963  -0.0098237975
0.3684408324  -0.4173452640  -0.0101843725
0.3680803747  -0.4168436315  -0.0105533599
0.3677115087  -0.4163305647  -0.0109308703
0.3673341241  -0.4158059289  -0.0113170151
0.3669481097  -0.4152695888  -0.0117119069
0.3665533530  -0.4147214080  -0.0121156594
0.3661497404  -0.4141612498  -0.0125283874
0.3657371574  -0.4135889766  -0.0129502069
0.3653154882  -0.4130044502  -0.0133812349
0.3648846162  -0.4124075318  -0.0138215895
0.3644444235  -0.4117980820  -0.0142713899
0.3639947913  -0.4111759609  -0.0147307564
0.3635355996  -0.4105410281  -0.0151998104
0.3630667274  -0.4098931427  -0.0156786742
0.3625880526  -0.4092321633  -0.0161674713
0.3620994523  -0.4085579481  -0.0166663262
0.3616008022  -0.4078703550  -0.0171753643
0.3610919769  -0.4071692415  -0.0176947124
0.3605728499  -0.4064544642  -0.0182244980
0.3600432936  -0.4057258798  -0.0187648497
0.3595031791  -0.4049833444  -0.0193158974
0.3589523767  -0.4042267139  -0.0198777714
0.3583907555  -0.4034558442  -0.0204506034
0.3578181837  -0.4026705909  -0.0210345260
0.3572345282  -0.4018708096  -0.0216296728
0.3566396551  -0.4010563557  -0.0222361785
0.3560334302  -0.4002270856  -0.0228541786
0.3554157183  -0.3993828562  -0.0234838096
0.3547863834  -0.3985235247  -0.0241252091
0.3541452884  -0.3976489477  -0.0247785151
0.3534922956  -0.3967589805  -0.0254438669
0.3528272662  -0.3958534769  -0.0261214043
0.3521500608  -0.3949322921  -0.0268112680
0.3514605392  -0.3939952843  -0.0275135995
0.3507585602  -0.3930423142  -0.0282285411
0.3500439816  -0.3920732439  -0.0289562365
0.3493166605  -0.3910879368  -0.0296968298
0.3485764542  -0.3900862572  -0.0304504662
0.3478232190  -0.3890680696  -0.0312172905
0.3470568108  -0.3880332392  -0.0319974477
0.3462770849  -0.3869816319  -0.0327910826
0.3454838963  -0.3859131145  -0.0335983410
0.3446770996  -0.3848275549  -0.0344193697
0.3438565479  -0.3837248209  -0.0352543164
0.3430220937  -0.3826047805  -0.0361033294
0.3421735885  -0.3814673023  -0.0369665571
0.3413108835  -0.3803122562  -0.0378441482
0.3404338295  -0.3791395132  -0.0387362514
0.3395422791  -0.3779489486  -0.0396430157
0.3386360851  -0.3767404397  -0.0405645901
0.3377150985  -0.3755138636  -0.0415011233
0.3367791692  -0.3742690980  -0.0424527641
0.3358281468  -0.3730060226  -0.0434196611
0.3348618812  -0.3717245196  -0.0444019627
0.3338802240  -0.3704244760  -0.0453998173
0.3328830284  -0.3691057827  -0.0464133725
0.3318701478  -0.3677683326  -0.0474427759
0.3308414361  -0.3664120216  -0.0484881744
0.3297967480  -0.3650367483  -0.0495497138
0.3287359390  -0.3636424120  -0.0506275372
0.3276588636  -0.3622289134  -0.0517217853
0.3265653759  -0.3607961746  -0.0528326034
0.3254553312  -0.3593441465  -0.0539601474
0.3243285851  -0.3578727721  -0.0551045772
0.3231849936  -0.3563819627  -0.0562660446
0.3220244193  -0.3548716196  -0.0574446912
0.3208467322  -0.3533416556  -0.0586406502
0.3196518062  -0.3517920000  -0.0598540498
0.3184395193  -0.3502226010  -0.0610850146
0.3172097363  -0.3486334041  -0.0623336673
0.3159623024  -0.3470243401  -0.0636001282
0.3146970568  -0.3453953377  -0.0648845159
0.3134138534  -0.3437463472  -0.0661869463
0.3121125741  -0.3420773517  -0.0675075329
0.3107931133  -0.3403883494  -0.0688463864
0.3094553685  -0.3386793454  -0.0702036147
0.3080992302  -0.3369503446  -0.0715793226
0.3067245802  -0.3352013468  -0.0729736112
0.3053313022  -0.3334323548  -0.0743865769
0.3039192889  -0.3316433859  -0.0758183111
0.3024884406  -0.3298344715  -0.0772688995
0.3010386509  -0.3280056379  -0.0787384198
0.2995698122  -0.3261569124  -0.0802269394
0.2980818333  -0.3242883467  -0.0817345137
0.2965746280  -0.3224000001  -0.0832611803
0.2950481054  -0.3204919280  -0.0848069511
0.2935021865  -0.3185642068  -0.0863718018
0.2919367973  -0.3166169226  -0.0879556529
0.2903518638  -0.3146501630  -0.0895583528
0.2887473211  -0.3126640363  -0.0911796497
0.2871230818  -0.3106586445  -0.0928189785
0.2854789803  -0.3086341013  -0.0944743450
0.2838149088  -0.3065905439  -0.0961445411
0.2821311170  -0.3045280411  -0.0978332401
0.2804280678  -0.3024466519  -0.0995462579
0.2787059193  -0.3003465232  -0.1012872127
0.2769644789  -0.2982278662  -0.1030575570
0.2752034943  -0.2960909211  -0.1048575058
0.2734227419  -0.2939358968  -0.1066864405
0.2716220746  -0.2917630028  -0.1085434265
0.2698014117  -0.2895724292  -0.1104275369
0.2679607198  -0.2873643662  -0.1123377869
0.2660999827  -0.2851390099  -0.1142731131
0.2642191963  -0.2828965641  -0.1162323806
0.2623183503  -0.2806372226  -0.1182143880
0.2603974398  -0.2783611816  -0.1202178722
0.2584564619  -0.2760686351  -0.1222415130
0.2564954168  -0.2737597772  -0.1242839393
0.2545143027  -0.2714347974  -0.1263437340
0.2525130716  -0.2690938318  -0.1284194396
0.2504916622  -0.2667370080  -0.1305095631
0.2484499910  -0.2643644213  -0.1326125807
0.2463879161  -0.2619761079  -0.1347269433
0.2443051535  -0.2595719671  -0.1368510818
0.2422013370  -0.2571518090  -0.1389834114
0.2400758982  -0.2547152425  -0.1411223367
0.2379279122  -0.2522615269  -0.1432662566
0.2357559893  -0.2497894629  -0.1454135693
0.2335579682  -0.2472970896  -0.1475626770
0.2313305067  -0.2447812841  -0.1497119905
0.2290690539  -0.2422377453  -0.1518599343
0.2267668392  -0.2396599810  -0.1540049521
0.2244039021  -0.2370284154  -0.1561455149
0.2218969492  -0.2342605591  -0.1582801266
0.2193194285  -0.2314309608  -0.1604073132
0.2168723705  -0.2287408416  -0.1625256100
0.2146048925  -0.2262380907  -0.1646335741
0.2124722706  -0.2238765204  -0.1667298103
0.2104287349  -0.2216094441  -0.1688129843
0.2084375913  -0.2193996480  -0.1708818247
0.2064707330  -0.2172187662  -0.1729351248
0.2045220294  -0.2150605299  -0.1749717436
0.2025907065  -0.2129240351  -0.1769906088
0.2006762868  -0.2108086764  -0.1789907208
0.1987784686  -0.2087140278  -0.1809711564
0.1968970434  -0.2066397591  -0.1829310736
0.1950318247  -0.2045855645  -0.1848697163
0.1931826321  -0.2025511472  -0.1867864178
0.1913492907  -0.2005362186  -0.1886806056
0.1895316307  -0.1985404983  -0.1905518054
0.1877294872  -0.1965637136  -0.1923996463
0.1859426995  -0.1946055988  -0.1942238660
0.1841711109  -0.1926658952  -0.1960243154
0.1824145680  -0.1907443508  -0.1978009648
0.1806729209  -0.1888407196  -0.1995539115
0.1789460226  -0.1869547613  -0.2012833883
0.1772337289  -0.1850862413  -0.2029897731
0.1755358986  -0.1832349298  -0.2046736041
0.1738523936  -0.1814006021  -0.2063355999
0.1721830793  -0.1795830380  -0.2079766877
0.1705278263  -0.1777820216  -0.2095980456
0.1688865108  -0.1759973411  -0.2112011536
0.1672590170  -0.1742287885  -0.2127878673
0.1656452505  -0.1724761600  -0.2143607248
0.1640452171  -0.1707392551  -0.2159244000
0.1624589179  -0.1690178776  -0.2174836884
0.1608859753  -0.1673118376  -0.2190385587
0.1593257141  -0.1656209466  -0.2205856561
0.1577776750  -0.1639450113  -0.2221224210
0.1562417190  -0.1622838351  -0.2236475458
0.1547178102  -0.1606372245  -0.2251604602
0.1532059119  -0.1590049904  -0.2266611850
0.1517059593  -0.1573869480  -0.2281499604
0.1502178442  -0.1557829166  -0.2296269500
0.1487414337  -0.1541927183  -0.2310922942
0.1472765915  -0.1526161782  -0.2325461340
0.1458231831  -0.1510531237  -0.2339886091
0.1443810758  -0.1495033847  -0.2354198577
0.1429501387  -0.1479667937  -0.2368400161
0.1415302429  -0.1464431855  -0.2382492196
0.1401212614  -0.1449323974  -0.2396476013
0.1387230692  -0.1434342691  -0.2410352930
0.1373355431  -0.1419486425  -0.2424124243
0.1359585616  -0.1404753621  -0.2437791231
0.1345920051  -0.1390142745  -0.2451355150
0.1332357559  -0.1375652287  -0.2464817235
0.1318896978  -0.1361280758  -0.2478178697
0.1305537164  -0.1347026696  -0.2491440723
0.1292276991  -0.1332888656  -0.2504604475
0.1279115348  -0.1318865218  -0.2517671085
0.1266051139  -0.1304954983  -0.2530641660
0.1253083287  -0.1291156574  -0.2543517275
0.1240210728  -0.1277468634  -0.2556298971
0.1227432415  -0.1263889827  -0.2568987754
0.1214747313  -0.1250418837  -0.2581584588
0.1202154405  -0.1237054357  -0.2594090369
0.1189652683  -0.1223795096  -0.2606505914
0.1177241157  -0.1210639810  -0.2618832029
0.1164918860  -0.1197587329  -0.2631069623
0.1152684843  -0.1184636518  -0.2643219703
0.1140538171  -0.1171786222  -0.2655283277
0.1128477914  -0.1159035274  -0.2667261315
0.1116503153  -0.1146382515  -0.2679154746
0.1104612982  -0.1133826806  -0.2690964473
0.1092806506  -0.1121367027  -0.2702691374
0.1081082845  -0.1109002082  -0.2714336315
0.1069441130  -0.1096730895  -0.2725900154
0.1057880507  -0.1084552406  -0.2737383733
0.1046400131  -0.1072465571  -0.2748787884
0.1034999170  -0.1060469362  -0.2760113429
0.1023676805  -0.1048562767  -0.2771361177
0.1012432224  -0.1036744790  -0.2782531925
0.1001264631  -0.1025014447  -0.2793626462
0.0990173238  -0.1013370773  -0.2804645564
0.0979157268  -0.1001812813  -0.2815589997
0.0968215954  -0.0990339629  -0.2826460517
0.0957348541  -0.0978950294  -0.2837257868
0.0946554283  -0.0967643897  -0.2847982788
0.0935832444  -0.0956419539  -0.2858636001
0.0925182298  -0.0945276333  -0.2869218223
0.0914603130  -0.0934213406  -0.2879730161
0.0904094231  -0.0923229895  -0.2890172513
0.0893654904  -0.0912324953  -0.2900545966
0.0883284462  -0.0901497739  -0.2910851200
0.0872982224  -0.0890747429  -0.2921088885
0.0862747521  -0.0880073208  -0.2931259682
0.0852579691  -0.0869474270  -0.2941364244
0.0842478080  -0.0858949822  -0.2951403217
0.0832442045  -0.0848499080  -0.2961377237
0.0822470948  -0.0838121272  -0.2971286933
0.0812564162  -0.0827815639  -0.2981132925
0.0802721066  -0.0817581432  -0.2990915826
0.0792941049  -0.0807417912  -0.3000636238
0.0783223507  -0.0797324350  -0.3010294759
0.0773567841  -0.0787300029  -0.3019891978
0.0763973465  -0.0777344238  -0.3029428477
0.0754439795  -0.0767456278  -0.3038904830
0.0744966257  -0.0757635459  -0.3048321603
0.0735552285  -0.0747881100  -0.3057679358
0.0726197319  -0.0738192530  -0.3066978647
0.0716900805  -0.0728569084  -0.3076220016
0.0707662197  -0.0719010110  -0.3085404004
0.0698480956  -0.0709514962  -0.3094531145
0.0689356550  -0.0700083003  -0.3103601965
0.0680288452  -0.0690713605  -0.3112616983
0.0671276142  -0.0681406148  -0.3121576713
0.0662319107  -0.0672160020  -0.3130481661
0.0653416841  -0.0662974615  -0.3139332329
0.0644568841  -0.0653849339  -0.3148129212
0.0635774615  -0.0644783603  -0.3156872798
0.0627033672  -0.0635776828  -0.3165563570
0.0618345530  -0.0626828440  -0.3174202006
0.0609709711  -0.0617937874  -0.3182788576
0.0601125745  -0.0609104570  -0.3191323747
0.0592593165  -0.0600327977  -0.3199807979
0.0584111512  -0.0591607551  -0.3208241726
0.0575680331  -0.0582942753  -0.3216625439
0.0567299172  -0.0574333054  -0.3224959560
0.0558967592  -0.0565777928  -0.3233244529
0.0550685151  -0.0557276859  -0.3241480780
0.0542451417  -0.0548829336  -0.3249668741
0.0534265960  -0.0540434853  -0.3257808836
0.0526128357  -0.0532092912  -0.3265901483
0.0518038189  -0.0523803022  -0.3273947096
0.0509995043  -0.0515564696  -0.3281946085
0.0501998510  -0.0507377454  -0.3289898853
0.0494048186  -0.0499240822  -0.3297805800
0.0486143670  -0.0491154333  -0.3305667321
0.0478284568  -0.0483117523  -0.3313483807
0.0470470490  -0.0475129935  -0.3321255643
0.0462701050  -0.0467191119  -0.3328983212
0.0454975865  -0.0459300629  -0.3336666891
0.0447294559  -0.0451458024  -0.3344307052
0.0439656759  -0.0443662870  -0.3351904065
0.0432062096  -0.0435914736  -0.3359458294
0.0424510205  -0.0428213198  -0.3366970099
0.0417000726  -0.0420557836  -0.3374439839
0.0409533302  -0.0412948237  -0.3381867864
0.0402107581  -0.0405383992  -0.3389254532
0.0394723214  -0.0397864700  -0.3396600209
0.0387379857  -0.0390389955  -0.3403905227
0.0380077168  -0.0382959356  -0.3411169894
0.0372814810  -0.0375572515  -0.3418394534
0.0365592450  -0.0368229048  -0.3425579476
0.0358409758  -0.0360928575  -0.3432725045
0.0351266407  -0.0353670720  -0.3439831560
0.0344162076  -0.0346455109  -0.3446899339
0.0337096446  -0.0339281375  -0.3453928696
0.0330069200  -0.0332149153  -0.3460919944
0.0323080027  -0.0325058085  -0.3467873393
0.0316128618  -0.0318007814  -0.3474789348
0.0309214667  -0.0310997989  -0.3481668115
0.0302337873  -0.0304028262  -0.3488509997
0.0295497936  -0.0297098289  -0.3495315292
0.0288694560  -0.0290207731  -0.3502084300
0.0281927454  -0.0283356252  -0.3508817315
0.0275196327  -0.0276543519  -0.3515514630
0.0268500893  -0.0269769204  -0.3522176538
0.0261840869  -0.0263032983  -0.3528803325
0.0255215975  -0.0256334533  -0.3535395279
0.0248625932  -0.0249673538  -0.3541952684
0.0242070466  -0.0243049683  -0.3548475822
0.0235549306  -0.0236462658  -0.3554964970
0.0229062183  -0.0229912155  -0.3561420406
0.0222608830  -0.0223397870  -0.3567842404
0.0216188985  -0.0216919504  -0.3574231233
0.0209802386  -0.0210476759  -0.3580587163
0.0203448776  -0.0204069341  -0.3586910457
0.0197127899  -0.0197696959  -0.3593201376
0.0190839503  -0.0191359326  -0.3599460180
0.0184583880  -0.0185056156  -0.3605775160
0.0178361138  -0.0178787166  -0.3612190156
0.0172169626  -0.0172552082  -0.3618555071
0.0166008688  -0.0166350631  -0.3624908949
0.0159878811  -0.0160182538  -0.3631249343
0.0153779746  -0.0154047533  -0.3637573442
0.0147711247  -0.0147945350  -0.3643878065
0.0141673077  -0.0141875726  -0.3650159667
0.0135665001  -0.0135838399  -0.3656414334
0.0129686791  -0.0129833112  -0.3662637787
0.0123738227  -0.0123859610  -0.3668825377
0.0117819092  -0.0117917639  -0.3674972091
0.0111929176  -0.0112006951  -0.3681072548
0.0106068278  -0.0106127298  -0.3687120999
0.0100236200  -0.0100278434  -0.3693111331
0.0094432752  -0.0094460119  -0.3699037062
0.0088657750  -0.0088672113  -0.3704891343
0.0082911018  -0.0082914179  -0.3710666957
0.0077192384  -0.0077186082  -0.3716356324
0.0071501686  -0.0071487590  -0.3721951493
0.0065838764  -0.0065818474  -0.3727444148
0.0060203468  -0.0060178506  -0.3732825607
0.0054595651  -0.0054567463  -0.3738086818
0.0049015175  -0.0048985120  -0.3743218365
0.0043461903  -0.0043431258  -0.3748210463
0.0037935706  -0.0037905659  -0.3753052963
0.0032436460  -0.0032408108  -0.3757735345
0.0026964044  -0.0026938391  -0.3762246726
0.0021518339  -0.0021496297  -0.3766575854
0.0016099231  -0.0016081616  -0.3770711110
0.0010706607  -0.0010694143  -0.3774640508
0.0005340355  -0.0005333672  -0.3778351697
0.0005339588  -0.0005333670  -0.3778351697
