0.161869
0.9887325527  -1.5732272607   0.0000718914
0.9887325527  -1.5732272607   0.0000718914
0.9887459186  -1.5732671865   0.0000657131
0.9887503237  -1.5732787090   0.0000435977
0.9887389707  -1.5732416126   0.0000050636
0.9887101233  -1.5731509205  -0.0000503632
0.9886630025  -1.5730043995  -0.0001231480
0.9885971048  -1.5728006051  -0.0002137487
0.9885120306  -1.5725383912  -0.0003226147
0.9884074267  -1.5722167471  -0.0004501876
0.9882829635  -1.5718347320  -0.0005969010
0.9881383242  -1.5713914452  -0.0007631803
0.9879731997  -1.5708860126  -0.0009494430
0.9877872860  -1.5703175785  -0.0011560986
0.9875802824  -1.5696853026  -0.0013835484
0.9873518909  -1.5689883572  -0.0016321858
0.9871018155  -1.5682259270  -0.0019023961
0.9868297622  -1.5673972086  -0.0021945567
0.9865354387  -1.5665014107  -0.0025090368
0.9862185547  -1.5655377546  -0.0028461977
0.9858788214  -1.5645054746  -0.0032063926
0.9855159522  -1.5634038189  -0.0035899666
0.9851296623  -1.5622320503  -0.0039972569
0.9847196692  -1.5609894470  -0.0044285927
0.9842856927  -1.5596753037  -0.0048842950
0.9838274552  -1.5582889325  -0.0053646769
0.9833446817  -1.5568296637  -0.0058700434
0.9828371000  -1.5552968467  -0.0064006915
0.9823044410  -1.5536898511  -0.0069569101
0.9817464388  -1.5520080676  -0.0075389802
0.9811628308  -1.5502509090  -0.0081471748
0.9805533584  -1.5484178113  -0.0087817585
0.9799177719  -1.5465080623  -0.0094440898
0.9792558174  -1.5445212781  -0.0101334033
0.9785672395  -1.5424572149  -0.0108495442
0.9778517973  -1.5403153155  -0.0115927834
0.9771092554  -1.5380950707  -0.0123633620
0.9763393816  -1.5357960542  -0.0131615036
0.9755419485  -1.5334178809  -0.0139874270
0.9747167336  -1.5309601983  -0.0148413463
0.9738635196  -1.5284226853  -0.0157234708
0.9729820946  -1.5258050541  -0.0166340045
0.9720722527  -1.5231070496  -0.0175731460
0.9711337934  -1.5203284502  -0.0185410881
0.9701665230  -1.5174690692  -0.0195380173
0.9691702536  -1.5145287552  -0.0205641142
0.9681448036  -1.5115073913  -0.0216195529
0.9670899978  -1.5084048972  -0.0227045012
0.9660056678  -1.5052212288  -0.0238191201
0.9648916515  -1.5019563788  -0.0249635640
0.9637477939  -1.4986103778  -0.0261379803
0.9625739467  -1.4951832931  -0.0273425096
0.9613699691  -1.4916752304  -0.0285772855
0.9601357269  -1.4880863329  -0.0298424345
0.9588710935  -1.4844167833  -0.0311380759
0.9575759496  -1.4806668029  -0.0324643218
0.9562501827  -1.4768366500  -0.0338212772
0.9548936872  -1.4729266207  -0.0352090395
0.9535063656  -1.4689370503  -0.0366276992
0.9520881284  -1.4648683124  -0.0380773393
0.9506388927  -1.4607208181  -0.0395580354
0.9491585822  -1.4564950163  -0.0410698562
0.9476471290  -1.4521913920  -0.0426128627
0.9461044723  -1.4478104417  -0.0441871088
0.9445305589  -1.4433527158  -0.0457926411
0.9429253428  -1.4388188573  -0.0474294994
0.9412887848  -1.4342095174  -0.0490977166
0.9396208526  -1.4295253402  -0.0507973182
0.9379215215  -1.4247670148  -0.0525283240
0.9361907738  -1.4199352699  -0.0542907471
0.9344285980  -1.4150308647  -0.0560845870
0.9326349896  -1.4100545919  -0.0579098325
0.9308099497  -1.4050072764  -0.0597664702
0.9289534877  -1.3998897701  -0.0616544827
0.9270656191  -1.3947029505  -0.0635738459
0.9251463650  -1.3894477254  -0.0655245312
0.9231957526  -1.3841250289  -0.0675065061
0.9212138146  -1.3787358160  -0.0695197329
0.9192005906  -1.3732810701  -0.0715641692
0.9171561248  -1.3677617985  -0.0736397712
0.9150804673  -1.3621790245  -0.0757464929
0.9129736730  -1.3565337926  -0.0778842832
0.9108358004  -1.3508271697  -0.0800530864
0.9086669150  -1.3450602427  -0.0822528445
0.9064670864  -1.3392341136  -0.0844834967
0.9042363871  -1.3333498969  -0.0867449807
0.9019748949  -1.3274087257  -0.0890372293
0.8996826894  -1.3214117464  -0.0913601723
0.8973598548  -1.3153601122  -0.0937137409
0.8950064807  -1.3092549899  -0.0960978608
0.8926226571  -1.3030975579  -0.0985124538
0.8902084784  -1.2968890049  -0.1009574433
0.8877640420  -1.2906305266  -0.1034327468
0.8852894450  -1.2843233210  -0.1059382771
0.8827847883  -1.2779685891  -0.1084739484
0.8802501751  -1.2715675353  -0.1110396748
0.8776857096  -1.2651213722  -0.1136353659
0.8750914984  -1.2586313148  -0.1162609289
0.8724676481  -1.2520985771  -0.1189162700
0.8698142609  -1.2455243727  -0.1216012916
0.8671315154  -1.2389099850  -0.1243158923
0.8644194737  -1.2322565784  -0.1270599708
0.8616779023  -1.2255650155  -0.1298334247
0.8589068097  -1.2188363862  -0.1326361460
0.8561064135  -1.2120719749  -0.1354680255
0.8532767744  -1.2052729043  -0.1383289546
0.8504179715  -1.1984403373  -0.1412188206
0.8475301252  -1.1915754961  -0.1441375059
0.8446133608  -1.1846795999  -0.1470848895
0.8416677418  -1.1777537951  -0.1500608484
0.8386933778  -1.1707992630  -0.1530652600
0.8356905239  -1.1638173190  -0.1560979966
0.8326593229  -1.1568091534  -0.1591589282
0.8295998462  -1.1497758696  -0.1622479231
0.8265122362  -1.1427186318  -0.1653648415
0.8233966314  -1.1356385859  -0.1685095394
0.8202532215  -1.1285369136  -0.1716818739
0.8170822068  -1.1214147951  -0.1748817008
0.8138836160  -1.1142732229  -0.1781088704
0.8106576820  -1.1071133788  -0.1813632272
0.8074047091  -1.0999365060  -0.1846446139
0.8041246508  -1.0927434799  -0.1879528689
0.8008177704  -1.0855354668  -0.1912878256
0.7974843432  -1.0783136363  -0.1946493140
0.7941243240  -1.0710788203  -0.1980371566
0.7907378991  -1.0638320670  -0.2014511746
0.7873253904  -1.0565745490  -0.2048911872
0.7838870079  -1.0493073123  -0.2083570060
0.7804228558  -1.0420312823  -0.2118484377
0.7769331736  -1.0347475015  -0.2153652854
0.7734181814  -1.0274569797  -0.2189073469
0.7698779777  -1.0201605921  -0.2224744128
0.7663127475  -1.0128592828  -0.2260662663
0.7627228008  -1.0055541037  -0.2296826817
0.7591083305  -0.9982459795  -0.2333234388
0.7554694187  -0.9909357374  -0.2369883643
0.7518064046  -0.9836244691  -0.2406773268
0.7481195653  -0.9763131561  -0.2443901593
0.7444090312  -0.9690025684  -0.2481266274
0.7406749968  -0.9616935229  -0.2518864724
0.7369175916  -0.9543867797  -0.2556694383
0.7331371499  -0.9470833076  -0.2594752693
0.7293339674  -0.9397840283  -0.2633037071
0.7255081542  -0.9324896597  -0.2671544908
0.7216600936  -0.9252011841  -0.2710273564
0.7177899791  -0.9179193778  -0.2749220375
0.7138978488  -0.9106448433  -0.2788382677
0.7099839966  -0.9033784302  -0.2827757829
0.7060488058  -0.8961210643  -0.2867343148
0.7020925968  -0.8888735936  -0.2907135892
0.6981155264  -0.8816366854  -0.2947133340
0.6941178353  -0.8744110743  -0.2987332732
0.6900998757  -0.8671975932  -0.3027731269
0.6860618274  -0.8599968861  -0.3068326134
0.6820040201  -0.8528097327  -0.3109114423
0.6779266741  -0.8456367888  -0.3150093186
0.6738299509  -0.8384786319  -0.3191259412
0.6697143326  -0.8313361493  -0.3232609911
0.6655800893  -0.8242100060  -0.3274141257
0.6614274091  -0.8171007662  -0.3315849719
0.6572566214  -0.8100091272  -0.3357731052
0.6530680208  -0.8029357488  -0.3399780080
0.6488618651  -0.7958812644  -0.3441989912
0.6446384123  -0.7888463577  -0.3484349945
0.6403977979  -0.7818317424  -0.3526840357
0.6361396923  -0.7748380882  -0.3569419395
0.6318647911  -0.7678657247  -0.3612103323
0.6275759694  -0.7609141417  -0.3655007170
0.6232751166  -0.7539833317  -0.3698197617
0.6189611377  -0.7470747763  -0.3741657225
0.6146325525  -0.7401899246  -0.3785365465
0.6102892048  -0.7333296065  -0.3829309201
0.6059313066  -0.7264943042  -0.3873475001
0.6015590970  -0.7196844507  -0.3917848609
0.5971730003  -0.7129006294  -0.3962415049
0.5927733258  -0.7061432737  -0.4007158660
0.5883602601  -0.6994126609  -0.4052063158
0.5839341304  -0.6927091796  -0.4097111763
0.5794953045  -0.6860332290  -0.4142287234
0.5750443518  -0.6793853818  -0.4187571871
0.5705814541  -0.6727657953  -0.4232947589
0.5661067829  -0.6661745914  -0.4278396015
0.5616209167  -0.6596122752  -0.4323898554
0.5571241105  -0.6530790076  -0.4369436405
0.5526166060  -0.6465749160  -0.4414990641
0.5480986714  -0.6401001361  -0.4460542264
0.5435704614  -0.6336546751  -0.4506072249
0.5390320260  -0.6272384240  -0.4551561638
0.5344832454  -0.6208511007  -0.4596991530
0.5299236893  -0.6144921094  -0.4642343133
0.5253525021  -0.6081604338  -0.4687597866
0.5207681202  -0.6018543675  -0.4732737391
0.5161677055  -0.5955709659  -0.4777743646
0.5115459985  -0.5893049300  -0.4822598921
0.5068928686  -0.5830462141  -0.4867285911
0.5021863704  -0.5767732206  -0.4911787822
0.4973732347  -0.5704336263  -0.4956088582
0.4923296654  -0.5639069826  -0.5000172668
0.4874282679  -0.5575671409  -0.5044024137
0.4829868298  -0.5517252297  -0.5087626484
0.4787342487  -0.5461032941  -0.5130964022
0.4745227652  -0.5405515416  -0.5174022690
0.4703424662  -0.5350592454  -0.5216789540
0.4661928127  -0.5296250792  -0.5259252371
0.4620734912  -0.5242479563  -0.5301399799
0.4579841996  -0.5189268218  -0.5343221304
0.4539246484  -0.5136606561  -0.5384707269
0.4498945607  -0.5084484734  -0.5425849064
0.4458936716  -0.5032893210  -0.5466639077
0.4419217259  -0.4981822783  -0.5507070714
0.4379784770  -0.4931264560  -0.5547138404
0.4340636864  -0.4881209948  -0.5586837675
0.4301771245  -0.4831650634  -0.5626165258
0.4263185687  -0.4782578585  -0.5665119024
0.4224878009  -0.4733986030  -0.5703698026
0.4186846089  -0.4685865451  -0.5741902599
0.4149087852  -0.4638209566  -0.5779734369
0.4111601260  -0.4591011324  -0.5817196311
0.4074384312  -0.4544263886  -0.5854292818
0.4037435039  -0.4497960619  -0.5891029786
0.4000751506  -0.4452095079  -0.5927414731
0.3964331818  -0.4406661003  -0.5963456962
0.3928174129  -0.4361652298  -0.5999167827
0.3892276673  -0.4317063020  -0.6034561124
0.3856637822  -0.4272887367  -0.6069653841
0.3821256213  -0.4229119649  -0.6104467564
0.3786131065  -0.4185754244  -0.6139031661
0.3751263042  -0.4142785483  -0.6173391394
0.3716656319  -0.4100207363  -0.6207626829
0.3682308267  -0.4058015279  -0.6241768571
0.3648196490  -0.4016207713  -0.6275731055
0.3614300751  -0.3974782034  -0.6309447613
0.3580623657  -0.3933731544  -0.6342923889
0.3547173383  -0.3893049092  -0.6376169701
0.3513950730  -0.3852729152  -0.6409187929
0.3480953569  -0.3812766817  -0.6441980949
0.3448179619  -0.3773157286  -0.6474551120
0.3415626622  -0.3733895831  -0.6506900797
0.3383292353  -0.3694977804  -0.6539032324
0.3351174613  -0.3656398623  -0.6570948035
0.3319271233  -0.3618153782  -0.6602650248
0.3287580069  -0.3580238845  -0.6634141267
0.3256099006  -0.3542649444  -0.6665423373
0.3224825955  -0.3505381282  -0.6696498829
0.3193758853  -0.3468430128  -0.6727369869
0.3162895664  -0.3431791819  -0.6758038700
0.3132234376  -0.3395462259  -0.6788507498
0.3101773002  -0.3359437417  -0.6818778407
0.3071509580  -0.3323713328  -0.6848853531
0.3041442172  -0.3288286091  -0.6878734935
0.3011568865  -0.3253151869  -0.6908424644
0.2981887768  -0.3218306889  -0.6937924635
0.2952397016  -0.3183747440  -0.6967236835
0.2923094765  -0.3149469873  -0.6996363121
0.2893979194  -0.3115470600  -0.7025305311
0.2865048503  -0.3081746092  -0.7054065160
0.2836300916  -0.3048292877  -0.7082644349
0.2807734675  -0.3015107535  -0.7111044469
0.2779348040  -0.2982186686  -0.7139266980
0.2751139278  -0.2949526962  -0.7167313112
0.2723106675  -0.2917125069  -0.7195183945
0.2695248587  -0.2884978001  -0.7222880881
0.2667563466  -0.2853083023  -0.7250405885
0.2640049784  -0.2821437296  -0.7277760975
0.2612705956  -0.2790037756  -0.7304947841
0.2585530370  -0.2758881338  -0.7331968006
0.2558521450  -0.2727965109  -0.7358822990
0.2531677657  -0.2697286227  -0.7385514313
0.2504997473  -0.2666841903  -0.7412043472
0.2478479404  -0.2636629398  -0.7438411947
0.2452121969  -0.2606646016  -0.7464621202
0.2425923708  -0.2576889108  -0.7490672681
0.2399883179  -0.2547356065  -0.7516567808
0.2373998955  -0.2518044323  -0.7542307994
0.2348269630  -0.2488951359  -0.7567894629
0.2322693810  -0.2460074689  -0.7593329088
0.2297270122  -0.2431411870  -0.7618612728
0.2271997208  -0.2402960496  -0.7643746892
0.2246873725  -0.2374718200  -0.7668732903
0.2221898348  -0.2346682648  -0.7693572072
0.2197069766  -0.2318851545  -0.7718265692
0.2172386685  -0.2291222629  -0.7742815041
0.2147847824  -0.2263793671  -0.7767221383
0.2123451920  -0.2236562477  -0.7791485966
0.2099197722  -0.2209526883  -0.7815610024
0.2075083996  -0.2182684757  -0.7839594778
0.2051109520  -0.2156033997  -0.7863441434
0.2027273087  -0.2129572529  -0.7887151183
0.2003573506  -0.2103298311  -0.7910725205
0.1980009597  -0.2077209325  -0.7934164667
0.1956580194  -0.2051303579  -0.7957470721
0.1933284146  -0.2025579105  -0.7980644510
0.1910120313  -0.2000033966  -0.8003687164
0.1887087570  -0.1974666263  -0.8026599797
0.1864184802  -0.1949474131  -0.8049383510
0.1841410909  -0.1924455732  -0.8072039391
0.1818764803  -0.1899609248  -0.8094568514
0.1796245406  -0.1874932884  -0.8116971943
0.1773851656  -0.1850424872  -0.8139250732
0.1751582500  -0.1826083469  -0.8161405921
0.1729436897  -0.1801906956  -0.8183438540
0.1707413819  -0.1777893638  -0.8205349605
0.1685512249  -0.1754041843  -0.8227140125
0.1663731179  -0.1730349923  -0.8248811093
0.1642069614  -0.1706816250  -0.8270363495
0.1620526571  -0.1683439212  -0.8291798305
0.1599101076  -0.1660217226  -0.8313116486
0.1577792166  -0.1637148743  -0.8334318990
0.1556598889  -0.1614232236  -0.8355406760
0.1535520302  -0.1591466187  -0.8376380727
0.1514555474  -0.1568849094  -0.8397241813
0.1493703483  -0.1546379480  -0.8417990932
0.1472963417  -0.1524055884  -0.8438628984
0.1452334374  -0.1501876866  -0.8459156863
0.1431815461  -0.1479841004  -0.8479575453
0.1411405796  -0.1457946897  -0.8499885626
0.1391104506  -0.1436193160  -0.8520088248
0.1370910725  -0.1414578427  -0.8540184174
0.1350823600  -0.1393101348  -0.8560174250
0.1330842283  -0.1371760594  -0.8580059313
0.1310965939  -0.1350554851  -0.8599840194
0.1291193737  -0.1329482821  -0.8619517711
0.1271524860  -0.1308543227  -0.8639092675
0.1251958495  -0.1287734804  -0.8658565891
0.1232493841  -0.1267056305  -0.8677938152
0.1213130102  -0.1246506500  -0.8697210244
0.1193866493  -0.1226084173  -0.8716382947
0.1174702236  -0.1205788125  -0.8735457029
0.1155636560  -0.1185617171  -0.8754433254
0.1136668705  -0.1165570142  -0.8773312375
0.1117797915  -0.1145645882  -0.8792095140
0.1099023445  -0.1125843253  -0.8810782286
0.1080344555  -0.1106161128  -0.8829374546
0.1061760514  -0.1086598394  -0.8847872643
0.1043270598  -0.1067153955  -0.8866277294
0.1024874091  -0.1047826725  -0.8884589209
0.1006570285  -0.1028615663  -0.8902809147
0.0988358483  -0.1009519755  -0.8920937924
0.0970237987  -0.0990537882  -0.8938976191
0.0952208098  -0.0971668914  -0.8956924433
0.0934268130  -0.0952911862  -0.8974783260
0.0916417415  -0.0934265770  -0.8992553346
0.0898655289  -0.0915729651  -0.9010235333
0.0880981091  -0.0897302522  -0.9027829861
0.0863394166  -0.0878983415  -0.9045337566
0.0845893868  -0.0860771372  -0.9062759085
0.0828479555  -0.0842665447  -0.9080095051
0.0811150594  -0.0824664702  -0.9097346099
0.0793906354  -0.0806768214  -0.9114512860
0.0776746214  -0.0788975065  -0.9131595967
0.0759669558  -0.0771284352  -0.9148596054
0.0742675774  -0.0753695180  -0.9165513750
0.0725764259  -0.0736206664  -0.9182349690
0.0708934414  -0.0718817928  -0.9199104504
0.0692185644  -0.0701528108  -0.9215778825
0.0675517364  -0.0684336348  -0.9232373281
0.0658928990  -0.0667241801  -0.9248888505
0.0642419946  -0.0650243631  -0.9265325122
0.0625989660  -0.0633341009  -0.9281683761
0.0609637567  -0.0616533117  -0.9297965044
0.0593363107  -0.0599819145  -0.9314169593
0.0577165722  -0.0583198292  -0.9330298022
0.0561044864  -0.0566669767  -0.9346350945
0.0544999986  -0.0550232785  -0.9362328965
0.0529030549  -0.0533886573  -0.9378232682
0.0513136016  -0.0517630363  -0.9394062686
0.0497315856  -0.0501463400  -0.9409819557
0.0481569546  -0.0485384932  -0.9425503867
0.0465900018  -0.0469394181  -0.9441339642
0.0450309026  -0.0453490394  -0.9457438100
0.0434787102  -0.0437672944  -0.9473418032
0.0419331095  -0.0421941138  -0.9489378438
0.0403945139  -0.0406294217  -0.9505312983
0.0388628660  -0.0390731481  -0.9521214397
0.0373381105  -0.0375252237  -0.9537074474
0.0358201944  -0.0359855801  -0.9552884078
0.0343090675  -0.0344541494  -0.9568633135
0.0328046822  -0.0329308647  -0.9584310640
0.0313069935  -0.0314156597  -0.9599904652
0.0298159595  -0.0299084689  -0.9615402298
0.0283315413  -0.0284092273  -0.9630789769
0.0268537030  -0.0269178710  -0.9646052325
0.0253824120  -0.0254343364  -0.9661174288
0.0239176389  -0.0239585608  -0.9676139049
0.0224593575  -0.0224904823  -0.9690929065
0.0210075448  -0.0210300395  -0.9705525857
0.0195621813  -0.0195771716  -0.9719910015
0.0181232507  -0.0181318188  -0.9734061192
0.0166907397  -0.0166939216  -0.9747958109
0.0152646383  -0.0152634215  -0.9761578552
0.0138449394  -0.0138402603  -0.9774899374
0.0124316388  -0.0124243809  -0.9787896494
0.0110247348  -0.0110157264  -0.9800544896
0.0096242283  -0.0096142409  -0.9812818631
0.0082301223  -0.0082198690  -0.9824690816
0.0068424213  -0.0068325558  -0.9836133633
0.0054611317  -0.0054522474  -0.9847118331
0.0040862606  -0.0040788902  -0.9857615226
0.0027178156  -0.0027124314  -0.9867593698
0.0013558045  -0.0013528189  -0.9877022194
0.0013553104  -0.0013528168  -0.9877022194
