0.146537
1.4465784356  -1.4976865299   0.0000471548
1.4465784356  -1.4976865299   0.0000471548
1.4465826295  -1.4976850414   0.0000396431
1.4465801979  -1.4976669623   0.0000199422
1.4465676961  -1.4976309420  -0.0000122734
1.4465426564  -1.4975742996  -0.0000573278
1.4465041486  -1.4974961266  -0.0001155432
1.4464516412  -1.4973959582  -0.0001872406
1.4463847527  -1.4972734937  -0.0002727391
1.4463031695  -1.4971285037  -0.0003723565
1.4462066117  -1.4969607920  -0.0004864088
1.4460948182  -1.4967701784  -0.0006152105
1.4459675375  -1.4965564885  -0.0007590747
1.4458245243  -1.4963195492  -0.0009183126
1.4456655358  -1.4960591856  -0.0010932341
1.4454903308  -1.4957752188  -0.0012841473
1.4452986685  -1.4954674655  -0.0014913590
1.4450903075  -1.4951357363  -0.0017151742
1.4448650055  -1.4947798363  -0.0019558963
1.4446225193  -1.4943995641  -0.0022138274
1.4443626040  -1.4939947119  -0.0024892676
1.4440850132  -1.4935650656  -0.0027825160
1.4437894990  -1.4931104045  -0.0030938695
1.4434758114  -1.4926305016  -0.0034236238
1.4431436989  -1.4921251238  -0.0037720730
1.4427929079  -1.4915940315  -0.0041395096
1.4424231831  -1.4910369794  -0.0045262243
1.4420342673  -1.4904537161  -0.0049325066
1.4416259013  -1.4898439850  -0.0053586442
1.4411978242  -1.4892075235  -0.0058049233
1.4407497732  -1.4885440643  -0.0062716284
1.4402814837  -1.4878533348  -0.0067590425
1.4397926807  -1.4871346092  -0.0072681576
1.4392831058  -1.4863880141  -0.0077986145
1.4387525006  -1.4856138378  -0.0083504657
1.4382005845  -1.4848114696  -0.0089239527
1.4376270803  -1.4839804791  -0.0095193293
1.4370317120  -1.4831205226  -0.0101368683
1.4364142025  -1.4822312702  -0.0107768433
1.4357742737  -1.4813123997  -0.0114395310
1.4351116458  -1.4803635904  -0.0121252098
1.4344260374  -1.4793845216  -0.0128341605
1.4337171657  -1.4783748726  -0.0135666653
1.4329847464  -1.4773343229  -0.0143230082
1.4322284939  -1.4762625523  -0.0151034750
1.4314481213  -1.4751592409  -0.0159083528
1.4306433404  -1.4740240699  -0.0167379299
1.4298138620  -1.4728567222  -0.0175924957
1.4289593954  -1.4716568826  -0.0184723408
1.4280796491  -1.4704242382  -0.0193777565
1.4271743312  -1.4691584792  -0.0203090355
1.4262431505  -1.4678593003  -0.0212664709
1.4252858151  -1.4665264005  -0.0222503567
1.4243020333  -1.4651594834  -0.0232609870
1.4232915128  -1.4637582575  -0.0242986565
1.4222539615  -1.4623224361  -0.0253636601
1.4211890870  -1.4608517373  -0.0264562933
1.4200965950  -1.4593458832  -0.0275768523
1.4189761886  -1.4578045993  -0.0287256335
1.4178275690  -1.4562276165  -0.0299029337
1.4166504365  -1.4546146708  -0.0311090492
1.4154444908  -1.4529655036  -0.0323442758
1.4142094304  -1.4512798627  -0.0336089093
1.4129449557  -1.4495573803  -0.0349032452
1.4116507708  -1.4477977798  -0.0362275790
1.4103265838  -1.4460010927  -0.0375822054
1.4089721064  -1.4441672298  -0.0389674184
1.4075870517  -1.4422959073  -0.0403835120
1.4061711332  -1.4403868938  -0.0418307802
1.4047240606  -1.4384399880  -0.0433095159
1.4032455373  -1.4364549952  -0.0448200105
1.4017352638  -1.4344317274  -0.0463625535
1.4001929400  -1.4323700026  -0.0479374331
1.3986182666  -1.4302696459  -0.0495449369
1.3970109535  -1.4281304983  -0.0511853528
1.3953707184  -1.4259524167  -0.0528589668
1.3936972804  -1.4237352684  -0.0545660630
1.3919903607  -1.4214789299  -0.0563069233
1.3902496785  -1.4191832806  -0.0580818277
1.3884749511  -1.4168482043  -0.0598910548
1.3866659015  -1.4144735975  -0.0617348813
1.3848222588  -1.4120593691  -0.0636135815
1.3829437546  -1.4096054362  -0.0655274272
1.3810301189  -1.4071117203  -0.0674766870
1.3790810771  -1.4045781446  -0.0694616283
1.3770963533  -1.4020046372  -0.0714825175
1.3750756738  -1.3993911349  -0.0735396182
1.3730187741  -1.3967375907  -0.0756331892
1.3709254021  -1.3940439761  -0.0777634847
1.3687953129  -1.3913102760  -0.0799307576
1.3666282640  -1.3885364835  -0.0821352597
1.3644240045  -1.3857225911  -0.0843772392
1.3621822756  -1.3828685892  -0.0866569386
1.3599028194  -1.3799744759  -0.0889745956
1.3575853916  -1.3770402660  -0.0913304450
1.3552297598  -1.3740659871  -0.0937247182
1.3528356940  -1.3710516829  -0.0961576434
1.3504029625  -1.3679974154  -0.0986294462
1.3479313417  -1.3649032642  -0.1011403478
1.3454206270  -1.3617693351  -0.1036905643
1.3428706233  -1.3585957667  -0.1062803069
1.3402811197  -1.3553827157  -0.1089097811
1.3376518788  -1.3521302760  -0.1115791875
1.3349826612  -1.3488383684  -0.1142887246
1.3322732653  -1.3455068181  -0.1170385886
1.3295235338  -1.3421356178  -0.1198289690
1.3267333146  -1.3387250304  -0.1226600475
1.3239024269  -1.3352754344  -0.1255320010
1.3210306707  -1.3317871939  -0.1284450025
1.3181178602  -1.3282606624  -0.1313992161
1.3151638298  -1.3246961943  -0.1343947981
1.3121684237  -1.3210941324  -0.1374319033
1.3091314935  -1.3174548037  -0.1405106843
1.3060528812  -1.3137785020  -0.1436312850
1.3029324108  -1.3100654791  -0.1467938415
1.2997699337  -1.3063159924  -0.1499984847
1.2965653677  -1.3025303453  -0.1532453404
1.2933186507  -1.2987088409  -0.1565345287
1.2900296517  -1.2948516935  -0.1598661639
1.2866981829  -1.2909590397  -0.1632403529
1.2833241073  -1.2870310529  -0.1666571964
1.2799073918  -1.2830679999  -0.1701167884
1.2764480239  -1.2790701595  -0.1736192162
1.2729458905  -1.2750376994  -0.1771645589
1.2694008191  -1.2709707180  -0.1807528865
1.2658127114  -1.2668693867  -0.1843842626
1.2621815128  -1.2627339230  -0.1880587468
1.2585071604  -1.2585645377  -0.1917763904
1.2547896459  -1.2543614972  -0.1955372361
1.2510289778  -1.2501250883  -0.1993413172
1.2472251202  -1.2458555504  -0.2031886550
1.2433780419  -1.2415531109  -0.2070792577
1.2394877048  -1.2372178850  -0.2110131154
1.2355540371  -1.2328499144  -0.2149901962
1.2315770408  -1.2284499987  -0.2190104959
1.2275568378  -1.2240200396  -0.2230741014
1.2234935061  -1.2195613988  -0.2271811276
1.2193869830  -1.2150736805  -0.2313315935
1.2152372313  -1.2105559981  -0.2355254156
1.2110443536  -1.2060082872  -0.2397624791
1.2068084045  -1.2014309875  -0.2440426681
1.2025292736  -1.1968245167  -0.2483658615
1.1982069845  -1.1921894686  -0.2527319303
1.1938418003  -1.1875267180  -0.2571407404
1.1894338665  -1.1828370575  -0.2615921458
1.1849831839  -1.1781211617  -0.2660859876
1.1804898363  -1.1733798125  -0.2706221052
1.1759539638  -1.1686138748  -0.2752003334
1.1713757168  -1.1638242448  -0.2798204949
1.1667552621  -1.1590118528  -0.2844824041
1.1620927465  -1.1541776182  -0.2891858712
1.1573883278  -1.1493224794  -0.2939307013
1.1526422107  -1.1444474303  -0.2987166895
1.1478546040  -1.1395534653  -0.3035436205
1.1430257235  -1.1346415789  -0.3084112685
1.1381557060  -1.1297126767  -0.3133193971
1.1332446755  -1.1247676376  -0.3182677549
1.1282929501  -1.1198075145  -0.3232560688
1.1233008534  -1.1148333404  -0.3282840339
1.1182686168  -1.1098460248  -0.3333512975
1.1131964840  -1.1048464445  -0.3384574266
1.1080846615  -1.0998353879  -0.3436018502
1.1029332353  -1.0948134560  -0.3487837306
1.0977423114  -1.0897811433  -0.3540016766
1.0925115939  -1.0847384260  -0.3592519078
1.0872406680  -1.0796851879  -0.3645311189
1.0819319304  -1.0746242592  -0.3698464312
1.0765900545  -1.0695611289  -0.3752107569
1.0712164030  -1.0644984935  -0.3806283291
1.0658083452  -1.0594348470  -0.3860967080
1.0603637161  -1.0543682746  -0.3916139036
1.0548821405  -1.0492980795  -0.3971784774
1.0493638445  -1.0442239896  -0.4027889052
1.0438090696  -1.0391456186  -0.4084435675
1.0382181242  -1.0340625100  -0.4141407494
1.0325914559  -1.0289742163  -0.4198786476
1.0269290459  -1.0238796952  -0.4256553842
1.0212310630  -1.0187779731  -0.4314690134
1.0154980613  -1.0136683630  -0.4373175265
1.0097303194  -1.0085498088  -0.4431988582
1.0039280784  -1.0034211293  -0.4491108938
0.9980916300  -0.9982811191  -0.4550514760
0.9922213187  -0.9931285635  -0.4610184119
0.9863174094  -0.9879621153  -0.4670094783
0.9803801296  -0.9827803488  -0.4730224274
0.9744096945  -0.9775817975  -0.4790549933
0.9684061798  -0.9723648381  -0.4851048991
0.9623694985  -0.9671276796  -0.4911698652
0.9562993393  -0.9618683154  -0.4972476108
0.9501949959  -0.9565843643  -0.5033358575
0.9440551513  -0.9512728783  -0.5094323377
0.9378774445  -0.9459299270  -0.5155348014
0.9316575500  -0.9405496994  -0.5216410228
0.9253876040  -0.9351229750  -0.5277488106
0.9190519064  -0.9296329020  -0.5338560185
0.9126182136  -0.9240463805  -0.5399605732
0.9059447579  -0.9182218280  -0.5460604971
0.8991051031  -0.9122364878  -0.5521537871
0.8925962172  -0.9065866440  -0.5582382290
0.8865235153  -0.9013692014  -0.5643114965
0.8805832939  -0.8962737055  -0.5703714459
0.8746650151  -0.8911862904  -0.5764161826
0.8687652604  -0.8861013155  -0.5824439401
0.8628836981  -0.8810167680  -0.5884530260
0.8570201953  -0.8759310783  -0.5944418354
0.8511746397  -0.8708428346  -0.6004088615
0.8453469439  -0.8657507848  -0.6063526982
0.8395370464  -0.8606538379  -0.6122720526
0.8337449139  -0.8555510662  -0.6181657542
0.8279705352  -0.8504417023  -0.6240327486
0.8222139172  -0.8453251366  -0.6298721039
0.8164750881  -0.8402009155  -0.6356830218
0.8107540966  -0.8350687380  -0.6414648412
0.8050510073  -0.8299284505  -0.6472170417
0.7993658995  -0.8247800409  -0.6529392496
0.7936988656  -0.8196236322  -0.6586312450
0.7880500099  -0.8144594757  -0.6642929679
0.7824194457  -0.8092879432  -0.6699245255
0.7768072952  -0.8041095182  -0.6755262032
0.7712136882  -0.7989247881  -0.6810984765
0.7656387622  -0.7937344347  -0.6866420278
0.7600826639  -0.7885392270  -0.6921577704
0.7545455537  -0.7833400137  -0.6976468851
0.7490276159  -0.7781377203  -0.7031108833
0.7435290807  -0.7729333526  -0.7085517158
0.7380502738  -0.7677280155  -0.7139719940
0.7325917281  -0.7625229891  -0.7193754522
0.7271548421  -0.7573199570  -0.7247693532
0.7217412281  -0.7521206505  -0.7301621087
0.7163484922  -0.7469252776  -0.7355516782
0.7109702346  -0.7417323414  -0.7409273590
0.7056035240  -0.7365409963  -0.7462842297
0.7002506896  -0.7313519860  -0.7516232702
0.6949140127  -0.7261663054  -0.7569451617
0.6895939365  -0.7209845295  -0.7622500258
0.6842903847  -0.7158070559  -0.7675379744
0.6790032674  -0.7106342401  -0.7728091238
0.6737324956  -0.7054664055  -0.7780635954
0.6684779811  -0.7003038435  -0.7833015153
0.6632396365  -0.6951468136  -0.7885230130
0.6580173751  -0.6899955438  -0.7937282214
0.6528111107  -0.6848502310  -0.7989172753
0.6476207578  -0.6797110419  -0.8040903113
0.6424462313  -0.6745781142  -0.8092474663
0.6372874467  -0.6694515580  -0.8143888769
0.6321443201  -0.6643314571  -0.8195146784
0.6270167682  -0.6592178705  -0.8246250038
0.6219047083  -0.6541108348  -0.8297199825
0.6168080584  -0.6490103657  -0.8347997398
0.6117267374  -0.6439164602  -0.8398643956
0.6066606649  -0.6388290989  -0.8449140629
0.6016097615  -0.6337482480  -0.8499488473
0.5965739487  -0.6286738617  -0.8549688456
0.5915531487  -0.6236058847  -0.8599741440
0.5865472849  -0.6185442539  -0.8649648169
0.5815562809  -0.6134889003  -0.8699409241
0.5765800608  -0.6084397496  -0.8749025076
0.5716185477  -0.6033967210  -0.8798495841
0.5666716591  -0.5983597119  -0.8847821245
0.5617393036  -0.5933285966  -0.8897000335
0.5568214012  -0.5883033378  -0.8946032228
0.5519179260  -0.5832841092  -0.8994917450
0.5470288971  -0.5782711458  -0.9043657768
0.5421543080  -0.5732644947  -0.9092254654
0.5372940971  -0.5682640601  -0.9140708768
0.5324481870  -0.5632697850  -0.9189020522
0.5276165163  -0.5582816854  -0.9237190378
0.5227990358  -0.5532998080  -0.9285218805
0.5179956998  -0.5483242143  -0.9333106258
0.5132064641  -0.5433549785  -0.9380853174
0.5084312859  -0.5383921877  -0.9428459975
0.5036701239  -0.5334359416  -0.9475927065
0.4989229381  -0.5284863514  -0.9523254833
0.4941896899  -0.5235435399  -0.9570443650
0.4894703420  -0.5186076405  -0.9617493875
0.4847648585  -0.5136787962  -0.9664405848
0.4800732049  -0.5087571585  -0.9711179897
0.4753953477  -0.5038428867  -0.9757816334
0.4707312549  -0.4989361457  -0.9804315460
0.4660808958  -0.4940371054  -0.9850677560
0.4614442406  -0.4891459391  -0.9896902908
0.4568212609  -0.4842628219  -0.9942991767
0.4522119295  -0.4793879295  -0.9988944386
0.4476162202  -0.4745214365  -1.0034761006
0.4430341079  -0.4696635145  -1.0080441857
0.4384655688  -0.4648143305  -1.0125987160
0.4339105798  -0.4599740446  -1.0171397128
0.4293691191  -0.4551428076  -1.0216671968
0.4248411657  -0.4503207562  -1.0261811878
0.4203266997  -0.4455080041  -1.0306817057
0.4158257021  -0.4407046278  -1.0351687700
0.4113381549  -0.4359106822  -1.0396424007
0.4068640408  -0.4311262624  -1.0441026167
0.4024033428  -0.4263515412  -1.0485494344
0.3979560445  -0.4215867243  -1.0529828678
0.3935221302  -0.4168319952  -1.0574029302
0.3891015856  -0.4120875143  -1.0618096348
0.3846943971  -0.4073534385  -1.0662029945
0.3803005519  -0.4026299273  -1.0705830219
0.3759200377  -0.3979171414  -1.0749497286
0.3715528428  -0.3932152422  -1.0793031258
0.3671989561  -0.3885243920  -1.0836432241
0.3628583669  -0.3838447535  -1.0879700335
0.3585310653  -0.3791764900  -1.0922835638
0.3542170416  -0.3745197216  -1.0965838240
0.3499162865  -0.3698744833  -1.1008708231
0.3456287914  -0.3652409065  -1.1051445696
0.3413545481  -0.3606193608  -1.1094050713
0.3370935491  -0.3560101967  -1.1136523352
0.3328457867  -0.3514135815  -1.1178863684
0.3286112536  -0.3468296441  -1.1221071780
0.3243899430  -0.3422585346  -1.1263147711
0.3201818480  -0.3377003992  -1.1305091542
0.3159869623  -0.3331553802  -1.1346903339
0.3118052792  -0.3286236168  -1.1388583168
0.3076367927  -0.3241052455  -1.1430131091
0.3034814965  -0.3196004012  -1.1471547173
0.2993393847  -0.3151092175  -1.1512831474
0.2952104512  -0.3106318273  -1.1553984059
0.2910946899  -0.3061683633  -1.1595004987
0.2869920950  -0.3017189585  -1.1635894323
0.2829026602  -0.2972837466  -1.1676652128
0.2788263796  -0.2928628623  -1.1717278466
0.2747632469  -0.2884564412  -1.1757773402
0.2707132557  -0.2840646204  -1.1798137000
0.2666763995  -0.2796875381  -1.1838369328
0.2626526716  -0.2753253337  -1.1878470456
0.2586420651  -0.2709781481  -1.1918440453
0.2546445729  -0.2666461233  -1.1958279394
0.2506601874  -0.2623294023  -1.1997987355
0.2466889011  -0.2580281290  -1.2037564416
0.2427307057  -0.2537424474  -1.2077010658
0.2387855929  -0.2494725021  -1.2116326169
0.2348535538  -0.2452184372  -1.2155511038
0.2309345794  -0.2409803961  -1.2194565361
0.2270286598  -0.2367585213  -1.2233489236
0.2231357886  -0.2325535114  -1.2272283086
0.2192559632  -0.2283662438  -1.2310947704
0.2153891673  -0.2241955239  -1.2349482973
0.2115353697  -0.2200397788  -1.2387887936
0.2076945529  -0.2158998026  -1.2426162347
0.2038667138  -0.2117766167  -1.2464306383
0.2000518444  -0.2076704087  -1.2502320081
0.1962499321  -0.2035813545  -1.2540203507
0.1924609637  -0.1995096202  -1.2577956755
0.1886849252  -0.1954553613  -1.2615579956
0.1849218020  -0.1914187217  -1.2653073277
0.1811715787  -0.1873998329  -1.2690436918
0.1774342391  -0.1833988138  -1.2727671121
0.1737097660  -0.1794157705  -1.2764776164
0.1699981414  -0.1754507959  -1.2801752368
0.1662993462  -0.1715039701  -1.2838600089
0.1626133602  -0.1675753603  -1.2875319723
0.1589401622  -0.1636650215  -1.2911911704
0.1552797300  -0.1597729964  -1.2948376502
0.1516320401  -0.1558993165  -1.2984714621
0.1479970681  -0.1520440024  -1.3020926600
0.1443747886  -0.1482070646  -1.3057013002
0.1407651750  -0.1443885041  -1.3092974422
0.1371681996  -0.1405883133  -1.3128811475
0.1335838340  -0.1368064768  -1.3164524796
0.1300120484  -0.1330429721  -1.3200115032
0.1264528123  -0.1292977705  -1.3235582843
0.1229060943  -0.1255708377  -1.3270928890
0.1193718619  -0.1218621351  -1.3306153835
0.1158500817  -0.1181716197  -1.3341258330
0.1123407196  -0.1144992458  -1.3376243015
0.1088437402  -0.1108449659  -1.3411108508
0.1053610390  -0.1072092054  -1.3446366496
0.1018938295  -0.1035921628  -1.3482270802
0.0984370641  -0.0999925280  -1.3517948287
0.0949892428  -0.0964099378  -1.3553624633
0.0915529235  -0.0928450086  -1.3589284502
0.0881280271  -0.0892976955  -1.3624910415
0.0847144836  -0.0857679565  -1.3660482759
0.0813122332  -0.0822557520  -1.3695979781
0.0779212267  -0.0787610442  -1.3731377590
0.0745414257  -0.0752837966  -1.3766650159
0.0711728038  -0.0718239732  -1.3801769321
0.0678153467  -0.0683815378  -1.3836704772
0.0644690528  -0.0649564533  -1.3871424072
0.0611339332  -0.0615486802  -1.3905892641
0.0578100129  -0.0581581768  -1.3940073761
0.0544973300  -0.0547848972  -1.3973928579
0.0511959368  -0.0514287911  -1.4007416100
0.0479058990  -0.0480898026  -1.4040493194
0.0446272966  -0.0447678699  -1.4073114593
0.0413602230  -0.0414629241  -1.4105232892
0.0381047850  -0.0381748890  -1.4136798545
0.0348611026  -0.0349036809  -1.4167759871
0.0316293081  -0.0316492080  -1.4198063051
0.0284095456  -0.0284113710  -1.4227652127
0.0252019702  -0.0251900630  -1.4256469003
0.0220067465  -0.0219851702  -1.4284453448
0.0188240479  -0.0187965727  -1.4311543090
0.0156540547  -0.0156241455  -1.4337673421
0.0124969524  -0.0124677599  -1.4362777793
0.0093529299  -0.0093272849  -1.4386787424
0.0062221770  -0.0062025886  -1.4409631391
0.0031048823  -0.0030935401  -1.4431236633
0.0031022921  -0.0030935183  -1.4431236633
