0.271412
0.6117550908  -0.5729883517   0.0000177442
0.6117550908  -0.5729883517   0.0000177442
0.6117572330  -0.5729891627   0.0000155433
0.6117570361  -0.5729861429   0.0000091014
0.6117531307  -0.5729786595  -0.0000016865
0.6117448151  -0.5729663073  -0.0000169253
0.6117318074  -0.5729489272  -0.0000367203
0.6117139403  -0.5729264261  -0.0000611769
0.6116910903  -0.5728987354  -0.0000904006
0.6116631533  -0.5728657966  -0.0001244970
0.6116300349  -0.5728275557  -0.0001635719
0.6115916456  -0.5727839605  -0.0002077313
0.6115478985  -0.5727349589  -0.0002570814
0.6114987080  -0.5726804985  -0.0003117283
0.6114439890  -0.5726205258  -0.0003717785
0.6113836562  -0.5725549861  -0.0004373386
0.6113176242  -0.5724838234  -0.0005085152
0.6112458068  -0.5724069799  -0.0005854152
0.6111681174  -0.5723243963  -0.0006681457
0.6110844683  -0.5722360117  -0.0007568138
0.6109947710  -0.5721417633  -0.0008515267
0.6108989360  -0.5720415866  -0.0009523921
0.6107968729  -0.5719354153  -0.0010595174
0.6106884901  -0.5718231812  -0.0011730104
0.6105736951  -0.5717048146  -0.0012929791
0.6104523940  -0.5715802436  -0.0014195315
0.6103244919  -0.5714493948  -0.0015527758
0.6101898930  -0.5713121927  -0.0016928203
0.6100484998  -0.5711685603  -0.0018397736
0.6099002141  -0.5710184186  -0.0019937444
0.6097449360  -0.5708616867  -0.0021548414
0.6095825649  -0.5706982821  -0.0023231736
0.6094129955  -0.5705280244  -0.0024991066
0.6092361276  -0.5703509158  -0.0026825117
0.6090518609  -0.5701669984  -0.0028734100
0.6088600865  -0.5699761147  -0.0030719048
0.6086606959  -0.5697781380  -0.0032781000
0.6084535802  -0.5695729644  -0.0034921037
0.6082386291  -0.5693604920  -0.0037140253
0.6080157314  -0.5691406195  -0.0039439761
0.6077847744  -0.5689132440  -0.0041820690
0.6075456441  -0.5686782619  -0.0044284184
0.6072982250  -0.5684355676  -0.0046831403
0.6070424005  -0.5681850546  -0.0049463521
0.6067780525  -0.5679266147  -0.0052181728
0.6065050614  -0.5676601386  -0.0054987226
0.6062233063  -0.5673855153  -0.0057881234
0.6059326649  -0.5671026330  -0.0060864984
0.6056330136  -0.5668113784  -0.0063939723
0.6053242272  -0.5665116369  -0.0067106712
0.6050061790  -0.5662032930  -0.0070367228
0.6046787412  -0.5658862299  -0.0073722561
0.6043417841  -0.5655603300  -0.0077174017
0.6039951770  -0.5652254745  -0.0080722916
0.6036387873  -0.5648815436  -0.0084370593
0.6032724811  -0.5645284168  -0.0088118397
0.6028961231  -0.5641659725  -0.0091967695
0.6025095763  -0.5637940884  -0.0095919864
0.6021127022  -0.5634126413  -0.0099976300
0.6017053610  -0.5630215075  -0.0104138413
0.6012874111  -0.5626205623  -0.0108407627
0.6008587096  -0.5622096806  -0.0112785383
0.6004191120  -0.5617887366  -0.0117273136
0.5999684720  -0.5613575751  -0.0121872358
0.5995066421  -0.5609160584  -0.0126584535
0.5990334727  -0.5604641194  -0.0131411169
0.5985488135  -0.5600016605  -0.0136353777
0.5980525123  -0.5595285332  -0.0141413891
0.5975444153  -0.5590445979  -0.0146593060
0.5970243670  -0.5585497218  -0.0151892850
0.5964922105  -0.5580437734  -0.0157314841
0.5959477872  -0.5575266210  -0.0162860627
0.5953909373  -0.5569981330  -0.0168531821
0.5948214990  -0.5564581770  -0.0174330050
0.5942393095  -0.5559066201  -0.0180256957
0.5936442039  -0.5553433285  -0.0186314200
0.5930360160  -0.5547681676  -0.0192503455
0.5924145782  -0.5541810019  -0.0198826412
0.5917797211  -0.5535816949  -0.0205284776
0.5911312740  -0.5529701101  -0.0211880271
0.5904690643  -0.5523461098  -0.0218614633
0.5897929184  -0.5517095561  -0.0225489615
0.5891026608  -0.5510603099  -0.0232506984
0.5883981146  -0.5503982314  -0.0239668523
0.5876791013  -0.5497231804  -0.0246976027
0.5869454409  -0.5490350153  -0.0254431311
0.5861969515  -0.5483335941  -0.0262036201
0.5854334497  -0.5476187739  -0.0269792540
0.5846547506  -0.5468904111  -0.0277702183
0.5838606676  -0.5461483619  -0.0285767002
0.5830510129  -0.5453924820  -0.0293988881
0.5822255968  -0.5446226267  -0.0302369718
0.5813842284  -0.5438386514  -0.0310911426
0.5805267152  -0.5430404115  -0.0319615932
0.5796528638  -0.5422277629  -0.0328485179
0.5787624798  -0.5414005619  -0.0337521120
0.5778553675  -0.5405586722  -0.0346725724
0.5769313298  -0.5397019697  -0.0356100972
0.5759901682  -0.5388303146  -0.0365648857
0.5750316835  -0.5379435053  -0.0375371387
0.5740556751  -0.5370412877  -0.0385270587
0.5730619410  -0.5361234306  -0.0395348497
0.5720502777  -0.5351897784  -0.0405607165
0.5710204800  -0.5342402409  -0.0416048644
0.5699723417  -0.5332747597  -0.0426674998
0.5689056567  -0.5322932833  -0.0437488301
0.5678202180  -0.5312957527  -0.0448490636
0.5667158180  -0.5302820973  -0.0459684089
0.5655922480  -0.5292522341  -0.0471070747
0.5644492987  -0.5282060677  -0.0482652704
0.5632867603  -0.5271434903  -0.0494432063
0.5621044218  -0.5260643812  -0.0506410946
0.5609020708  -0.5249686055  -0.0518591491
0.5596794932  -0.5238560162  -0.0530975844
0.5584364743  -0.5227264547  -0.0543566160
0.5571727986  -0.5215797519  -0.0556364598
0.5558882504  -0.5204157298  -0.0569373320
0.5545826160  -0.5192342054  -0.0582594498
0.5532556809  -0.5180349884  -0.0596030302
0.5519072280  -0.5168178795  -0.0609682903
0.5505370392  -0.5155826738  -0.0623554475
0.5491448958  -0.5143291632  -0.0637647188
0.5477305797  -0.5130571377  -0.0651963213
0.5462938747  -0.5117663884  -0.0666504715
0.5448345661  -0.5104567048  -0.0681273853
0.5433524392  -0.5091278727  -0.0696272777
0.5418472797  -0.5077796752  -0.0711503628
0.5403188738  -0.5064118799  -0.0726968524
0.5387670071  -0.5050241113  -0.0742669527
0.5371914619  -0.5036159447  -0.0758608641
0.5355920261  -0.5021877144  -0.0774787975
0.5339685055  -0.5007407547  -0.0791209917
0.5323207132  -0.4992759929  -0.0807876993
0.5306484469  -0.4977929011  -0.0824791557
0.5289514910  -0.4962901620  -0.0841955696
0.5272296295  -0.4947666151  -0.0859371308
0.5254826548  -0.4932215494  -0.0877040184
0.5237103715  -0.4916546535  -0.0894964063
0.5219125737  -0.4900658347  -0.0913144648
0.5200890353  -0.4884550678  -0.0931583609
0.5182395257  -0.4868223644  -0.0950282578
0.5163638351  -0.4851677974  -0.0969243144
0.5144617896  -0.4834915101  -0.0988466860
0.5125332324  -0.4817936923  -0.1007955229
0.5105780125  -0.4800745675  -0.1027709720
0.5085959717  -0.4783343811  -0.1047731752
0.5065869423  -0.4765733920  -0.1068022701
0.5045507611  -0.4747918795  -0.1088583883
0.5024872771  -0.4729901544  -0.1109416546
0.5003963489  -0.4711685531  -0.1130521882
0.4982778278  -0.4693274119  -0.1151900994
0.4961315639  -0.4674670708  -0.1173554848
0.4939574276  -0.4655878977  -0.1195484276
0.4917552949  -0.4636902625  -0.1217689921
0.4895250350  -0.4617745197  -0.1240172113
0.4872665296  -0.4598410331  -0.1262930719
0.4849796635  -0.4578901539  -0.1285964902
0.4826643156  -0.4559222055  -0.1309272730
0.4803203697  -0.4539374956  -0.1332850945
0.4779476662  -0.4519362456  -0.1356692366
0.4755458526  -0.4499185156  -0.1380770378
0.4731146551  -0.4478843965  -0.1405067071
0.4706546875  -0.4458344918  -0.1429631745
0.4681671768  -0.4437699749  -0.1454546320
0.4656526044  -0.4416918552  -0.1479860543
0.4631104890  -0.4396005297  -0.1505591017
0.4605401428  -0.4374959924  -0.1531737210
0.4579410058  -0.4353780068  -0.1558289800
0.4553127361  -0.4332462597  -0.1585238138
0.4526551578  -0.4311003868  -0.1612572026
0.4499681567  -0.4289399500  -0.1640280227
0.4472516325  -0.4267644243  -0.1668350546
0.4445054876  -0.4245731872  -0.1696769901
0.4417296175  -0.4223655169  -0.1725524368
0.4389239103  -0.4201405946  -0.1754599233
0.4360882491  -0.4178975118  -0.1783979051
0.4332225234  -0.4156352905  -0.1813647705
0.4303265951  -0.4133528504  -0.1843588470
0.4274003134  -0.4110490358  -0.1873784071
0.4244434521  -0.4087225593  -0.1904216735
0.4214557327  -0.4063720260  -0.1934868249
0.4184369260  -0.4039960611  -0.1965720014
0.4153865130  -0.4015929610  -0.1996753107
0.4123038062  -0.3991608294  -0.2027948331
0.4091880216  -0.3966976722  -0.2059286265
0.4060378704  -0.3942009911  -0.2090747328
0.4028514027  -0.3916676417  -0.2122311829
0.3996256328  -0.3890934799  -0.2153960023
0.3963559761  -0.3864728256  -0.2185672174
0.3930352685  -0.3837974983  -0.2217428613
0.3896546742  -0.3810578223  -0.2249209811
0.3861875876  -0.3782267286  -0.2280996556
0.3825191032  -0.3751896117  -0.2312770049
0.3787414148  -0.3720389066  -0.2344511464
0.3751407571  -0.3690583673  -0.2376201352
0.3717889344  -0.3663150454  -0.2407819945
0.3686088810  -0.3637284227  -0.2439348013
0.3655289293  -0.3612254429  -0.2470767265
0.3624954180  -0.3587519152  -0.2502060302
0.3594803099  -0.3562794780  -0.2533210515
0.3564822622  -0.3538063623  -0.2564202033
0.3535006911  -0.3513314896  -0.2595019737
0.3505353407  -0.3488541693  -0.2625649326
0.3475861378  -0.3463739900  -0.2656077381
0.3446530542  -0.3438906815  -0.2686291423
0.3417360768  -0.3414040838  -0.2716279985
0.3388352070  -0.3389141433  -0.2746032665
0.3359504590  -0.3364209081  -0.2775540190
0.3330818591  -0.3339245230  -0.2804794482
0.3302294438  -0.3314252231  -0.2833788722
0.3273932591  -0.3289233278  -0.2862517432
0.3245733587  -0.3264192343  -0.2890976552
0.3217698026  -0.3239134097  -0.2919163508
0.3189826551  -0.3214063839  -0.2947077317
0.3162119852  -0.3188987430  -0.2974718741
0.3134578648  -0.3163911213  -0.3002090386
0.3107203676  -0.3138841939  -0.3029196895
0.3079995710  -0.3113786714  -0.3056045239
0.3052955581  -0.3088752955  -0.3082645097
0.3026084227  -0.3063748362  -0.3109009432
0.2999382768  -0.3038780927  -0.3135155361
0.2972852560  -0.3013858934  -0.3161105043
0.2946495726  -0.2988991423  -0.3186889507
0.2920318740  -0.2964190735  -0.3212568708
0.2894328028  -0.2939468900  -0.3238206473
0.2868512618  -0.2914824699  -0.3263800653
0.2842847252  -0.2890245518  -0.3289300274
0.2817316933  -0.2865724747  -0.3314667098
0.2791922506  -0.2841266322  -0.3339884241
0.2766669587  -0.2816877548  -0.3364946595
0.2741562642  -0.2792565057  -0.3389855867
0.2716603762  -0.2768333835  -0.3414614375
0.2691792875  -0.2744187248  -0.3439223162
0.2667129124  -0.2720127899  -0.3463683330
0.2642611609  -0.2696158109  -0.3487996024
0.2618239412  -0.2672279943  -0.3512162415
0.2594011610  -0.2648495220  -0.3536183702
0.2569927272  -0.2624805525  -0.3560061110
0.2545985468  -0.2601212218  -0.3583795883
0.2522185265  -0.2577716446  -0.3607389277
0.2498525730  -0.2554319149  -0.3630842554
0.2475005927  -0.2531021081  -0.3654156977
0.2451624920  -0.2507822814  -0.3677333800
0.2428381773  -0.2484724753  -0.3700374267
0.2405275552  -0.2461727153  -0.3723279597
0.2382305324  -0.2438830131  -0.3746050985
0.2359470157  -0.2416033676  -0.3768689589
0.2336769123  -0.2393337663  -0.3791196526
0.2314201296  -0.2370741870  -0.3813572864
0.2291765755  -0.2348245978  -0.3835819612
0.2269461580  -0.2325849583  -0.3857937712
0.2247287856  -0.2303552191  -0.3879928023
0.2225243671  -0.2281353222  -0.3901791309
0.2203328112  -0.2259251964  -0.3923528211
0.2181540259  -0.2237247209  -0.3945139144
0.2159879174  -0.2215337321  -0.3966624217
0.2138343950  -0.2193522189  -0.3987983550
0.2116933785  -0.2171804592  -0.4009217787
0.2095647973  -0.2150187915  -0.4030328091
0.2074485781  -0.2128673483  -0.4051315695
0.2053446394  -0.2107260858  -0.4072181665
0.2032528951  -0.2085949216  -0.4092926923
0.2011732589  -0.2064737956  -0.4113552306
0.1991056460  -0.2043626827  -0.4134058631
0.1970499735  -0.2022615818  -0.4154446710
0.1950061598  -0.2001704993  -0.4174717356
0.1929741237  -0.1980894434  -0.4194871375
0.1909537846  -0.1960184232  -0.4214909568
0.1889450623  -0.1939574488  -0.4234832729
0.1869478771  -0.1919065308  -0.4254641649
0.1849621498  -0.1898656802  -0.4274337109
0.1829878016  -0.1878349080  -0.4293919890
0.1810247544  -0.1858142252  -0.4313390763
0.1790729302  -0.1838036422  -0.4332750497
0.1771322517  -0.1818031685  -0.4351999855
0.1752026420  -0.1798128129  -0.4371139595
0.1732840246  -0.1778325823  -0.4390170471
0.1713763236  -0.1758624822  -0.4409093231
0.1694794633  -0.1739025155  -0.4427908621
0.1675933687  -0.1719526831  -0.4446617380
0.1657179651  -0.1700129827  -0.4465220244
0.1638531783  -0.1680834090  -0.4483717946
0.1619989345  -0.1661639529  -0.4502111215
0.1601551603  -0.1642546012  -0.4520400776
0.1583217828  -0.1623553360  -0.4538587349
0.1564987295  -0.1604661332  -0.4556671653
0.1546859283  -0.1585869599  -0.4574654406
0.1528833076  -0.1567177773  -0.4592536321
0.1510907962  -0.1548585506  -0.4610318109
0.1493083233  -0.1530092550  -0.4628000472
0.1475358185  -0.1511698712  -0.4645584108
0.1457732119  -0.1493403792  -0.4663069704
0.1440204340  -0.1475207555  -0.4680457949
0.1422774158  -0.1457109732  -0.4697749523
0.1405440887  -0.1439110039  -0.4714945107
0.1388203846  -0.1421208175  -0.4732045376
0.1371062356  -0.1403403833  -0.4749051000
0.1354015746  -0.1385696693  -0.4765962646
0.1337063345  -0.1368086427  -0.4782780976
0.1320204489  -0.1350572699  -0.4799506649
0.1303438517  -0.1333155161  -0.4816140319
0.1286764774  -0.1315833461  -0.4832682636
0.1270182608  -0.1298607234  -0.4849134245
0.1253691370  -0.1281476111  -0.4865495788
0.1237290417  -0.1264439688  -0.4881767902
0.1220979109  -0.1247497503  -0.4897951222
0.1204756811  -0.1230649147  -0.4914046375
0.1188622893  -0.1213894343  -0.4930053987
0.1172576727  -0.1197232790  -0.4945974678
0.1156617692  -0.1180664077  -0.4961809066
0.1140745168  -0.1164187764  -0.4977557762
0.1124958542  -0.1147803418  -0.4993221375
0.1109257202  -0.1131510598  -0.5008800511
0.1093640542  -0.1115308859  -0.5024295768
0.1078107962  -0.1099197747  -0.5039707744
0.1062658861  -0.1083176805  -0.5055037030
0.1047292647  -0.1067245571  -0.5070284215
0.1032008729  -0.1051403578  -0.5085449884
0.1016806521  -0.1035650356  -0.5100534615
0.1001685443  -0.1019985434  -0.5115538986
0.0986644915  -0.1004408337  -0.5130463569
0.0971684365  -0.0988918587  -0.5145308932
0.0956803222  -0.0973515706  -0.5160075639
0.0942000920  -0.0958199214  -0.5174764250
0.0927276898  -0.0942968630  -0.5189375322
0.0912630599  -0.0927823471  -0.5203909407
0.0898061467  -0.0912763256  -0.5218367053
0.0883568953  -0.0897787500  -0.5232748806
0.0869152511  -0.0882895721  -0.5247055206
0.0854811599  -0.0868087433  -0.5261286789
0.0840545679  -0.0853362154  -0.5275444089
0.0826354216  -0.0838719399  -0.5289527634
0.0812236679  -0.0824158683  -0.5303537951
0.0798192542  -0.0809679521  -0.5317475559
0.0784221282  -0.0795281428  -0.5331340978
0.0770322381  -0.0780963919  -0.5345134721
0.0756495323  -0.0766726798  -0.5358857332
0.0742739601  -0.0752569953  -0.5372509386
0.0729054704  -0.0738492199  -0.5386091363
0.0715440120  -0.0724492178  -0.5399603652
0.0701895349  -0.0710569764  -0.5413046708
0.0688419898  -0.0696724934  -0.5426421029
0.0675013274  -0.0682957233  -0.5439727091
0.0661674989  -0.0669266200  -0.5452965371
0.0648404559  -0.0655651372  -0.5466136343
0.0635201501  -0.0642112280  -0.5479240481
0.0622065338  -0.0628648455  -0.5492278259
0.0608995594  -0.0615259420  -0.5505250148
0.0595991800  -0.0601944696  -0.5518156622
0.0583053488  -0.0588703803  -0.5530998153
0.0570180193  -0.0575536253  -0.5543775212
0.0557371456  -0.0562441558  -0.5556488271
0.0544626818  -0.0549419227  -0.5569137802
0.0531945827  -0.0536468767  -0.5581724275
0.0519328032  -0.0523589680  -0.5594248160
0.0506772986  -0.0510781471  -0.5606709929
0.0494280245  -0.0498043641  -0.5619110048
0.0481849368  -0.0485375690  -0.5631448987
0.0469479919  -0.0472777120  -0.5643727212
0.0457171463  -0.0460247431  -0.5655945187
0.0444923570  -0.0447786124  -0.5668103374
0.0432735814  -0.0435392702  -0.5680202233
0.0420607769  -0.0423066669  -0.5692242221
0.0408539015  -0.0410807529  -0.5704223790
0.0396529135  -0.0398614791  -0.5716147388
0.0384577714  -0.0386487965  -0.5728013459
0.0372684341  -0.0374426562  -0.5739822440
0.0360848609  -0.0362430100  -0.5751574763
0.0349072110  -0.0350498306  -0.5763437417
0.0337355744  -0.0338630808  -0.5775493300
0.0325693932  -0.0326826579  -0.5787458327
0.0314084760  -0.0315085017  -0.5799406303
0.0302530521  -0.0303405952  -0.5811332527
0.0291030785  -0.0291788924  -0.5823231605
0.0279585133  -0.0280233481  -0.5835097448
0.0268193161  -0.0268739172  -0.5846923274
0.0256854480  -0.0257305555  -0.5858701605
0.0245568718  -0.0245932188  -0.5870424269
0.0234335516  -0.0234618634  -0.5882082401
0.0223154535  -0.0223364460  -0.5893666440
0.0212025451  -0.0212169237  -0.5905166130
0.0200947959  -0.0201032536  -0.5916570524
0.0189921771  -0.0189953933  -0.5927867977
0.0178946618  -0.0178933005  -0.5939046152
0.0168022248  -0.0167969333  -0.5950092015
0.0157148430  -0.0157062498  -0.5960991841
0.0146324949  -0.0146212082  -0.5971731209
0.0135551610  -0.0135417670  -0.5982295003
0.0124828237  -0.0124678846  -0.5992667413
0.0114154668  -0.0113995199  -0.6002831935
0.0103530760  -0.0103366316  -0.6012771371
0.0092956388  -0.0092791785  -0.6022467828
0.0082431437  -0.0082271198  -0.6031902719
0.0071955811  -0.0071804146  -0.6041056762
0.0061529423  -0.0061390224  -0.6049909981
0.0051152197  -0.0051029028  -0.6058441705
0.0040824066  -0.0040720156  -0.6066630571
0.0030544968  -0.0030463210  -0.6074454519
0.0020314847  -0.0020257797  -0.6081890795
0.0010133645  -0.0010103525  -0.6088915952
0.0010130900  -0.0010103508  -0.6088915952
