0.0865956
2.0752562624  -2.2649687711   0.0000832442
2.0752562624  -2.2649687711   0.0000832442
2.0752620364  -2.2649580971   0.0000674859
2.0752553445  -2.2649078038   0.0000287759
2.0752301600  -2.2648163570  -0.0000335556
2.0751812895  -2.2646758673  -0.0001201695
2.0751068509  -2.2644839236  -0.0002317172
2.0750057903  -2.2642394230  -0.0003688412
2.0748773649  -2.2639417413  -0.0005321748
2.0747209730  -2.2635904622  -0.0007223420
2.0745360856  -2.2631852671  -0.0009399579
2.0743222138  -2.2627258839  -0.0011856284
2.0740788925  -2.2622120601  -0.0014599500
2.0738056714  -2.2616435488  -0.0017635104
2.0735021094  -2.2610201001  -0.0020968879
2.0731677719  -2.2603414565  -0.0024606518
2.0728022283  -2.2596073500  -0.0028553623
2.0724050511  -2.2588175006  -0.0032815702
2.0719758149  -2.2579716152  -0.0037398175
2.0715140960  -2.2570693878  -0.0042306367
2.0710194720  -2.2561104994  -0.0047545514
2.0704915218  -2.2550946182  -0.0053120760
2.0699298255  -2.2540214004  -0.0059037158
2.0693339643  -2.2528904907  -0.0065299668
2.0687035207  -2.2517015230  -0.0071913159
2.0680380785  -2.2504541215  -0.0078882410
2.0673372228  -2.2491479013  -0.0086212108
2.0666005404  -2.2477824696  -0.0093906846
2.0658276197  -2.2463574264  -0.0101971130
2.0650180514  -2.2448723661  -0.0110409371
2.0641714282  -2.2433268783  -0.0119225889
2.0632873451  -2.2417205487  -0.0128424915
2.0623653904  -2.2400518617  -0.0138023708
2.0614051781  -2.2383214129  -0.0148014797
2.0604063236  -2.2365301371  -0.0158398201
2.0593684191  -2.2346768077  -0.0169176963
2.0582910687  -2.2327607203  -0.0180354415
2.0571738853  -2.2307813555  -0.0191934285
2.0560164864  -2.2287382381  -0.0203920242
2.0548184941  -2.2266309289  -0.0216315938
2.0535795349  -2.2244590071  -0.0229124998
2.0522992398  -2.2222220663  -0.0242351012
2.0509772454  -2.2199197152  -0.0255997527
2.0496131941  -2.2175515790  -0.0270068042
2.0482067331  -2.2151172983  -0.0284566001
2.0467575152  -2.2126165302  -0.0299494794
2.0452651997  -2.2100489514  -0.0314857751
2.0437294517  -2.2074142583  -0.0330658138
2.0421499426  -2.2047121660  -0.0346899160
2.0405263510  -2.2019424102  -0.0363583950
2.0388583623  -2.1991047484  -0.0380715574
2.0371456684  -2.1961989609  -0.0398297027
2.0353879689  -2.1932248533  -0.0416331227
2.0335849711  -2.1901822567  -0.0434821019
2.0317363891  -2.1870710248  -0.0453769170
2.0298419453  -2.1838910376  -0.0473178365
2.0279013697  -2.1806422023  -0.0493051211
2.0259144005  -2.1773244533  -0.0513390230
2.0238807851  -2.1739377536  -0.0534197861
2.0218002783  -2.1704820936  -0.0555476456
2.0196726440  -2.1669574925  -0.0577228280
2.0174976550  -2.1633639970  -0.0599455509
2.0152750922  -2.1597016850  -0.0622160232
2.0130047461  -2.1559703869  -0.0645344447
2.0106864138  -2.1521701408  -0.0669010059
2.0083199041  -2.1483016685  -0.0693158880
2.0059050383  -2.1443654180  -0.0717792646
2.0034416448  -2.1403614341  -0.0742912981
2.0009295588  -2.1362898991  -0.0768521337
1.9983686248  -2.1321510735  -0.0794619071
1.9957586984  -2.1279452569  -0.0821207494
1.9930996446  -2.1236727852  -0.0848287831
1.9903913380  -2.1193340251  -0.0875861208
1.9876336627  -2.1149293669  -0.0903928672
1.9848265118  -2.1104592259  -0.0932491191
1.9819697881  -2.1059240485  -0.0961549651
1.9790634038  -2.1013243111  -0.0991104846
1.9761072807  -2.0966605164  -0.1021157492
1.9731013505  -2.0919331927  -0.1051708260
1.9700455544  -2.0871428941  -0.1082757747
1.9669398413  -2.0822901972  -0.1114306449
1.9637841697  -2.0773757047  -0.1146354781
1.9605785063  -2.0724000449  -0.1178903089
1.9573228275  -2.0673638650  -0.1211951643
1.9540171179  -2.0622678324  -0.1245500652
1.9506613721  -2.0571126419  -0.1279550243
1.9472555917  -2.0518990104  -0.1314100441
1.9437997867  -2.0466276763  -0.1349151230
1.9402939760  -2.0412993972  -0.1384702540
1.9367381849  -2.0359149476  -0.1420754170
1.9331324474  -2.0304751213  -0.1457305869
1.9294768023  -2.0249807251  -0.1494357344
1.9257712991  -2.0194325892  -0.1531908171
1.9220159926  -2.0138315610  -0.1569957844
1.9182109448  -2.0081784862  -0.1608505830
1.9143562239  -2.0024742078  -0.1647551533
1.9104518999  -1.9967196020  -0.1687094269
1.9064980723  -1.9909156123  -0.1727133269
1.9024949145  -1.9850632616  -0.1767667712
1.8984423379  -1.9791633069  -0.1808696692
1.8943401319  -1.9732163854  -0.1850219214
1.8901884359  -1.9672235202  -0.1892234220
1.8859874396  -1.9611858237  -0.1934740609
1.8817372010  -1.9551041815  -0.1977737187
1.8774378108  -1.9489792829  -0.2021222673
1.8730894018  -1.9428117803  -0.2065195757
1.8686921153  -1.9366025609  -0.2109655063
1.8642460810  -1.9303527738  -0.2154599111
1.8597513769  -1.9240635997  -0.2200026331
1.8552082125  -1.9177363169  -0.2245935072
1.8506168773  -1.9113722472  -0.2292323633
1.8459775111  -1.9049725255  -0.2339190267
1.8412902481  -1.8985382419  -0.2386533128
1.8365552870  -1.8920705169  -0.2434350315
1.8317728225  -1.8855704269  -0.2482639868
1.8269430803  -1.8790390397  -0.2531399701
1.8220663473  -1.8724774503  -0.2580627656
1.8171427644  -1.8658865689  -0.2630321547
1.8121724846  -1.8592672767  -0.2680479143
1.8071559627  -1.8526207292  -0.2731098120
1.8020933851  -1.8459477842  -0.2782176060
1.7969848063  -1.8392491269  -0.2833710496
1.7918307047  -1.8325258430  -0.2885698886
1.7866313229  -1.8257787641  -0.2938138607
1.7813867035  -1.8190084894  -0.2991026975
1.7760971746  -1.8122158876  -0.3044361201
1.7707631332  -1.8054018879  -0.3098138440
1.7653848939  -1.7985673218  -0.3152355818
1.7599626521  -1.7917128892  -0.3207010351
1.7544967267  -1.7848394038  -0.3262098955
1.7489874774  -1.7779477198  -0.3317618503
1.7434351144  -1.7710385451  -0.3373565870
1.7378399014  -1.7641126487  -0.3429937857
1.7322022187  -1.7571709638  -0.3486731037
1.7265224629  -1.7502144381  -0.3543941840
1.7208008270  -1.7432435202  -0.3601567270
1.7150376516  -1.7362585396  -0.3659605286
1.7092334564  -1.7292604521  -0.3718053710
1.7033885230  -1.7222506486  -0.3776909225
1.6975031107  -1.7152304998  -0.3836167811
1.6915775067  -1.7082010372  -0.3895825398
1.6856119859  -1.7011631072  -0.3955877936
1.6796070570  -1.6941177808  -0.4016321336
1.6735630847  -1.6870659872  -0.4077151509
1.6674803279  -1.6800085459  -0.4138364380
1.6613593316  -1.6729465715  -0.4199955838
1.6552003846  -1.6658809190  -0.4261921741
1.6490036718  -1.6588123318  -0.4324257933
1.6427696335  -1.6517418157  -0.4386960298
1.6364987941  -1.6446704611  -0.4450024761
1.6301916140  -1.6375992869  -0.4513447165
1.6238483934  -1.6305291399  -0.4577223334
1.6174694956  -1.6234609193  -0.4641349178
1.6110554266  -1.6163956575  -0.4705820567
1.6046065122  -1.6093341913  -0.4770633313
1.5981231865  -1.6022774470  -0.4835783269
1.5916058714  -1.5952263217  -0.4901266257
1.5850548084  -1.5881815039  -0.4967077987
1.5784705850  -1.5811440029  -0.5033214026
1.5718536679  -1.5741146796  -0.5099669750
1.5652043372  -1.5670941633  -0.5166440198
1.5585230220  -1.5600831877  -0.5233519782
1.5518101218  -1.5530824048  -0.5300901771
1.5450659470  -1.5460922951  -0.5368577025
1.5382906993  -1.5391130714  -0.5436530702
1.5314839891  -1.5321442064  -0.5504724261
1.5246459189  -1.5251858410  -0.5573144979
1.5177801821  -1.5182422317  -0.5641878108
1.5108912265  -1.5113189249  -0.5711010009
1.5039786015  -1.5044165617  -0.5780541349
1.4970393482  -1.4975324992  -0.5850447706
1.4900721711  -1.4906649864  -0.5920715054
1.4830772422  -1.4838134881  -0.5991330232
1.4760548874  -1.4769775489  -0.6062279382
1.4690053542  -1.4701565189  -0.6133547997
1.4619290819  -1.4633498227  -0.6205121028
1.4548264670  -1.4565567319  -0.6276982900
1.4476977739  -1.4497762802  -0.6349117574
1.4405433203  -1.4430074619  -0.6421508674
1.4333635049  -1.4362492718  -0.6494139497
1.4261588840  -1.4295007909  -0.6566993013
1.4189298120  -1.4227608313  -0.6640051926
1.4116764833  -1.4160279874  -0.6713298770
1.4043993937  -1.4093011115  -0.6786715959
1.3970989376  -1.4025789235  -0.6860285797
1.3897753660  -1.3958599753  -0.6933990537
1.3824289807  -1.3891428551  -0.7007812441
1.3750599693  -1.3824260340  -0.7081733801
1.3676683796  -1.3757078469  -0.7155737024
1.3602540835  -1.3689864736  -0.7229804634
1.3528165943  -1.3622597630  -0.7303919281
1.3453549152  -1.3555250948  -0.7378063849
1.3378671613  -1.3487790156  -0.7452221495
1.3303497948  -1.3420164880  -0.7526375666
1.3227959941  -1.3352292806  -0.7600510190
1.3151913661  -1.3284016810  -0.7674609390
1.3075027444  -1.3214990879  -0.7748658420
1.2995912601  -1.3143828126  -0.7822643260
1.2916567228  -1.3072573870  -0.7896549046
1.2840965857  -1.3005206425  -0.7970358731
1.2767988355  -1.2940536970  -0.8044055149
1.2695420873  -1.2876285436  -0.8117623472
1.2623009281  -1.2812148163  -0.8191050807
1.2550748997  -1.2748092088  -0.8264325032
1.2478637983  -1.2684097564  -0.8337434642
1.2406674254  -1.2620147148  -0.8410368932
1.2334856032  -1.2556224811  -0.8483118030
1.2263181737  -1.2492315978  -0.8555672912
1.2191649993  -1.2428407537  -0.8628025476
1.2120259636  -1.2364487866  -0.8700168588
1.2049009685  -1.2300546833  -0.8772096086
1.1977899309  -1.2236575771  -0.8843802776
1.1906927821  -1.2172567446  -0.8915284488
1.1836094702  -1.2108516054  -0.8986538165
1.1765399577  -1.2044417193  -0.9057561858
1.1694842167  -1.1980267808  -0.9128354722
1.1624422291  -1.1916066133  -0.9198917107
1.1554139868  -1.1851811642  -0.9269250591
1.1483994893  -1.1787504980  -0.9339358022
1.1413987427  -1.1723147892  -0.9409243595
1.1344117600  -1.1658743154  -0.9478912940
1.1274385610  -1.1594294493  -0.9548373252
1.1204791751  -1.1529806516  -0.9617633481
1.1135336454  -1.1465284664  -0.9686704630
1.1066020395  -1.1400735185  -0.9755600270
1.0996844723  -1.1336165186  -0.9824337500
1.0927811621  -1.1271582882  -0.9892939034
1.0858925739  -1.1206998623  -0.9961438161
1.0790201578  -1.1142426457  -1.0029902359
1.0721648155  -1.1077878236  -1.0098384946
1.0653227018  -1.1013351151  -1.0166833271
1.0584880825  -1.0948831941  -1.0235166752
1.0516603093  -1.0884314513  -1.0303373447
1.0448420455  -1.0819802130  -1.0371465544
1.0380345339  -1.0755298610  -1.0439446143
1.0312377423  -1.0690805774  -1.0507317031
1.0244515093  -1.0626324693  -1.0575080021
1.0176756743  -1.0561856130  -1.0642736967
1.0109100784  -1.0497400587  -1.0710289757
1.0041545638  -1.0432958304  -1.0777740308
0.9974089739  -1.0368529264  -1.0845090561
0.9906731528  -1.0304113201  -1.0912342470
0.9839469459  -1.0239709592  -1.0979498004
0.9772301993  -1.0175317668  -1.1046559132
0.9705227600  -1.0110936434  -1.1113527820
0.9638244758  -1.0046564675  -1.1180406023
0.9571351957  -0.9982200970  -1.1247195673
0.9504547691  -0.9917843701  -1.1313898678
0.9437830468  -0.9853491073  -1.1380516905
0.9371198804  -0.9789141134  -1.1447052179
0.9304651227  -0.9724791793  -1.1513506269
0.9238186272  -0.9660440838  -1.1579880883
0.9171802491  -0.9596085965  -1.1646177651
0.9105498443  -0.9531724803  -1.1712398125
0.9039272699  -0.9467354944  -1.1778543756
0.8973123841  -0.9402973986  -1.1844615886
0.8907050458  -0.9338579593  -1.1910615721
0.8841051140  -0.9274169598  -1.1976544296
0.8775124462  -0.9209742236  -1.2042402401
0.8709268921  -0.9145297034  -1.2108190337
0.8643482922  -0.9080834132  -1.2173907853
0.8577765133  -0.9016348990  -1.2239555136
0.8512114922  -0.8951831018  -1.2305133847
0.8446531956  -0.8887272043  -1.2370646319
0.8381015387  -0.8822670819  -1.2436094228
0.8315563840  -0.8758027845  -1.2501478652
0.8250175957  -0.8693341798  -1.2566800610
0.8184850588  -0.8628610547  -1.2632061162
0.8119586675  -0.8563832056  -1.2697261349
0.8054383191  -0.8499004466  -1.2762402190
0.7989239130  -0.8434126090  -1.2827484675
0.7924153507  -0.8369195413  -1.2892509772
0.7859125362  -0.8304211091  -1.2957478422
0.7794153756  -0.8239171940  -1.3022391542
0.7729237775  -0.8174076937  -1.3087250021
0.7664376526  -0.8108925223  -1.3152054723
0.7599569143  -0.8043716097  -1.3216806486
0.7534814781  -0.7978448983  -1.3281506122
0.7470112620  -0.7913123403  -1.3346154417
0.7405461866  -0.7847738975  -1.3410752131
0.7340861747  -0.7782295401  -1.3475299997
0.7276311520  -0.7716792450  -1.3539798723
0.7211810465  -0.7651229939  -1.3604248992
0.7147357886  -0.7585607715  -1.3668651460
0.7082953117  -0.7519925630  -1.3733006755
0.7018595516  -0.7454183523  -1.3797315484
0.6954284467  -0.7388381183  -1.3861578225
0.6890019383  -0.7322518326  -1.3925795532
0.6825799704  -0.7256594541  -1.3989967934
0.6761624896  -0.7190609209  -1.4054095938
0.6697494455  -0.7124561306  -1.4118180029
0.6633407909  -0.7058449195  -1.4182220672
0.6569364811  -0.6992271138  -1.4246218317
0.6505364742  -0.6926026475  -1.4310173375
0.6441407302  -0.6859715836  -1.4374086206
0.6377492115  -0.6793340056  -1.4437957126
0.6313618841  -0.6726899479  -1.4501786426
0.6249787177  -0.6660394231  -1.4565574374
0.6185996853  -0.6593824526  -1.4629321209
0.6122247628  -0.6527190683  -1.4693027139
0.6058539293  -0.6460493110  -1.4756692337
0.5994871667  -0.6393732295  -1.4820316947
0.5931244605  -0.6326908813  -1.4883901078
0.5867657994  -0.6260023324  -1.4947444805
0.5804111751  -0.6193074701  -1.5010948175
0.5740605833  -0.6126058159  -1.5074411208
0.5677140227  -0.6058973042  -1.5137833886
0.5613714953  -0.5991829243  -1.5201216135
0.5550330058  -0.5924636138  -1.5264557825
0.5486985631  -0.5857395232  -1.5327858811
0.5423681806  -0.5790106366  -1.5391118925
0.5360418752  -0.5722770477  -1.5454337966
0.5297196672  -0.5655388466  -1.5517515695
0.5234015803  -0.5587961176  -1.5580651841
0.5170876422  -0.5520489419  -1.5643746092
0.5107778838  -0.5452974016  -1.5706798104
0.5044723401  -0.5385415827  -1.5769807492
0.4981710499  -0.5317815788  -1.5832773834
0.4918740556  -0.5250174944  -1.5895696670
0.4855814035  -0.5182494482  -1.5958575498
0.4792931438  -0.5114775757  -1.6021409776
0.4730093305  -0.5047020325  -1.6084198922
0.4667300216  -0.4979229968  -1.6146942310
0.4604552788  -0.4911406715  -1.6209639274
0.4541851682  -0.4843552862  -1.6272289105
0.4479197593  -0.4775670986  -1.6334891050
0.4416591260  -0.4707763957  -1.6397444316
0.4354033460  -0.4639834953  -1.6459948067
0.4291525011  -0.4571887467  -1.6522401424
0.4229066768  -0.4503925312  -1.6584803469
0.4166659629  -0.4435952620  -1.6647153241
0.4104304530  -0.4367973840  -1.6709449739
0.4042002446  -0.4299993729  -1.6771691922
0.3979754392  -0.4232017347  -1.6833878710
0.3917561420  -0.4164050044  -1.6896008987
0.3855424623  -0.4096097441  -1.6958081598
0.3793345319  -0.4028192908  -1.7020096422
0.3731325122  -0.3960379889  -1.7082054527
0.3669364998  -0.3892600130  -1.7143953871
0.3607465075  -0.3824774545  -1.7205789546
0.3545626258  -0.3756940728  -1.7267558970
0.3483850396  -0.3689149372  -1.7329260950
0.3422139159  -0.3621410671  -1.7390893762
0.3360493995  -0.3553734700  -1.7452455729
0.3298916390  -0.3486131463  -1.7513945231
0.3237407860  -0.3418610817  -1.7575360717
0.3175969953  -0.3351182408  -1.7636700706
0.3114604237  -0.3283855608  -1.7697963795
0.3053312299  -0.3216639467  -1.7759148667
0.2992095736  -0.3149542676  -1.7820254087
0.2930956157  -0.3082573527  -1.7881278908
0.2869895173  -0.3015739900  -1.7942222073
0.2808914397  -0.2949049239  -1.8003082612
0.2748015439  -0.2882508550  -1.8063859639
0.2687199904  -0.2816124401  -1.8124552352
0.2626469392  -0.2749902927  -1.8185160026
0.2565825495  -0.2683849845  -1.8245682008
0.2505269794  -0.2617970474  -1.8306117709
0.2444803863  -0.2552269759  -1.8366466596
0.2384429266  -0.2486752299  -1.8426728183
0.2324147556  -0.2421422379  -1.8486902018
0.2263960275  -0.2356284010  -1.8546987673
0.2203868955  -0.2291340960  -1.8606984729
0.2143875116  -0.2226596801  -1.8666892765
0.2083980267  -0.2162054941  -1.8726711336
0.2024185900  -0.2097718671  -1.8786439964
0.1964493493  -0.2033591200  -1.8846078117
0.1904904503  -0.1969675796  -1.8905625190
0.1845485238  -0.1906006008  -1.8965991088
0.1786278968  -0.1842602146  -1.9027626630
0.1727118734  -0.1779386941  -1.9088973179
0.1667956918  -0.1716342762  -1.9150431035
0.1608882155  -0.1653515692  -1.9211970786
0.1549894480  -0.1590909591  -1.9273559171
0.1490994254  -0.1528528696  -1.9335159084
0.1432182163  -0.1466377560  -1.9396729573
0.1373459241  -0.1404461013  -1.9458225839
0.1314826874  -0.1342784128  -1.9519599237
0.1256286818  -0.1281352162  -1.9580797273
0.1197841205  -0.1220170496  -1.9641763610
0.1139492553  -0.1159244569  -1.9702438063
0.1081243769  -0.1098579793  -1.9762756599
0.1023098154  -0.1038181475  -1.9822651341
0.0965059403  -0.0978054730  -1.9882050565
0.0907131606  -0.0918204386  -1.9940878699
0.0849319238  -0.0858634899  -1.9999056326
0.0791627158  -0.0799350266  -2.0056500181
0.0734060594  -0.0740353945  -2.0113123154
0.0676625134  -0.0681648785  -2.0168834288
0.0619326703  -0.0623236964  -2.0223538779
0.0562171547  -0.0565119952  -2.0277137978
0.0505166204  -0.0507298483  -2.0329529388
0.0448317480  -0.0449772551  -2.0380606665
0.0391632412  -0.0392541437  -2.0430259621
0.0335118229  -0.0335603750  -2.0478374218
0.0278782314  -0.0278957499  -2.0524832575
0.0222632151  -0.0222600196  -2.0569512963
0.0166675275  -0.0166528970  -2.0612289805
0.0110919210  -0.0110740713  -2.0653033680
0.0055371407  -0.0055232231  -2.0691611320
0.0055288971  -0.0055231501  -2.0691611320
