0.18354
1.1649910936  -1.1642409950   0.0000357443
1.1649910936  -1.1642409950   0.0000357443
1.1649946189  -1.1642409219   0.0000304860
1.1649932419  -1.1642301729   0.0000162315
1.1649843196  -1.1642076790  -0.0000072522
1.1649661362  -1.1641719345  -0.0000401978
1.1649380321  -1.1641224066  -0.0000828374
1.1648996263  -1.1640588115  -0.0001354025
1.1648506431  -1.1639809575  -0.0001981243
1.1647908541  -1.1638886926  -0.0002712332
1.1647200546  -1.1637818832  -0.0003549592
1.1646380523  -1.1636604041  -0.0004495316
1.1645446622  -1.1635241326  -0.0005551795
1.1644397023  -1.1633729464  -0.0006721311
1.1643229931  -1.1632067212  -0.0008006143
1.1641943551  -1.1630253301  -0.0009408564
1.1640536090  -1.1628286426  -0.0010930841
1.1639005748  -1.1626165245  -0.0012575237
1.1637350714  -1.1623888373  -0.0014344009
1.1635569166  -1.1621454383  -0.0016239408
1.1633659268  -1.1618861804  -0.0018263680
1.1631619167  -1.1616109118  -0.0020419067
1.1629446996  -1.1613194765  -0.0022707804
1.1627140868  -1.1610117137  -0.0025132122
1.1624698883  -1.1606874585  -0.0027694244
1.1622119118  -1.1603465412  -0.0030396392
1.1619399635  -1.1599887880  -0.0033240778
1.1616538477  -1.1596140205  -0.0036229613
1.1613533668  -1.1592220564  -0.0039365098
1.1610383213  -1.1588127089  -0.0042649434
1.1607085098  -1.1583857873  -0.0046084812
1.1603637291  -1.1579410970  -0.0049673420
1.1600037675  -1.1574781545  -0.0053422740
1.1596284253  -1.1569970178  -0.0057330132
1.1592375023  -1.1564978529  -0.0061396037
1.1588307813  -1.1559802477  -0.0065622394
1.1584080465  -1.1554438966  -0.0070011212
1.1579690823  -1.1548885524  -0.0074564624
1.1575136718  -1.1543139759  -0.0079284783
1.1570415963  -1.1537199310  -0.0084173868
1.1565526353  -1.1531061814  -0.0089234086
1.1560465665  -1.1524724889  -0.0094467666
1.1555231657  -1.1518186141  -0.0099876861
1.1549822072  -1.1511443158  -0.0105463942
1.1544234633  -1.1504493517  -0.0111231201
1.1538467045  -1.1497334782  -0.0117180949
1.1532516998  -1.1489964509  -0.0123315511
1.1526382164  -1.1482380242  -0.0129637231
1.1520060195  -1.1474579526  -0.0136148470
1.1513548731  -1.1466559897  -0.0142851605
1.1506845393  -1.1458318898  -0.0149749026
1.1499947790  -1.1449854066  -0.0156843142
1.1492853512  -1.1441162941  -0.0164136379
1.1485560133  -1.1432243067  -0.0171631179
1.1478065212  -1.1423091994  -0.0179330001
1.1470366293  -1.1413707284  -0.0187235319
1.1462460905  -1.1404086512  -0.0195349623
1.1454346564  -1.1394227268  -0.0203675417
1.1446020768  -1.1384127154  -0.0212215216
1.1437481005  -1.1373783790  -0.0220971544
1.1428724750  -1.1363194815  -0.0229946939
1.1419749466  -1.1352357893  -0.0239143950
1.1410552601  -1.1341270714  -0.0248565141
1.1401131587  -1.1329930172  -0.0258213086
1.1391483840  -1.1318333701  -0.0268090376
1.1381606762  -1.1306480727  -0.0278199604
1.1371497756  -1.1294369855  -0.0288543375
1.1361154211  -1.1281998351  -0.0299124309
1.1350573499  -1.1269363794  -0.0309945033
1.1339752979  -1.1256463975  -0.0321008190
1.1328690014  -1.1243296766  -0.0332316429
1.1317381970  -1.1229860087  -0.0343872407
1.1305826210  -1.1216151894  -0.0355678787
1.1294020094  -1.1202170175  -0.0367738238
1.1281960981  -1.1187912959  -0.0380053436
1.1269646224  -1.1173378320  -0.0392627060
1.1257073164  -1.1158564359  -0.0405461796
1.1244239113  -1.1143469185  -0.0418560328
1.1231141363  -1.1128090916  -0.0431925343
1.1217777196  -1.1112427692  -0.0445559534
1.1204143886  -1.1096477677  -0.0459465599
1.1190238699  -1.1080239056  -0.0473646243
1.1176058903  -1.1063710053  -0.0488104170
1.1161601797  -1.1046888968  -0.0502842080
1.1146864720  -1.1029774173  -0.0517862666
1.1131845023  -1.1012364088  -0.0533168616
1.1116540070  -1.0994657174  -0.0548762619
1.1100947237  -1.0976651941  -0.0564647367
1.1085063872  -1.0958346910  -0.0580825552
1.1068887264  -1.0939740578  -0.0597299862
1.1052414664  -1.0920831445  -0.0614072965
1.1035643314  -1.0901618045  -0.0631147509
1.1018570462  -1.0882098963  -0.0648526135
1.1001193437  -1.0862272907  -0.0666211490
1.0983509626  -1.0842138653  -0.0684206225
1.0965516393  -1.0821694968  -0.0702512981
1.0947211103  -1.0800940723  -0.0721134375
1.0928591118  -1.0779874926  -0.0740073003
1.0909653801  -1.0758496670  -0.0759331448
1.0890396595  -1.0736805232  -0.0778912279
1.0870817013  -1.0714800214  -0.0798818051
1.0850912596  -1.0692481228  -0.0819051299
1.0830680837  -1.0669846773  -0.0839614548
1.0810119193  -1.0646893832  -0.0860510314
1.0789225148  -1.0623619596  -0.0881741097
1.0767996209  -1.0600023286  -0.0903309365
1.0746429940  -1.0576105903  -0.0925217544
1.0724523904  -1.0551868890  -0.0947468034
1.0702275609  -1.0527313482  -0.0970063208
1.0679682564  -1.0502440738  -0.0993005415
1.0656742361  -1.0477251648  -0.1016296978
1.0633452754  -1.0451747169  -0.1039940191
1.0609811613  -1.0425928160  -0.1063937308
1.0585816841  -1.0399795317  -0.1088290545
1.0561466229  -1.0373349037  -0.1113002107
1.0536757421  -1.0346589367  -0.1138074183
1.0511688023  -1.0319516136  -0.1163508923
1.0486255789  -1.0292129157  -0.1189308436
1.0460458755  -1.0264428380  -0.1215474792
1.0434295148  -1.0236413802  -0.1242010024
1.0407763220  -1.0208085338  -0.1268916114
1.0380860911  -1.0179442493  -0.1296194988
1.0353585792  -1.0150484314  -0.1323848532
1.0325935497  -1.0121209855  -0.1351878605
1.0297908236  -1.0091618731  -0.1380287019
1.0269502796  -1.0061711118  -0.1409075511
1.0240717942  -1.0031487186  -0.1438245759
1.0211551959  -1.0000946641  -0.1467799391
1.0182002825  -0.9970088864  -0.1497737985
1.0152068732  -0.9938913416  -0.1528063050
1.0121748174  -0.9907420006  -0.1558776006
1.0091039706  -0.9875607447  -0.1589878125
1.0059941848  -0.9843472956  -0.1621370463
1.0028453270  -0.9811019083  -0.1653254123
0.9996573033  -0.9778263338  -0.1685530870
0.9964300451  -0.9745225706  -0.1718203030
0.9931634546  -0.9711905340  -0.1751272448
0.9898573880  -0.9678285434  -0.1784740057
0.9865117034  -0.9644354048  -0.1818606311
0.9831262925  -0.9610109180  -0.1852871496
0.9797010667  -0.9575553201  -0.1887535837
0.9762359490  -0.9540689623  -0.1922599546
0.9727308863  -0.9505522688  -0.1958062759
0.9691858016  -0.9470056872  -0.1993925503
0.9656005785  -0.9434296651  -0.2030187709
0.9619751722  -0.9398247598  -0.2066849224
0.9583096300  -0.9361916538  -0.2103909837
0.9546039774  -0.9325310401  -0.2141369266
0.9508582059  -0.9288436027  -0.2179227146
0.9470723257  -0.9251300663  -0.2217483039
0.9432463610  -0.9213911875  -0.2256136425
0.9393803537  -0.9176277539  -0.2295186690
0.9354743110  -0.9138405267  -0.2334633117
0.9315282208  -0.9100302508  -0.2374474889
0.9275421736  -0.9061977729  -0.2414711073
0.9235163173  -0.9023439918  -0.2455340575
0.9194507041  -0.8984696993  -0.2496362067
0.9153453495  -0.8945756316  -0.2537773896
0.9112003552  -0.8906625866  -0.2579573931
0.9070158484  -0.8867313579  -0.2621759325
0.9027919540  -0.8827826978  -0.2664326014
0.8985287735  -0.8788172843  -0.2707267647
0.8942262912  -0.8748355950  -0.2750573568
0.8898842247  -0.8708377402  -0.2794216996
0.8855019788  -0.8668235114  -0.2838154395
0.8810805005  -0.8627941924  -0.2882416279
0.8766234708  -0.8587538305  -0.2927132777
0.8721333533  -0.8547058396  -0.2972388024
0.8676087810  -0.8506502158  -0.3018177781
0.8630476903  -0.8465856926  -0.3064481387
0.8584491419  -0.8425113669  -0.3111283684
0.8538127554  -0.8384265528  -0.3158570671
0.8491387164  -0.8343309710  -0.3206327254
0.8444273148  -0.8302243123  -0.3254537272
0.8396786739  -0.8261059701  -0.3303183568
0.8348928898  -0.8219751779  -0.3352248082
0.8300700705  -0.8178310595  -0.3401711925
0.8252103938  -0.8136727028  -0.3451555423
0.8203140732  -0.8094991308  -0.3501758188
0.8153812651  -0.8053092114  -0.3552299204
0.8104121107  -0.8011017137  -0.3603156898
0.8054068034  -0.7968753921  -0.3654309206
0.8003655050  -0.7926289076  -0.3705733634
0.7952883208  -0.7883608125  -0.3757407335
0.7901752816  -0.7840695449  -0.3809307183
0.7850263468  -0.7797534440  -0.3861409824
0.7798413223  -0.7754106821  -0.3913691713
0.7746197776  -0.7710391945  -0.3966129196
0.7693609436  -0.7666365935  -0.4018698594
0.7640634330  -0.7621999041  -0.4071376255
0.7587248536  -0.7577251957  -0.4124138599
0.7533411813  -0.7532069836  -0.4176962189
0.7479052749  -0.7486367936  -0.4229823809
0.7424035624  -0.7439999188  -0.4282700575
0.7368107569  -0.7392702840  -0.4335570160
0.7310303156  -0.7343512061  -0.4388411091
0.7249876931  -0.7291706558  -0.4441202205
0.7191000509  -0.7241461597  -0.4493920902
0.7136874278  -0.7195904495  -0.4546542967
0.7085184203  -0.7152644387  -0.4599044967
0.7034096246  -0.7109815947  -0.4651405719
0.6983211172  -0.7067005553  -0.4703605624
0.6932515355  -0.7024186041  -0.4755626024
0.6882006396  -0.6981342243  -0.4807449127
0.6831683335  -0.6938461729  -0.4859058042
0.6781545435  -0.6895533626  -0.4910436907
0.6731592228  -0.6852548644  -0.4961570975
0.6681823503  -0.6809499079  -0.5012446678
0.6632239284  -0.6766378792  -0.5063051673
0.6582839808  -0.6723183180  -0.5113374885
0.6533625513  -0.6679909142  -0.5163406583
0.6484597034  -0.6636555045  -0.5213138448
0.6435755179  -0.6593120662  -0.5262563627
0.6387100901  -0.6549607116  -0.5311676789
0.6338635292  -0.6506016810  -0.5360474205
0.6290359557  -0.6462353353  -0.5408953828
0.6242275005  -0.6418621479  -0.5457115378
0.6194383021  -0.6374826961  -0.5504960443
0.6146685064  -0.6330976523  -0.5552492616
0.6099182657  -0.6287077753  -0.5599717659
0.6051877401  -0.6243139020  -0.5646643748
0.6004771005  -0.6199169405  -0.5693281844
0.5957865365  -0.6155178659  -0.5739646254
0.5911162720  -0.6111177211  -0.5785755606
0.5864666010  -0.6067176303  -0.5831634723
0.5818379596  -0.6023188458  -0.5877318096
0.5772313082  -0.5979229367  -0.5922865780
0.5726483274  -0.5935317978  -0.5968370883
0.5680884868  -0.5891462571  -0.6013861197
0.5635466322  -0.5847649418  -0.6059244688
0.5590182870  -0.5803863914  -0.6104441970
0.5545041657  -0.5760110772  -0.6149445811
0.5500066881  -0.5716402871  -0.6194264282
0.5455268479  -0.5672748862  -0.6238900365
0.5410647368  -0.5629153983  -0.6283355086
0.5366202800  -0.5585622503  -0.6327629480
0.5321933980  -0.5542158338  -0.6371724637
0.5277840113  -0.5498765073  -0.6415641696
0.5233920408  -0.5455445963  -0.6459381845
0.5190174076  -0.5412203936  -0.6502946309
0.5146600328  -0.5369041601  -0.6546336348
0.5103198374  -0.5325961256  -0.6589553244
0.5059967427  -0.5282964899  -0.6632598293
0.5016906697  -0.5240054239  -0.6675472800
0.4974015397  -0.5197230714  -0.6718178063
0.4931292739  -0.5154495505  -0.6760715370
0.4888737938  -0.5111849551  -0.6803085984
0.4846350210  -0.5069293574  -0.6845291137
0.4804128773  -0.5026828094  -0.6887332015
0.4762072850  -0.4984453450  -0.6929209752
0.4720181666  -0.4942169821  -0.6970925414
0.4678454453  -0.4899977249  -0.7012479993
0.4636890444  -0.4857875653  -0.7053874390
0.4595488879  -0.4815864842  -0.7095109400
0.4554248998  -0.4773944533  -0.7136185693
0.4513170043  -0.4732114329  -0.7177103783
0.4472251249  -0.4690373688  -0.7217863977
0.4431491822  -0.4648721676  -0.7258466236
0.4390890898  -0.4607156644  -0.7298909943
0.4350447618  -0.4565677728  -0.7339194193
0.4310161438  -0.4524287964  -0.7379319006
0.4270032251  -0.4482993062  -0.7419285814
0.4230059953  -0.4441795964  -0.7459096295
0.4190244022  -0.4400695818  -0.7498751440
0.4150583682  -0.4359691392  -0.7538251812
0.4111078208  -0.4318782674  -0.7577597953
0.4071726987  -0.4277970322  -0.7616790428
0.4032529451  -0.4237255183  -0.7655829805
0.3993485048  -0.4196638188  -0.7694716640
0.3954593229  -0.4156120350  -0.7733451482
0.3915853455  -0.4115702751  -0.7772034868
0.3877265193  -0.4075386549  -0.7810467330
0.3838827917  -0.4035172963  -0.7848749389
0.3800541106  -0.3995063272  -0.7886881557
0.3762404247  -0.3955058807  -0.7924864341
0.3724416833  -0.3915160942  -0.7962698238
0.3686578360  -0.3875371087  -0.8000383739
0.3648888333  -0.3835690675  -0.8037921330
0.3611346259  -0.3796121152  -0.8075311488
0.3573951653  -0.3756663972  -0.8112554687
0.3536704034  -0.3717320576  -0.8149651395
0.3499602925  -0.3678092392  -0.8186602075
0.3462647852  -0.3638980815  -0.8223407188
0.3425838349  -0.3599987200  -0.8260067190
0.3389173950  -0.3561112844  -0.8296582534
0.3352654195  -0.3522358979  -0.8332953672
0.3316278627  -0.3483726749  -0.8369181054
0.3280046792  -0.3445217187  -0.8405265131
0.3243958238  -0.3406831170  -0.8441206354
0.3208012519  -0.3368569326  -0.8477005178
0.3172209188  -0.3330432046  -0.8512662062
0.3136547803  -0.3292419808  -0.8548177470
0.3101027922  -0.3254533543  -0.8583551851
0.3065649101  -0.3216774530  -0.8618785639
0.3030410899  -0.3179143984  -0.8653879260
0.2995312878  -0.3141642927  -0.8688833143
0.2960354604  -0.3104272287  -0.8723647721
0.2925535645  -0.3067032977  -0.8758323426
0.2890855569  -0.3029925896  -0.8792860691
0.2856313945  -0.2992951923  -0.8827259944
0.2821910343  -0.2956111921  -0.8861521616
0.2787644333  -0.2919406735  -0.8895646135
0.2753515487  -0.2882837191  -0.8929633930
0.2719523376  -0.2846404095  -0.8963485430
0.2685667571  -0.2810108036  -0.8997201062
0.2651947644  -0.2773949207  -0.9030781255
0.2618363166  -0.2737928215  -0.9064226438
0.2584913711  -0.2702046703  -0.9097537039
0.2551598853  -0.2666306199  -0.9130713484
0.2518418164  -0.2630707393  -0.9163756200
0.2485371213  -0.2595250787  -0.9196665618
0.2452457572  -0.2559936954  -0.9229442169
0.2419676811  -0.2524766433  -0.9262086283
0.2387028499  -0.2489739723  -0.9294598394
0.2354512204  -0.2454857292  -0.9326978933
0.2322127493  -0.2420119581  -0.9359228336
0.2289873934  -0.2385527002  -0.9391347038
0.2257751090  -0.2351079944  -0.9423335475
0.2225758526  -0.2316778779  -0.9455194087
0.2193895804  -0.2282623858  -0.9486923310
0.2162162487  -0.2248615516  -0.9518523587
0.2130558132  -0.2214754077  -0.9549995359
0.2099082300  -0.2181039851  -0.9581339069
0.2067734547  -0.2147473134  -0.9612555161
0.2036514429  -0.2114054215  -0.9643644082
0.2005421498  -0.2080783369  -0.9674606279
0.1974455307  -0.2047660862  -0.9705442202
0.1943615407  -0.2014686950  -0.9736152302
0.1912901346  -0.1981861880  -0.9766737030
0.1882312671  -0.1949185886  -0.9797196843
0.1851848926  -0.1916659194  -0.9827532195
0.1821509654  -0.1884282014  -0.9857743545
0.1791294398  -0.1852054546  -0.9887831352
0.1761202694  -0.1819976973  -0.9917796079
0.1731234082  -0.1788049464  -0.9947638189
0.1701388096  -0.1756272170  -0.9977358147
0.1671664284  -0.1724647598  -1.0006956593
0.1642062208  -0.1693178977  -1.0036434364
0.1612581376  -0.1661860704  -1.0065791807
0.1583221239  -0.1630685635  -1.0095028819
0.1553981299  -0.1599656690  -1.0124145674
0.1524861120  -0.1568777703  -1.0153142876
0.1495860243  -0.1538048943  -1.0182020849
0.1466978193  -0.1507470620  -1.0210780031
0.1438214492  -0.1477042892  -1.0239420876
0.1409568660  -0.1446765866  -1.0267943854
0.1381040216  -0.1416639589  -1.0296349454
0.1352628674  -0.1386664054  -1.0324638179
0.1324333549  -0.1356839194  -1.0352810554
0.1296154352  -0.1327164885  -1.0380867121
0.1268090589  -0.1297640944  -1.0408808443
0.1240141767  -0.1268267132  -1.0436635098
0.1212307388  -0.1239043155  -1.0464347686
0.1184586950  -0.1209968669  -1.0491946823
0.1156979951  -0.1181043275  -1.0519433142
0.1129485884  -0.1152266533  -1.0546807293
0.1102104240  -0.1123637954  -1.0574069940
0.1074834508  -0.1095157011  -1.0601221761
0.1047676172  -0.1066823140  -1.0628263444
0.1020628718  -0.1038635741  -1.0655195687
0.0993691625  -0.1010594187  -1.0682019195
0.0966864373  -0.0982697822  -1.0708734679
0.0940146440  -0.0954945969  -1.0735342850
0.0913537302  -0.0927337930  -1.0761844419
0.0887036431  -0.0899872990  -1.0788240092
0.0860643302  -0.0872550422  -1.0814530568
0.0834357383  -0.0845369489  -1.0840716534
0.0808178146  -0.0818329450  -1.0866798664
0.0782115432  -0.0791431424  -1.0893154909
0.0756175437  -0.0764675624  -1.0919972816
0.0730330729  -0.0738056353  -1.0946608245
0.0704572911  -0.0711571660  -1.0973228028
0.0678915393  -0.0685223429  -1.0999821115
0.0653357422  -0.0659010947  -1.1026374878
0.0627898304  -0.0632933513  -1.1052875114
0.0602537398  -0.0606990439  -1.1079306042
0.0577274128  -0.0581181044  -1.1105650306
0.0552107977  -0.0555504655  -1.1131888976
0.0527038498  -0.0529960603  -1.1158001541
0.0502065315  -0.0504548219  -1.1183965918
0.0477188123  -0.0479266834  -1.1209758447
0.0452406693  -0.0454115774  -1.1235353890
0.0427720872  -0.0429094357  -1.1260725435
0.0403130586  -0.0404201892  -1.1285844693
0.0378635842  -0.0379437671  -1.1310681699
0.0354236724  -0.0354800973  -1.1335204912
0.0329933399  -0.0330291056  -1.1359381213
0.0305726112  -0.0305907160  -1.1383175910
0.0281615185  -0.0281648501  -1.1406552734
0.0257601018  -0.0257514272  -1.1429473837
0.0233684081  -0.0233503643  -1.1451899798
0.0209864914  -0.0209615764  -1.1473789620
0.0186144122  -0.0185849760  -1.1495100727
0.0162522364  -0.0162204741  -1.1515788970
0.0139000353  -0.0138679799  -1.1535808621
0.0115578840  -0.0115274013  -1.1555112379
0.0092258612  -0.0091986459  -1.1573651364
0.0069040475  -0.0068816206  -1.1591375122
0.0045925241  -0.0045762331  -1.1608231621
0.0022913719  -0.0022823916  -1.1624167254
0.0022899616  -0.0022823796  -1.1624167254
