0.0733298
2.2731200314  -2.4884634274   0.0000989259
2.2731200314  -2.4884634274   0.0000989259
2.2731262787  -2.4884469325   0.0000792695
2.2731174269  -2.4883804533   0.0000317964
2.2730863263  -2.4882629135  -0.0000443279
2.2730264850  -2.4880839543  -0.0001499238
2.2729355767  -2.4878405214  -0.0002857975
2.2728123068  -2.4875312789  -0.0004527413
2.2726557675  -2.4871555165  -0.0006515334
2.2724652277  -2.4867127943  -0.0008829378
2.2722400475  -2.4862027991  -0.0011477046
2.2719796382  -2.4856252771  -0.0014465695
2.2716834424  -2.4849799998  -0.0017802544
2.2713509223  -2.4842667450  -0.0021494670
2.2709815536  -2.4834852867  -0.0025549011
2.2705748214  -2.4826353891  -0.0029972361
2.2701302180  -2.4817168026  -0.0034771376
2.2696472415  -2.4807292630  -0.0039952569
2.2691253944  -2.4796724898  -0.0045522313
2.2685641836  -2.4785461869  -0.0051486842
2.2679631197  -2.4773500422  -0.0057852245
2.2673217173  -2.4760837293  -0.0064624475
2.2666394946  -2.4747469076  -0.0071809341
2.2659159739  -2.4733392240  -0.0079412512
2.2651506811  -2.4718603136  -0.0087439517
2.2643431465  -2.4703098015  -0.0095895741
2.2634929048  -2.4686873044  -0.0104786433
2.2625994952  -2.4669924317  -0.0114116698
2.2616624623  -2.4652247872  -0.0123891500
2.2606813553  -2.4633839707  -0.0134115664
2.2596557291  -2.4614695791  -0.0144793873
2.2585851448  -2.4594812093  -0.0155930669
2.2574691634  -2.4574170670  -0.0167546201
2.2563073717  -2.4552780564  -0.0179630964
2.2550993575  -2.4530654827  -0.0192184408
2.2538446923  -2.4507779136  -0.0205209448
2.2525429652  -2.4484146141  -0.0218709370
2.2511937786  -2.4459750777  -0.0232687943
2.2497967441  -2.4434588576  -0.0247148825
2.2483514816  -2.4408655572  -0.0262095621
2.2468576195  -2.4381948074  -0.0277531870
2.2453147964  -2.4354462634  -0.0293461032
2.2437226602  -2.4326196038  -0.0309886481
2.2420808684  -2.4297145331  -0.0326811498
2.2403890894  -2.4267307819  -0.0344239262
2.2386470015  -2.4236681057  -0.0362172851
2.2368542941  -2.4205262890  -0.0380615236
2.2350106680  -2.4173051479  -0.0399569276
2.2331158347  -2.4140045278  -0.0419037718
2.2311695172  -2.4106243054  -0.0439023196
2.2291714503  -2.4071643900  -0.0459528221
2.2271213814  -2.4036247266  -0.0480555189
2.2250190699  -2.4000052941  -0.0502106371
2.2228642875  -2.3963061043  -0.0524183913
2.2206568186  -2.3925272044  -0.0546789839
2.2183964595  -2.3886686769  -0.0569926042
2.2160830195  -2.3847306403  -0.0593594289
2.2137163214  -2.3807132516  -0.0617796217
2.2112962013  -2.3766167055  -0.0642533330
2.2088225084  -2.3724412331  -0.0667807003
2.2062951046  -2.3681871021  -0.0693618480
2.2037138653  -2.3638546186  -0.0719968869
2.2010786790  -2.3594441262  -0.0746859149
2.1983894476  -2.3549556580  -0.0774290164
2.1956460843  -2.3503895113  -0.0802262626
2.1928485185  -2.3457468273  -0.0830777109
2.1899966972  -2.3410284001  -0.0859834061
2.1870905760  -2.3362345264  -0.0889433798
2.1841301236  -2.3313656789  -0.0919576510
2.1811153224  -2.3264224254  -0.0950262255
2.1780461660  -2.3214053807  -0.0981490963
2.1749226620  -2.3163151988  -0.1013262440
2.1717448303  -2.3111525609  -0.1045576364
2.1685127050  -2.3059181847  -0.1078432293
2.1652263319  -2.3006128201  -0.1111829680
2.1618857669  -2.2952372425  -0.1145767814
2.1584910783  -2.2897922582  -0.1180245769
2.1550423455  -2.2842787013  -0.1215262525
2.1515396621  -2.2786974294  -0.1250817002
2.1479831334  -2.2730493283  -0.1286908009
2.1443728731  -2.2673353119  -0.1323534260
2.1407090091  -2.2615563168  -0.1360694390
2.1369916798  -2.2557133033  -0.1398386942
2.1332210303  -2.2498072569  -0.1436610369
2.1293972189  -2.2438391841  -0.1475363079
2.1255204141  -2.2378101149  -0.1514643423
2.1215907915  -2.2317211027  -0.1554449658
2.1176085367  -2.2255732148  -0.1594779962
2.1135738435  -2.2193675377  -0.1635632456
2.1094869126  -2.2131051813  -0.1677005210
2.1053479553  -2.2067872743  -0.1718896235
2.1011571907  -2.2004149589  -0.1761303461
2.0969148414  -2.1939893883  -0.1804224781
2.0926211378  -2.1875117359  -0.1847658056
2.0882763178  -2.1809831688  -0.1891601049
2.0838806241  -2.1744048376  -0.1936051499
2.0794343046  -2.1677779321  -0.1981007102
2.0749376142  -2.1611037004  -0.2026465452
2.0703908114  -2.1543833999  -0.2072424120
2.0657941579  -2.1476182782  -0.2118880676
2.0611479203  -2.1408095884  -0.2165832625
2.0564523695  -2.1339586139  -0.2213277420
2.0517077789  -2.1270666720  -0.2261212484
2.0469144225  -2.1201349989  -0.2309635191
2.0420725749  -2.1131646147  -0.2358542860
2.0371825340  -2.1061564549  -0.2407932803
2.0322446760  -2.0991117240  -0.2457802302
2.0272589566  -2.0920314743  -0.2508148565
2.0222253114  -2.0849168265  -0.2558968763
2.0171441421  -2.0777693494  -0.2610260057
2.0120157381  -2.0705904643  -0.2662019559
2.0068403256  -2.0633814872  -0.2714244324
2.0016182053  -2.0561437713  -0.2766931368
1.9963496889  -2.0488786378  -0.2820077694
1.9910350156  -2.0415872944  -0.2873680287
1.9856744793  -2.0342709631  -0.2927736075
1.9802685426  -2.0269309955  -0.2982241968
1.9748175327  -2.0195685646  -0.3037194827
1.9693216976  -2.0121847191  -0.3092591429
1.9637813704  -2.0047805554  -0.3148428537
1.9581968816  -1.9973571294  -0.3204702923
1.9525686467  -1.9899155502  -0.3261411314
1.9468969929  -1.9824568070  -0.3318550368
1.9411821472  -1.9749817521  -0.3376116710
1.9354246650  -1.9674915431  -0.3434106932
1.9296248530  -1.9599870679  -0.3492517572
1.9237829215  -1.9524690862  -0.3551345128
1.9178994542  -1.9449387160  -0.3610586029
1.9119746655  -1.9373966928  -0.3670236674
1.9060087828  -1.9298437464  -0.3730293447
1.9000023345  -1.9222809080  -0.3790752649
1.8939557664  -1.9147091289  -0.3851610518
1.8878693720  -1.9071292164  -0.3912863221
1.8817435346  -1.8995421451  -0.3974506750
1.8755786824  -1.8919489347  -0.4036536961
1.8693751022  -1.8843499109  -0.4098950188
1.8631331713  -1.8767449027  -0.4161743631
1.8568534225  -1.8691345974  -0.4224914440
1.8505362161  -1.8615207804  -0.4288458810
1.8441817819  -1.8539052129  -0.4352372341
1.8377906147  -1.8462892596  -0.4416650561
1.8313631402  -1.8386738687  -0.4481289020
1.8248996769  -1.8310598309  -0.4546283300
1.8184005880  -1.8234479742  -0.4611628986
1.8118662152  -1.8158391008  -0.4677321671
1.8052971181  -1.8082342317  -0.4743356995
1.7986936710  -1.8006341937  -0.4809730613
1.7920562465  -1.7930398016  -0.4876438154
1.7853853790  -1.7854520289  -0.4943475257
1.7786813132  -1.7778715461  -0.5010837645
1.7719443403  -1.7702990601  -0.5078521080
1.7651750098  -1.7627355338  -0.5146521290
1.7583738604  -1.7551819084  -0.5214834041
1.7515412553  -1.7476389335  -0.5283455135
1.7446775338  -1.7401073167  -0.5352380388
1.7377831957  -1.7325879089  -0.5421605598
1.7308586127  -1.7250814129  -0.5491126525
1.7239042035  -1.7175885560  -0.5560938930
1.7169203769  -1.7101100317  -0.5631038466
1.7099074067  -1.7026463652  -0.5701420612
1.7028658635  -1.6951983483  -0.5772080638
1.6957961668  -1.6877665843  -0.5843013304
1.6886985798  -1.6803514621  -0.5914212378
1.6815734683  -1.6729534008  -0.5985669650
1.6744210451  -1.6655725199  -0.6057372227
1.6672409634  -1.6582082222  -0.6129287280
1.6600333172  -1.6508605014  -0.6201397631
1.6528012954  -1.6435329766  -0.6273771724
1.6455490345  -1.6362307559  -0.6346492919
1.6382765598  -1.6289548399  -0.6419567689
1.6309811879  -1.6217028003  -0.6492972718
1.6236616156  -1.6144728322  -0.6566694777
1.6163178472  -1.6072641746  -0.6640721792
1.6089501670  -1.6000762809  -0.6715041120
1.6015589016  -1.5929085461  -0.6789639594
1.5941443002  -1.5857601791  -0.6864503572
1.5867067719  -1.5786304464  -0.6939618957
1.5792466995  -1.5715184939  -0.7014971251
1.5717643287  -1.5644232409  -0.7090545644
1.5642599692  -1.5573435931  -0.7166327018
1.5567339939  -1.5502784545  -0.7242300035
1.5491869669  -1.5432268631  -0.7318449210
1.5416191161  -1.5361874678  -0.7394758904
1.5340306429  -1.5291588494  -0.7471213326
1.5264220721  -1.5221398839  -0.7547796621
1.5187936482  -1.5151291462  -0.7624492943
1.5111456014  -1.5081251824  -0.7701286451
1.5034781244  -1.5011264963  -0.7778161358
1.4957912879  -1.4941314815  -0.7855101976
1.4880850068  -1.4871383921  -0.7932092752
1.4803588850  -1.4801451948  -0.8009118326
1.4726120839  -1.4731494532  -0.8086163536
1.4648430406  -1.4661480591  -0.8163213435
1.4570487869  -1.4591365577  -0.8240253397
1.4492235826  -1.4521077859  -0.8317269158
1.4413555679  -1.4450485271  -0.8394246898
1.4334171747  -1.4379296529  -0.8471173556
1.4252914127  -1.4306337095  -0.8548036873
1.4171098132  -1.4232967397  -0.8624823966
1.4092443345  -1.4162925602  -0.8701519989
1.4016445713  -1.4095652368  -0.8778109746
1.3940884114  -1.4028859785  -0.8854580076
1.3865466684  -1.3962201531  -0.8930919699
1.3790188676  -1.3895641717  -0.9007118116
1.3715047848  -1.3829160311  -0.9083165401
1.3640041972  -1.3762739766  -0.9159052333
1.3565169001  -1.3696363881  -0.9234770467
1.3490427078  -1.3630017821  -0.9310312150
1.3415814520  -1.3563688126  -0.9385670529
1.3341329823  -1.3497362733  -0.9460839620
1.3266971662  -1.3431030994  -0.9535814345
1.3192738866  -1.3364683657  -0.9610590533
1.3118630386  -1.3298312857  -0.9685164910
1.3044645294  -1.3231912094  -0.9759535159
1.2970782808  -1.3165476193  -0.9833700011
1.2897042257  -1.3099001258  -0.9907659199
1.2823423036  -1.3032484638  -0.9981413489
1.2749924629  -1.2965924876  -1.0054964765
1.2676546598  -1.2899321649  -1.0128316050
1.2603288567  -1.2832675694  -1.0201471564
1.2530150212  -1.2765988747  -1.0274436801
1.2457131277  -1.2699263476  -1.0347218640
1.2384231588  -1.2632503411  -1.0419825513
1.2311451092  -1.2565712887  -1.0492267648
1.2238789944  -1.2498897019  -1.0564557501
1.2166248706  -1.2432061753  -1.0636710575
1.2093828811  -1.2365214089  -1.0708747121
1.2021533773  -1.2298362998  -1.0780696261
1.1949375556  -1.2231520969  -1.0852615931
1.1877363824  -1.2164699324  -1.0924559321
1.1805467691  -1.2097896354  -1.0996489035
1.1733632748  -1.2031098853  -1.1068329292
1.1661847148  -1.1964298724  -1.1140064185
1.1590134646  -1.1897497481  -1.1211705990
1.1518508086  -1.1830698083  -1.1283258298
1.1446967082  -1.1763901600  -1.1354723178
1.1375509723  -1.1697108289  -1.1426102722
1.1304134107  -1.1630318100  -1.1497399060
1.1232838343  -1.1563530737  -1.1568614355
1.1161620552  -1.1496745667  -1.1639750798
1.1090478863  -1.1429962116  -1.1710810601
1.1019411413  -1.1363179077  -1.1781795996
1.0948416346  -1.1296395321  -1.1852709223
1.0877491812  -1.1229609388  -1.1923552528
1.0806635969  -1.1162819599  -1.1994328155
1.0735846979  -1.1096024076  -1.2065038339
1.0665123012  -1.1029220755  -1.2135685300
1.0594462244  -1.0962407387  -1.2206271234
1.0523862857  -1.0895581559  -1.2276798304
1.0453323041  -1.0828740713  -1.2347268637
1.0382840994  -1.0761882162  -1.2417684312
1.0312414918  -1.0695003110  -1.2488047353
1.0242043028  -1.0628100675  -1.2558359719
1.0171723543  -1.0561171918  -1.2628623298
1.0101454692  -1.0494213872  -1.2698839890
1.0031234709  -1.0427223586  -1.2769011199
0.9961061833  -1.0360198199  -1.2839138809
0.9890934303  -1.0293135057  -1.2909224156
0.9820850340  -1.0226031992  -1.2979268461
0.9750808097  -1.0158888452  -1.3049272523
0.9680805625  -1.0091704992  -1.3119236622
0.9610841180  -1.0024476576  -1.3189161318
0.9540913659  -0.9957189394  -1.3259048488
0.9471022317  -0.9889831436  -1.3328900762
0.9401165971  -0.9822400292  -1.3398720241
0.9331342890  -0.9754896887  -1.3468508421
0.9261551315  -0.9687319657  -1.3538266724
0.9191789684  -0.9619665587  -1.3607996611
0.9122056535  -0.9551931677  -1.3677699535
0.9052350429  -0.9484115090  -1.3747376926
0.8982669946  -0.9416213150  -1.3817030195
0.8913013685  -0.9348223345  -1.3886660733
0.8843380264  -0.9280143318  -1.3956269906
0.8773768317  -0.9211970861  -1.4025859061
0.8704176502  -0.9143703916  -1.4095429526
0.8634603492  -0.9075340589  -1.4164982602
0.8565047981  -0.9006879154  -1.4234519570
0.8495508685  -0.8938317994  -1.4304041689
0.8425984338  -0.8869655566  -1.4373550195
0.8356473697  -0.8800890402  -1.4443046303
0.8286975538  -0.8732021109  -1.4512531204
0.8217488661  -0.8663046351  -1.4582006069
0.8148011887  -0.8593964830  -1.4651472044
0.8078544059  -0.8524775263  -1.4720930254
0.8009084043  -0.8455476362  -1.4790381799
0.7939630728  -0.8386066809  -1.4859827760
0.7870183028  -0.8316545226  -1.4929269190
0.7800739881  -0.8246910141  -1.4998707125
0.7731300247  -0.8177159941  -1.5068142575
0.7661863116  -0.8107292783  -1.5137576529
0.7592427503  -0.8037306397  -1.5207009957
0.7522992448  -0.7967197835  -1.5276443811
0.7453557025  -0.7896963929  -1.5345879028
0.7384120324  -0.7826602540  -1.5415316510
0.7314681460  -0.7756112973  -1.5484757111
0.7245239566  -0.7685494861  -1.5554201642
0.7175793810  -0.7614747294  -1.5623650884
0.7106343398  -0.7543869054  -1.5693105600
0.7036887569  -0.7472858986  -1.5762566521
0.6967425592  -0.7401716046  -1.5832034348
0.6897956766  -0.7330439264  -1.5901509746
0.6828480422  -0.7259027744  -1.5970993349
0.6758995925  -0.7187480665  -1.6040485754
0.6689502675  -0.7115797284  -1.6109987524
0.6620000109  -0.7043974200  -1.6179499191
0.6550487703  -0.6972002597  -1.6249021261
0.6480964970  -0.6899879587  -1.6318554202
0.6411431445  -0.6827617713  -1.6388098402
0.6341886694  -0.6755228816  -1.6457654182
0.6272330335  -0.6682713138  -1.6527221848
0.6202762047  -0.6610068397  -1.6596801690
0.6133181548  -0.6537293896  -1.6666393957
0.6063588596  -0.6464388856  -1.6735998856
0.5993982988  -0.6391352351  -1.6805616551
0.5924364568  -0.6318183361  -1.6875247162
0.5854733223  -0.6244880817  -1.6944890764
0.5785088890  -0.6171443658  -1.7014547382
0.5715431550  -0.6097870875  -1.7084216993
0.5645761236  -0.6024161568  -1.7153899522
0.5576078030  -0.5950314993  -1.7223594840
0.5506382064  -0.5876330607  -1.7293302762
0.5436673523  -0.5802208120  -1.7363023044
0.5366952646  -0.5727947533  -1.7432755384
0.5297219726  -0.5653549181  -1.7502499418
0.5227475113  -0.5579013765  -1.7572254719
0.5157719213  -0.5504342379  -1.7642020796
0.5087952492  -0.5429536538  -1.7711797093
0.5018175475  -0.5354598205  -1.7781582986
0.4948388748  -0.5279529811  -1.7851377788
0.4878592959  -0.5204334270  -1.7921180740
0.4808788820  -0.5129014985  -1.7990991019
0.4738977107  -0.5053575857  -1.8060807729
0.4669158660  -0.4978021278  -1.8130629909
0.4599334389  -0.4902356135  -1.8200456527
0.4529505267  -0.4826585791  -1.8270286484
0.4459672337  -0.4750716077  -1.8340118611
0.4389837008  -0.4674795049  -1.8409953195
0.4320001177  -0.4598886642  -1.8479792199
0.4250165750  -0.4522900461  -1.8549633137
0.4180330267  -0.4446713138  -1.8619469411
0.4110495481  -0.4370378366  -1.8689297718
0.4040663721  -0.4293970659  -1.8759116709
0.3970837063  -0.4217503316  -1.8828924249
0.3901017235  -0.4140989637  -1.8898718250
0.3831206049  -0.4064442982  -1.8968496676
0.3761405391  -0.3987876654  -1.9038257557
0.3691617222  -0.3911303787  -1.9107998998
0.3621843564  -0.3834737259  -1.9177719183
0.3552086494  -0.3758189601  -1.9247416383
0.3482348143  -0.3681672932  -1.9317088957
0.3412630681  -0.3605198903  -1.9386735356
0.3342936319  -0.3528778650  -1.9456354120
0.3273267302  -0.3452422765  -1.9525943880
0.3203625901  -0.3376141278  -1.9595503349
0.3134014419  -0.3299943644  -1.9665031321
0.3064435179  -0.3223838756  -1.9734526663
0.2994890530  -0.3147834952  -1.9803988303
0.2925382843  -0.3071940046  -1.9873415220
0.2855914511  -0.2996161356  -1.9942806437
0.2786487952  -0.2920505749  -2.0012160997
0.2717105604  -0.2844979692  -2.0081477959
0.2647769932  -0.2769589301  -2.0150756370
0.2578483420  -0.2694340407  -2.0219995256
0.2509248579  -0.2619238618  -2.0289193596
0.2440067939  -0.2544289381  -2.0358350304
0.2370944048  -0.2469498055  -2.0427464211
0.2301879474  -0.2394869975  -2.0496534036
0.2232876790  -0.2320410697  -2.0565558362
0.2164031033  -0.2246176561  -2.0635611262
0.2095404525  -0.2172202691  -2.0707224651
0.2026759908  -0.2098360055  -2.0778556348
0.1958029861  -0.2024618896  -2.0850078332
0.1889341330  -0.1951056980  -2.0921754909
0.1820695033  -0.1877681424  -2.0993545801
0.1752092189  -0.1804500174  -2.1065406142
0.1683534516  -0.1731521881  -2.1137286483
0.1615024247  -0.1658755853  -2.1209132788
0.1546564148  -0.1586211988  -2.1280886435
0.1478157526  -0.1513900682  -2.1352484219
0.1409808243  -0.1441832725  -2.1423858347
0.1341520718  -0.1370019170  -2.1494936442
0.1273299930  -0.1298471189  -2.1565641541
0.1205151418  -0.1227199917  -2.1635892095
0.1137081276  -0.1156216281  -2.1705601970
0.1069096142  -0.1085530819  -2.1774680448
0.1001203187  -0.1015153507  -2.1843032223
0.0933410098  -0.0945093572  -2.1910557406
0.0865725054  -0.0875359331  -2.1977151519
0.0798156703  -0.0805958029  -2.2042705503
0.0730714130  -0.0736895713  -2.2107105710
0.0663406823  -0.0668177119  -2.2170233909
0.0596244632  -0.0599805610  -2.2231967281
0.0529237725  -0.0531783139  -2.2292178425
0.0462396542  -0.0464110274  -2.2350735350
0.0395731736  -0.0396786261  -2.2407501484
0.0329254118  -0.0329809148  -2.2462335667
0.0262974592  -0.0263175957  -2.2515092153
0.0196904085  -0.0196882909  -2.2565620613
0.0131053474  -0.0130925691  -2.2613766131
0.0065433509  -0.0065299755  -2.2659369205
0.0065318370  -0.0065298629  -2.2659369205
