0.0892464
2.0394036531  -2.2230151524   0.0000806252
2.0394036531  -2.2230151524   0.0000806252
2.0394093330  -2.2230053555   0.0000655056
2.0394029848  -2.2229576693   0.0000282394
2.0393787706  -2.2228705132  -0.0000318162
2.0393317079  -2.2227364024  -0.0001152958
2.0392599871  -2.2225530347  -0.0002228254
2.0391625939  -2.2223193487  -0.0003550228
2.0390388125  -2.2220347371  -0.0005124972
2.0388880629  -2.2216987908  -0.0006958495
2.0387098344  -2.2213111930  -0.0009056722
2.0385036548  -2.2208716714  -0.0011425495
2.0382690745  -2.2203799725  -0.0014070569
2.0380056579  -2.2198358479  -0.0016997618
2.0377129783  -2.2192390466  -0.0020212230
2.0373906145  -2.2185893101  -0.0023719911
2.0370381492  -2.2178863700  -0.0027526081
2.0366551678  -2.2171299465  -0.0031636077
2.0362412574  -2.2163197472  -0.0036055152
2.0357960066  -2.2154554673  -0.0040788474
2.0353190048  -2.2145367895  -0.0045841129
2.0348098425  -2.2135633840  -0.0051218117
2.0342681108  -2.2125349095  -0.0056924354
2.0336934018  -2.2114510132  -0.0062964674
2.0330853082  -2.2103113320  -0.0069343825
2.0324434238  -2.2091154930  -0.0076066471
2.0317673432  -2.2078631144  -0.0083137194
2.0310566626  -2.2065538066  -0.0090560491
2.0303109791  -2.2051871727  -0.0098340773
2.0295298916  -2.2037628100  -0.0106482370
2.0287130002  -2.2022803101  -0.0114989525
2.0278599072  -2.2007392611  -0.0123866400
2.0269702075  -2.1991381996  -0.0133129751
2.0260435215  -2.1974776755  -0.0142772431
2.0250794709  -2.1957585645  -0.0152794534
2.0240776530  -2.1939796762  -0.0163199101
2.0230376761  -2.1921403157  -0.0173989449
2.0219591572  -2.1902399692  -0.0185169278
2.0208417174  -2.1882781637  -0.0196742237
2.0196849811  -2.1862544579  -0.0208711960
2.0184885766  -2.1841684267  -0.0221082064
2.0172521368  -2.1820196591  -0.0233856136
2.0159752989  -2.1798077573  -0.0247037723
2.0146577048  -2.1775323369  -0.0260630336
2.0132990006  -2.1751930283  -0.0274637435
2.0118988381  -2.1727894789  -0.0289062435
2.0104568746  -2.1703213536  -0.0303908695
2.0089727721  -2.1677883326  -0.0319179522
2.0074461983  -2.1651901142  -0.0334878164
2.0058768274  -2.1625264169  -0.0351007810
2.0042643390  -2.1597969794  -0.0367571586
2.0026084188  -2.1570015612  -0.0384572555
2.0009087602  -2.1541399456  -0.0402013713
1.9991650623  -2.1512119372  -0.0419897989
1.9973770309  -2.1482173637  -0.0438228241
1.9955443795  -2.1451560782  -0.0457007256
1.9936668285  -2.1420279573  -0.0476237747
1.9917441050  -2.1388329039  -0.0495922351
1.9897759447  -2.1355708499  -0.0516063631
1.9877620900  -2.1322417519  -0.0536664069
1.9857022916  -2.1288455925  -0.0557726070
1.9835963089  -2.1253823828  -0.0579251956
1.9814439080  -2.1218521628  -0.0601243967
1.9792448639  -2.1182547334  -0.0623704265
1.9769989581  -2.1145900943  -0.0646634943
1.9747059817  -2.1108589027  -0.0670037984
1.9723657373  -2.1070615550  -0.0693915220
1.9699780344  -2.1031980574  -0.0718268386
1.9675426904  -2.0992685484  -0.0743099178
1.9650595312  -2.0952732421  -0.0768409220
1.9625283919  -2.0912123904  -0.0794200037
1.9599491159  -2.0870862781  -0.0820473081
1.9573215560  -2.0828952200  -0.0847229726
1.9546455738  -2.0786395576  -0.0874471275
1.9519210401  -2.0743196586  -0.0902198945
1.9491478344  -2.0699359186  -0.0930413866
1.9463258452  -2.0654887591  -0.0959117116
1.9434549699  -2.0609786269  -0.0988309718
1.9405351143  -2.0564059966  -0.1017992604
1.9375661927  -2.0517713694  -0.1048166619
1.9345481282  -2.0470752666  -0.1078832536
1.9314808523  -2.0423182304  -0.1109991053
1.9283643060  -2.0375008301  -0.1141642801
1.9251984387  -2.0326236576  -0.1173788349
1.9219832078  -2.0276873270  -0.1206428171
1.9187185778  -2.0226924748  -0.1239562651
1.9154045226  -2.0176397585  -0.1273192143
1.9120410241  -2.0125298547  -0.1307316924
1.9086280706  -2.0073634576  -0.1341937144
1.9051656571  -2.0021412786  -0.1377052916
1.9016537893  -1.9968640539  -0.1412664297
1.8980924793  -1.9915325374  -0.1448771212
1.8944817436  -1.9861474928  -0.1485373507
1.8908216073  -1.9807097026  -0.1522470998
1.8871120983  -1.9752199534  -0.1560063434
1.8833532716  -1.9696790489  -0.1598150471
1.8795452548  -1.9640878872  -0.1636731682
1.8756879560  -1.9584471860  -0.1675806582
1.8717811375  -1.9527575202  -0.1715374603
1.8678248660  -1.9470197716  -0.1755435078
1.8638193050  -1.9412349396  -0.1795987277
1.8597644876  -1.9354039181  -0.1837030416
1.8556604563  -1.9295276360  -0.1878563628
1.8515073034  -1.9236069829  -0.1920585938
1.8473051280  -1.9176426247  -0.1963096331
1.8430540401  -1.9116351600  -0.2006093745
1.8387540985  -1.9055853733  -0.2049577014
1.8344053917  -1.8994943506  -0.2093544880
1.8300081674  -1.8933634171  -0.2137995985
1.8255626081  -1.8871938000  -0.2182928905
1.8210687940  -1.8809865800  -0.2228342176
1.8165268664  -1.8747428672  -0.2274234236
1.8119369944  -1.8684637662  -0.2320603448
1.8072993424  -1.8621503374  -0.2367448126
1.8026141310  -1.8558036606  -0.2414766472
1.7978815988  -1.8494247993  -0.2462556577
1.7931018166  -1.8430146081  -0.2510816494
1.7882749847  -1.8365740319  -0.2559544238
1.7834015283  -1.8301042145  -0.2608737745
1.7784815285  -1.8236059212  -0.2658394849
1.7735150746  -1.8170798843  -0.2708513306
1.7685026359  -1.8105271950  -0.2759090820
1.7634443794  -1.8039486193  -0.2810125000
1.7583403454  -1.7973447624  -0.2861613385
1.7531908527  -1.7907164928  -0.2913553435
1.7479962635  -1.7840647101  -0.2965942506
1.7427568694  -1.7773902264  -0.3018777921
1.7374728445  -1.7706937225  -0.3072056919
1.7321444789  -1.7639759830  -0.3125776643
1.7267721220  -1.7572378504  -0.3179934248
1.7213559710  -1.7504800145  -0.3234526856
1.7158962605  -1.7437032016  -0.3289551477
1.7103933333  -1.7369082573  -0.3345005015
1.7048475854  -1.7300961203  -0.3400884194
1.6992592132  -1.7232675232  -0.3457185584
1.6936284532  -1.7164230044  -0.3513906343
1.6879558157  -1.7095631769  -0.3571044595
1.6822416509  -1.7026888662  -0.3628598293
1.6764862033  -1.6958013433  -0.3686564232
1.6706897589  -1.6889019214  -0.3744938480
1.6648525325  -1.6819915344  -0.3803717038
1.6589749466  -1.6750711855  -0.3862895962
1.6530574553  -1.6681419051  -0.3922471276
1.6471002564  -1.6612044645  -0.3982438992
1.6411038203  -1.6542599145  -0.4042795121
1.6350685601  -1.6473092544  -0.4103535620
1.6289946310  -1.6403532189  -0.4164656402
1.6228823528  -1.6333927117  -0.4226153400
1.6167322301  -1.6264288266  -0.4288022603
1.6105447611  -1.6194626485  -0.4350259946
1.6043202992  -1.6124951105  -0.4412861301
1.5980591346  -1.6055270726  -0.4475822612
1.5917617252  -1.5985595533  -0.4539139812
1.5854285018  -1.5915935333  -0.4602808774
1.5790597718  -1.5846298553  -0.4666825409
1.5726560534  -1.5776695582  -0.4731185618
1.5662176035  -1.5707133967  -0.4795885209
1.5597448019  -1.5637622203  -0.4860919897
1.5532382701  -1.5568171001  -0.4926285277
1.5466983318  -1.5498787763  -0.4991976734
1.5401253328  -1.5429479672  -0.5057989277
1.5335197122  -1.5360254429  -0.5124317282
1.5268818510  -1.5291118581  -0.5190953956
1.5202120589  -1.5222077123  -0.5257889972
1.5135105448  -1.5153132432  -0.5325110055
1.5067768730  -1.5084278984  -0.5392574585
1.5000111525  -1.5015518543  -0.5460272164
1.4932172520  -1.4946895647  -0.5528291574
1.4863996261  -1.4878466038  -0.5596719281
1.4795576653  -1.4810234715  -0.5665554587
1.4726883653  -1.4742174870  -0.5734772982
1.4657904832  -1.4674269603  -0.5804360342
1.4588642259  -1.4606514045  -0.5874303309
1.4519098853  -1.4538903400  -0.5944587792
1.4449277320  -1.4471431474  -0.6015199078
1.4379182315  -1.4404092832  -0.6086121872
1.4308817511  -1.4336879933  -0.6157340327
1.4238185331  -1.4269782918  -0.6228838167
1.4167289342  -1.4202792142  -0.6300598753
1.4096133586  -1.4135897637  -0.6372605070
1.4024723988  -1.4069090575  -0.6444839766
1.3953063332  -1.4002358287  -0.6517285237
1.3881153681  -1.3935686816  -0.6589923714
1.3809000779  -1.3869065465  -0.6662737278
1.3736607971  -1.3802480813  -0.6735707890
1.3663977963  -1.3735918538  -0.6808817476
1.3591113762  -1.3669364479  -0.6882047945
1.3518017172  -1.3602803225  -0.6955381251
1.3444688707  -1.3536218123  -0.7028799459
1.3371126922  -1.3469590783  -0.7102284717
1.3297326687  -1.3402899388  -0.7175819326
1.3223277700  -1.3336117383  -0.7249385826
1.3148960431  -1.3269209544  -0.7322967013
1.3074338195  -1.3202124185  -0.7396545982
1.2999340296  -1.3134776547  -0.7470106215
1.2923817286  -1.3067004109  -0.7543631692
1.2847424764  -1.2998448455  -0.7617107239
1.2768734584  -1.2927684732  -0.7690518520
1.2689899945  -1.2856913292  -0.7763850285
1.2614925862  -1.2790139469  -0.7837085065
1.2542550477  -1.2726030445  -0.7910205342
1.2470577604  -1.2662324319  -0.7983196001
1.2398762695  -1.2598728169  -0.8056043853
1.2327101203  -1.2535209562  -0.8128736467
1.2255591126  -1.2471748961  -0.8201262050
1.2184230528  -1.2408328977  -0.8273609624
1.2113017678  -1.2344933658  -0.8345769046
1.2041951046  -1.2281548510  -0.8417731041
1.1971029320  -1.2218160527  -0.8489487282
1.1900251398  -1.2154758204  -0.8561030417
1.1829616359  -1.2091331539  -0.8632354082
1.1759123433  -1.2027871991  -0.8703452893
1.1688772003  -1.1964372473  -0.8774322516
1.1618561629  -1.1900827345  -0.8844959763
1.1548492009  -1.1837232379  -0.8915362557
1.1478562932  -1.1773584693  -0.8985529946
1.1408774296  -1.1709882707  -0.9055462208
1.1339126101  -1.1646126087  -0.9125160865
1.1269618420  -1.1582315673  -0.9194628739
1.1200251395  -1.1518453414  -0.9263870027
1.1131025237  -1.1454542292  -0.9332890389
1.1061940228  -1.1390586237  -0.9401697088
1.0992996746  -1.1326590070  -0.9470299184
1.0924195312  -1.1262559445  -0.9538707838
1.0855536696  -1.1198500827  -0.9606936849
1.0787022160  -1.1134421539  -0.9675003650
1.0718654031  -1.1070330032  -0.9742931472
1.0650437191  -1.1006236923  -0.9810754499
1.0582386620  -1.0942156562  -0.9878542116
1.0514511037  -1.0878100849  -0.9946347248
1.0446770376  -1.0814066652  -1.0014113883
1.0379106961  -1.0750040662  -1.0081760873
1.0311515607  -1.0686017242  -1.0149277328
1.0244023425  -1.0622000036  -1.0216675347
1.0176642645  -1.0557993027  -1.0283957929
1.0109372940  -1.0493998174  -1.0351126812
1.0042212750  -1.0430016704  -1.0418183759
0.9975160519  -1.0366049536  -1.0485130578
0.9908214712  -1.0302097322  -1.0551969108
0.9841373802  -1.0238160448  -1.0618701220
0.9774636277  -1.0174239045  -1.0685328806
0.9708000631  -1.0110332982  -1.0751853775
0.9641465371  -1.0046441873  -1.0818278046
0.9575029011  -0.9982565082  -1.0884603544
0.9508690075  -0.9918701743  -1.0950832187
0.9442447097  -0.9854850770  -1.1016965880
0.9376298617  -0.9791010863  -1.1083006510
0.9310243189  -0.9727180525  -1.1148955932
0.9244279372  -0.9663358080  -1.1214815966
0.9178405740  -0.9599541693  -1.1280588385
0.9112620874  -0.9535729385  -1.1346274905
0.9046923368  -0.9471919059  -1.1411877181
0.8981311829  -0.9408108521  -1.1477396789
0.8915784874  -0.9344295508  -1.1542835223
0.8850341131  -0.9280477722  -1.1608193876
0.8784979240  -0.9216652863  -1.1673474028
0.8719697847  -0.9152818697  -1.1738676823
0.8654495602  -0.9088973150  -1.1803803227
0.8589371138  -0.9025114530  -1.1868853956
0.8524323007  -0.8961242365  -1.1933829224
0.8459349673  -0.8897356706  -1.1998728692
0.8394449878  -0.8833453152  -1.2063552494
0.8329623066  -0.8769521780  -1.2128302265
0.8264868971  -0.8705555133  -1.2192980290
0.8200186792  -0.8641552146  -1.2257588171
0.8135575211  -0.8577513228  -1.2322126917
0.8071032937  -0.8513437113  -1.2386597483
0.8006558886  -0.8449321832  -1.2451000867
0.7942152065  -0.8385165532  -1.2515338043
0.7877811511  -0.8320966532  -1.2579609965
0.7813536284  -0.8256723328  -1.2643817557
0.7749325466  -0.8192434589  -1.2707961721
0.7685178161  -0.8128099152  -1.2772043332
0.7621093498  -0.8063716018  -1.2836063239
0.7557070628  -0.7999284348  -1.2900022264
0.7493108728  -0.7934803471  -1.2963921205
0.7429206996  -0.7870272866  -1.3027760831
0.7365364655  -0.7805692141  -1.3091541885
0.7301580955  -0.7741061007  -1.3155265087
0.7237855167  -0.7676379268  -1.3218931127
0.7174186590  -0.7611646814  -1.3282540671
0.7110574547  -0.7546863605  -1.3346094357
0.7047018387  -0.7482029648  -1.3409592799
0.6983517483  -0.7417144981  -1.3473036585
0.6920071237  -0.7352209650  -1.3536426275
0.6856679075  -0.7287223684  -1.3599762406
0.6793340451  -0.7222187070  -1.3663045487
0.6730054845  -0.7157099721  -1.3726276005
0.6666821764  -0.7091961422  -1.3789454421
0.6603640745  -0.7026771760  -1.3852581172
0.6540511351  -0.6961529914  -1.3915656676
0.6477433175  -0.6896234466  -1.3978681333
0.6414405841  -0.6830883919  -1.4041655524
0.6351428994  -0.6765477859  -1.4104579593
0.6288502301  -0.6700017129  -1.4167453834
0.6225625453  -0.6634502747  -1.4230278498
0.6162798175  -0.6568935254  -1.4293053810
0.6100020230  -0.6503314985  -1.4355779974
0.6037291411  -0.6437642364  -1.4418457165
0.5974611541  -0.6371917925  -1.4481085528
0.5911980473  -0.6306142279  -1.4543665176
0.5849398090  -0.6240316127  -1.4606196190
0.5786864306  -0.6174440248  -1.4668678619
0.5724379067  -0.6108515511  -1.4731112482
0.5661942352  -0.6042541124  -1.4793497767
0.5599554171  -0.5976512902  -1.4855834435
0.5537214569  -0.5910430509  -1.4918122416
0.5474923621  -0.5844303420  -1.4980361581
0.5412681429  -0.5778140623  -1.5042551754
0.5350488134  -0.5711943792  -1.5104692740
0.5288343918  -0.5645713062  -1.5166784323
0.5226249000  -0.5579449588  -1.5228826257
0.5164203627  -0.5513154497  -1.5290818259
0.5102208080  -0.5446828862  -1.5352760015
0.5040262677  -0.5380473736  -1.5414651174
0.4978367769  -0.5314090180  -1.5476491354
0.4916523741  -0.5247679300  -1.5538280137
0.4854731016  -0.5181242274  -1.5600017067
0.4792990050  -0.5114780385  -1.5661701654
0.4731301335  -0.5048295051  -1.5723333372
0.4669665400  -0.4981787849  -1.5784911655
0.4608082808  -0.4915260544  -1.5846435902
0.4546554159  -0.4848715112  -1.5907905470
0.4485080088  -0.4782153761  -1.5969319683
0.4423661268  -0.4715578943  -1.6030677821
0.4362298404  -0.4648993370  -1.6091979130
0.4300992242  -0.4582400026  -1.6153222815
0.4239743561  -0.4515802176  -1.6214408045
0.4178553176  -0.4449203372  -1.6275533952
0.4117421938  -0.4382607460  -1.6336599629
0.4056350734  -0.4316018574  -1.6397604134
0.3995340484  -0.4249441136  -1.6458546489
0.3934392145  -0.4182879844  -1.6519425682
0.3873506707  -0.4116339671  -1.6580240666
0.3812685195  -0.4049825843  -1.6640990362
0.3751928665  -0.3983343833  -1.6701673658
0.3691238384  -0.3916924719  -1.6762290414
0.3630615881  -0.3850608812  -1.6822841607
0.3570062092  -0.3784342513  -1.6883325302
0.3509577182  -0.3718053122  -1.6943736884
0.3449162034  -0.3651775683  -1.7004073919
0.3388818383  -0.3585557226  -1.7064335279
0.3328547801  -0.3519407359  -1.7124519342
0.3268351650  -0.3453335553  -1.7184624531
0.3208231326  -0.3387351194  -1.7244649331
0.3148188251  -0.3321463515  -1.7304592290
0.3088223868  -0.3255681529  -1.7364452029
0.3028339638  -0.3190013981  -1.7424227246
0.2968537036  -0.3124469301  -1.7483916719
0.2908817542  -0.3059055567  -1.7543519313
0.2849182643  -0.2993780480  -1.7603033977
0.2789633823  -0.2928651339  -1.7662459747
0.2730172567  -0.2863675032  -1.7721795745
0.2670800350  -0.2798858030  -1.7781041180
0.2611518641  -0.2734206386  -1.7840195337
0.2552328899  -0.2669725746  -1.7899257584
0.2493232573  -0.2605421358  -1.7958227356
0.2434231098  -0.2541298097  -1.8017104154
0.2375325898  -0.2477360479  -1.8075887537
0.2316518383  -0.2413612698  -1.8134577109
0.2257809950  -0.2350058650  -1.8193172513
0.2199201983  -0.2286701965  -1.8251673415
0.2140695852  -0.2223546049  -1.8310079498
0.2082292910  -0.2160594111  -1.8368390440
0.2023994499  -0.2097849206  -1.8426605908
0.1965801939  -0.2035314270  -1.8484725534
0.1907716536  -0.1972992156  -1.8542748906
0.1849739572  -0.1910885757  -1.8600675545
0.1791933086  -0.1849025440  -1.8659388002
0.1734337527  -0.1787429476  -1.8719323582
0.1676796376  -0.1726027639  -1.8778970870
0.1619264928  -0.1664803886  -1.8838718203
0.1561826132  -0.1603799924  -1.8898537192
0.1504479922  -0.1543019137  -1.8958395725
0.1447226534  -0.1482465232  -1.9018257959
0.1390066510  -0.1422142188  -1.9078084330
0.1333000710  -0.1362054220  -1.9137831545
0.1276030327  -0.1302205750  -1.9197452585
0.1219156900  -0.1242601348  -1.9256896707
0.1162382317  -0.1183245689  -1.9316109441
0.1105708829  -0.1124143479  -1.9375032591
0.1049139054  -0.1065299394  -1.9433604234
0.0992675979  -0.1006718002  -1.9491758723
0.0936322962  -0.0948403687  -1.9549426684
0.0880083735  -0.0890360568  -1.9606535017
0.0823962394  -0.0832592425  -1.9663006895
0.0767963398  -0.0775102618  -1.9718761769
0.0712091558  -0.0717894022  -1.9773715358
0.0656352023  -0.0660968962  -1.9827779661
0.0600750270  -0.0604329167  -1.9880862947
0.0545292078  -0.0547975731  -1.9932869761
0.0489983509  -0.0491909092  -1.9983700920
0.0434830881  -0.0436129036  -2.0033253518
0.0379840734  -0.0380634714  -2.0081420921
0.0325019797  -0.0325424687  -2.0128092770
0.0270374947  -0.0270496987  -2.0173154978
0.0215913164  -0.0215849211  -2.0216489736
0.0161641477  -0.0161478622  -2.0257975504
0.0107566911  -0.0107382282  -2.0297487021
0.0053696423  -0.0053557179  -2.0334895296
0.0053618902  -0.0053556501  -2.0334895296
