0.0920631
2.0024629382  -2.1793545986   0.0000780003
2.0024629382  -2.1793545986   0.0000780003
2.0024685197  -2.1793456522   0.0000635165
2.0024625109  -2.1793005482   0.0000276905
2.0024392634  -2.1792176689  -0.0000300937
2.0023940041  -2.1790899328  -0.0001104446
2.0023249957  -2.1789151469  -0.0002139629
2.0022312632  -2.1786922925  -0.0003412415
2.0021121181  -2.1784207806  -0.0004928658
2.0019670016  -2.1781002096  -0.0006694136
2.0017954216  -2.1777302662  -0.0008714547
2.0015969225  -2.1773106785  -0.0010995516
2.0013710705  -2.1768411930  -0.0013542588
2.0011174447  -2.1763215607  -0.0016361233
2.0008356325  -2.1757515305  -0.0019456843
2.0005252267  -2.1751308439  -0.0022834735
2.0001858234  -2.1744592330  -0.0026500147
1.9998170210  -2.1737364190  -0.0030458242
1.9994184192  -2.1729621112  -0.0034714105
1.9989896189  -2.1721360066  -0.0039272745
1.9985302218  -2.1712577905  -0.0044139094
1.9980398298  -2.1703271361  -0.0049318006
1.9975180456  -2.1693437052  -0.0054814260
1.9969644721  -2.1683071489  -0.0060632558
1.9963787129  -2.1672171078  -0.0066777524
1.9957603720  -2.1660732133  -0.0073253706
1.9951090542  -2.1648750877  -0.0080065575
1.9944243647  -2.1636223452  -0.0087217525
1.9937059099  -2.1623145932  -0.0094713873
1.9929532972  -2.1609514326  -0.0102558860
1.9921661353  -2.1595324593  -0.0110756651
1.9913440344  -2.1580572645  -0.0119311331
1.9904865960  -2.1565244376  -0.0128239147
1.9895934472  -2.1549344822  -0.0137533270
1.9886642158  -2.1532882162  -0.0147193865
1.9876985054  -2.1515844912  -0.0157223964
1.9866959299  -2.1498226263  -0.0167626865
1.9856561108  -2.1480021118  -0.0178406232
1.9845786727  -2.1461224756  -0.0189565686
1.9834632433  -2.1441832758  -0.0201108838
1.9823094541  -2.1421840858  -0.0213039288
1.9811169398  -2.1401244909  -0.0225360612
1.9798853389  -2.1380040877  -0.0238076353
1.9786142933  -2.1358224859  -0.0251190022
1.9773034500  -2.1335793092  -0.0264705089
1.9759524602  -2.1312741954  -0.0278624983
1.9745609791  -2.1289067957  -0.0292953086
1.9731286664  -2.1264767774  -0.0307692734
1.9716551878  -2.1239838253  -0.0322847212
1.9701402137  -2.1214276417  -0.0338419754
1.9685834191  -2.1188079472  -0.0354413537
1.9669844851  -2.1161244834  -0.0370831685
1.9653430989  -2.1133770122  -0.0387677259
1.9636589525  -2.1105653157  -0.0404953264
1.9619317446  -2.1076891984  -0.0422662639
1.9601611810  -2.1047484872  -0.0440808260
1.9583469726  -2.1017430314  -0.0459392939
1.9564888370  -2.0986727060  -0.0478419420
1.9545864995  -2.0955374117  -0.0497890376
1.9526396908  -2.0923370718  -0.0517808411
1.9506481498  -2.0890716361  -0.0538176056
1.9486116226  -2.0857410820  -0.0558995776
1.9465298616  -2.0823454125  -0.0580269973
1.9444026280  -2.0788844016  -0.0602000946
1.9422296876  -2.0753580156  -0.0624190855
1.9400108147  -2.0717668488  -0.0646841785
1.9377457963  -2.0681112439  -0.0669955784
1.9354344246  -2.0643911684  -0.0693534831
1.9330764991  -2.0606067182  -0.0717580820
1.9306718267  -2.0567580644  -0.0742095574
1.9282202229  -2.0528454143  -0.0767080847
1.9257215121  -2.0488690081  -0.0792538324
1.9231755259  -2.0448291114  -0.0818469617
1.9205821051  -2.0407260155  -0.0844876251
1.9179410971  -2.0365600358  -0.0871759693
1.9152523593  -2.0323315172  -0.0899121366
1.9125157564  -2.0280408305  -0.0926962612
1.9097311615  -2.0236883696  -0.0955284686
1.9068984557  -2.0192745529  -0.0984088772
1.9040175290  -2.0147998248  -0.1013375982
1.9010882794  -2.0102646520  -0.1043147358
1.8981106130  -2.0056695245  -0.1073403882
1.8950844438  -2.0010149546  -0.1104146465
1.8920096934  -1.9963014747  -0.1135375914
1.8888862917  -1.9915296395  -0.1167092973
1.8857141765  -1.9867000246  -0.1199298357
1.8824932921  -1.9818132231  -0.1231992671
1.8792235910  -1.9768698510  -0.1265176415
1.8759050346  -1.9718705462  -0.1298850065
1.8725375911  -1.9668159616  -0.1333014016
1.8691212333  -1.9617067644  -0.1367668533
1.8656559423  -1.9565436439  -0.1402813817
1.8621417029  -1.9513273040  -0.1438450034
1.8585785437  -1.9460584969  -0.1474577275
1.8549665278  -1.9407380081  -0.1511195535
1.8513054740  -1.9353663715  -0.1548304727
1.8475951609  -1.9299440978  -0.1585904708
1.8438356614  -1.9244720374  -0.1623995244
1.8400270739  -1.9189510836  -0.1662576002
1.8361693872  -1.9133820137  -0.1701646581
1.8322626090  -1.9077656317  -0.1741206524
1.8283067916  -1.9021028211  -0.1781255293
1.8243019924  -1.8963944960  -0.1821792232
1.8202482846  -1.8906414876  -0.1862816630
1.8161457075  -1.8848443654  -0.1904327734
1.8119942866  -1.8790036160  -0.1946324696
1.8077941943  -1.8731201144  -0.1988806575
1.8035456121  -1.8671950168  -0.2031772330
1.7992485938  -1.8612294220  -0.2075220830
1.7949032226  -1.8552244226  -0.2119150900
1.7905096318  -1.8491811280  -0.2163561278
1.7860679516  -1.8431006099  -0.2208450604
1.7815783290  -1.8369839215  -0.2253817472
1.7770409810  -1.8308321529  -0.2299660380
1.7724560494  -1.8246462825  -0.2345977698
1.7678235652  -1.8184271354  -0.2392767734
1.7631438260  -1.8121757696  -0.2440028759
1.7584171508  -1.8058932374  -0.2487758978
1.7536435031  -1.7995801952  -0.2535956497
1.7488230818  -1.7932374967  -0.2584619323
1.7439563086  -1.7868661994  -0.2633745406
1.7390432309  -1.7804669566  -0.2683332616
1.7340839258  -1.7740404178  -0.2733378730
1.7290787122  -1.7675874602  -0.2783881464
1.7240279089  -1.7611089447  -0.2834838415
1.7189317680  -1.7546056459  -0.2886247095
1.7137904372  -1.7480782198  -0.2938105011
1.7086041999  -1.7415274448  -0.2990409642
1.7033733757  -1.7349541327  -0.3043158389
1.6980981352  -1.7283589421  -0.3096348573
1.6927786944  -1.7217425731  -0.3149977441
1.6874153680  -1.7151058296  -0.3204042175
1.6820085349  -1.7084495905  -0.3258539858
1.6765583920  -1.7017745762  -0.3313467354
1.6710651144  -1.6950814824  -0.3368821371
1.6655291579  -1.6883711269  -0.3424599254
1.6599508881  -1.6816440930  -0.3480799326
1.6543305647  -1.6749011451  -0.3537419673
1.6486684865  -1.6681435230  -0.3594457151
1.6429648457  -1.6613723544  -0.3651907927
1.6372199663  -1.6545886574  -0.3709768153
1.6314343272  -1.6477935034  -0.3768034004
1.6256081373  -1.6409876829  -0.3826701613
1.6197417493  -1.6341721349  -0.3885767103
1.6138356538  -1.6273479504  -0.3945226568
1.6078900317  -1.6205159077  -0.4005076037
1.6019051102  -1.6136768320  -0.4065311545
1.5958813396  -1.6068317818  -0.4125929123
1.5898192153  -1.5999818640  -0.4186924783
1.5837191483  -1.5931280968  -0.4248294543
1.5775814197  -1.5862713609  -0.4310034392
1.5714063886  -1.5794126081  -0.4372140293
1.5651945474  -1.5725529175  -0.4434608224
1.5589461988  -1.5656931665  -0.4497434175
1.5526617688  -1.5588343411  -0.4560614111
1.5463416807  -1.5519774100  -0.4624143934
1.5399861460  -1.5451231052  -0.4688019474
1.5335957374  -1.5382724976  -0.4752236497
1.5271709446  -1.5314265530  -0.4816790626
1.5207120383  -1.5245859794  -0.4881677235
1.5142194390  -1.5177515956  -0.4946891329
1.5076935728  -1.5109241833  -0.5012427278
1.5011347999  -1.5041043964  -0.5078278198
1.4945434399  -1.4972927659  -0.5144434542
1.4879197059  -1.4904895503  -0.5210880599
1.4812630725  -1.4836941295  -0.5277575661
1.4745737191  -1.4769067810  -0.5344509859
1.4678557017  -1.4701321697  -0.5411775748
1.4611134159  -1.4633758315  -0.5479459761
1.4543461122  -1.4566381421  -0.5547559670
1.4475507289  -1.4499163686  -0.5616050923
1.4407261065  -1.4432089141  -0.5684919301
1.4338724652  -1.4365153197  -0.5754151222
1.4269900592  -1.4298350783  -0.5823732398
1.4200792139  -1.4231676326  -0.5893647901
1.4131403860  -1.4165124369  -0.5963882167
1.4061739150  -1.4098687135  -0.6034419107
1.3991800414  -1.4032354777  -0.6105242211
1.3921591494  -1.3966117969  -0.6176334545
1.3851116548  -1.3899966873  -0.6247678770
1.3780381619  -1.3833892768  -0.6319257220
1.3709388914  -1.3767882410  -0.6391051991
1.3638140744  -1.3701922084  -0.6463044993
1.3566643333  -1.3636001562  -0.6535217959
1.3494899582  -1.3570106958  -0.6607552516
1.3422912375  -1.3504224105  -0.6680030243
1.3350684664  -1.3438338745  -0.6752632694
1.3278218174  -1.3372435341  -0.6825341488
1.3205513498  -1.3306497315  -0.6898138317
1.3132568941  -1.3240506003  -0.6971004948
1.3059379103  -1.3174439269  -0.7043923335
1.2985933293  -1.3108270143  -0.7116875658
1.2912211222  -1.3041962650  -0.7189844342
1.2838174817  -1.2975463731  -0.7262812121
1.2763750560  -1.2908685834  -0.7335762119
1.2688782974  -1.2841460556  -0.7408677959
1.2612913232  -1.2773415448  -0.7481544143
1.2534674765  -1.2703088891  -0.7554346003
1.2456390730  -1.2632850895  -0.7627067879
1.2382089477  -1.2566726280  -0.7699691863
1.2310353864  -1.2503224736  -0.7772200086
1.2239012116  -1.2440109446  -0.7844577141
1.2167830444  -1.2377099517  -0.7916809530
1.2096804338  -1.2314163200  -0.7988884506
1.2025931836  -1.2251281081  -0.8060789979
1.1955211050  -1.2188435847  -0.8132514685
1.1884640298  -1.2125611636  -0.8204048204
1.1814218106  -1.2062794056  -0.8275381003
1.1743943225  -1.1999970222  -0.8346504521
1.1673814616  -1.1937128766  -0.8417411184
1.1603831422  -1.1874259820  -0.8488094414
1.1533992936  -1.1811354989  -0.8558548633
1.1464298616  -1.1748407355  -0.8628769342
1.1394748099  -1.1685411457  -0.8698753215
1.1325341158  -1.1622363251  -0.8768498040
1.1256077656  -1.1559260046  -0.8838002763
1.1186957571  -1.1496100459  -0.8907267581
1.1117980986  -1.1432884360  -0.8976293965
1.1049148054  -1.1369612802  -0.9045084710
1.0980459002  -1.1306287950  -0.9113644016
1.0911914121  -1.1242912997  -0.9181977579
1.0843513780  -1.1179492093  -0.9250092735
1.0775258446  -1.1116030282  -0.9317998662
1.0707148730  -1.1052533441  -0.9385706693
1.0639185501  -1.0989008258  -0.9453230869
1.0571370136  -1.0925462286  -0.9520588984
1.0503705117  -1.0861904221  -0.9587804828
1.0436195575  -1.0798344961  -0.9654913568
1.0368856980  -1.0734799170  -0.9721986593
1.0301697666  -1.0671278775  -0.9789076227
1.0234675830  -1.0607780261  -0.9856122814
1.0167733549  -1.0544290267  -0.9923044763
1.0100867086  -1.0480803655  -0.9989832376
1.0034104015  -1.0417324485  -1.0056497635
0.9967456318  -1.0353856907  -1.0123043429
0.9900923660  -1.0290403028  -1.0189471446
0.9834504533  -1.0226964235  -1.0255783401
0.9768197435  -1.0163541607  -1.0321981052
0.9702000883  -1.0100135953  -1.0388066192
0.9635913405  -1.0036747815  -1.0454040641
0.9569933539  -0.9973377469  -1.0519906245
0.9504059836  -0.9910024932  -1.0585664867
0.9438290855  -0.9846689958  -1.0651318378
0.9372625164  -0.9783372050  -1.0716868654
0.9307061342  -0.9720070477  -1.0782317567
0.9241597976  -0.9656784285  -1.0847666974
0.9176233663  -0.9593512303  -1.0912918711
0.9110967009  -0.9530253157  -1.0978074587
0.9045796632  -0.9467005298  -1.1043136369
0.8980721157  -0.9403767010  -1.1108105781
0.8915739225  -0.9340536434  -1.1172984486
0.8850849485  -0.9277311591  -1.1237774084
0.8786050600  -0.9214090401  -1.1302476099
0.8721341243  -0.9150870717  -1.1367091965
0.8656720101  -0.9087650352  -1.1431623018
0.8592185871  -0.9024427117  -1.1496070478
0.8527737258  -0.8961198880  -1.1560435422
0.8463372969  -0.8897963664  -1.1624718751
0.8399091694  -0.8834719852  -1.1688921105
0.8334892043  -0.8771466970  -1.1753042611
0.8270772536  -0.8708204973  -1.1817082841
0.8206731988  -0.8644929618  -1.1881041879
0.8142769925  -0.8581631703  -1.1944921342
0.8078886140  -0.8518304505  -1.2008723464
0.8015079881  -0.8454947129  -1.2072449772
0.7951349883  -0.8391559890  -1.2136101207
0.7887694921  -0.8328141582  -1.2199678665
0.7824113977  -0.8264690409  -1.2263183078
0.7760606122  -0.8201204702  -1.2326615357
0.7697170457  -0.8137682967  -1.2389976392
0.7633806104  -0.8074123886  -1.2453267044
0.7570512210  -0.8010526315  -1.2516488150
0.7507287944  -0.7946889277  -1.2579640520
0.7444132499  -0.7883211964  -1.2642724938
0.7381045091  -0.7819493725  -1.2705742161
0.7318024960  -0.7755734073  -1.2768692922
0.7255071371  -0.7691932677  -1.2831577925
0.7192183612  -0.7628089329  -1.2894397848
0.7129360997  -0.7564203928  -1.2957153344
0.7066602864  -0.7500276467  -1.3019845038
0.7003908577  -0.7436307027  -1.3082473531
0.6941277522  -0.7372295756  -1.3145039395
0.6878709115  -0.7308242852  -1.3207543180
0.6816202794  -0.7244148543  -1.3269985407
0.6753758026  -0.7180013066  -1.3332366572
0.6691374302  -0.7115836644  -1.3394687146
0.6629051139  -0.7051619456  -1.3456947576
0.6566788083  -0.6987361609  -1.3519148282
0.6504584706  -0.6923063088  -1.3581289661
0.6442440607  -0.6858723676  -1.3643372089
0.6380355413  -0.6794342755  -1.3705395920
0.6318328780  -0.6729919123  -1.3767361492
0.6256360393  -0.6665451526  -1.3829269124
0.6194449960  -0.6600939792  -1.3891119098
0.6132597208  -0.6536384970  -1.3952911648
0.6070801890  -0.6471788256  -1.4014646964
0.6009063790  -0.6407150379  -1.4076325212
0.5947382730  -0.6342471875  -1.4137946539
0.5885758563  -0.6277753376  -1.4199511062
0.5824191167  -0.6212995612  -1.4261018871
0.5762680453  -0.6148199399  -1.4322470022
0.5701226356  -0.6083365631  -1.4383864544
0.5639828847  -0.6018495289  -1.4445202434
0.5578487924  -0.5953589433  -1.4506483658
0.5517203615  -0.5888647592  -1.4567708154
0.5455975981  -0.5823666155  -1.4628875836
0.5394805116  -0.5758645090  -1.4689986586
0.5333691141  -0.5693593456  -1.4751040232
0.5272634204  -0.5628519850  -1.4812036557
0.5211634490  -0.5563426101  -1.4872975326
0.5150692222  -0.5498312616  -1.4933856286
0.5089807656  -0.5433180750  -1.4994679153
0.5028981077  -0.5368031833  -1.5055443611
0.4968212800  -0.5302867148  -1.5116149311
0.4907503175  -0.5237687962  -1.5176795876
0.4846852582  -0.5172495555  -1.5237382894
0.4786261435  -0.5107291250  -1.5297909922
0.4725730179  -0.5042076439  -1.5358376485
0.4665259293  -0.4976852615  -1.5418782073
0.4604849288  -0.4911621397  -1.5479126144
0.4544500708  -0.4846384552  -1.5539408122
0.4484214129  -0.4781144024  -1.5599627395
0.4423990159  -0.4715901949  -1.5659783319
0.4363829440  -0.4650660677  -1.5719875213
0.4303732646  -0.4585422786  -1.5779902363
0.4243700483  -0.4520191088  -1.5839864021
0.4183733689  -0.4454968643  -1.5899759404
0.4123833034  -0.4389758768  -1.5959587698
0.4063999321  -0.4324565042  -1.6019348053
0.4004233382  -0.4259391304  -1.6079039589
0.3944536083  -0.4194241657  -1.6138661394
0.3884908318  -0.4129120459  -1.6198212523
0.3825351013  -0.4064032317  -1.6257692003
0.3765865122  -0.3998982079  -1.6317098832
0.3706451629  -0.3933974819  -1.6376431978
0.3647111547  -0.3869015825  -1.6435690385
0.3587846076  -0.3804133926  -1.6494873905
0.3528656655  -0.3739366380  -1.6553983439
0.3469544175  -0.3674664045  -1.6613017169
0.3410508828  -0.3609960341  -1.6671970773
0.3351551457  -0.3545287798  -1.6730841973
0.3292673680  -0.3480689874  -1.6789629718
0.3233876959  -0.3416175570  -1.6848332490
0.3175162564  -0.3351753741  -1.6906948827
0.3116531791  -0.3287433145  -1.6965477321
0.3057985958  -0.3223222375  -1.7023916630
0.2999526399  -0.3159129807  -1.7082265483
0.2941154461  -0.3095163548  -1.7140522683
0.2882871497  -0.3031331402  -1.7198687117
0.2824678865  -0.2967640832  -1.7256757749
0.2766577924  -0.2904098938  -1.7314733631
0.2708570029  -0.2840712439  -1.7372613900
0.2650656526  -0.2777487663  -1.7430397776
0.2592838757  -0.2714430541  -1.7488084562
0.2535118048  -0.2651546612  -1.7545673641
0.2477495715  -0.2588841028  -1.7603164474
0.2419973061  -0.2526318569  -1.7660556589
0.2362551373  -0.2463983659  -1.7717849580
0.2305231922  -0.2401840392  -1.7775043098
0.2248015966  -0.2339892552  -1.7832136842
0.2190904745  -0.2278143642  -1.7889130548
0.2133899484  -0.2216596918  -1.7946023981
0.2077001392  -0.2155255418  -1.8002816920
0.2020211660  -0.2094121996  -1.8059509147
0.1963531461  -0.2033199353  -1.8116100432
0.1906961951  -0.1972490077  -1.8172590522
0.1850504265  -0.1911996667  -1.8228979118
0.1794159513  -0.1851721651  -1.8285265864
0.1737985598  -0.1791692384  -1.8342305827
0.1682020238  -0.1731925209  -1.8400522729
0.1626117034  -0.1672356539  -1.8458452591
0.1570234102  -0.1612971813  -1.8516471725
0.1514448880  -0.1553808605  -1.8574552765
0.1458761208  -0.1494869841  -1.8632664741
0.1403171203  -0.1436158728  -1.8690773075
0.1347679268  -0.1377678701  -1.8748839584
0.1292286100  -0.1319433400  -1.8806822480
0.1236992710  -0.1261426634  -1.8864676370
0.1181800426  -0.1203662337  -1.8922352255
0.1126710909  -0.1146144522  -1.8979797530
0.1071726156  -0.1088877220  -1.9036955985
0.1016848508  -0.1031864425  -1.9093767806
0.0962080653  -0.0975110024  -1.9150169570
0.0907425632  -0.0918617729  -1.9206094251
0.0852886830  -0.0862391013  -1.9261471218
0.0798467985  -0.0806433034  -1.9316226234
0.0744173172  -0.0750746574  -1.9370281454
0.0690006802  -0.0695333978  -1.9423555432
0.0635973608  -0.0640197100  -1.9475963113
0.0582078633  -0.0585337262  -1.9527415837
0.0528327208  -0.0530755221  -1.9577821340
0.0474724938  -0.0476451157  -1.9627083753
0.0421277668  -0.0422424671  -1.9675103598
0.0367991462  -0.0368674806  -1.9721777794
0.0314872564  -0.0315200085  -1.9766999656
0.0261927362  -0.0261998572  -1.9810658890
0.0209162346  -0.0209067948  -1.9852641600
0.0156584056  -0.0156405609  -1.9892830281
0.0104199030  -0.0104008775  -1.9931103825
0.0052013748  -0.0051874610  -1.9967337518
0.0051941011  -0.0051873981  -1.9967337518
