0.0636732
2.5670478328  -2.7864864724   0.0001171195
2.5670478328  -2.7864864724   0.0001171195
2.5670539779  -2.7864598760   0.0000924832
2.5670419306  -2.7863707129   0.0000341360
2.5670033249  -2.7862193882  -0.0000589579
2.5669299233  -2.7859921685  -0.0001878135
2.5668188233  -2.7856851846  -0.0003534247
2.5666684234  -2.7852968364  -0.0005567645
2.5664776095  -2.7848263434  -0.0007987850
2.5662454909  -2.7842732777  -0.0010804172
2.5659712930  -2.7836373751  -0.0014025715
2.5656543077  -2.7829184472  -0.0017661371
2.5652938681  -2.7821163372  -0.0021719822
2.5648893344  -2.7812308954  -0.0026209544
2.5644400860  -2.7802619662  -0.0031138800
2.5639455168  -2.7792093807  -0.0036515646
2.5634050323  -2.7780729527  -0.0042347928
2.5628180477  -2.7768524767  -0.0048643282
2.5621839871  -2.7755477274  -0.0055409136
2.5615022827  -2.7741584600  -0.0062652706
2.5607723745  -2.7726844111  -0.0070381002
2.5599937105  -2.7711253000  -0.0078600822
2.5591657464  -2.7694808305  -0.0087318756
2.5582879461  -2.7677506922  -0.0096541185
2.5573597819  -2.7659345634  -0.0106274279
2.5563807348  -2.7640321122  -0.0116524000
2.5553502945  -2.7620429993  -0.0127296100
2.5542679606  -2.7599668800  -0.0138596122
2.5531332421  -2.7578034065  -0.0150429399
2.5519456585  -2.7555522304  -0.0162801056
2.5507047400  -2.7532130048  -0.0175716008
2.5494100277  -2.7507853866  -0.0189178959
2.5480610750  -2.7482672985  -0.0203213125
2.5466574584  -2.7456600943  -0.0217806471
2.5451987542  -2.7429655745  -0.0232957584
2.5436845352  -2.7401820941  -0.0248668882
2.5421143991  -2.7373089410  -0.0264943289
2.5404879649  -2.7343456733  -0.0281784336
2.5388048661  -2.7312919269  -0.0299195367
2.5370647502  -2.7281474083  -0.0317179620
2.5352672802  -2.7249118647  -0.0335740213
2.5334121343  -2.7215850774  -0.0354880134
2.5314990034  -2.7181668567  -0.0374602223
2.5295275913  -2.7146570430  -0.0394909167
2.5274976214  -2.7110555170  -0.0415803495
2.5254088372  -2.7073622016  -0.0437287571
2.5232609995  -2.7035770622  -0.0459363586
2.5210538869  -2.6997001101  -0.0482033551
2.5187872961  -2.6957314038  -0.0505299297
2.5164610421  -2.6916710473  -0.0529162481
2.5140749584  -2.6875191881  -0.0553624590
2.5116288970  -2.6832760178  -0.0578686932
2.5091227287  -2.6789417721  -0.0604350638
2.5065563430  -2.6745167310  -0.0630616659
2.5039296483  -2.6700012184  -0.0657485765
2.5012425717  -2.6653956031  -0.0684958535
2.4984950587  -2.6607002989  -0.0713035349
2.4956870616  -2.6559157501  -0.0741716405
2.4928185443  -2.6510424371  -0.0771001724
2.4898895007  -2.6460808987  -0.0800891153
2.4868999497  -2.6410317269  -0.0831384361
2.4838499295  -2.6358955604  -0.0862480842
2.4807394970  -2.6306730832  -0.0894179915
2.4775687271  -2.6253646016  -0.0926480697
2.4743377102  -2.6199707521  -0.0959382096
2.4710465584  -2.6144931937  -0.0992882860
2.4676954081  -2.6089331439  -0.1026981615
2.4642844103  -2.6032912223  -0.1061676854
2.4608137191  -2.5975682539  -0.1096966938
2.4572834820  -2.5917651460  -0.1132850086
2.4536938711  -2.5858828680  -0.1169324382
2.4500450967  -2.5799224591  -0.1206387758
2.4463373861  -2.5738849941  -0.1244037945
2.4425709813  -2.5677715790  -0.1282272439
2.4387461384  -2.5615833560  -0.1321088514
2.4348631287  -2.5553215065  -0.1360483243
2.4309222379  -2.5489872442  -0.1400453518
2.4269237654  -2.5425818046  -0.1440996059
2.4228679952  -2.5361064067  -0.1482107486
2.4187552023  -2.5295622577  -0.1523784400
2.4145857037  -2.5229506143  -0.1566023366
2.4103598505  -2.5162727842  -0.1608820865
2.4060780056  -2.5095301040  -0.1652173297
2.4017405435  -2.5027239378  -0.1696076994
2.3973478495  -2.4958556783  -0.1740528232
2.3929003194  -2.4889267450  -0.1785523236
2.3883983525  -2.4819385721  -0.1831058184
2.3838423030  -2.4748925558  -0.1877129208
2.3792325236  -2.4677900944  -0.1923732402
2.3745694260  -2.4606326472  -0.1970863826
2.3698534438  -2.4534217012  -0.2018519510
2.3650850182  -2.4461587554  -0.2066695457
2.3602645966  -2.4388453171  -0.2115387644
2.3553926321  -2.4314828980  -0.2164592031
2.3504695686  -2.4240729790  -0.2214304556
2.3454957110  -2.4166168812  -0.2264521140
2.3404713806  -2.4091159659  -0.2315237689
2.3353970923  -2.4015718300  -0.2366450091
2.3302734209  -2.3939861329  -0.2418154227
2.3251009507  -2.3863605217  -0.2470345966
2.3198802726  -2.3786966431  -0.2523021179
2.3146119821  -2.3709961725  -0.2576175738
2.3092966870  -2.3632608563  -0.2629805507
2.3039349083  -2.3554922839  -0.2683906256
2.2985269287  -2.3476914762  -0.2738473585
2.2930728792  -2.3398590862  -0.2793503198
2.2875728778  -2.3319959879  -0.2848991256
2.2820270387  -2.3241034050  -0.2904934349
2.2764354650  -2.3161826717  -0.2961329346
2.2707982512  -2.3082350692  -0.3018173039
2.2651157994  -2.3002621516  -0.3075461721
2.2593887648  -2.2922657001  -0.3133191166
2.2536176523  -2.2842472748  -0.3191356787
2.2478028677  -2.2762082568  -0.3249953667
2.2419448204  -2.2681499648  -0.3308976614
2.2360439304  -2.2600736707  -0.3368420414
2.2301006357  -2.2519806146  -0.3428280135
2.2241153871  -2.2438720083  -0.3488551030
2.2180886320  -2.2357490159  -0.3549228369
2.2120208102  -2.2276127439  -0.3610307451
2.2059123609  -2.2194642531  -0.3671783620
2.1997637243  -2.2113045652  -0.3733652269
2.1935753413  -2.2031346686  -0.3795908840
2.1873476575  -2.1949555279  -0.3858548811
2.1810811284  -2.1867680908  -0.3921567697
2.1747762065  -2.1785732706  -0.3984961060
2.1684333352  -2.1703719481  -0.4048724551
2.1620529588  -2.1621649956  -0.4112853926
2.1556355209  -2.1539532765  -0.4177344989
2.1491814640  -2.1457376483  -0.4242193547
2.1426912376  -2.1375189781  -0.4307395417
2.1361652917  -2.1292981418  -0.4372946423
2.1296040693  -2.1210760313  -0.4438842370
2.1230080068  -2.1128537681  -0.4505078852
2.1163775335  -2.1046326050  -0.4571651225
2.1097125368  -2.0964121087  -0.4638555516
2.1030127034  -2.0881903022  -0.4705789134
2.0962791733  -2.0799679757  -0.4773349693
2.0895142187  -2.0717495397  -0.4841233720
2.0827201536  -2.0635396952  -0.4909437089
2.0758991491  -2.0553418343  -0.4977955814
2.0690517164  -2.0471571326  -0.5046786111
2.0621768456  -2.0389850627  -0.5115924267
2.0552735449  -2.0308249562  -0.5185366648
2.0483408493  -2.0226761534  -0.5255109717
2.0413777174  -2.0145379230  -0.5325150049
2.0343831098  -2.0064095559  -0.5395484358
2.0273572249  -1.9982917559  -0.5466109487
2.0203011641  -1.9901862612  -0.5537022397
2.0132154617  -1.9820941733  -0.5608220154
2.0061003575  -1.9740162437  -0.5679699921
1.9989560879  -1.9659532106  -0.5751458969
1.9917829075  -1.9579058497  -0.5823494717
1.9845811225  -1.9498750489  -0.5895804589
1.9773510164  -1.9418616469  -0.5968385683
1.9700928197  -1.9338663525  -0.6041235156
1.9628067842  -1.9258898841  -0.6114350811
1.9554931853  -1.9179329914  -0.6187730698
1.9481523384  -1.9099965198  -0.6261372710
1.9407845452  -1.9020812734  -0.6335274613
1.9333900466  -1.8941878926  -0.6409433992
1.9259690625  -1.8863169446  -0.6483848052
1.9185218237  -1.8784689918  -0.6558513262
1.9110485740  -1.8706445993  -0.6633424558
1.9035494206  -1.8628439554  -0.6708573171
1.8960234336  -1.8550658076  -0.6783916522
1.8884698793  -1.8473092533  -0.6859425339
1.8808924851  -1.8395789498  -0.6935183627
1.8732965778  -1.8318820856  -0.7011293016
1.8656819141  -1.8242198960  -0.7087763354
1.8580448990  -1.8165890984  -0.7164572304
1.8503838265  -1.8089875335  -0.7241707458
1.8426985731  -1.8014143949  -0.7319157581
1.8349892013  -1.7938689339  -0.7396910924
1.8272559065  -1.7863504913  -0.7474955382
1.8194988868  -1.7788582932  -0.7553278506
1.8117182071  -1.7713912338  -0.7631867609
1.8039140333  -1.7639482611  -0.7710709882
1.7960866317  -1.7565283464  -0.7789792245
1.7882362117  -1.7491302475  -0.7869101081
1.7803630193  -1.7417527368  -0.7948622323
1.7724672185  -1.7343944099  -0.8028341659
1.7645489515  -1.7270537596  -0.8108244585
1.7566084202  -1.7197293136  -0.8188316431
1.7486460326  -1.7124197396  -0.8268542389
1.7406612714  -1.7051227562  -0.8348907556
1.7326522173  -1.6978346366  -0.8429396991
1.7246195063  -1.6905542336  -0.8509995753
1.7165650734  -1.6832817833  -0.8590688916
1.7084889292  -1.6760155930  -0.8671461605
1.7003904702  -1.6687533091  -0.8752299030
1.6922688731  -1.6614923779  -0.8833186543
1.6841226793  -1.6542296596  -0.8914109681
1.6759492963  -1.6469609359  -0.8995054212
1.6677439746  -1.6396798821  -0.9076006170
1.6594972520  -1.6323754888  -0.9156951947
1.6511869893  -1.6250231577  -0.9237878785
1.6426109319  -1.6174186584  -0.9318775066
1.6339325596  -1.6097322412  -0.9399628412
1.6256246746  -1.6024423971  -0.9480423681
1.6176064730  -1.5954632924  -0.9561145030
1.6096359423  -1.5885444963  -0.9641778961
1.6016775311  -1.5816429660  -0.9722314045
1.5937306380  -1.5747540582  -0.9802739575
1.5857949953  -1.5678753512  -0.9883045359
1.5778703348  -1.5610047673  -0.9963221881
1.5699564056  -1.5541403866  -1.0043260335
1.5620529772  -1.5472804421  -1.0123152698
1.5541598396  -1.5404233205  -1.0202891765
1.5462768007  -1.5335675620  -1.0282471146
1.5384036848  -1.5267118502  -1.0361885300
1.5305403324  -1.5198550062  -1.0441129574
1.5226866004  -1.5129959969  -1.0520200243
1.5148423607  -1.5061339428  -1.0599094557
1.5070074992  -1.4992681160  -1.0677810764
1.4991819114  -1.4923979342  -1.0756348090
1.4913655062  -1.4855229583  -1.0834706920
1.4835582217  -1.4786428942  -1.0912889247
1.4757600138  -1.4717575850  -1.0990898409
1.4679708140  -1.4648669907  -1.1068738472
1.4601905351  -1.4579711786  -1.1146414547
1.4524191090  -1.4510703245  -1.1223933250
1.4446564888  -1.4441647096  -1.1301302767
1.4369026394  -1.4372547128  -1.1378533041
1.4291575425  -1.4303408066  -1.1455636146
1.4214212134  -1.4234235589  -1.1532626945
1.4136937362  -1.4165036507  -1.1609524421
1.4059753623  -1.4095820184  -1.1686354982
1.3982677528  -1.4026602310  -1.1763189431
1.3905727871  -1.3957399048  -1.1840101029
1.3828868912  -1.3888208194  -1.1917046259
1.3752032050  -1.3819010637  -1.1993936749
1.3675202558  -1.3749794416  -1.2070756018
1.3598408315  -1.3680560748  -1.2147517449
1.3521663831  -1.3611312842  -1.2224225431
1.3444968637  -1.3542051524  -1.2300882493
1.3368320341  -1.3472776595  -1.2377491204
1.3291716552  -1.3403487508  -1.2454054178
1.3215154881  -1.3334183463  -1.2530574079
1.3138632946  -1.3264863412  -1.2607053609
1.3062148362  -1.3195526049  -1.2683495509
1.2985698746  -1.3126169804  -1.2759902550
1.2909281712  -1.3056792860  -1.2836277528
1.2832894871  -1.2987393168  -1.2912623259
1.2756535833  -1.2917968464  -1.2988942572
1.2680202202  -1.2848516272  -1.3065238301
1.2603891580  -1.2779033904  -1.3141513277
1.2527601563  -1.2709518478  -1.3217770323
1.2451329744  -1.2639966990  -1.3294012240
1.2375073707  -1.2570376359  -1.3370241794
1.2298831033  -1.2500743313  -1.3446461714
1.2222599303  -1.2431064317  -1.3522674690
1.2146376098  -1.2361335702  -1.3598883365
1.2070158996  -1.2291553783  -1.3675090321
1.1993945571  -1.2221714879  -1.3751298067
1.1917733388  -1.2151815326  -1.3827509024
1.1841520007  -1.2081851562  -1.3903725509
1.1765302978  -1.2011820278  -1.3979949708
1.1689079824  -1.1941718754  -1.4056183621
1.1612847954  -1.1871547917  -1.4132428753
1.1536604563  -1.1801312749  -1.4208685836
1.1460347026  -1.1731007659  -1.4284955845
1.1384073563  -1.1660608145  -1.4361241419
1.1307782899  -1.1590092325  -1.4437546164
1.1231473192  -1.1519456955  -1.4513873060
1.1155141884  -1.1448705125  -1.4590224400
1.1078786365  -1.1377835183  -1.4666602403
1.1002404248  -1.1306842654  -1.4743009353
1.0925993248  -1.1235722901  -1.4819447538
1.0849551093  -1.1164471446  -1.4895919240
1.0773075517  -1.1093083974  -1.4972426731
1.0696564258  -1.1021556332  -1.5048972281
1.0620015058  -1.0949884523  -1.5125558148
1.0543425664  -1.0878064683  -1.5202186587
1.0466793828  -1.0806093094  -1.5278859844
1.0390117306  -1.0733966260  -1.5355580157
1.0313393859  -1.0661680907  -1.5432349756
1.0236621253  -1.0589233859  -1.5509170865
1.0159797258  -1.0516621949  -1.5586045697
1.0082919653  -1.0443842039  -1.5662976465
1.0005986220  -1.0370891043  -1.5739965372
0.9928994748  -1.0297765903  -1.5817014616
0.9851943033  -1.0224463571  -1.5894126387
0.9774828876  -1.0150981000  -1.5971302871
0.9697650083  -1.0077315103  -1.6048546246
0.9620404469  -1.0003462722  -1.6125858685
0.9543089856  -0.9929420590  -1.6203242355
0.9465704073  -0.9855185286  -1.6280699417
0.9388244958  -0.9780753178  -1.6358232026
0.9310710356  -0.9706120329  -1.6435842335
0.9233098125  -0.9631282152  -1.6513532492
0.9155406131  -0.9556232839  -1.6591304652
0.9077632258  -0.9480965932  -1.6669160973
0.8999774391  -0.9405476400  -1.6747103599
0.8921830412  -0.9329761420  -1.6825134638
0.8843798204  -0.9253818625  -1.6903256168
0.8765675668  -0.9177644727  -1.6981470259
0.8687460728  -0.9101235876  -1.7059778975
0.8609151326  -0.9024588238  -1.7138184374
0.8530745415  -0.8947698054  -1.7216688497
0.8452240959  -0.8870561589  -1.7295293370
0.8373635940  -0.8793175120  -1.7374001003
0.8294928355  -0.8715534936  -1.7452813389
0.8216116218  -0.8637637339  -1.7531732502
0.8137197568  -0.8559473782  -1.7610760307
0.8058170481  -0.8481025883  -1.7689898778
0.7979033044  -0.8402285535  -1.7769149863
0.7899783317  -0.8323272146  -1.7848515407
0.7820419357  -0.8244003995  -1.7927997170
0.7740939292  -0.8164478404  -1.8007596939
0.7661341321  -0.8084687903  -1.8087316526
0.7581623670  -0.8004627796  -1.8167157729
0.7501784582  -0.7924293134  -1.8247122312
0.7421822326  -0.7843678527  -1.8327212016
0.7341735203  -0.7762778219  -1.8407428551
0.7261521547  -0.7681586171  -1.8487773596
0.7181179732  -0.7600096144  -1.8568248794
0.7100708165  -0.7518301787  -1.8648855746
0.7020105297  -0.7436196720  -1.8729596010
0.6939369619  -0.7353774624  -1.8810471093
0.6858499667  -0.7271029325  -1.8891482449
0.6777494024  -0.7187954881  -1.8972631472
0.6696351325  -0.7104545659  -1.9053919493
0.6615070254  -0.7020796418  -1.9135347774
0.6533649555  -0.6936702372  -1.9216917507
0.6452088028  -0.6852259252  -1.9298629806
0.6370384539  -0.6767463359  -1.9380485704
0.6288538019  -0.6682311627  -1.9462486154
0.6206547469  -0.6596801675  -1.9544632019
0.6124411965  -0.6510931848  -1.9626924073
0.6042130662  -0.6424701249  -1.9709362996
0.5959702796  -0.6338109761  -1.9791949371
0.5877127690  -0.6251158064  -1.9874683683
0.5794404758  -0.6163847646  -1.9957566311
0.5711533511  -0.6076180802  -2.0040597532
0.5628513559  -0.5988160631  -2.0123777513
0.5545345196  -0.5899869488  -2.0207109041
0.5462029739  -0.5811421137  -2.0290597937
0.5378566552  -0.5722640130  -2.0374242043
0.5294951964  -0.5633284577  -2.0458031803
0.5211184638  -0.5543443535  -2.0541963548
0.5127266674  -0.5453247869  -2.0626037098
0.5043199705  -0.5362714484  -2.0710250847
0.4958984578  -0.5271860616  -2.0794603239
0.4874622325  -0.5180703903  -2.0879092790
0.4790114144  -0.5089262151  -2.0963718097
0.4705461398  -0.4997553131  -2.1048477850
0.4620665603  -0.4905594392  -2.1133370838
0.4535728417  -0.4813403092  -2.1218395951
0.4450651631  -0.4720995851  -2.1303552180
0.4365437168  -0.4628388632  -2.1388838616
0.4280087068  -0.4535596635  -2.1474254440
0.4194603492  -0.4442634220  -2.1559798911
0.4108988717  -0.4349514858  -2.1645471354
0.4023245138  -0.4256251096  -2.1731271143
0.3937375268  -0.4162854555  -2.1817197675
0.3851381748  -0.4069335946  -2.1903250352
0.3765267351  -0.3975705108  -2.1989428548
0.3679034989  -0.3881971074  -2.2075731585
0.3592687727  -0.3788142150  -2.2162158693
0.3506228785  -0.3694226018  -2.2248708984
0.3419661555  -0.3600229857  -2.2335381411
0.3332989607  -0.3506160479  -2.2422174730
0.3246216694  -0.3412024479  -2.2509087466
0.3159346763  -0.3317828395  -2.2596117869
0.3072383951  -0.3223578885  -2.2683263880
0.2985332595  -0.3129282898  -2.2770523091
0.2898197213  -0.3034948296  -2.2857892695
0.2811148443  -0.2940695911  -2.2946789256
0.2724299232  -0.2846603775  -2.3037914016
0.2637224234  -0.2752381896  -2.3128834515
0.2549802368  -0.2657958119  -2.3220171592
0.2462261766  -0.2563502902  -2.3311876134
0.2374604366  -0.2469029861  -2.3403892792
0.2286833247  -0.2374555438  -2.3496159985
0.2198952570  -0.2280098552  -2.3588609897
0.2110967607  -0.2185680565  -2.3681168480
0.2022884764  -0.2091325179  -2.3773755453
0.1934711601  -0.1997058281  -2.3866284299
0.1846456834  -0.1902907706  -2.3958662270
0.1758130335  -0.1808902947  -2.4050790384
0.1669743116  -0.1715074791  -2.4142563426
0.1581307307  -0.1621454893  -2.4233869946
0.1492836124  -0.1528075295  -2.4324592262
0.1404343825  -0.1434967906  -2.4414606457
0.1315845652  -0.1342163933  -2.4503782383
0.1227357772  -0.1249693311  -2.4591983657
0.1138897197  -0.1157584116  -2.4679067663
0.1050481709  -0.1065862014  -2.4764885551
0.0962129761  -0.0974549742  -2.4849282238
0.0873860388  -0.0883666662  -2.4932096407
0.0785693097  -0.0793228411  -2.5013160509
0.0697647765  -0.0703246662  -2.5092300761
0.0609744526  -0.0613729034  -2.5169337145
0.0522003662  -0.0524679154  -2.5244083412
0.0434445492  -0.0436096905  -2.5316347077
0.0347090264  -0.0347978844  -2.5385929425
0.0259958052  -0.0260318806  -2.5452625504
0.0173068653  -0.0173108674  -2.5516224130
0.0086441502  -0.0086339275  -2.5576507887
0.0086240440  -0.0086336846  -2.5576507887
