0.0772132
2.3371179409  -2.5496049643   0.0000972310
2.3371179409  -2.5496049643   0.0000972310
2.3371237925  -2.5495873310   0.0000776965
2.3371147838  -2.5495201175   0.0000307108
2.3370839292  -2.5494026387  -0.0000445488
2.3370247442  -2.5492244356  -0.0001488908
2.3369349159  -2.5489824463  -0.0002831105
2.3368131597  -2.5486753391  -0.0004479890
2.3366585763  -2.5483024113  -0.0006442940
2.3364704425  -2.5478632317  -0.0008727793
2.3362481255  -2.5473574964  -0.0011341849
2.3359910437  -2.5467849606  -0.0014292372
2.3356986463  -2.5461454049  -0.0017586490
2.3353704020  -2.5454386159  -0.0021231189
2.3350057928  -2.5446643757  -0.0025233324
2.3346043102  -2.5438224562  -0.0029599607
2.3341654523  -2.5429126153  -0.0034336615
2.3336887229  -2.5419345954  -0.0039450789
2.3331736303  -2.5408881224  -0.0044948430
2.3326196869  -2.5397729056  -0.0050835704
2.3320264087  -2.5385886381  -0.0057118638
2.3313933153  -2.5373349977  -0.0063803122
2.3307199298  -2.5360116474  -0.0070894910
2.3300057792  -2.5346182371  -0.0078399617
2.3292503941  -2.5331544040  -0.0086322721
2.3284533085  -2.5316197743  -0.0094669563
2.3276140605  -2.5300139641  -0.0103445348
2.3267321926  -2.5283365815  -0.0112655140
2.3258072523  -2.5265872288  -0.0122303870
2.3248387923  -2.5247655031  -0.0132396329
2.3238263705  -2.5228709983  -0.0142937170
2.3227695502  -2.5209033064  -0.0153930912
2.3216678943  -2.5188606315  -0.0165397432
2.3205209925  -2.5167438730  -0.0177327454
2.3193284352  -2.5145543225  -0.0189720508
2.3180897952  -2.5122905386  -0.0202579469
2.3168046626  -2.5099517782  -0.0215907603
2.3154726413  -2.5075375212  -0.0229708670
2.3140933436  -2.5050473052  -0.0243986326
2.3126663901  -2.5024807182  -0.0258744175
2.3111914100  -2.4998373761  -0.0273985759
2.3096680417  -2.4971169190  -0.0289714548
2.3080959333  -2.4943190117  -0.0305933929
2.3064747423  -2.4914433443  -0.0322647200
2.3048041363  -2.4884896324  -0.0339857564
2.3030837934  -2.4854576183  -0.0357568116
2.3013134018  -2.4823470724  -0.0375781843
2.2994926610  -2.4791577941  -0.0394501624
2.2976212812  -2.4758896117  -0.0413730232
2.2956989837  -2.4725423828  -0.0433470331
2.2937254953  -2.4691159884  -0.0453724473
2.2917005524  -2.4656103371  -0.0474495093
2.2896239085  -2.4620253742  -0.0495784512
2.2874953315  -2.4583610792  -0.0517594928
2.2853146016  -2.4546174651  -0.0539928417
2.2830815117  -2.4507945794  -0.0562786909
2.2807958676  -2.4468925048  -0.0586172191
2.2784574879  -2.4429113586  -0.0610085932
2.2760662049  -2.4388512939  -0.0634529698
2.2736218644  -2.4347124998  -0.0659504944
2.2711243253  -2.4304952030  -0.0685013012
2.2685734599  -2.4261996678  -0.0711055125
2.2659691542  -2.4218261964  -0.0737632390
2.2633113069  -2.4173747820  -0.0764745791
2.2605998266  -2.4128456811  -0.0792396188
2.2578346210  -2.4082399760  -0.0820584287
2.2550156122  -2.4035584003  -0.0849310613
2.2521427473  -2.3988012093  -0.0878575507
2.2492159877  -2.3939688346  -0.0908379131
2.2462353088  -2.3890618005  -0.0938721474
2.2432007002  -2.3840806783  -0.0969602359
2.2401121652  -2.3790260848  -0.1001021454
2.2369697206  -2.3738986806  -0.1032978294
2.2337733978  -2.3686991636  -0.1065472354
2.2305232423  -2.3634282619  -0.1098503071
2.2272193130  -2.3580867291  -0.1132069807
2.2238616714  -2.3526753313  -0.1166171811
2.2204503628  -2.3471948288  -0.1200808235
2.2169854494  -2.3416460133  -0.1235978139
2.2134670315  -2.3360297346  -0.1271680489
2.2098952246  -2.3303468782  -0.1307914167
2.2062701560  -2.3245983637  -0.1344677970
2.2025919653  -2.3187851468  -0.1381970622
2.1988608036  -2.3129082181  -0.1419790771
2.1950768329  -2.3069685948  -0.1458136993
2.1912402256  -2.3009673150  -0.1497007790
2.1873511424  -2.2949054173  -0.1536401596
2.1834096631  -2.2887838776  -0.1576316772
2.1794159077  -2.2826037175  -0.1616751618
2.1753701189  -2.2763660834  -0.1657704368
2.1712725685  -2.2700721609  -0.1699173191
2.1671235430  -2.2637231575  -0.1741156193
2.1629233416  -2.2573202982  -0.1783651413
2.1586722753  -2.2508648220  -0.1826656832
2.1543706655  -2.2443579642  -0.1870170368
2.1500188468  -2.2378009545  -0.1914189883
2.1456171506  -2.2311950600  -0.1958713186
2.1411657909  -2.2245414761  -0.2003738034
2.1366648559  -2.2178412555  -0.2049262135
2.1321144053  -2.2110953999  -0.2095283138
2.1275144859  -2.2043048952  -0.2141798592
2.1228651306  -2.1974707443  -0.2188805816
2.1181663639  -2.1905939985  -0.2236302064
2.1134182132  -2.1836756139  -0.2284284894
2.1086208031  -2.1767163231  -0.2332752244
2.1037745594  -2.1697170301  -0.2381702307
2.0988799543  -2.1626789770  -0.2431133361
2.0939372860  -2.1556035738  -0.2481043359
2.0889468323  -2.1484923031  -0.2531429667
2.0839088693  -2.1413465889  -0.2582289188
2.0788236809  -2.1341677987  -0.2633618476
2.0736915590  -2.1269572538  -0.2685413743
2.0685128040  -2.1197162294  -0.2737670904
2.0632877275  -2.1124459622  -0.2790385824
2.0580166560  -2.1051476532  -0.2843554605
2.0526999278  -2.0978224665  -0.2897173482
2.0473378837  -2.0904715232  -0.2951238645
2.0419308652  -2.0830958998  -0.3005746258
2.0364792181  -2.0756966337  -0.3060692496
2.0309832963  -2.0682747312  -0.3116073571
2.0254434676  -2.0608311800  -0.3171885710
2.0198601024  -2.0533669367  -0.3228125128
2.0142335642  -2.0458829186  -0.3284788023
2.0085642185  -2.0383800172  -0.3341870570
2.0028524340  -2.0308591018  -0.3399368942
1.9970985830  -2.0233210240  -0.3457279314
1.9913030451  -2.0157666314  -0.3515597852
1.9854662097  -2.0081967778  -0.3574320691
1.9795884679  -2.0006123141  -0.3633443959
1.9736702109  -1.9930140896  -0.3692963825
1.9677118348  -1.9854029645  -0.3752876527
1.9617137392  -1.9777798159  -0.3813178368
1.9556760005  -1.9701452335  -0.3873865688
1.9495981410  -1.9624994406  -0.3934934698
1.9434807068  -1.9548437414  -0.3996381487
1.9373256147  -1.9471799595  -0.4058202984
1.9311349665  -1.9395092498  -0.4120397512
1.9249109206  -1.9318339207  -0.4182963348
1.9186549763  -1.9241574064  -0.4245897476
1.9123668686  -1.9164814289  -0.4309196152
1.9060455377  -1.9088059299  -0.4372855688
1.8996901864  -1.9011306266  -0.4436872558
1.8932999520  -1.8934551368  -0.4501243344
1.8868738921  -1.8857790067  -0.4565964700
1.8804110669  -1.8781018086  -0.4631033340
1.8739117328  -1.8704244827  -0.4696446074
1.8673769769  -1.8627489238  -0.4762199812
1.8608073100  -1.8550763834  -0.4828291560
1.8542029690  -1.8474077912  -0.4894718417
1.8475641898  -1.8397440712  -0.4961477558
1.8408912151  -1.8320861651  -0.5028566234
1.8341843442  -1.8244351385  -0.5095981798
1.8274438920  -1.8167920827  -0.5163721706
1.8206701195  -1.8091579601  -0.5231783229
1.8138632597  -1.8015336721  -0.5300163294
1.8070235570  -1.7939201196  -0.5368859198
1.8001513228  -1.7863183084  -0.5437868877
1.7932469141  -1.7787293268  -0.5507190260
1.7863106358  -1.7711541412  -0.5576821081
1.7793427429  -1.7635935847  -0.5646758943
1.7723434841  -1.7560484469  -0.5717001195
1.7653131493  -1.7485195736  -0.5787544703
1.7582520411  -1.7410078070  -0.5858385434
1.7511603610  -1.7335137482  -0.5929517570
1.7440381603  -1.7260375787  -0.6000931032
1.7368843895  -1.7185780493  -0.6072574942
1.7296984290  -1.7111345897  -0.6144419713
1.7224846202  -1.7037126352  -0.6216567892
1.7152485157  -1.6963196933  -0.6289128676
1.7079894411  -1.6889567013  -0.6362105989
1.7007036046  -1.6816202929  -0.6435474677
1.6933893621  -1.6743083722  -0.6509221129
1.6860466141  -1.6670201254  -0.6583333250
1.6786755666  -1.6597550458  -0.6657798370
1.6712764621  -1.6525125678  -0.6732603359
1.6638494130  -1.6452917778  -0.6807734747
1.6563945519  -1.6380916716  -0.6883178586
1.6489121443  -1.6309113172  -0.6958920216
1.6414024290  -1.6237495807  -0.7034944361
1.6338656682  -1.6166052678  -0.7111235345
1.6263021247  -1.6094771264  -0.7187777151
1.6187119370  -1.6023636354  -0.7264553452
1.6110953461  -1.5952633595  -0.7341547654
1.6034526546  -1.5881748482  -0.7418742937
1.5957841975  -1.5810966353  -0.7496122311
1.5880885893  -1.5740254961  -0.7573668682
1.5803643756  -1.5669580850  -0.7651364897
1.5726134722  -1.5598945161  -0.7729193765
1.5648373572  -1.5528344903  -0.7807138079
1.5570355812  -1.5457757511  -0.7885180666
1.5492076042  -1.5387159395  -0.7963304456
1.5413524982  -1.5316523314  -0.8041492528
1.5334685616  -1.5245814819  -0.8119728144
1.5255527733  -1.5174986907  -0.8197994788
1.5175995519  -1.5103967614  -0.8276276236
1.5095977123  -1.5032629508  -0.8354556680
1.5015207051  -1.4960682705  -0.8432821276
1.4931242056  -1.4885670382  -0.8511056400
1.4846404706  -1.4809990116  -0.8589247404
1.4765998732  -1.4738990863  -0.8667376569
1.4688608593  -1.4671188603  -0.8745425656
1.4611694527  -1.4603955237  -0.8823379102
1.4534914736  -1.4536877167  -0.8901223503
1.4458263235  -1.4469910189  -0.8978946205
1.4381737556  -1.4403030332  -0.9056535119
1.4305335249  -1.4336216634  -0.9133978887
1.4229054074  -1.4269449683  -0.9211266971
1.4152892032  -1.4202711636  -0.9288389710
1.4076847344  -1.4135986168  -0.9365338331
1.4000918426  -1.4069258441  -0.9442104977
1.3925103893  -1.4002515183  -0.9518682750
1.3849402547  -1.3935744769  -0.9595065748
1.3773813374  -1.3868937228  -0.9671249124
1.3698335538  -1.3802084198  -0.9747229120
1.3622968341  -1.3735178894  -0.9823003078
1.3547711208  -1.3668216075  -0.9898569463
1.3472563783  -1.3601192052  -0.9973928226
1.3397526052  -1.3534104681  -1.0049081122
1.3322598023  -1.3466953213  -1.0124031077
1.3247779379  -1.3399738099  -1.0198781839
1.3173069778  -1.3332460952  -1.0273338574
1.3098469149  -1.3265124557  -1.0347708151
1.3023977592  -1.3197732800  -1.0421899181
1.2949595317  -1.3130290586  -1.0495922296
1.2875322745  -1.3062803791  -1.0569790576
1.2801160686  -1.2995279287  -1.0643520326
1.2727110759  -1.2927725138  -1.0717132660
1.2653176565  -1.2860152168  -1.0790657482
1.2579378529  -1.2792577919  -1.0864178184
1.2505737423  -1.2725019655  -1.0937774295
1.2432209146  -1.2657474645  -1.1011386525
1.2358717990  -1.2589923921  -1.1084916706
1.2285253205  -1.2522357320  -1.1158350874
1.2211847134  -1.2454777571  -1.1231702808
1.2138514918  -1.2387188712  -1.1304976473
1.2065256337  -1.2319592386  -1.1378174062
1.1992069359  -1.2251989243  -1.1451297802
1.1918951949  -1.2184379570  -1.1524349971
1.1845902086  -1.2116763369  -1.1597332898
1.1772917754  -1.2049140366  -1.1670248951
1.1699996941  -1.1981510008  -1.1743100535
1.1627137640  -1.1913871473  -1.1815890085
1.1554337846  -1.1846223673  -1.1888620062
1.1481595556  -1.1778565259  -1.1961292940
1.1408908768  -1.1710894638  -1.2033911205
1.1336275482  -1.1643209974  -1.2106477342
1.1263693697  -1.1575509197  -1.2178993829
1.1191161415  -1.1507790038  -1.2251463127
1.1118676636  -1.1440050095  -1.2323887662
1.1046237357  -1.1372286828  -1.2396269818
1.0973841582  -1.1304497445  -1.2468611932
1.0901487319  -1.1236678915  -1.2540916297
1.0829172585  -1.1168828108  -1.2613185139
1.0756895396  -1.1100941858  -1.2685420611
1.0684653770  -1.1033016965  -1.2757624775
1.0612445727  -1.0965050228  -1.2829799587
1.0540269287  -1.0897038531  -1.2901946881
1.0468122463  -1.0828978972  -1.2974068330
1.0396003251  -1.0760869172  -1.3046165390
1.0323909520  -1.0692710007  -1.3118238927
1.0251838912  -1.0624505577  -1.3190288931
1.0179789317  -1.0556250195  -1.3262315763
1.0107759581  -1.0487922664  -1.3334321693
1.0035749046  -1.0419505606  -1.3406309950
0.9963756388  -1.0350997208  -1.3478282981
0.9891779544  -1.0282399887  -1.3550242501
0.9819816445  -1.0213712027  -1.3622190164
0.9747865272  -1.0144929979  -1.3694127680
0.9675924316  -1.0076050065  -1.3766056754
0.9603991891  -1.0007068786  -1.3837979072
0.9532066323  -0.9937982830  -1.3909896304
0.9460145958  -0.9868789070  -1.3981810102
0.9388229151  -0.9799484560  -1.4053722098
0.9316314277  -0.9730066525  -1.4125633908
0.9244399725  -0.9660532366  -1.4197547130
0.9172483898  -0.9590879686  -1.4269463341
0.9100565217  -0.9521106290  -1.4341384099
0.9028642118  -0.9451210115  -1.4413310945
0.8956713056  -0.9381189175  -1.4485245398
0.8884776500  -0.9311041562  -1.4557188961
0.8812830941  -0.9240765440  -1.4629143118
0.8740874884  -0.9170359029  -1.4701109333
0.8668906854  -0.9099820593  -1.4773089053
0.8596925394  -0.9029148415  -1.4845083702
0.8524929068  -0.8958340770  -1.4917094690
0.8452916457  -0.8887395882  -1.4989123404
0.8380886163  -0.8816311896  -1.5061171214
0.8308836809  -0.8745086833  -1.5133239471
0.8236767040  -0.8673718534  -1.5205329506
0.8164675522  -0.8602204566  -1.5277442634
0.8092560945  -0.8530541876  -1.5349580155
0.8020422024  -0.8458726254  -1.5421743361
0.7948257502  -0.8386752972  -1.5493933533
0.7876066137  -0.8314618832  -1.5566151926
0.7803846701  -0.8242322737  -1.5638399738
0.7731597979  -0.8169863931  -1.5710678122
0.7659318790  -0.8097240809  -1.5782988212
0.7587007990  -0.8024451328  -1.5855331123
0.7514664467  -0.7951493514  -1.5927707945
0.7442287134  -0.7878365499  -1.6000119739
0.7369874930  -0.7805065477  -1.6072567537
0.7297426826  -0.7731591704  -1.6145052337
0.7224941822  -0.7657942495  -1.6217575107
0.7152418951  -0.7584116227  -1.6290136782
0.7079857280  -0.7510108034  -1.6362738268
0.7007255919  -0.7435906448  -1.6435380454
0.6934614010  -0.7361507111  -1.6508064189
0.6861930707  -0.7286924339  -1.6580790236
0.6789205188  -0.7212171624  -1.6653559282
0.6716436691  -0.7137248360  -1.6726372009
0.6643624519  -0.7062150822  -1.6799229088
0.6570768018  -0.6986877188  -1.6872131156
0.6497866564  -0.6911425509  -1.6945078802
0.6424919577  -0.6835793618  -1.7018072578
0.6351926522  -0.6759979186  -1.7091112989
0.6278886909  -0.6683979787  -1.7164200494
0.6205800296  -0.6607792951  -1.7237335505
0.6132666291  -0.6531416232  -1.7310518379
0.6059484550  -0.6454847267  -1.7383749422
0.5986254784  -0.6378083835  -1.7457028880
0.5912976757  -0.6301123918  -1.7530356939
0.5839650287  -0.6223965758  -1.7603733724
0.5766275253  -0.6146607910  -1.7677159291
0.5692851588  -0.6069049298  -1.7750633629
0.5619379291  -0.5991289252  -1.7824156656
0.5545858421  -0.5913327544  -1.7897728216
0.5472289104  -0.5835164427  -1.7971348081
0.5398671533  -0.5756800667  -1.8045015944
0.5325005971  -0.5678237578  -1.8118731420
0.5251292749  -0.5599477042  -1.8192494044
0.5177532274  -0.5520521524  -1.8266303272
0.5103725030  -0.5441374078  -1.8340158475
0.5029871573  -0.5362038360  -1.8414058942
0.4955972544  -0.5282518617  -1.8488003878
0.4882028662  -0.5202819689  -1.8561992402
0.4808040729  -0.5122946991  -1.8636023549
0.4734010002  -0.5042958048  -1.8710098103
0.4659938369  -0.4962930326  -1.8784218866
0.4585826479  -0.4882751008  -1.8858383272
0.4511673214  -0.4802265663  -1.8932583788
0.4437478969  -0.4721538076  -1.9006816841
0.4363246181  -0.4640658310  -1.9081081207
0.4288976981  -0.4559641105  -1.9155374702
0.4214673049  -0.4478501293  -1.9229695187
0.4140336185  -0.4397253867  -1.9304040573
0.4065968291  -0.4315913831  -1.9378408839
0.3991571371  -0.4234496064  -1.9452798036
0.3917147518  -0.4153015202  -1.9527206299
0.3842698912  -0.4071485534  -1.9601631846
0.3768227806  -0.3989920910  -1.9676072988
0.3693736524  -0.3908334671  -1.9750528123
0.3619227453  -0.3826739587  -1.9824995740
0.3544703039  -0.3745147814  -1.9899474412
0.3470165783  -0.3663570869  -1.9973962791
0.3395618237  -0.3582019616  -2.0048459602
0.3321063006  -0.3500504267  -2.0122963631
0.3246502742  -0.3419034398  -2.0197473712
0.3171940152  -0.3337618980  -2.0271988716
0.3097377990  -0.3256266415  -2.0346507533
0.3022819068  -0.3174984592  -2.0421029055
0.2948266249  -0.3093780946  -2.0495552156
0.2873722456  -0.3012662528  -2.0570075671
0.2799190667  -0.2931636086  -2.0644598377
0.2724673919  -0.2850708143  -2.0719118964
0.2650175304  -0.2769885088  -2.0793636015
0.2575697971  -0.2689173266  -2.0868147980
0.2501245122  -0.2608579064  -2.0942653149
0.2426819999  -0.2528109248  -2.1017149619
0.2352537355  -0.2447836758  -2.1092809899
0.2278472642  -0.2367807653  -2.1170214528
0.2204339953  -0.2287853653  -2.1247351358
0.2130058270  -0.2207935291  -2.1324735246
0.2055780873  -0.2128153766  -2.1402326654
0.1981508911  -0.2048518309  -2.1480080999
0.1907244175  -0.1969039394  -2.1557948654
0.1832989090  -0.1889728566  -2.1635874950
0.1758746731  -0.1810598384  -2.1713800175
0.1684520843  -0.1731662338  -2.1791659573
0.1610315848  -0.1652934736  -2.1869383343
0.1536136859  -0.1574430561  -2.1946896643
0.1461989680  -0.1496165300  -2.2024119586
0.1387880805  -0.1418154746  -2.2100967244
0.1313817416  -0.1340414780  -2.2177349642
0.1239807366  -0.1262961130  -2.2253171765
0.1165859169  -0.1185809114  -2.2328333552
0.1091981972  -0.1108973387  -2.2402729901
0.1018185535  -0.1032467673  -2.2476250664
0.0944480196  -0.0956304517  -2.2548780653
0.0870876832  -0.0880495053  -2.2620199633
0.0797386822  -0.0805048792  -2.2690382329
0.0724021994  -0.0729973461  -2.2759198419
0.0650794576  -0.0655274879  -2.2826512540
0.0577717138  -0.0580956898  -2.2892184287
0.0504802531  -0.0507021408  -2.2956068207
0.0432063818  -0.0433468415  -2.3018013809
0.0359514207  -0.0360296196  -2.3077865554
0.0287166976  -0.0287501534  -2.3135462864
0.0215035392  -0.0215080027  -2.3190640112
0.0143132630  -0.0143026461  -2.3243226634
0.0071471690  -0.0071335239  -2.3293046718
0.0071334303  -0.0071333764  -2.3293046718
