0.0746872
2.3768697362  -2.5919395896   0.0001005262
2.3768697362  -2.5919395896   0.0001005262
2.3768756630  -2.5919205899   0.0000801580
2.3768661762  -2.5918498525   0.0000313083
2.3768340574  -2.5917268371  -0.0000468805
2.3767725406  -2.5915405568  -0.0001552508
2.3766792175  -2.5912878168  -0.0002946305
2.3765527519  -2.5909672401  -0.0004658323
2.3763922096  -2.5905781093  -0.0006696544
2.3761968398  -2.5901199921  -0.0009068798
2.3759659865  -2.5895925891  -0.0011782771
2.3756990470  -2.5889956631  -0.0014845995
2.3753954511  -2.5883290028  -0.0018265858
2.3750546496  -2.5875924034  -0.0022049598
2.3746761072  -2.5867856556  -0.0026204305
2.3742592987  -2.5859085389  -0.0030736918
2.3738037066  -2.5849608184  -0.0035654232
2.3733088196  -2.5839422430  -0.0040962890
2.3727741313  -2.5828525444  -0.0046669389
2.3721991402  -2.5816914374  -0.0052780074
2.3715833491  -2.5804586198  -0.0059301145
2.3709262647  -2.5791537740  -0.0066238652
2.3702273983  -2.5777765671  -0.0073598498
2.3694862652  -2.5763266528  -0.0081386435
2.3687023854  -2.5748036725  -0.0089608068
2.3678752833  -2.5732072567  -0.0098268854
2.3670044884  -2.5715370267  -0.0107374101
2.3660895353  -2.5697925957  -0.0116928968
2.3651299641  -2.5679735713  -0.0126938467
2.3641253205  -2.5660795563  -0.0137407460
2.3630751564  -2.5641101508  -0.0148340661
2.3619790303  -2.5620649542  -0.0159742636
2.3608365014  -2.5599421164  -0.0171633835
2.3596471557  -2.5577426075  -0.0184004546
2.3584105798  -2.5554678036  -0.0196854167
2.3571263431  -2.5531162241  -0.0210185532
2.3557940320  -2.5506871235  -0.0224001877
2.3544132490  -2.5481799873  -0.0238306947
2.3529836070  -2.5455943630  -0.0253104363
2.3515047278  -2.5429298513  -0.0268397692
2.3499762433  -2.5401860831  -0.0284190428
2.3483977953  -2.5373627149  -0.0300485984
2.3467690363  -2.5344594289  -0.0317287680
2.3450896297  -2.5314759350  -0.0334598739
2.3433592499  -2.5284119726  -0.0352422278
2.3415775828  -2.5252673105  -0.0370761307
2.3397443260  -2.5220417475  -0.0389618723
2.3378591890  -2.5187351138  -0.0408997299
2.3359218935  -2.5153472714  -0.0428899678
2.3339321737  -2.5118781149  -0.0449328381
2.3318897763  -2.5083275711  -0.0470285806
2.3297944612  -2.5046955994  -0.0491774228
2.3276460013  -2.5009821918  -0.0513795796
2.3254441826  -2.4971873745  -0.0536352528
2.3231888016  -2.4933112050  -0.0559446313
2.3208796592  -2.4893537668  -0.0583078909
2.3185165721  -2.4853151818  -0.0607251929
2.3160993784  -2.4811956176  -0.0631966829
2.3136279307  -2.4769952809  -0.0657224910
2.3111020963  -2.4727144158  -0.0683027353
2.3085217572  -2.4683533046  -0.0709375227
2.3058868101  -2.4639122689  -0.0736269482
2.3031971662  -2.4593916695  -0.0763710945
2.3004527508  -2.4547915466  -0.0791700319
2.2976535015  -2.4501122163  -0.0820238179
2.2947993725  -2.4453548695  -0.0849324967
2.2918903372  -2.4405203363  -0.0878960987
2.2889263784  -2.4356089347  -0.0909146365
2.2859074700  -2.4306211432  -0.0939881026
2.2828335941  -2.4255575296  -0.0971164701
2.2797047646  -2.4204187259  -0.1002996939
2.2765210152  -2.4152054127  -0.1035377112
2.2732823944  -2.4099183128  -0.1068304427
2.2699889649  -2.4045581899  -0.1101777949
2.2666408043  -2.3991258415  -0.1135796666
2.2632380050  -2.3936220944  -0.1170359536
2.2597806733  -2.3880477974  -0.1205465446
2.2562689275  -2.3824038185  -0.1241113172
2.2527028946  -2.3766910464  -0.1277301394
2.2490826808  -2.3709103693  -0.1314028696
2.2454083973  -2.3650626997  -0.1351293577
2.2416801978  -2.3591490112  -0.1389094451
2.2378982570  -2.3531703210  -0.1427429651
2.2340627617  -2.3471276821  -0.1466297439
2.2301739103  -2.3410221779  -0.1505696003
2.2262319120  -2.3348549139  -0.1545623463
2.2222369863  -2.3286270149  -0.1586077870
2.2181893627  -2.3223396259  -0.1627057212
2.2140892362  -2.3159938711  -0.1668559416
2.2099367251  -2.3095908130  -0.1710582346
2.2057320221  -2.3031315898  -0.1753123814
2.2014754426  -2.2966174629  -0.1796181569
2.1971673217  -2.2900497209  -0.1839753304
2.1928080083  -2.2834296679  -0.1883836653
2.1883978628  -2.2767586041  -0.1928429199
2.1839372561  -2.2700378178  -0.1973528469
2.1794265679  -2.2632686315  -0.2019131943
2.1748661962  -2.2564524435  -0.2065237050
2.1702564583  -2.2495905853  -0.2111841167
2.1655975115  -2.2426841981  -0.2158941628
2.1608894385  -2.2357343290  -0.2206535727
2.1561323048  -2.2287420350  -0.2254620591
2.1513261599  -2.2217084117  -0.2303193142
2.1464710472  -2.2146344507  -0.2352250430
2.1415670141  -2.2075208205  -0.2401789905
2.1366141629  -2.2003680852  -0.2451809362
2.1316129136  -2.1931774330  -0.2502306813
2.1265637950  -2.1859505407  -0.2553280171
2.1214671486  -2.1786889864  -0.2604726835
2.1163232752  -2.1713942410  -0.2656643654
2.1111324779  -2.1640677110  -0.2709027089
2.1058950682  -2.1567107551  -0.2761873264
2.1006113654  -2.1493246824  -0.2815177984
2.0952816986  -2.1419107574  -0.2868936876
2.0899064115  -2.1344702116  -0.2923145706
2.0844858617  -2.1270042413  -0.2977800480
2.0790204117  -2.1195139992  -0.3032897230
2.0735104230  -2.1120005909  -0.3088431936
2.0679562587  -2.1044650789  -0.3144400573
2.0623582864  -2.0969084879  -0.3200799128
2.0567168828  -2.0893318153  -0.3257623633
2.0510324382  -2.0817360425  -0.3314870170
2.0453053421  -2.0741221197  -0.3372534814
2.0395359766  -2.0664909591  -0.3430613629
2.0337247259  -2.0588434469  -0.3489102675
2.0278719768  -2.0511804485  -0.3547998027
2.0219781190  -2.0435028184  -0.3607295763
2.0160435513  -2.0358114144  -0.3666991945
2.0100686789  -2.0281070984  -0.3727082602
2.0040539055  -2.0203907268  -0.3787563752
1.9979996359  -2.0126631601  -0.3848431452
1.9919062789  -2.0049252752  -0.3909681821
1.9857742359  -1.9971779695  -0.3971311019
1.9796031775  -1.9894216211  -0.4033315069
1.9733928895  -1.9816568043  -0.4095689868
1.9671447058  -1.9738846964  -0.4158432153
1.9608607467  -1.9661063159  -0.4221540111
1.9545432026  -1.9583239282  -0.4285011971
1.9481941515  -1.9505415848  -0.4348844645
1.9418142030  -1.9427619914  -0.4413034290
1.9354024852  -1.9349853738  -0.4477577119
1.9289580794  -1.9272113313  -0.4542469515
1.9224801345  -1.9194394605  -0.4607707974
1.9159677211  -1.9116692885  -0.4673289076
1.9094198287  -1.9039002706  -0.4739209467
1.9028360424  -1.8961325573  -0.4805465890
1.8962172551  -1.8883677872  -0.4872055199
1.8895643736  -1.8806076289  -0.4938974345
1.8828776472  -1.8728530046  -0.5006220380
1.8761573136  -1.8651048079  -0.5073790438
1.8694036119  -1.8573639358  -0.5141681732
1.8626168210  -1.8496313731  -0.5209891581
1.8557972604  -1.8419081892  -0.5278417420
1.8489452125  -1.8341953627  -0.5347256542
1.8420609115  -1.8264937654  -0.5416405879
1.8351445990  -1.8188042632  -0.5485862667
1.8281965645  -1.8111277844  -0.5555624802
1.8212171592  -1.8034653763  -0.5625690225
1.8142067061  -1.7958180179  -0.5696056683
1.8071654634  -1.7881865232  -0.5766721798
1.8000936777  -1.7805716508  -0.5837682948
1.7929916153  -1.7729741701  -0.5908937052
1.7858595775  -1.7653948941  -0.5980480161
1.7786977868  -1.7578344445  -0.6052306545
1.7715062944  -1.7502929841  -0.6124406290
1.7642840669  -1.7427692493  -0.6196730187
1.7570304721  -1.7352626252  -0.6269248727
1.7497497507  -1.7277784326  -0.6342060898
1.7424474207  -1.7203241308  -0.6415274763
1.7351228849  -1.7129007055  -0.6488895508
1.7277723784  -1.7055048026  -0.6562898268
1.7203942419  -1.6981343156  -0.6637269489
1.7129883680  -1.6907884188  -0.6711997205
1.7055549350  -1.6834665513  -0.6787068901
1.6980941886  -1.6761681474  -0.6862471593
1.6906062661  -1.6688923338  -0.6938191964
1.6830912733  -1.6616380620  -0.7014216357
1.6755494660  -1.6544043904  -0.7090530539
1.6679810967  -1.6471902182  -0.7167119599
1.6603864068  -1.6399943235  -0.7243968181
1.6527656631  -1.6328154681  -0.7321060614
1.6451190076  -1.6256521485  -0.7398380935
1.6374466641  -1.6185029153  -0.7475912924
1.6297489057  -1.6113663033  -0.7553640146
1.6220261247  -1.6042409122  -0.7631545997
1.6142771210  -1.5971237160  -0.7709613772
1.6065002484  -1.5900111887  -0.7787826714
1.5986972016  -1.5829032230  -0.7866168037
1.5908696015  -1.5757996754  -0.7944620945
1.5830170679  -1.5686983784  -0.8023168677
1.5751390530  -1.5615969753  -0.8101794568
1.5672346476  -1.5544927691  -0.8180482106
1.5593021981  -1.5473823722  -0.8259214964
1.5513387713  -1.5402611813  -0.8337977039
1.5433389480  -1.5331221666  -0.8416752510
1.5352918825  -1.5259529227  -0.8495525964
1.5271719175  -1.5187253440  -0.8574282935
1.5187428287  -1.5112017166  -0.8653010161
1.5102224708  -1.5036072905  -0.8731693405
1.5021311821  -1.4964671913  -0.8810315414
1.4943404069  -1.4896463409  -0.8888858375
1.4865974661  -1.4828832721  -0.8967307092
1.4788677263  -1.4761360869  -0.9045648517
1.4711505876  -1.4694003116  -0.9123870349
1.4634457997  -1.4626735447  -0.9201960845
1.4557531136  -1.4559536937  -0.9279908978
1.4480723001  -1.4492388190  -0.9357704523
1.4404031538  -1.4425271385  -0.9435338114
1.4327454912  -1.4358170240  -0.9512801262
1.4250991479  -1.4291069951  -0.9590086373
1.4174639785  -1.4223957216  -0.9667186794
1.4098398563  -1.4156820336  -0.9744096849
1.4022266724  -1.4089649257  -0.9820811891
1.3946243351  -1.4022435529  -0.9897328347
1.3870327670  -1.3955172263  -0.9973643721
1.3794519019  -1.3887854096  -1.0049756613
1.3718816937  -1.3820477195  -1.0125667032
1.3643221302  -1.3753039259  -1.0201376780
1.3567732054  -1.3685539383  -1.0276888869
1.3492348813  -1.3617977858  -1.0352207102
1.3417071136  -1.3550356118  -1.0427336628
1.3341898842  -1.3482676755  -1.0502284266
1.3266831930  -1.3414943456  -1.0577058547
1.3191870511  -1.3347160919  -1.0651669969
1.3117014898  -1.3279334810  -1.0726131423
1.3042265783  -1.3211471786  -1.0800458940
1.2967624643  -1.3143579681  -1.0874673226
1.2893094878  -1.3075669056  -1.0948803508
1.2818696188  -1.3007757105  -1.1022930748
1.2744449053  -1.2939860901  -1.1097133483
1.2670311056  -1.2871977866  -1.1171355659
1.2596207711  -1.2804089038  -1.1245500758
1.2522127345  -1.2736183883  -1.1319554147
1.2448101497  -1.2668264814  -1.1393529565
1.2374145271  -1.2600335716  -1.1467431063
1.2300258416  -1.2532398086  -1.1541260891
1.2226438837  -1.2464452422  -1.1615021336
1.2152684438  -1.2396498856  -1.1688714735
1.2078993133  -1.2328537243  -1.1762343473
1.2005362844  -1.2260567166  -1.1835909977
1.1931791494  -1.2192587928  -1.1909416708
1.1858277011  -1.2124598567  -1.1982866160
1.1784817325  -1.2056597858  -1.2056260850
1.1711410365  -1.1988584326  -1.2129603313
1.1638054065  -1.1920556250  -1.2202896091
1.1564746354  -1.1852511676  -1.2276141730
1.1491485164  -1.1784448420  -1.2349342768
1.1418268428  -1.1716364094  -1.2422501727
1.1345094076  -1.1648256186  -1.2495621098
1.1271960036  -1.1580122056  -1.2568703330
1.1198864236  -1.1511958822  -1.2641750826
1.1125804615  -1.1443763357  -1.2714765946
1.1052779113  -1.1375532429  -1.2787750989
1.0979785674  -1.1307262775  -1.2860708178
1.0906822239  -1.1238951104  -1.2933639653
1.0833886751  -1.1170594127  -1.3006547448
1.0760977152  -1.1102188645  -1.3079433480
1.0688091377  -1.1033731679  -1.3152299509
1.0615227341  -1.0965220786  -1.3225147085
1.0542382837  -1.0896656860  -1.3297977183
1.0469555433  -1.0828044180  -1.3370789924
1.0396742928  -1.0759377065  -1.3443585767
1.0323944062  -1.0690633660  -1.3516367039
1.0251158073  -1.0621795731  -1.3589137032
1.0178383553  -1.0552861212  -1.3661898283
1.0105618357  -1.0483832657  -1.3734652606
1.0032860326  -1.0414708441  -1.3807401747
0.9960107546  -1.0345484761  -1.3880147515
0.9887358210  -1.0276157760  -1.3952891708
0.9814610536  -1.0206723759  -1.4025636114
0.9741862752  -1.0137179260  -1.4098382502
0.9669113101  -1.0067520948  -1.4171132625
0.9596359840  -0.9997745684  -1.4243888220
0.9523601238  -0.9927850496  -1.4316651008
0.9450835579  -0.9857832582  -1.4389422694
0.9378061161  -0.9787689344  -1.4462204963
0.9305276295  -0.9717418392  -1.4534999484
0.9232479308  -0.9647017457  -1.4607807908
0.9159668542  -0.9576484342  -1.4680631870
0.9086842355  -0.9505816921  -1.4753472987
0.9013999121  -0.9435013135  -1.4826332860
0.8941137230  -0.9364070976  -1.4899213074
0.8868255088  -0.9292988478  -1.4972115193
0.8795351118  -0.9221763689  -1.5045040768
0.8722423760  -0.9150394644  -1.5117991330
0.8649471474  -0.9078879323  -1.5190968393
0.8576492735  -0.9007215626  -1.5263973456
0.8503486040  -0.8935401319  -1.5337007998
0.8430449904  -0.8863433985  -1.5410073483
0.8357382862  -0.8791310928  -1.5483171358
0.8284283471  -0.8719028829  -1.5556303059
0.8211150313  -0.8646583193  -1.5629470014
0.8137981994  -0.8573968989  -1.5702673643
0.8064777136  -0.8501182691  -1.5775915339
0.7991534368  -0.8428222904  -1.5849196445
0.7918252335  -0.8355088597  -1.5922518258
0.7844929713  -0.8281777876  -1.5995882058
0.7771565213  -0.8208288386  -1.6069289106
0.7698157575  -0.8134617834  -1.6142740644
0.7624705563  -0.8060764029  -1.6216237884
0.7551207967  -0.7986724837  -1.6289782010
0.7477663605  -0.7912498176  -1.6363374176
0.7404071323  -0.7838082018  -1.6437015505
0.7330430000  -0.7763474394  -1.6510707091
0.7256738546  -0.7688669841  -1.6584450000
0.7182995915  -0.7613655810  -1.6658245283
0.7109201089  -0.7538427345  -1.6732093957
0.7035353058  -0.7462999502  -1.6805996943
0.6961450834  -0.7387386467  -1.6879955090
0.6887493489  -0.7311587291  -1.6953969241
0.6813480165  -0.7235597655  -1.7028040238
0.6739410040  -0.7159415275  -1.7102168884
0.6665282326  -0.7083037721  -1.7176355942
0.6591096275  -0.7006462313  -1.7250602134
0.6516851184  -0.6929686183  -1.7324908138
0.6442546393  -0.6852706335  -1.7399274588
0.6368181291  -0.6775519714  -1.7473702068
0.6293755315  -0.6698123267  -1.7548191113
0.6219267953  -0.6620514014  -1.7622742201
0.6144718743  -0.6542689104  -1.7697355754
0.6070107279  -0.6464645890  -1.7772032132
0.5995433209  -0.6386381980  -1.7846771632
0.5920696240  -0.6307895302  -1.7921574482
0.5845896139  -0.6229184160  -1.7996440841
0.5771032733  -0.6150247276  -1.8071370795
0.5696105915  -0.6071083833  -1.8146364354
0.5621115646  -0.5991693511  -1.8221421453
0.5546061953  -0.5912076530  -1.8296541944
0.5470944936  -0.5832233683  -1.8371725599
0.5395764769  -0.5752166360  -1.8446972108
0.5320521701  -0.5671876569  -1.8522281074
0.5245216059  -0.5591366942  -1.8597652013
0.5169848252  -0.5510640747  -1.8673084355
0.5094418773  -0.5429701888  -1.8748577439
0.5018928199  -0.5348554894  -1.8824130515
0.4943377194  -0.5267204916  -1.8899742740
0.4867766917  -0.5185713308  -1.8975415148
0.4792099208  -0.5104163071  -1.9051150939
0.4716374574  -0.5022432009  -1.9126947554
0.4640591571  -0.4940352668  -1.9202797111
0.4564750397  -0.4857992840  -1.9278695967
0.4488853489  -0.4775448897  -1.9354642997
0.4412902957  -0.4692736045  -1.9430636044
0.4336900418  -0.4609869625  -1.9506672993
0.4260847613  -0.4526865175  -1.9582751783
0.4184746406  -0.4443738273  -1.9658870420
0.4108598767  -0.4360504389  -1.9735026984
0.4032406771  -0.4277178758  -1.9811219636
0.3956172587  -0.4193776265  -1.9887446626
0.3879898469  -0.4110311345  -1.9963706293
0.3803586754  -0.4026797907  -2.0039997067
0.3727239850  -0.3943249262  -2.0116317464
0.3650860235  -0.3859678082  -2.0192666086
0.3574450451  -0.3776096365  -2.0269041609
0.3498013105  -0.3692515421  -2.0345442780
0.3421550866  -0.3608945873  -2.0421868399
0.3345066462  -0.3525397673  -2.0498317311
0.3268562688  -0.3441880129  -2.0574788387
0.3192042402  -0.3358401957  -2.0651280510
0.3115508528  -0.3274971326  -2.0727792549
0.3038964063  -0.3191595934  -2.0804323345
0.2962412072  -0.3108283082  -2.0880871686
0.2885855697  -0.3025039756  -2.0957436280
0.2809298152  -0.2941872726  -2.1034015733
0.2732742728  -0.2858788636  -2.1110608522
0.2656192785  -0.2775794109  -2.1187212969
0.2579651756  -0.2692895847  -2.1263827209
0.2503123133  -0.2610100999  -2.1340449163
0.2426729948  -0.2527489544  -2.1418290361
0.2350553188  -0.2445112206  -2.1497950627
0.2274286458  -0.2362783621  -2.1577350482
0.2197842921  -0.2280459959  -2.1657021763
0.2121386933  -0.2198252448  -2.1736923398
0.2044919802  -0.2116171135  -2.1817009091
0.1968443546  -0.2034227506  -2.1897227313
0.1891960876  -0.1952434290  -2.1977521309
0.1815475213  -0.1870805407  -2.2057829096
0.1738990709  -0.1789355875  -2.2138083463
0.1662512258  -0.1708101688  -2.2218211969
0.1586045505  -0.1627059661  -2.2298136946
0.1509596846  -0.1546247237  -2.2377775498
0.1433173428  -0.1465682269  -2.2457039499
0.1356783139  -0.1385382768  -2.2535835596
0.1280434595  -0.1305366639  -2.2614065207
0.1204137121  -0.1225651382  -2.2691624524
0.1127900724  -0.1146253802  -2.2768404507
0.1051736066  -0.1067189706  -2.2844290891
0.0975654419  -0.0988473611  -2.2919164180
0.0899667631  -0.0910118472  -2.2992899652
0.0823788074  -0.0832135441  -2.3065367355
0.0748028590  -0.0754533669  -2.3136432111
0.0672402435  -0.0677320157  -2.3205953510
0.0596923213  -0.0600499682  -2.3273785917
0.0521604811  -0.0524074793  -2.3339778467
0.0446461325  -0.0448045887  -2.3403775067
0.0371506986  -0.0372411385  -2.3465614397
0.0296756081  -0.0297167992  -2.3525129907
0.0222222867  -0.0222311038  -2.3582149820
0.0147921493  -0.0147834912  -2.3636497129
0.0073865904  -0.0073733540  -2.3687989600
0.0073719152  -0.0073731929  -2.3687989600
