0.178539
0.9849808412  -1.5782845372   0.0000680772
0.9849808412  -1.5782845372   0.0000680772
0.9849935695  -1.5783231532   0.0000623503
0.9849978673  -1.5783349779   0.0000416034
0.9849872856  -1.5783005117   0.0000053855
0.9849602086  -1.5782150117  -0.0000467475
0.9849159104  -1.5780763446  -0.0001152322
0.9848539202  -1.5778831262  -0.0002004981
0.9847738639  -1.5776342556  -0.0003029676
0.9846754098  -1.5773287594  -0.0004230557
0.9845582479  -1.5769657301  -0.0005611702
0.9844220797  -1.5765442978  -0.0007177118
0.9842666140  -1.5760636170  -0.0008930739
0.9840915635  -1.5755228592  -0.0010876427
0.9838966441  -1.5749212096  -0.0013017972
0.9836815740  -1.5742578650  -0.0015359091
0.9834460729  -1.5735320330  -0.0017903429
0.9831898620  -1.5727429319  -0.0020654560
0.9829126642  -1.5718897905  -0.0023615985
0.9826142036  -1.5709718489  -0.0026791133
0.9822942056  -1.5699883585  -0.0030183360
0.9819523975  -1.5689385832  -0.0033795952
0.9815885079  -1.5678217997  -0.0037632119
0.9812022672  -1.5666372984  -0.0041695004
0.9807934074  -1.5653843841  -0.0045987672
0.9803616627  -1.5640623765  -0.0050513121
0.9799067691  -1.5626706121  -0.0055274273
0.9794284655  -1.5612084442  -0.0060273981
0.9789264931  -1.5596752442  -0.0065515024
0.9784005959  -1.5580704026  -0.0071000108
0.9778505206  -1.5563933293  -0.0076731868
0.9772760172  -1.5546434550  -0.0082712868
0.9766768440  -1.5528200882  -0.0088956019
0.9760527547  -1.5509228103  -0.0095454152
0.9754035015  -1.5489513257  -0.0102205865
0.9747288498  -1.5469050805  -0.0109213798
0.9740285697  -1.5447835585  -0.0116480310
0.9733024343  -1.5425863151  -0.0124007593
0.9725502203  -1.5403129423  -0.0131797799
0.9717717090  -1.5379630617  -0.0139853039
0.9709666862  -1.5355363237  -0.0148175388
0.9701349428  -1.5330324082  -0.0156766873
0.9692762744  -1.5304510252  -0.0165629476
0.9683904820  -1.5277919153  -0.0174765127
0.9674773721  -1.5250548501  -0.0184175705
0.9665367563  -1.5222396335  -0.0193863035
0.9655684521  -1.5193461014  -0.0203828880
0.9645722827  -1.5163741227  -0.0214074932
0.9635480773  -1.5133235999  -0.0224602820
0.9624956708  -1.5101944688  -0.0235414121
0.9614149043  -1.5069866993  -0.0246510367
0.9603056202  -1.5037002912  -0.0257893034
0.9591676655  -1.5003352770  -0.0269563545
0.9580008978  -1.4968917288  -0.0281523266
0.9568051826  -1.4933697560  -0.0293773507
0.9555803925  -1.4897695036  -0.0306315518
0.9543264067  -1.4860911528  -0.0319150488
0.9530431114  -1.4823349207  -0.0332279543
0.9517303998  -1.4785010607  -0.0345703727
0.9503881719  -1.4745898623  -0.0359423983
0.9490163345  -1.4706016512  -0.0373441154
0.9476148015  -1.4665367887  -0.0387755986
0.9461834939  -1.4623956718  -0.0402369132
0.9447223396  -1.4581787149  -0.0417281151
0.9432312733  -1.4538863781  -0.0432492516
0.9417102368  -1.4495191977  -0.0448003618
0.9401591698  -1.4450777165  -0.0463814795
0.9385780093  -1.4405624707  -0.0479926368
0.9369667078  -1.4359740438  -0.0496338648
0.9353252326  -1.4313130653  -0.0513051901
0.9336535583  -1.4265801975  -0.0530066342
0.9319516664  -1.4217761339  -0.0547382141
0.9302195454  -1.4169015973  -0.0564999423
0.9284571903  -1.4119573399  -0.0582918267
0.9266646031  -1.4069441419  -0.0601138710
0.9248417919  -1.4018628118  -0.0619660744
0.9229887713  -1.3967141848  -0.0638484323
0.9211055620  -1.3914991224  -0.0657609359
0.9191921503  -1.3862184750  -0.0677035723
0.9172485008  -1.3808730917  -0.0696763251
0.9152746330  -1.3754638899  -0.0716791741
0.9132706125  -1.3699918469  -0.0737120958
0.9112365148  -1.3644579658  -0.0757750629
0.9091724249  -1.3588632730  -0.0778680451
0.9070784361  -1.3532088170  -0.0799910090
0.9049546500  -1.3474956671  -0.0821439178
0.9028011753  -1.3417249113  -0.0843267311
0.9006181277  -1.3358976553  -0.0865394053
0.8984056342  -1.3300150288  -0.0887818936
0.8961638097  -1.3240781683  -0.0910541457
0.8938926923  -1.3180881389  -0.0933561082
0.8915922561  -1.3120459383  -0.0956877246
0.8892624624  -1.3059525540  -0.0980489354
0.8869032628  -1.2998089689  -0.1004396777
0.8845146001  -1.2936161601  -0.1028598854
0.8820964095  -1.2873750994  -0.1053094890
0.8796486189  -1.2810867563  -0.1077884072
0.8771711501  -1.2747521006  -0.1102965408
0.8746640573  -1.2683722464  -0.1128337947
0.8721275622  -1.2619484847  -0.1154001034
0.8695618414  -1.2554820536  -0.1179954296
0.8669669949  -1.2489741085  -0.1206197559
0.8643431263  -1.2424258116  -0.1232730736
0.8616903407  -1.2358383196  -0.1259553503
0.8590087429  -1.2292127701  -0.1286665067
0.8562984392  -1.2225503023  -0.1314064246
0.8535595406  -1.2158520873  -0.1341749562
0.8507921634  -1.2091193230  -0.1369719245
0.8479964265  -1.2023532064  -0.1397971251
0.8451724519  -1.1955549195  -0.1426503390
0.8423203689  -1.1887256302  -0.1455313609
0.8394403148  -1.1818664927  -0.1484400073
0.8365324312  -1.1749786526  -0.1513760970
0.8335968617  -1.1680632513  -0.1543394428
0.8306337550  -1.1611214268  -0.1573298558
0.8276432706  -1.1541543190  -0.1603471460
0.8246255696  -1.1471630554  -0.1633911230
0.8215808099  -1.1401487441  -0.1664615963
0.8185091521  -1.1331124828  -0.1695583743
0.8154107597  -1.1260553601  -0.1726812636
0.8122857993  -1.1189784548  -0.1758300688
0.8091344417  -1.1118828369  -0.1790045950
0.8059568680  -1.1047695748  -0.1822046517
0.8027532649  -1.0976397284  -0.1854300538
0.7995238182  -1.0904943418  -0.1886806211
0.7962687161  -1.0833344485  -0.1919561783
0.7929881496  -1.0761610714  -0.1952565564
0.7896823128  -1.0689752219  -0.1985815952
0.7863508920  -1.0617774072  -0.2019311438
0.7829934392  -1.0545679847  -0.2053050573
0.7796106201  -1.0473483759  -0.2087031908
0.7762038879  -1.0401207742  -0.2121253997
0.7727747781  -1.0328874532  -0.2155715419
0.7693248917  -1.0256507287  -0.2190414643
0.7658554175  -1.0184125238  -0.2225350085
0.7623661316  -1.0111734202  -0.2260520834
0.7588561002  -1.0039332449  -0.2295926823
0.7553245980  -0.9966918973  -0.2331567705
0.7517708112  -0.9894490989  -0.2367442295
0.7481938392  -0.9822044625  -0.2403549149
0.7445927101  -0.9749575520  -0.2439886941
0.7409669219  -0.9677084760  -0.2476454409
0.7373171061  -0.9604586034  -0.2513250296
0.7336439293  -0.9532093248  -0.2550273398
0.7299474611  -0.9459613415  -0.2587522570
0.7262277589  -0.9387153222  -0.2624996721
0.7224848836  -0.9314719303  -0.2662694805
0.7187189099  -0.9242318479  -0.2700615808
0.7149299652  -0.9169958624  -0.2738758730
0.7111181806  -0.9097647504  -0.2777122614
0.7072836460  -0.9025391747  -0.2815706581
0.7034264466  -0.8953197760  -0.2854509700
0.6995466635  -0.8881071917  -0.2893530564
0.6956444040  -0.8809021134  -0.2932767600
0.6917198398  -0.8737053167  -0.2972219890
0.6877731385  -0.8665175077  -0.3011886906
0.6838044212  -0.8593392913  -0.3051767898
0.6798138008  -0.8521712667  -0.3091861903
0.6758014127  -0.8450140721  -0.3132167782
0.6717674563  -0.8378684644  -0.3172684188
0.6677121104  -0.8307351459  -0.3213409470
0.6636354820  -0.8236146766  -0.3254341147
0.6595376502  -0.8165076051  -0.3295474893
0.6554187144  -0.8094146129  -0.3336802793
0.6512787281  -0.8023365161  -0.3378308530
0.6471169148  -0.7952744501  -0.3419917948
0.6429332188  -0.7882289291  -0.3461621677
0.6387311231  -0.7811985282  -0.3503586047
0.6345136179  -0.7741825708  -0.3545917557
0.6302792371  -0.7671830040  -0.3588594106
0.6260257613  -0.7602018278  -0.3631593142
0.6217527437  -0.7532400502  -0.3674901825
0.6174603316  -0.7462983363  -0.3718507345
0.6131485686  -0.7393770624  -0.3762395812
0.6088175031  -0.7324765964  -0.3806552173
0.6044673485  -0.7255975130  -0.3850960440
0.6000983252  -0.7187402959  -0.3895603842
0.5957106432  -0.7119053639  -0.3940464863
0.5913045640  -0.7050932240  -0.3985525313
0.5868802082  -0.6983041434  -0.4030766389
0.5824377586  -0.6915384504  -0.4076168735
0.5779774453  -0.6847965055  -0.4121712517
0.5734997453  -0.6780788469  -0.4167377505
0.5690042737  -0.6713851755  -0.4213143129
0.5644886955  -0.6647131937  -0.4258988554
0.5599530662  -0.6580629787  -0.4304892718
0.5553999851  -0.6514372090  -0.4350834387
0.5508301123  -0.6448365633  -0.4396792228
0.5462429082  -0.6382604588  -0.4442744884
0.5416378585  -0.6317083587  -0.4488671027
0.5370140883  -0.6251793567  -0.4534549405
0.5323699607  -0.6186717957  -0.4580358899
0.5277026983  -0.6121829136  -0.4626078599
0.5230074306  -0.6057079093  -0.4671687885
0.5182750505  -0.5992378599  -0.4717166487
0.5134867484  -0.5927543732  -0.4762494573
0.5085960075  -0.5862118876  -0.4807653121
0.5032624811  -0.5792755912  -0.4852623941
0.4980143343  -0.5724774585  -0.4897388243
0.4934291471  -0.5663866577  -0.4941925974
0.4890869707  -0.5605736179  -0.4986217748
0.4847922477  -0.5548400412  -0.5030246180
0.4805291974  -0.5491692357  -0.5073995181
0.4762971451  -0.5435596597  -0.5117449392
0.4720957677  -0.5380101337  -0.5160594304
0.4679247567  -0.5325195100  -0.5203416383
0.4637838191  -0.5270866781  -0.5245903088
0.4596726758  -0.5217105650  -0.5288042907
0.4555910610  -0.5163901331  -0.5329825412
0.4515387207  -0.5111243798  -0.5371241301
0.4475154131  -0.5059123360  -0.5412282469
0.4435209066  -0.5007530653  -0.5452942064
0.4395549790  -0.4956456628  -0.5493214512
0.4356174155  -0.4905892544  -0.5533095516
0.4317080088  -0.4855829950  -0.5572582228
0.4278265671  -0.4806260655  -0.5611673815
0.4239729107  -0.4757176723  -0.5650371324
0.4201468513  -0.4708570509  -0.5688676854
0.4163481900  -0.4660434647  -0.5726593714
0.4125767348  -0.4612761990  -0.5764127053
0.4088323054  -0.4565545585  -0.5801283961
0.4051147262  -0.4518778681  -0.5838073546
0.4014238256  -0.4472454720  -0.5874507210
0.3977594397  -0.4426567321  -0.5910599053
0.3941214166  -0.4381110261  -0.5946366542
0.3905096274  -0.4336077450  -0.5981831757
0.3869239922  -0.4291462890  -0.6017024077
0.3833645551  -0.4247260569  -0.6051987263
0.3798322015  -0.4203463221  -0.6086840911
0.3763273400  -0.4160064959  -0.6121659533
0.3728470320  -0.4117066040  -0.6156323399
0.3693880743  -0.4074466073  -0.6190730509
0.3659508016  -0.4032257529  -0.6224890341
0.3625365037  -0.3990431712  -0.6258814946
0.3591453724  -0.3948982515  -0.6292507541
0.3557772025  -0.3907904732  -0.6325970544
0.3524317621  -0.3867193296  -0.6359206352
0.3491088216  -0.3826843222  -0.6392217365
0.3458081544  -0.3786849606  -0.6425005978
0.3425295368  -0.3747207622  -0.6457574582
0.3392727480  -0.3707912524  -0.6489925558
0.3360375699  -0.3668959638  -0.6522061276
0.3328237872  -0.3630344370  -0.6553984089
0.3296311872  -0.3592062197  -0.6585696331
0.3264595600  -0.3554108668  -0.6617200316
0.3233086980  -0.3516479407  -0.6648498330
0.3201783965  -0.3479170106  -0.6679592626
0.3170684530  -0.3442176526  -0.6710485422
0.3139786675  -0.3405494498  -0.6741178896
0.3109088426  -0.3369119924  -0.6771675186
0.3078587833  -0.3333048774  -0.6801976390
0.3048282971  -0.3297277088  -0.6832084558
0.3018171937  -0.3261800968  -0.6862001687
0.2988252852  -0.3226616584  -0.6891729719
0.2958523860  -0.3191720169  -0.6921270534
0.2928983127  -0.3157108020  -0.6950625944
0.2899628841  -0.3122776495  -0.6979797684
0.2870459210  -0.3088722009  -0.7008787395
0.2841472459  -0.3054941027  -0.7037596588
0.2812666818  -0.3021429997  -0.7066226459
0.2784040511  -0.2988185382  -0.7094677841
0.2755591838  -0.2955203970  -0.7122951928
0.2727319250  -0.2922482964  -0.7151050799
0.2699221237  -0.2890019486  -0.7178976697
0.2671296197  -0.2857810341  -0.7206731396
0.2643542474  -0.2825852293  -0.7234316431
0.2615958454  -0.2794142254  -0.7261733344
0.2588542566  -0.2762677248  -0.7288983681
0.2561293269  -0.2731454357  -0.7316068966
0.2534209036  -0.2700470716  -0.7342990708
0.2507288364  -0.2669723504  -0.7369750394
0.2480529765  -0.2639209953  -0.7396349494
0.2453931771  -0.2608927335  -0.7422789460
0.2427492929  -0.2578872972  -0.7449071725
0.2401211807  -0.2549044227  -0.7475197705
0.2375086989  -0.2519438507  -0.7501168799
0.2349117075  -0.2490053261  -0.7526986387
0.2323300683  -0.2460885977  -0.7552651834
0.2297636447  -0.2431934184  -0.7578166489
0.2272123018  -0.2403195450  -0.7603531683
0.2246759061  -0.2374667379  -0.7628748731
0.2221543259  -0.2346347614  -0.7653818934
0.2196474311  -0.2318233833  -0.7678743577
0.2171550928  -0.2290323747  -0.7703523930
0.2146771839  -0.2262615104  -0.7728161247
0.2122135788  -0.2235105682  -0.7752656769
0.2097641531  -0.2207793295  -0.7777011723
0.2073287842  -0.2180675786  -0.7801227320
0.2049073506  -0.2153751028  -0.7825304759
0.2024997323  -0.2127016924  -0.7849245226
0.2001058109  -0.2100471404  -0.7873049895
0.1977254691  -0.2074112420  -0.7896719927
0.1953585910  -0.2047937956  -0.7920256473
0.1930050620  -0.2021946035  -0.7943660667
0.1906647689  -0.1996134721  -0.7966933629
0.1883375996  -0.1970502104  -0.7990076463
0.1860234434  -0.1945046296  -0.8013090263
0.1837221908  -0.1919765433  -0.8035976110
0.1814337336  -0.1894657679  -0.8058735075
0.1791579647  -0.1869721224  -0.8081368217
0.1768947784  -0.1844954284  -0.8103876581
0.1746440699  -0.1820355101  -0.8126261203
0.1724057357  -0.1795921940  -0.8148523106
0.1701796735  -0.1771653091  -0.8170663302
0.1679657821  -0.1747546867  -0.8192682792
0.1657639613  -0.1723601596  -0.8214582567
0.1635741122  -0.1699815640  -0.8236363605
0.1613961368  -0.1676187390  -0.8258026876
0.1592299381  -0.1652715262  -0.8279573336
0.1570754205  -0.1629397682  -0.8301003934
0.1549324892  -0.1606233097  -0.8322319606
0.1528010503  -0.1583219975  -0.8343521281
0.1506810112  -0.1560356806  -0.8364609874
0.1485722801  -0.1537642098  -0.8385586295
0.1464747663  -0.1515074381  -0.8406451440
0.1443883800  -0.1492652203  -0.8427206199
0.1423130322  -0.1470374132  -0.8447851449
0.1402486353  -0.1448238755  -0.8468388061
0.1381951022  -0.1426244679  -0.8488816895
0.1361523468  -0.1404390526  -0.8509138802
0.1341202841  -0.1382674939  -0.8529354625
0.1320988298  -0.1361096578  -0.8549465196
0.1300879005  -0.1339654120  -0.8569471342
0.1280874139  -0.1318346261  -0.8589373877
0.1260972882  -0.1297171711  -0.8609173610
0.1241174427  -0.1276129200  -0.8628871339
0.1221477975  -0.1255217472  -0.8648467856
0.1201882735  -0.1234435288  -0.8667963944
0.1182387924  -0.1213781426  -0.8687360377
0.1162992767  -0.1193254677  -0.8706657921
0.1143696497  -0.1172853851  -0.8725857336
0.1124498356  -0.1152577770  -0.8744959373
0.1105397591  -0.1132425272  -0.8763964775
0.1086393460  -0.1112395210  -0.8782874277
0.1067485227  -0.1092486451  -0.8801688609
0.1048672163  -0.1072697876  -0.8820408490
0.1029953548  -0.1053028407  -0.8839034695
0.1011328674  -0.1033476989  -0.8857568058
0.0992796832  -0.1014042484  -0.8876009236
0.0974357309  -0.0994723738  -0.8894358720
0.0956009410  -0.0975519729  -0.8912617125
0.0937752454  -0.0956429462  -0.8930785138
0.0919585766  -0.0937451917  -0.8948863410
0.0901508674  -0.0918586085  -0.8966852591
0.0883520515  -0.0899830965  -0.8984753328
0.0865620628  -0.0881185571  -0.9002566266
0.0847808364  -0.0862648928  -0.9020292050
0.0830083076  -0.0844220071  -0.9037931324
0.0812444126  -0.0825898047  -0.9055484732
0.0794890881  -0.0807681913  -0.9072952916
0.0777422714  -0.0789570739  -0.9090336520
0.0760039005  -0.0771563603  -0.9107636187
0.0742739138  -0.0753659595  -0.9124852561
0.0725522506  -0.0735857815  -0.9141986283
0.0708388505  -0.0718157371  -0.9159037998
0.0691336537  -0.0700557385  -0.9176008348
0.0674366012  -0.0683056985  -0.9192897975
0.0657476342  -0.0665655312  -0.9209707518
0.0640666948  -0.0648351514  -0.9226437616
0.0623937252  -0.0631144749  -0.9243088904
0.0607286687  -0.0614034186  -0.9259662016
0.0590714686  -0.0597019001  -0.9276157579
0.0574220689  -0.0580098381  -0.9292576217
0.0557804144  -0.0563271521  -0.9308918548
0.0541464499  -0.0546537625  -0.9325185180
0.0525201210  -0.0529895905  -0.9341376717
0.0509013739  -0.0513345585  -0.9357493749
0.0492901549  -0.0496885894  -0.9373536860
0.0476867729  -0.0480516025  -0.9389735307
0.0460914127  -0.0464235205  -0.9406202907
0.0445030851  -0.0448042803  -0.9422549533
0.0429214619  -0.0431938111  -0.9438876498
0.0413469772  -0.0415920341  -0.9455177312
0.0397795723  -0.0399988774  -0.9471444532
0.0382191907  -0.0384142701  -0.9487669756
0.0366657787  -0.0368381417  -0.9503843628
0.0351192849  -0.0352704226  -0.9519955835
0.0335796609  -0.0337110442  -0.9535995110
0.0320468611  -0.0321599382  -0.9551949229
0.0305208431  -0.0306170375  -0.9567805011
0.0290015675  -0.0290822755  -0.9583548320
0.0274889982  -0.0275555863  -0.9599164065
0.0259831023  -0.0260369049  -0.9614636198
0.0244838504  -0.0245261670  -0.9629947714
0.0229912164  -0.0230233088  -0.9645080656
0.0215051777  -0.0215282675  -0.9660016106
0.0200257152  -0.0200409808  -0.9674734195
0.0185528129  -0.0185613872  -0.9689214094
0.0170864585  -0.0170894259  -0.9703434020
0.0156266428  -0.0156250368  -0.9717371235
0.0141733595  -0.0141681603  -0.9731002043
0.0127266056  -0.0127187378  -0.9744301794
0.0112863806  -0.0112767111  -0.9757244880
0.0098526867  -0.0098420229  -0.9769804739
0.0084255281  -0.0084146164  -0.9781953853
0.0070049112  -0.0069944356  -0.9793663747
0.0055908435  -0.0055814250  -0.9804904991
0.0041833339  -0.0041755301  -0.9815647197
0.0027823916  -0.0027766966  -0.9825859025
0.0013880260  -0.0013848713  -0.9835508176
0.0013875085  -0.0013848688  -0.9835508176
