0.2693
0.4061444373  -0.4693096481   0.0000142173
0.4061444373  -0.4693096481   0.0000142173
0.4061469790  -0.4693133646   0.0000132321
0.4061478883  -0.4693146435   0.0000092582
0.4061458900  -0.4693116247   0.0000022232
0.4061406816  -0.4693038739  -0.0000079457
0.4061321275  -0.4692911962  -0.0000213215
0.4061201393  -0.4692734642  -0.0000379771
0.4061046461  -0.4692505753  -0.0000579857
0.4060855844  -0.4692224373  -0.0000814208
0.4060628938  -0.4691889631  -0.0001083558
0.4060365155  -0.4691500673  -0.0001388645
0.4060063913  -0.4691056656  -0.0001730207
0.4059724631  -0.4690556739  -0.0002108985
0.4059346724  -0.4690000075  -0.0002525721
0.4058929605  -0.4689385814  -0.0002981158
0.4058472680  -0.4688713099  -0.0003476041
0.4057975350  -0.4687981065  -0.0004011119
0.4057437008  -0.4687188837  -0.0004587138
0.4056857043  -0.4686335533  -0.0005204850
0.4056234834  -0.4685420259  -0.0005865006
0.4055569753  -0.4684442114  -0.0006568359
0.4054861164  -0.4683400184  -0.0007315666
0.4054108424  -0.4682293547  -0.0008107682
0.4053310882  -0.4681121269  -0.0008945166
0.4052467877  -0.4679882407  -0.0009828879
0.4051578742  -0.4678576006  -0.0010759582
0.4050642800  -0.4677201101  -0.0011738038
0.4049659365  -0.4675756715  -0.0012765012
0.4048627744  -0.4674241862  -0.0013841272
0.4047547233  -0.4672655544  -0.0014967585
0.4046417121  -0.4670996751  -0.0016144721
0.4045236689  -0.4669264433  -0.0017375481
0.4044005205  -0.4667457587  -0.0018658718
0.4042721928  -0.4665575212  -0.0019994442
0.4041386110  -0.4663616233  -0.0021383480
0.4039996993  -0.4661579574  -0.0022826623
0.4038553810  -0.4659464153  -0.0024324643
0.4037055784  -0.4657268881  -0.0025878323
0.4035502127  -0.4654992659  -0.0027488457
0.4033892043  -0.4652634374  -0.0029155850
0.4032224725  -0.4650192903  -0.0030881318
0.4030499357  -0.4647667112  -0.0032665686
0.4028715111  -0.4645055854  -0.0034509793
0.4026871151  -0.4642357973  -0.0036414484
0.4024966629  -0.4639572300  -0.0038380619
0.4023000687  -0.4636697654  -0.0040409065
0.4020972457  -0.4633732844  -0.0042500702
0.4018881060  -0.4630676667  -0.0044656420
0.4016725606  -0.4627527908  -0.0046877120
0.4014505195  -0.4624285343  -0.0049163714
0.4012218915  -0.4620947735  -0.0051517123
0.4009865846  -0.4617513835  -0.0053938283
0.4007445053  -0.4613982386  -0.0056428137
0.4004955592  -0.4610352118  -0.0058987643
0.4002396508  -0.4606621748  -0.0061617768
0.3999766835  -0.4602789986  -0.0064319491
0.3997065592  -0.4598855528  -0.0067093803
0.3994291792  -0.4594817059  -0.0069941705
0.3991444431  -0.4590673255  -0.0072864212
0.3988522498  -0.4586422780  -0.0075862349
0.3985524968  -0.4582064289  -0.0078937154
0.3982450804  -0.4577596424  -0.0082089675
0.3979298956  -0.4573017811  -0.0085320975
0.3976068366  -0.4568327068  -0.0088632126
0.3972757960  -0.4563522826  -0.0092024215
0.3969366654  -0.4558603697  -0.0095498340
0.3965893351  -0.4553568267  -0.0099055610
0.3962336942  -0.4548415114  -0.0102697149
0.3958696306  -0.4543142813  -0.0106424092
0.3954970309  -0.4537749925  -0.0110237585
0.3951157805  -0.4532235006  -0.0114138789
0.3947257635  -0.4526596602  -0.0118128876
0.3943268629  -0.4520833250  -0.0122209030
0.3939189603  -0.4514943476  -0.0126380448
0.3935019360  -0.4508925801  -0.0130644341
0.3930756692  -0.4502778736  -0.0135001930
0.3926400377  -0.4496500783  -0.0139454451
0.3921949181  -0.4490090440  -0.0144003152
0.3917401856  -0.4483546192  -0.0148649293
0.3912757145  -0.4476866522  -0.0153394147
0.3908013772  -0.4470049902  -0.0158239001
0.3903170455  -0.4463094801  -0.0163185152
0.3898225894  -0.4455999678  -0.0168233912
0.3893178778  -0.4448762989  -0.0173386606
0.3888027785  -0.4441383184  -0.0178644571
0.3882771578  -0.4433858706  -0.0184009156
0.3877408808  -0.4426187994  -0.0189481726
0.3871938113  -0.4418369485  -0.0195063657
0.3866358118  -0.4410401608  -0.0200756339
0.3860667438  -0.4402282792  -0.0206561172
0.3854864672  -0.4394011460  -0.0212479572
0.3848948409  -0.4385586035  -0.0218512964
0.3842917223  -0.4377004937  -0.0224662786
0.3836769678  -0.4368266582  -0.0230930491
0.3830504326  -0.4359369393  -0.0237317541
0.3824119712  -0.4350311808  -0.0243825410
0.3817614372  -0.4341092277  -0.0250455587
0.3810986826  -0.4331709217  -0.0257209570
0.3804235578  -0.4322161007  -0.0264088870
0.3797359121  -0.4312446020  -0.0271095011
0.3790355935  -0.4302562658  -0.0278229530
0.3783224488  -0.4292509357  -0.0285493974
0.3775963239  -0.4282284575  -0.0292889898
0.3768570632  -0.4271886782  -0.0300418870
0.3761045103  -0.4261314451  -0.0308082465
0.3753385077  -0.4250566059  -0.0315882270
0.3745588965  -0.4239640083  -0.0323819880
0.3737655173  -0.4228535003  -0.0331896900
0.3729582091  -0.4217249302  -0.0340114942
0.3721368105  -0.4205781469  -0.0348475629
0.3713011587  -0.4194129996  -0.0356980596
0.3704510902  -0.4182293381  -0.0365631488
0.3695864406  -0.4170270131  -0.0374429955
0.3687070444  -0.4158058761  -0.0383377657
0.3678127356  -0.4145657795  -0.0392476258
0.3669033472  -0.4133065770  -0.0401727429
0.3659787127  -0.4120281253  -0.0411132845
0.3650386670  -0.4107302867  -0.0420694191
0.3640830443  -0.4094129235  -0.0430413166
0.3631116760  -0.4080758970  -0.0440291485
0.3621243933  -0.4067190702  -0.0450330855
0.3611210268  -0.4053423086  -0.0460532960
0.3601014064  -0.4039454796  -0.0470899465
0.3590653620  -0.4025284532  -0.0481432014
0.3580127229  -0.4010911022  -0.0492132231
0.3569433187  -0.3996333014  -0.0503001742
0.3558569786  -0.3981549235  -0.0514042177
0.3547535318  -0.3966558331  -0.0525255156
0.3536328078  -0.3951359122  -0.0536642351
0.3524946376  -0.3935950944  -0.0548205653
0.3513388540  -0.3920333338  -0.0559947132
0.3501652939  -0.3904505496  -0.0571868794
0.3489737927  -0.3888466194  -0.0583972475
0.3477641805  -0.3872214118  -0.0596259889
0.3465362871  -0.3855748097  -0.0608732683
0.3452899433  -0.3839067117  -0.0621392471
0.3440249807  -0.3822170303  -0.0634240845
0.3427412318  -0.3805056887  -0.0647279371
0.3414385302  -0.3787726169  -0.0660509594
0.3401167102  -0.3770177510  -0.0673933052
0.3387756075  -0.3752410334  -0.0687551265
0.3374150638  -0.3734424203  -0.0701365726
0.3360349316  -0.3716218891  -0.0715377918
0.3346350620  -0.3697794178  -0.0729589290
0.3332152993  -0.3679149780  -0.0744001253
0.3317754895  -0.3660285471  -0.0758615195
0.3303154801  -0.3641201092  -0.0773432467
0.3288351208  -0.3621896546  -0.0788454378
0.3273342632  -0.3602371805  -0.0803682183
0.3258127741  -0.3582627055  -0.0819117064
0.3242705810  -0.3562663220  -0.0834760105
0.3227075837  -0.3542480999  -0.0850612278
0.3211235915  -0.3522080154  -0.0866674392
0.3195183891  -0.3501460235  -0.0882947031
0.3178917461  -0.3480620688  -0.0899430447
0.3162434140  -0.3459560840  -0.0916124366
0.3145731406  -0.3438280095  -0.0933027609
0.3128807600  -0.3416778904  -0.0950137346
0.3111661066  -0.3395059295  -0.0967427643
0.3094289203  -0.3373124216  -0.0984851082
0.3076693935  -0.3350975996  -0.1002419767
0.3058884266  -0.3328615708  -0.1020219518
0.3040866042  -0.3306043948  -0.1038320514
0.3022636924  -0.3283262190  -0.1056750641
0.3004192321  -0.3260272829  -0.1075519577
0.2985528467  -0.3237078076  -0.1094625550
0.2966642798  -0.3213680391  -0.1114059992
0.2947533894  -0.3190082349  -0.1133813328
0.2928200631  -0.3166285758  -0.1153876082
0.2908641836  -0.3142291967  -0.1174237782
0.2888857000  -0.3118103154  -0.1194887068
0.2868845925  -0.3093721807  -0.1215811763
0.2848607893  -0.3069149611  -0.1236998919
0.2828142602  -0.3044388774  -0.1258434879
0.2807449961  -0.3019441784  -0.1280105324
0.2786528928  -0.2994309914  -0.1301995345
0.2765378934  -0.2968995019  -0.1324089488
0.2743999542  -0.2943499056  -0.1346371823
0.2722389834  -0.2917823373  -0.1368825990
0.2700548775  -0.2891969264  -0.1391435261
0.2678474659  -0.2865937283  -0.1414182591
0.2656164673  -0.2839726847  -0.1437050661
0.2633614818  -0.2813336237  -0.1460021928
0.2610819569  -0.2786762170  -0.1483078704
0.2587770399  -0.2759998357  -0.1506203227
0.2564454425  -0.2733034281  -0.1529377722
0.2540851981  -0.2705852708  -0.1552584458
0.2516930702  -0.2678423870  -0.1575805817
0.2492635091  -0.2650695157  -0.1599024334
0.2467864469  -0.2622569402  -0.1622222770
0.2441219667  -0.2592650796  -0.1645384243
0.2412010624  -0.2560271581  -0.1668492146
0.2383298473  -0.2528514847  -0.1691529796
0.2357271101  -0.2499556806  -0.1714480408
0.2333275037  -0.2472719983  -0.1737327541
0.2310584284  -0.2447261474  -0.1760055411
0.2288697746  -0.2422670855  -0.1782648905
0.2267210974  -0.2398538934  -0.1805093572
0.2245922434  -0.2374662122  -0.1827375621
0.2224823309  -0.2351029990  -0.1849481956
0.2203906988  -0.2327634335  -0.1871400221
0.2183169467  -0.2304469590  -0.1893118844
0.2162608410  -0.2281531887  -0.1914627076
0.2142221816  -0.2258817718  -0.1935915047
0.2122007761  -0.2236323682  -0.1956973814
0.2101964389  -0.2214046471  -0.1977795406
0.2082089906  -0.2191982876  -0.1998372880
0.2062382580  -0.2170129775  -0.2018700380
0.2042840729  -0.2148484136  -0.2038773175
0.2023462720  -0.2127043006  -0.2058587713
0.2004246962  -0.2105803512  -0.2078141681
0.1985191899  -0.2084762857  -0.2097434069
0.1966296016  -0.2063918311  -0.2116465251
0.1947557824  -0.2043267215  -0.2135237072
0.1928975868  -0.2022806968  -0.2153752952
0.1910548718  -0.2002535031  -0.2172018019
0.1892274974  -0.1982448920  -0.2190039306
0.1874153271  -0.1962546204  -0.2207826010
0.1856182293  -0.1942824498  -0.2225389927
0.1838360796  -0.1923281467  -0.2242746183
0.1820687670  -0.1903914821  -0.2259914592
0.1803163431  -0.1884722274  -0.2276945617
0.1785790947  -0.1865701541  -0.2293927415
0.1768569152  -0.1846850529  -0.2310900677
0.1751488760  -0.1828167395  -0.2327823116
0.1734540433  -0.1809650208  -0.2344646822
0.1717721290  -0.1791296793  -0.2361350933
0.1701031529  -0.1773104922  -0.2377925146
0.1684471237  -0.1755072432  -0.2394366585
0.1668040141  -0.1737197231  -0.2410677460
0.1651737439  -0.1719477285  -0.2426860216
0.1635561829  -0.1701910613  -0.2442916332
0.1619511851  -0.1684495267  -0.2458847321
0.1603586060  -0.1667229328  -0.2474654691
0.1587783027  -0.1650110907  -0.2490339930
0.1572101342  -0.1633138141  -0.2505904513
0.1556539617  -0.1616309193  -0.2521349901
0.1541096485  -0.1599622255  -0.2536677542
0.1525770598  -0.1583075545  -0.2551888865
0.1510560628  -0.1566667306  -0.2566985285
0.1495465266  -0.1550395808  -0.2581968193
0.1480483223  -0.1534259347  -0.2596838965
0.1465613229  -0.1518256245  -0.2611598950
0.1450854031  -0.1502384846  -0.2626249477
0.1436204396  -0.1486643523  -0.2640791848
0.1421663108  -0.1471030671  -0.2655227340
0.1407228968  -0.1455544711  -0.2669557201
0.1392900794  -0.1440184087  -0.2683782651
0.1378677423  -0.1424947267  -0.2697904876
0.1364557707  -0.1409832744  -0.2711925032
0.1350540514  -0.1394839033  -0.2725844235
0.1336624730  -0.1379964670  -0.2739663561
0.1322809251  -0.1365208203  -0.2753384012
0.1309092989  -0.1350568175  -0.2767006439
0.1295474866  -0.1336043157  -0.2780531586
0.1281953830  -0.1321631827  -0.2793960304
0.1268528860  -0.1307332950  -0.2807293656
0.1255198956  -0.1293145286  -0.2820532783
0.1241963119  -0.1279067546  -0.2833678767
0.1228820357  -0.1265098442  -0.2846732631
0.1215769688  -0.1251236701  -0.2859695360
0.1202810146  -0.1237481077  -0.2872567907
0.1189940776  -0.1223830349  -0.2885351209
0.1177160642  -0.1210283319  -0.2898046189
0.1164468819  -0.1196838809  -0.2910653760
0.1151864393  -0.1183495661  -0.2923174821
0.1139346467  -0.1170252733  -0.2935610261
0.1126914152  -0.1157108901  -0.2947960954
0.1114566573  -0.1144063058  -0.2960227764
0.1102302868  -0.1131114114  -0.2972411542
0.1090122184  -0.1118260995  -0.2984513128
0.1078023681  -0.1105502644  -0.2996533351
0.1066006531  -0.1092838018  -0.3008473028
0.1054069915  -0.1080266090  -0.3020332966
0.1042213028  -0.1067785848  -0.3032113960
0.1030435072  -0.1055396296  -0.3043816797
0.1018735263  -0.1043096450  -0.3055442250
0.1007112824  -0.1030885342  -0.3066991084
0.0995566992  -0.1018762016  -0.3078464053
0.0984097010  -0.1006725531  -0.3089861903
0.0972702135  -0.0994774958  -0.3101185368
0.0961381630  -0.0982909381  -0.3112435174
0.0950134770  -0.0971127899  -0.3123612037
0.0938960839  -0.0959429619  -0.3134716665
0.0927859128  -0.0947813661  -0.3145749754
0.0916828941  -0.0936279157  -0.3156711995
0.0905869588  -0.0924825250  -0.3167604070
0.0894980389  -0.0913451096  -0.3178426650
0.0884160672  -0.0902155867  -0.3189180398
0.0873409774  -0.0890938743  -0.3199865969
0.0862727040  -0.0879798918  -0.3210484009
0.0852111824  -0.0868735597  -0.3221035157
0.0841563488  -0.0857747992  -0.3231520042
0.0831081401  -0.0846835329  -0.3241939287
0.0820664942  -0.0835996843  -0.3252293507
0.0810313494  -0.0825231781  -0.3262583309
0.0800026452  -0.0814539397  -0.3272809291
0.0789803216  -0.0803918959  -0.3282972047
0.0779643194  -0.0793369741  -0.3293072161
0.0769545801  -0.0782891029  -0.3303110210
0.0759510460  -0.0772482118  -0.3313086766
0.0749536599  -0.0762142313  -0.3323002391
0.0739623656  -0.0751870926  -0.3332857643
0.0729771074  -0.0741667280  -0.3342653072
0.0719978302  -0.0731530706  -0.3352389220
0.0710244799  -0.0721460543  -0.3362066624
0.0700570026  -0.0711456142  -0.3371685816
0.0690953453  -0.0701516860  -0.3381247318
0.0681394558  -0.0691642062  -0.3390751649
0.0671892821  -0.0681831123  -0.3400199319
0.0662447733  -0.0672083425  -0.3409590835
0.0653058786  -0.0662398355  -0.3418926696
0.0643725482  -0.0652775313  -0.3428207396
0.0634447327  -0.0643213703  -0.3437433421
0.0625223834  -0.0633712937  -0.3446605255
0.0616054521  -0.0624272436  -0.3455723374
0.0606938911  -0.0614891627  -0.3464788248
0.0597876533  -0.0605569945  -0.3473800342
0.0588866923  -0.0596306831  -0.3482760118
0.0579909620  -0.0587101735  -0.3491668028
0.0571004170  -0.0577954110  -0.3500524524
0.0562150123  -0.0568863421  -0.3509330048
0.0553347036  -0.0559829136  -0.3518085040
0.0544594469  -0.0550850731  -0.3526789934
0.0535891988  -0.0541927687  -0.3535445160
0.0527239165  -0.0533059494  -0.3544051140
0.0518635575  -0.0524245645  -0.3552608296
0.0510080798  -0.0515485643  -0.3561117041
0.0501574421  -0.0506778993  -0.3569577785
0.0493116033  -0.0498125210  -0.3577990935
0.0484705229  -0.0489523811  -0.3586356890
0.0476341608  -0.0480974323  -0.3594676046
0.0468024774  -0.0472476274  -0.3602948797
0.0459754334  -0.0464029202  -0.3611175529
0.0451529902  -0.0455632648  -0.3619356626
0.0443351095  -0.0447286161  -0.3627492477
0.0435217533  -0.0438989298  -0.3635583482
0.0427128842  -0.0430741611  -0.3643630001
0.0419084651  -0.0422542654  -0.3651632367
0.0411084592  -0.0414391999  -0.3659590928
0.0403128303  -0.0406289223  -0.3667506044
0.0395215426  -0.0398233905  -0.3675378067
0.0387345606  -0.0390225628  -0.3683207344
0.0379518493  -0.0382263981  -0.3690994221
0.0371733739  -0.0374348557  -0.3698739040
0.0363991001  -0.0366478954  -0.3706442140
0.0356289940  -0.0358654773  -0.3714103857
0.0348630220  -0.0350875623  -0.3721724527
0.0341011508  -0.0343141114  -0.3729304481
0.0333433476  -0.0335450862  -0.3736844049
0.0325895799  -0.0327804488  -0.3744343556
0.0318398154  -0.0320201615  -0.3751803329
0.0310940223  -0.0312641874  -0.3759223689
0.0303521691  -0.0305124896  -0.3766604956
0.0296142247  -0.0297650318  -0.3773947449
0.0288801582  -0.0290217782  -0.3781251482
0.0281499390  -0.0282826933  -0.3788517368
0.0274235370  -0.0275477420  -0.3795745418
0.0267009223  -0.0268168895  -0.3802935939
0.0259820653  -0.0260901015  -0.3810089237
0.0252669367  -0.0253673442  -0.3817205614
0.0245555075  -0.0246485839  -0.3824285369
0.0238477491  -0.0239337874  -0.3831328798
0.0231436331  -0.0232229220  -0.3838336194
0.0224431313  -0.0225159550  -0.3845307847
0.0217462160  -0.0218128545  -0.3852244042
0.0210528597  -0.0211135886  -0.3859145062
0.0203631012  -0.0204181257  -0.3866108340
0.0196769566  -0.0197264345  -0.3873182254
0.0189942283  -0.0190384850  -0.3880201155
0.0183148394  -0.0183542469  -0.3887208129
0.0176388523  -0.0176736897  -0.3894200470
0.0169662398  -0.0169967839  -0.3901175073
0.0162969749  -0.0163234998  -0.3908128423
0.0156310316  -0.0156538084  -0.3915056604
0.0149683843  -0.0149876809  -0.3921955292
0.0143090084  -0.0143250887  -0.3928819759
0.0136528795  -0.0136660038  -0.3935644873
0.0129999745  -0.0130103981  -0.3942425096
0.0123502704  -0.0123582442  -0.3949154485
0.0117037455  -0.0117095146  -0.3955826692
0.0110603786  -0.0110641824  -0.3962434965
0.0104201492  -0.0104222209  -0.3968972146
0.0097830378  -0.0097836035  -0.3975430671
0.0091490253  -0.0091483042  -0.3981802574
0.0085180938  -0.0085162970  -0.3988079482
0.0078902258  -0.0078875564  -0.3994252617
0.0072654047  -0.0072620569  -0.4000312796
0.0066436147  -0.0066397735  -0.4006250431
0.0060248405  -0.0060206813  -0.4012055531
0.0054090677  -0.0054047558  -0.4017717696
0.0047962824  -0.0047919728  -0.4023226125
0.0041864712  -0.0041823080  -0.4028569610
0.0035796214  -0.0035757378  -0.4033736539
0.0029757206  -0.0029722386  -0.4038714893
0.0023747569  -0.0023717871  -0.4043492250
0.0017767188  -0.0017743602  -0.4048055782
0.0011815949  -0.0011799350  -0.4052392257
0.0005893738  -0.0005884892  -0.4056488038
0.0005892805  -0.0005884889  -0.4056488038
