0.189095
0.9110743156  -1.3918257025   0.0000514999
0.9110743156  -1.3918257025   0.0000514999
0.9110838378  -1.3918523119   0.0000473660
0.9110871116  -1.3918607867   0.0000320173
0.9110793271  -1.3918377270   0.0000051364
0.9110592987  -1.3917799120  -0.0000335906
0.9110264943  -1.3916858932  -0.0000844743
0.9109805687  -1.3915547285  -0.0001478220
0.9109212462  -1.3913856655  -0.0002239380
0.9108482817  -1.3911780353  -0.0003131228
0.9107614450  -1.3909312107  -0.0004156740
0.9106605132  -1.3906445867  -0.0005318858
0.9105452676  -1.3903175715  -0.0006620491
0.9104154915  -1.3899495808  -0.0008064514
0.9102709693  -1.3895400363  -0.0009653771
0.9101114858  -1.3890883630  -0.0011391072
0.9099368257  -1.3885939892  -0.0013279194
0.9097467737  -1.3880563460  -0.0015320880
0.9095411139  -1.3874748669  -0.0017518844
0.9093196303  -1.3868489879  -0.0019875761
0.9090821063  -1.3861781481  -0.0022394280
0.9088283249  -1.3854617894  -0.0025077010
0.9085580688  -1.3846993568  -0.0027926533
0.9082711202  -1.3838902992  -0.0030945395
0.9079672611  -1.3830340692  -0.0034136109
0.9076462733  -1.3821301238  -0.0037501157
0.9073079381  -1.3811779247  -0.0041042985
0.9069520370  -1.3801769386  -0.0044764010
0.9065783513  -1.3791266379  -0.0048666612
0.9061866622  -1.3780265008  -0.0052753141
0.9057767512  -1.3768760120  -0.0057025913
0.9053483998  -1.3756746630  -0.0061487211
0.9049013925  -1.3744218798  -0.0066147092
0.9044355100  -1.3731172237  -0.0071000589
0.9039505307  -1.3717603133  -0.0076047073
0.9034462379  -1.3703506326  -0.0081288956
0.9029224167  -1.3688876824  -0.0086728457
0.9023788518  -1.3673709965  -0.0092367691
0.9018153280  -1.3658001232  -0.0098208759
0.9012316289  -1.3641746208  -0.0104253755
0.9006275391  -1.3624940586  -0.0110504763
0.9000028458  -1.3607580193  -0.0116963854
0.8993573378  -1.3589660983  -0.0123633086
0.8986908054  -1.3571179036  -0.0130514501
0.8980030405  -1.3552130568  -0.0137610127
0.8972938365  -1.3532511928  -0.0144921973
0.8965629885  -1.3512319613  -0.0152452032
0.8958102937  -1.3491550263  -0.0160202281
0.8950355511  -1.3470200675  -0.0168174681
0.8942385617  -1.3448267799  -0.0176371190
0.8934191290  -1.3425748749  -0.0184793766
0.8925770585  -1.3402640806  -0.0193444355
0.8917121583  -1.3378941422  -0.0202324887
0.8908242388  -1.3354648225  -0.0211437274
0.8899131131  -1.3329759025  -0.0220783413
0.8889785969  -1.3304271813  -0.0230365181
0.8880205087  -1.3278184770  -0.0240184439
0.8870386698  -1.3251496269  -0.0250243026
0.8860329045  -1.3224204876  -0.0260542764
0.8850030399  -1.3196309354  -0.0271085451
0.8839489065  -1.3167808673  -0.0281872864
0.8828703375  -1.3138702006  -0.0292906760
0.8817671695  -1.3108988736  -0.0304188869
0.8806392425  -1.3078668357  -0.0315720900
0.8794864025  -1.3047740679  -0.0327504534
0.8783084930  -1.3016205921  -0.0339541426
0.8771053509  -1.2984064284  -0.0351833206
0.8758768122  -1.2951315953  -0.0364381471
0.8746227131  -1.2917961340  -0.0377187789
0.8733428907  -1.2884001081  -0.0390253697
0.8720371827  -1.2849436003  -0.0403580701
0.8707054275  -1.2814267125  -0.0417170275
0.8693474643  -1.2778495657  -0.0431023862
0.8679631328  -1.2742123002  -0.0445142873
0.8665522738  -1.2705150753  -0.0459528683
0.8651147287  -1.2667580698  -0.0474182635
0.8636503400  -1.2629414815  -0.0489106037
0.8621589514  -1.2590655269  -0.0504300156
0.8606404076  -1.2551304414  -0.0519766226
0.8590945549  -1.2511364793  -0.0535505439
0.8575212596  -1.2470839345  -0.0551518948
0.8559204482  -1.2429731827  -0.0567807866
0.8542920533  -1.2388046243  -0.0584373265
0.8526359741  -1.2345786398  -0.0601216175
0.8509521121  -1.2302956280  -0.0618337582
0.8492403733  -1.2259560086  -0.0635738429
0.8475006686  -1.2215602221  -0.0653419609
0.8457329137  -1.2171087297  -0.0671381973
0.8439370290  -1.2126020127  -0.0689626318
0.8421129394  -1.2080405726  -0.0708153324
0.8402605741  -1.2034249311  -0.0726963511
0.8383798675  -1.1987556285  -0.0746057407
0.8364707606  -1.1940332216  -0.0765435682
0.8345332002  -1.1892582854  -0.0785099128
0.8325671387  -1.1844314128  -0.0805048628
0.8305725318  -1.1795532124  -0.0825285129
0.8285493396  -1.1746243097  -0.0845809583
0.8264975254  -1.1696453496  -0.0866622746
0.8244170547  -1.1646169961  -0.0887725027
0.8223078965  -1.1595399298  -0.0909116555
0.8201700243  -1.1544148477  -0.0930797239
0.8180034169  -1.1492424638  -0.0952766768
0.8158080580  -1.1440235067  -0.0975024624
0.8135839364  -1.1387587038  -0.0997570097
0.8113310503  -1.1334487795  -0.1020402345
0.8090494044  -1.1280944709  -0.1043520577
0.8067390075  -1.1226965443  -0.1066924166
0.8043998732  -1.1172557934  -0.1090612509
0.8020320191  -1.1117730252  -0.1114584957
0.7996354669  -1.1062490538  -0.1138840846
0.7972102435  -1.1006846995  -0.1163379510
0.7947563803  -1.0950807893  -0.1188200281
0.7922739140  -1.0894381560  -0.1213302491
0.7897628891  -1.0837576426  -0.1238685468
0.7872233573  -1.0780401005  -0.1264348540
0.7846553730  -1.0722863835  -0.1290291037
0.7820589943  -1.0664973487  -0.1316512292
0.7794342842  -1.0606738573  -0.1343011645
0.7767813105  -1.0548167744  -0.1369788452
0.7741001457  -1.0489269676  -0.1396842091
0.7713908585  -1.0430052990  -0.1424171959
0.7686531012  -1.0370522293  -0.1451777467
0.7658865247  -1.0310682102  -0.1479658039
0.7630915253  -1.0250544113  -0.1507813121
0.7602688791  -1.0190123804  -0.1536242183
0.7574194282  -1.0129437327  -0.1564944723
0.7545440718  -1.0068501379  -0.1593920255
0.7516437631  -1.0007333176  -0.1623168297
0.7487192242  -0.9945947810  -0.1652688379
0.7457702774  -0.9884351660  -0.1682480049
0.7427963034  -0.9822546177  -0.1712542890
0.7397968569  -0.9760533951  -0.1742876497
0.7367714458  -0.9698317027  -0.1773480409
0.7337195178  -0.9635896670  -0.1804354016
0.7306404636  -0.9573273662  -0.1835496798
0.7275336252  -0.9510448946  -0.1866908967
0.7243985312  -0.9447425843  -0.1898591321
0.7212355645  -0.9384216304  -0.1930544191
0.7180452744  -0.9320833255  -0.1962767159
0.7148277006  -0.9257283938  -0.1995259586
0.7115828446  -0.9193575479  -0.2028020866
0.7083107165  -0.9129715261  -0.2061050411
0.7050113322  -0.9065710728  -0.2094347657
0.7016847192  -0.9001569480  -0.2127912060
0.6983309491  -0.8937300024  -0.2161743078
0.6949501022  -0.8872910928  -0.2195840189
0.6915422274  -0.8808409930  -0.2230202855
0.6881073701  -0.8743804598  -0.2264830520
0.6846455802  -0.8679102480  -0.2299722637
0.6811569129  -0.8614311107  -0.2334878694
0.6776414628  -0.8549438780  -0.2370298136
0.6740993517  -0.8484494386  -0.2405979969
0.6705306718  -0.8419486081  -0.2441922928
0.6669355072  -0.8354421351  -0.2478126407
0.6633139592  -0.8289307520  -0.2514590327
0.6596661332  -0.8224152044  -0.2551314285
0.6559921815  -0.8158963609  -0.2588297404
0.6522922605  -0.8093750996  -0.2625538396
0.6485664697  -0.8028521722  -0.2663035440
0.6448148925  -0.7963282914  -0.2700786055
0.6410376168  -0.7898041716  -0.2738787060
0.6372348026  -0.7832806579  -0.2777034371
0.6334066255  -0.7767586297  -0.2815522169
0.6295531640  -0.7702388446  -0.2854240887
0.6256741832  -0.7637221702  -0.2893157195
0.6217689583  -0.7572098033  -0.2932200479
0.6178382970  -0.7507021529  -0.2971402644
0.6138857744  -0.7441980556  -0.3010935679
0.6099134262  -0.7376973467  -0.3050886817
0.6059195514  -0.7312021517  -0.3091231109
0.6019023505  -0.7247146208  -0.3131946545
0.5978614415  -0.7182357667  -0.3173019911
0.5937967924  -0.7117661066  -0.3214437325
0.5897085280  -0.7053063247  -0.3256183813
0.5855968797  -0.6988571953  -0.3298243368
0.5814620158  -0.6924193051  -0.3340599024
0.5773041677  -0.6859933198  -0.3383232922
0.5731235814  -0.6795799244  -0.3426126402
0.5689203546  -0.6731795358  -0.3469260077
0.5646946924  -0.6667927005  -0.3512613911
0.5604468423  -0.6604199835  -0.3556167291
0.5561772411  -0.6540620547  -0.3599899091
0.5518858307  -0.6477191259  -0.3643787738
0.5475705329  -0.6413893319  -0.3687811282
0.5432305652  -0.6350720722  -0.3731947479
0.5388684624  -0.6287701126  -0.3776173843
0.5344855572  -0.6224849727  -0.3820467716
0.5300814765  -0.6162164221  -0.3864806326
0.5256558800  -0.6099642316  -0.3909166849
0.5212081632  -0.6037278912  -0.3953526485
0.5167373224  -0.5975065124  -0.3997862535
0.5122414864  -0.5912983472  -0.4042152463
0.5077175170  -0.5851004056  -0.4086373953
0.5031597976  -0.5789072882  -0.4130504958
0.4985577805  -0.5727087872  -0.4174523798
0.4938891062  -0.5664831310  -0.4218409348
0.4890114586  -0.5600891200  -0.4262141371
0.4837511785  -0.5533600885  -0.4305700181
0.4787209293  -0.5469113257  -0.4349065265
0.4743193606  -0.5411313076  -0.4392215206
0.4701310660  -0.5355961944  -0.4435129606
0.4659826716  -0.5301303652  -0.4477789984
0.4618651192  -0.5247239427  -0.4520179076
0.4577777667  -0.5193754846  -0.4562280448
0.4537202993  -0.5140838830  -0.4604078591
0.4496924158  -0.5088480618  -0.4645558981
0.4456938307  -0.5036669804  -0.4686708139
0.4417242730  -0.4985396317  -0.4727513694
0.4377834851  -0.4934650424  -0.4767964419
0.4338712223  -0.4884422721  -0.4808050316
0.4299872517  -0.4834704111  -0.4847762670
0.4261313506  -0.4785485811  -0.4887094072
0.4223033044  -0.4736759331  -0.4926038436
0.4185029071  -0.4688516468  -0.4964591115
0.4147299665  -0.4640749278  -0.5002749421
0.4109843056  -0.4593450060  -0.5040512730
0.4072657436  -0.4546611389  -0.5077881666
0.4035740875  -0.4500226117  -0.5114857970
0.3999091476  -0.4454287324  -0.5151445160
0.3962707464  -0.4408788279  -0.5187648738
0.3926587125  -0.4363722449  -0.5223476205
0.3890728771  -0.4319083493  -0.5258937256
0.3855130766  -0.4274865247  -0.5294044076
0.3819791550  -0.4231061713  -0.5328811794
0.3784709695  -0.4187667038  -0.5363259248
0.3749884030  -0.4144675490  -0.5397410448
0.3715313943  -0.4102081413  -0.5431297785
0.3681002186  -0.4059878748  -0.5464987288
0.3646958155  -0.4018060621  -0.5498604020
0.3613179053  -0.3976622806  -0.5532184336
0.3579632700  -0.3935565931  -0.5565598383
0.3546293184  -0.3894888379  -0.5598760309
0.3513166726  -0.3854582568  -0.5631682204
0.3480264765  -0.3814640636  -0.5664375301
0.3447588460  -0.3775056975  -0.5696842417
0.3415135664  -0.3735826695  -0.5729085929
0.3382904098  -0.3696945011  -0.5761108204
0.3350891505  -0.3658407214  -0.5792911606
0.3319095662  -0.3620208671  -0.5824498500
0.3287514372  -0.3582344821  -0.5855871243
0.3256145464  -0.3544811177  -0.5887032186
0.3224986799  -0.3507603322  -0.5917983667
0.3194036261  -0.3470716908  -0.5948728009
0.3163291763  -0.3434147657  -0.5979267514
0.3132751243  -0.3397891360  -0.6009604465
0.3102412665  -0.3361943872  -0.6039741114
0.3072274018  -0.3326301115  -0.6069679682
0.3042333314  -0.3290959076  -0.6099422349
0.3012588591  -0.3255913809  -0.6128971263
0.2983037913  -0.3221161432  -0.6158328531
0.2953679367  -0.3186698130  -0.6187496217
0.2924511064  -0.3152520148  -0.6216476334
0.2895531137  -0.3118623793  -0.6245270845
0.2866737744  -0.3085005435  -0.6273881652
0.2838129063  -0.3051661503  -0.6302310598
0.2809703296  -0.3018588485  -0.6330559454
0.2781458666  -0.2985782927  -0.6358629911
0.2753393416  -0.2953241429  -0.6386523562
0.2725505804  -0.2920960619  -0.6414241824
0.2697794082  -0.2888937101  -0.6441785751
0.2670256519  -0.2857167556  -0.6469156163
0.2642891474  -0.2825649021  -0.6496354392
0.2615697439  -0.2794378848  -0.6523382558
0.2588672917  -0.2763354245  -0.6550242810
0.2561816321  -0.2732572151  -0.6576936842
0.2535126032  -0.2702029504  -0.6603466156
0.2508600473  -0.2671723385  -0.6629832268
0.2482238107  -0.2641650968  -0.6656036690
0.2456037425  -0.2611809484  -0.6682080917
0.2429996933  -0.2582196212  -0.6707966425
0.2404115158  -0.2552808474  -0.6733694671
0.2378390644  -0.2523643637  -0.6759267094
0.2352821952  -0.2494699113  -0.6784685114
0.2327407664  -0.2465972355  -0.6809950135
0.2302146375  -0.2437460859  -0.6835063543
0.2277036700  -0.2409162158  -0.6860026705
0.2252077270  -0.2381073828  -0.6884840974
0.2227266732  -0.2353193481  -0.6909507685
0.2202603750  -0.2325518769  -0.6934028156
0.2178087003  -0.2298047376  -0.6958403690
0.2153715188  -0.2270777027  -0.6982635574
0.2129487015  -0.2243705478  -0.7006725081
0.2105401210  -0.2216830519  -0.7030673466
0.2081456516  -0.2190149976  -0.7054481971
0.2057651689  -0.2163661703  -0.7078151824
0.2033985500  -0.2137363588  -0.7101684236
0.2010456734  -0.2111253549  -0.7125080408
0.1987064191  -0.2085329534  -0.7148341524
0.1963806686  -0.2059589519  -0.7171468756
0.1940683045  -0.2034031507  -0.7194463263
0.1917692109  -0.2008653526  -0.7217326192
0.1894832734  -0.1983453627  -0.7240058679
0.1872103788  -0.1958429893  -0.7262661847
0.1849504150  -0.1933580443  -0.7285136805
0.1827032715  -0.1908903435  -0.7307484646
0.1804688388  -0.1884397048  -0.7329706448
0.1782470087  -0.1860059483  -0.7351803280
0.1760376744  -0.1835888967  -0.7373776199
0.1738407301  -0.1811883750  -0.7395626250
0.1716560714  -0.1788042108  -0.7417354466
0.1694835948  -0.1764362343  -0.7438961869
0.1673231983  -0.1740842779  -0.7460449470
0.1651747808  -0.1717481763  -0.7481818267
0.1630382424  -0.1694277668  -0.7503069248
0.1609134843  -0.1671228883  -0.7524203391
0.1588004088  -0.1648333820  -0.7545221661
0.1566989192  -0.1625590916  -0.7566125015
0.1546089201  -0.1602998637  -0.7586914397
0.1525303168  -0.1580555473  -0.7607590742
0.1504630160  -0.1558259923  -0.7628154974
0.1484069253  -0.1536110507  -0.7648608007
0.1463619531  -0.1514105765  -0.7668950746
0.1443280090  -0.1492244259  -0.7689184086
0.1423050035  -0.1470524565  -0.7709308911
0.1402928482  -0.1448945284  -0.7729326098
0.1382914555  -0.1427505031  -0.7749236512
0.1363007389  -0.1406202441  -0.7769041011
0.1343206125  -0.1385036167  -0.7788740441
0.1323509917  -0.1364004880  -0.7808335643
0.1303917927  -0.1343107268  -0.7827827444
0.1284429324  -0.1322342037  -0.7847216667
0.1265043287  -0.1301707908  -0.7866504124
0.1245759005  -0.1281203622  -0.7885690618
0.1226575675  -0.1260827933  -0.7904776945
0.1207492499  -0.1240579613  -0.7923763892
0.1188508693  -0.1220457448  -0.7942652236
0.1169623477  -0.1200460244  -0.7961442749
0.1150836081  -0.1180586817  -0.7980136193
0.1132145742  -0.1160836001  -0.7998733323
0.1113551706  -0.1141206645  -0.8017234885
0.1095053227  -0.1121697612  -0.8035641618
0.1076649564  -0.1102307779  -0.8053954253
0.1058339987  -0.1083036037  -0.8072173515
0.1040123772  -0.1063881293  -0.8090300120
0.1022000202  -0.1044842465  -0.8108334776
0.1003968569  -0.1025918486  -0.8126278186
0.0986028171  -0.1007108324  -0.8144131099
0.0968178319  -0.0988410969  -0.8161894320
0.0950418322  -0.0969825341  -0.8179568490
0.0932747490  -0.0951350351  -0.8197154100
0.0915165145  -0.0932985019  -0.8214651751
0.0897670624  -0.0914728391  -0.8232062111
0.0880263270  -0.0896579493  -0.8249385816
0.0862942431  -0.0878537360  -0.8266623497
0.0845707459  -0.0860601040  -0.8283775786
0.0828557714  -0.0842769590  -0.8300843311
0.0811492563  -0.0825042078  -0.8317826698
0.0794511377  -0.0807417584  -0.8334726574
0.0777613536  -0.0789895199  -0.8351543563
0.0760798423  -0.0772474024  -0.8368278291
0.0744065431  -0.0755153168  -0.8384931381
0.0727413954  -0.0737931753  -0.8401503457
0.0710843397  -0.0720808911  -0.8417995142
0.0694353167  -0.0703783782  -0.8434407060
0.0677942677  -0.0686855517  -0.8450739832
0.0661611348  -0.0670023275  -0.8466994081
0.0645358604  -0.0653286227  -0.8483170426
0.0629183876  -0.0636643551  -0.8499269486
0.0613086599  -0.0620094435  -0.8515291879
0.0597066214  -0.0603638077  -0.8531238217
0.0581122167  -0.0587273682  -0.8547109112
0.0565253911  -0.0571000464  -0.8562905169
0.0549460901  -0.0554817649  -0.8578626992
0.0533742598  -0.0538724468  -0.8594275174
0.0518098470  -0.0522720161  -0.8609850305
0.0502527987  -0.0506803979  -0.8625352966
0.0487030626  -0.0490975178  -0.8640783729
0.0471605868  -0.0475233024  -0.8656143154
0.0456256509  -0.0459576750  -0.8671650532
0.0440984215  -0.0444005620  -0.8687414729
0.0425779899  -0.0428519025  -0.8703062610
0.0410640528  -0.0413116287  -0.8718691085
0.0395570049  -0.0397796659  -0.8734293956
0.0380567896  -0.0382559455  -0.8749864112
0.0365633527  -0.0367403997  -0.8765393527
0.0350766421  -0.0352329614  -0.8780873260
0.0335966080  -0.0337335640  -0.8796293458
0.0321232037  -0.0322421421  -0.8811643352
0.0306563846  -0.0307586306  -0.8826911261
0.0291961094  -0.0292829654  -0.8842084586
0.0277423393  -0.0278150828  -0.8857149819
0.0262950389  -0.0263549202  -0.8872092534
0.0248541754  -0.0249024153  -0.8886897392
0.0234197194  -0.0234575068  -0.8901548141
0.0219916446  -0.0220201338  -0.8916027613
0.0205699278  -0.0205902363  -0.8930317728
0.0191545490  -0.0191677550  -0.8944399490
0.0177454914  -0.0177526310  -0.8958252989
0.0163427410  -0.0163448063  -0.8971857403
0.0149462870  -0.0149442235  -0.8985190994
0.0135561216  -0.0135508257  -0.8998231110
0.0121722395  -0.0121645570  -0.9010954185
0.0107946380  -0.0107853618  -0.9023335740
0.0094233167  -0.0094131853  -0.9035350379
0.0080582772  -0.0080479733  -0.9046971797
0.0066995231  -0.0066896723  -0.9058172769
0.0053470592  -0.0053382292  -0.9068925159
0.0040008911  -0.0039935920  -0.9079199918
0.0026610252  -0.0026557088  -0.9088967081
0.0013274678  -0.0013245287  -0.9098195768
0.0013269944  -0.0013245265  -0.9098195768
