0.210168
0.7720126438  -1.0801094855   0.0000344352
0.7720126438  -1.0801094855   0.0000344352
0.7720188771  -1.0801239691   0.0000318568
0.7720210600  -1.0801287555   0.0000219093
0.7720160534  -1.0801165715   0.0000043993
0.7720030968  -1.0800856917  -0.0000208659
0.7719818492  -1.0800353400  -0.0000540781
0.7719520888  -1.0799650110  -0.0000954282
0.7719136383  -1.0798742989  -0.0001451066
0.7718663393  -1.0797628415  -0.0002033025
0.7718100421  -1.0796302971  -0.0002702046
0.7717446015  -1.0794763342  -0.0003460007
0.7716698741  -1.0793006263  -0.0004308779
0.7715857174  -1.0791028494  -0.0005250223
0.7714919886  -1.0788826804  -0.0006286193
0.7713885447  -1.0786397959  -0.0007418537
0.7712752418  -1.0783738721  -0.0008649090
0.7711519354  -1.0780845841  -0.0009979685
0.7710184796  -1.0777716062  -0.0011412144
0.7708747278  -1.0774346112  -0.0012948279
0.7707205320  -1.0770732709  -0.0014589898
0.7705557433  -1.0766872557  -0.0016338799
0.7703802114  -1.0762762351  -0.0018196771
0.7701937850  -1.0758398771  -0.0020165598
0.7699963114  -1.0753778489  -0.0022247053
0.7697876369  -1.0748898166  -0.0024442902
0.7695676065  -1.0743754454  -0.0026754905
0.7693360640  -1.0738343997  -0.0029184810
0.7690928521  -1.0732663433  -0.0031734360
0.7688378122  -1.0726709391  -0.0034405290
0.7685707846  -1.0720478499  -0.0037199326
0.7682916086  -1.0713967380  -0.0040118186
0.7680001232  -1.0707172399  -0.0043168653
0.7676961648  -1.0700090376  -0.0046347704
0.7673795674  -1.0692718288  -0.0049655169
0.7670501659  -1.0685052611  -0.0053092887
0.7667077946  -1.0677089861  -0.0056662592
0.7663522862  -1.0668826642  -0.0060365961
0.7659834725  -1.0660259577  -0.0064204684
0.7656011842  -1.0651385300  -0.0068180464
0.7652052508  -1.0642200455  -0.0072295015
0.7647955013  -1.0632701701  -0.0076550063
0.7643717634  -1.0622885705  -0.0080947343
0.7639338641  -1.0612749154  -0.0085488602
0.7634816296  -1.0602288746  -0.0090175593
0.7630148850  -1.0591501202  -0.0095010078
0.7625334550  -1.0580383262  -0.0099993827
0.7620371632  -1.0568931688  -0.0105128617
0.7615258326  -1.0557143268  -0.0110416234
0.7609992857  -1.0545014815  -0.0115858467
0.7604573439  -1.0532543171  -0.0121457114
0.7598998285  -1.0519725210  -0.0127213978
0.7593265597  -1.0506557836  -0.0133130869
0.7587373577  -1.0493037989  -0.0139209599
0.7581320417  -1.0479162648  -0.0145451987
0.7575104308  -1.0464928828  -0.0151859855
0.7568723436  -1.0450333587  -0.0158435029
0.7562175982  -1.0435374027  -0.0165179340
0.7555460124  -1.0420047295  -0.0172094619
0.7548574039  -1.0404350586  -0.0179182694
0.7541515900  -1.0388281143  -0.0186445369
0.7534283878  -1.0371836263  -0.0193884447
0.7526876143  -1.0355013296  -0.0201501746
0.7519290865  -1.0337809600  -0.0209299105
0.7511526215  -1.0320222623  -0.0217278377
0.7503580361  -1.0302249983  -0.0225441430
0.7495451477  -1.0283889313  -0.0233790146
0.7487137734  -1.0265138229  -0.0242326420
0.7478637307  -1.0245994434  -0.0251052156
0.7469948374  -1.0226455714  -0.0259969265
0.7461069113  -1.0206519931  -0.0269079669
0.7451997709  -1.0186185018  -0.0278385289
0.7442732352  -1.0165448991  -0.0287888049
0.7433271237  -1.0144309942  -0.0297589859
0.7423612563  -1.0122766046  -0.0307492574
0.7413754532  -1.0100815561  -0.0317597985
0.7403695351  -1.0078456829  -0.0327907839
0.7393433239  -1.0055688280  -0.0338423840
0.7382966418  -1.0032508434  -0.0349147655
0.7372293122  -1.0008915899  -0.0360080906
0.7361411594  -0.9984909377  -0.0371225174
0.7350320086  -0.9960487666  -0.0382582002
0.7339016861  -0.9935649660  -0.0394152893
0.7327500194  -0.9910394354  -0.0405939314
0.7315768375  -0.9884720841  -0.0417942698
0.7303819702  -0.9858628319  -0.0430164445
0.7291652493  -0.9832116090  -0.0442605931
0.7279265077  -0.9805183563  -0.0455268549
0.7266655805  -0.9777830246  -0.0468153760
0.7253823046  -0.9750055757  -0.0481263059
0.7240765181  -0.9721859827  -0.0494597934
0.7227480001  -0.9693241726  -0.0508159870
0.7213964952  -0.9664200483  -0.0521950356
0.7200218282  -0.9634735989  -0.0535970885
0.7186238853  -0.9604848834  -0.0550222950
0.7172025645  -0.9574539824  -0.0564708052
0.7157577752  -0.9543809980  -0.0579427694
0.7142894379  -0.9512660542  -0.0594383384
0.7127974845  -0.9481092962  -0.0609576640
0.7112818584  -0.9449108904  -0.0625008987
0.7097425140  -0.9416710264  -0.0640681960
0.7081794169  -0.9383899178  -0.0656597094
0.7065925438  -0.9350677952  -0.0672755932
0.7049818819  -0.9317048947  -0.0689160021
0.7033474294  -0.9283014651  -0.0705810915
0.7016891055  -0.9248577070  -0.0722710173
0.7000066792  -0.9213737050  -0.0739859356
0.6982999062  -0.9178495365  -0.0757260028
0.6965685894  -0.9142853251  -0.0774913764
0.6948125201  -0.9106811904  -0.0792822145
0.6930314775  -0.9070372475  -0.0810986753
0.6912252289  -0.9033536068  -0.0829409170
0.6893935287  -0.8996303738  -0.0848090978
0.6875361194  -0.8958676489  -0.0867033761
0.6856527306  -0.8920655273  -0.0886239101
0.6837430794  -0.8882240991  -0.0905708586
0.6818068700  -0.8843434487  -0.0925443808
0.6798437942  -0.8804236553  -0.0945446352
0.6778535518  -0.8764648172  -0.0965717793
0.6758360869  -0.8724673141  -0.0986259696
0.6737914637  -0.8684316686  -0.1007073615
0.6717195883  -0.8643582335  -0.1028161096
0.6696203142  -0.8602473077  -0.1049523696
0.6674934976  -0.8560991991  -0.1071162987
0.6653389977  -0.8519142279  -0.1093080542
0.6631566769  -0.8476927264  -0.1115277904
0.6609464004  -0.8434350389  -0.1137756582
0.6587080369  -0.8391415218  -0.1160518053
0.6564414582  -0.8348125429  -0.1183563761
0.6541465419  -0.8304484864  -0.1206895098
0.6518231850  -0.8260497847  -0.1230513380
0.6494712903  -0.8216168863  -0.1254419835
0.6470907493  -0.8171502008  -0.1278615493
0.6446814525  -0.8126501313  -0.1303101173
0.6422432976  -0.8081171680  -0.1327877982
0.6397761942  -0.8035519016  -0.1352947645
0.6372800564  -0.7989548663  -0.1378311787
0.6347547908  -0.7943264671  -0.1403971305
0.6322003023  -0.7896670926  -0.1429926607
0.6296165240  -0.7849772416  -0.1456177984
0.6270034047  -0.7802574758  -0.1482725691
0.6243608817  -0.7755083363  -0.1509569943
0.6216888920  -0.7707303631  -0.1536710884
0.6189873769  -0.7659241078  -0.1564148582
0.6162562835  -0.7610901323  -0.1591883067
0.6134955642  -0.7562290086  -0.1619914344
0.6107051866  -0.7513413373  -0.1648242413
0.6078851541  -0.7464277918  -0.1676867267
0.6050354676  -0.7414890436  -0.1705788611
0.6021560989  -0.7365257136  -0.1735005755
0.5992470241  -0.7315384207  -0.1764518165
0.5963082332  -0.7265277840  -0.1794325809
0.5933397240  -0.7214944270  -0.1824428732
0.5903415246  -0.7164390436  -0.1854826753
0.5873136966  -0.7113623930  -0.1885519544
0.5842562827  -0.7062651875  -0.1916506639
0.5811693063  -0.7011480923  -0.1947787416
0.5780527948  -0.6960117748  -0.1979361029
0.5749067818  -0.6908569119  -0.2011226275
0.5717313501  -0.6856842773  -0.2043381463
0.5685265993  -0.6804946768  -0.2075824127
0.5652925823  -0.6752888340  -0.2108550431
0.5620293185  -0.6700674492  -0.2141553943
0.5587367780  -0.6648312523  -0.2174822132
0.5554143579  -0.6595814195  -0.2208282297
0.5520616662  -0.6543189985  -0.2241893267
0.5486809665  -0.6490435000  -0.2275795429
0.5452751921  -0.6437542150  -0.2310138372
0.5418441281  -0.6384523015  -0.2344941497
0.5383859457  -0.6331398149  -0.2380181011
0.5348997044  -0.6278181386  -0.2415839702
0.5313852492  -0.6224880786  -0.2451904389
0.5278427021  -0.6171504585  -0.2488360721
0.5242722118  -0.6118061211  -0.2525193182
0.5206738213  -0.6064557050  -0.2562385157
0.5170475901  -0.6010998420  -0.2599919015
0.5133937126  -0.5957393365  -0.2637776192
0.5097123296  -0.5903748643  -0.2675937268
0.5060037957  -0.5850072663  -0.2714382036
0.5022682475  -0.5796372076  -0.2753089579
0.4985042932  -0.5742637523  -0.2792038357
0.4947105736  -0.5688859641  -0.2831206284
0.4908884097  -0.5635056016  -0.2870570800
0.4870398353  -0.5581251515  -0.2910108936
0.4831651521  -0.5527453078  -0.2949797387
0.4792642034  -0.5473662574  -0.2989612574
0.4753368888  -0.5419882336  -0.3029530721
0.4713829336  -0.5366112632  -0.3069527926
0.4674019823  -0.5312353135  -0.3109580238
0.4633931262  -0.5258597761  -0.3149663723
0.4593548227  -0.5204834049  -0.3189754526
0.4552845989  -0.5151040488  -0.3229828930
0.4511780736  -0.5097176939  -0.3269863436
0.4470273898  -0.5043169186  -0.3309834847
0.4428172981  -0.4988870592  -0.3349720363
0.4385120322  -0.4933932802  -0.3389497896
0.4337530856  -0.4874803259  -0.3429146235
0.4288834749  -0.4814978286  -0.3468644041
0.4245983184  -0.4761382264  -0.3507968918
0.4207231376  -0.4712166862  -0.3547098594
0.4169661845  -0.4664368706  -0.3586012423
0.4132398419  -0.4617100691  -0.3624691271
0.4095418724  -0.4570334278  -0.3663116975
0.4058717451  -0.4524058001  -0.3701272244
0.4022291640  -0.4478262824  -0.3739140749
0.3986138488  -0.4432939982  -0.3776707226
0.3950255342  -0.4388080988  -0.3813957550
0.3914639692  -0.4343677628  -0.3850878768
0.3879289152  -0.4299721964  -0.3887459150
0.3844201448  -0.4256206315  -0.3923688224
0.3809374407  -0.4213123258  -0.3959556834
0.3774805994  -0.4170465607  -0.3995057536
0.3740494340  -0.4128226400  -0.4030184877
0.3706437631  -0.4086398907  -0.4064934920
0.3672633984  -0.4044976645  -0.4099304788
0.3639081502  -0.4003953354  -0.4133293047
0.3605778395  -0.3963322960  -0.4166900089
0.3572722957  -0.3923079565  -0.4200128152
0.3539913522  -0.3883217451  -0.4232981385
0.3507348451  -0.3843731071  -0.4265465958
0.3475026134  -0.3804615037  -0.4297590242
0.3442945005  -0.3765864109  -0.4329365094
0.3411103555  -0.3727473187  -0.4360804199
0.3379500365  -0.3689437293  -0.4391924678
0.3348134184  -0.3651751564  -0.4422748177
0.3317004097  -0.3614411218  -0.4453302985
0.3286109998  -0.3577411512  -0.4483629373
0.3255459288  -0.3540746798  -0.4513845708
0.3225059556  -0.3504411773  -0.4544064286
0.3194890977  -0.3468405329  -0.4574208394
0.3164920799  -0.3432727550  -0.4604149982
0.3135142068  -0.3397374043  -0.4633862289
0.3105565369  -0.3362338089  -0.4663357546
0.3076196109  -0.3327614213  -0.4692642641
0.3047033605  -0.3293198033  -0.4721719898
0.3018075724  -0.3259085460  -0.4750591567
0.2989320328  -0.3225272471  -0.4779259886
0.2960765305  -0.3191755106  -0.4807727094
0.2932408570  -0.3158529464  -0.4835995426
0.2904248067  -0.3125591703  -0.4864067111
0.2876281766  -0.3092938040  -0.4891944367
0.2848507662  -0.3060564752  -0.4919629400
0.2820923779  -0.3028468170  -0.4947124400
0.2793528163  -0.2996644682  -0.4974431534
0.2766318886  -0.2965090727  -0.5001552941
0.2739294045  -0.2933802806  -0.5028490732
0.2712451762  -0.2902777471  -0.5055246993
0.2685790182  -0.2872011330  -0.5081823775
0.2659307475  -0.2841501046  -0.5108223091
0.2633001832  -0.2811243332  -0.5134446915
0.2606871469  -0.2781234953  -0.5160497175
0.2580914624  -0.2751472728  -0.5186375750
0.2555129556  -0.2721953527  -0.5212084467
0.2529514549  -0.2692674269  -0.5237625098
0.2504067906  -0.2663631925  -0.5262999351
0.2478787951  -0.2634823512  -0.5288208863
0.2453673031  -0.2606246096  -0.5313255190
0.2428721507  -0.2577896781  -0.5338139780
0.2403931751  -0.2549772664  -0.5362863813
0.2379302129  -0.2521870819  -0.5387428072
0.2354831051  -0.2494188535  -0.5411833471
0.2330517047  -0.2466723468  -0.5436081699
0.2306358715  -0.2439473323  -0.5460174845
0.2282354606  -0.2412435559  -0.5484114702
0.2258503214  -0.2385607524  -0.5507902752
0.2234803046  -0.2358986649  -0.5531540413
0.2211252650  -0.2332570470  -0.5555029107
0.2187850602  -0.2306356580  -0.5578370247
0.2164595499  -0.2280342618  -0.5601565227
0.2141485953  -0.2254526259  -0.5624615424
0.2118520598  -0.2228905219  -0.5647522196
0.2095698082  -0.2203477248  -0.5670286885
0.2073017069  -0.2178240134  -0.5692910816
0.2050476243  -0.2153191699  -0.5715395295
0.2028074302  -0.2128329802  -0.5737741614
0.2005809961  -0.2103652333  -0.5759951048
0.1983681950  -0.2079157215  -0.5782024855
0.1961689016  -0.2054842406  -0.5803964279
0.1939829920  -0.2030705892  -0.5825770547
0.1918103438  -0.2006745692  -0.5847444871
0.1896508364  -0.1982959852  -0.5868988450
0.1875043502  -0.1959346451  -0.5890402467
0.1853707675  -0.1935903593  -0.5911688089
0.1832499716  -0.1912629411  -0.5932846472
0.1811418475  -0.1889522065  -0.5953878757
0.1790462815  -0.1866579742  -0.5974786070
0.1769631613  -0.1843800654  -0.5995569527
0.1748923758  -0.1821183037  -0.6016230227
0.1728338154  -0.1798725154  -0.6036769261
0.1707873717  -0.1776425286  -0.6057187703
0.1687529375  -0.1754281737  -0.6077486620
0.1667304071  -0.1732292832  -0.6097667067
0.1647196759  -0.1710456927  -0.6117730083
0.1627206404  -0.1688772410  -0.6137676698
0.1607331985  -0.1667237695  -0.6157507922
0.1587572491  -0.1645851211  -0.6177224757
0.1567926925  -0.1624611412  -0.6196828193
0.1548394300  -0.1603516769  -0.6216319212
0.1528973640  -0.1582565777  -0.6235698780
0.1509663983  -0.1561756951  -0.6254967855
0.1490464374  -0.1541088829  -0.6274127383
0.1471373872  -0.1520559967  -0.6293178300
0.1452391545  -0.1500168940  -0.6312121531
0.1433516474  -0.1479914345  -0.6330957989
0.1414747747  -0.1459794796  -0.6349688580
0.1396084464  -0.1439808923  -0.6368314196
0.1377525736  -0.1419955378  -0.6386835722
0.1359070683  -0.1400232838  -0.6405254031
0.1340718434  -0.1380639997  -0.6423569988
0.1322468130  -0.1361175561  -0.6441784447
0.1304318920  -0.1341838252  -0.6459898253
0.1286269963  -0.1322626812  -0.6477912240
0.1268320426  -0.1303539996  -0.6495827237
0.1250469488  -0.1284576578  -0.6513644060
0.1232716333  -0.1265735348  -0.6531363517
0.1215060158  -0.1247015112  -0.6548986409
0.1197500167  -0.1228414689  -0.6566513524
0.1180035572  -0.1209932917  -0.6583945647
0.1162665595  -0.1191568647  -0.6601283551
0.1145389465  -0.1173320745  -0.6618528000
0.1128206422  -0.1155188093  -0.6635679751
0.1111115710  -0.1137169586  -0.6652739555
0.1094116585  -0.1119264135  -0.6669708150
0.1077208309  -0.1101470662  -0.6686586271
0.1060390153  -0.1083788106  -0.6703374642
0.1043661394  -0.1066215418  -0.6720073980
0.1027021319  -0.1048751562  -0.6736684994
0.1010469222  -0.1031395516  -0.6753208388
0.0994004402  -0.1014146271  -0.6769644855
0.0977626169  -0.0997002830  -0.6785995082
0.0961333838  -0.0979964210  -0.6802259751
0.0945126733  -0.0963029437  -0.6818439532
0.0929004182  -0.0946197553  -0.6834535094
0.0912965524  -0.0929467609  -0.6850547093
0.0897010101  -0.0912838670  -0.6866476182
0.0881137266  -0.0896309811  -0.6882323006
0.0865346375  -0.0879880133  -0.6898088247
0.0849636797  -0.0863548755  -0.6913772626
0.0834007901  -0.0847314751  -0.6929376739
0.0818459056  -0.0831177196  -0.6944901062
0.0802989644  -0.0815135232  -0.6960346159
0.0787599059  -0.0799188026  -0.6975712640
0.0772286697  -0.0783334733  -0.6991001092
0.0757051963  -0.0767574515  -0.7006212098
0.0741894265  -0.0751906546  -0.7021346238
0.0726813018  -0.0736330009  -0.7036404088
0.0711807642  -0.0720844094  -0.7051386225
0.0696877564  -0.0705448005  -0.7066293221
0.0682022217  -0.0690140951  -0.7081125649
0.0667241038  -0.0674922153  -0.7095884080
0.0652533471  -0.0659790839  -0.7110569081
0.0637898965  -0.0644746247  -0.7125181222
0.0623336975  -0.0629787622  -0.7139721068
0.0608846961  -0.0614914221  -0.7154189186
0.0594428387  -0.0600125305  -0.7168586139
0.0580080725  -0.0585420146  -0.7182912489
0.0565803449  -0.0570798024  -0.7197168798
0.0551596041  -0.0556258226  -0.7211355624
0.0537457986  -0.0541800049  -0.7225473523
0.0523388775  -0.0527422796  -0.7239523048
0.0509387903  -0.0513125777  -0.7253504749
0.0495454871  -0.0498908312  -0.7267419171
0.0481589182  -0.0484769728  -0.7281266855
0.0467790348  -0.0470709359  -0.7295048337
0.0454057883  -0.0456726545  -0.7308764147
0.0440391305  -0.0442820636  -0.7322414807
0.0426790138  -0.0428990987  -0.7336000831
0.0413253910  -0.0415236962  -0.7349522726
0.0399784712  -0.0401557904  -0.7363173078
0.0386383761  -0.0387953179  -0.7377047498
0.0373043966  -0.0374422235  -0.7390818348
0.0359762915  -0.0360964479  -0.7404570748
0.0346543592  -0.0347579274  -0.7418299274
0.0333385494  -0.0334266026  -0.7431997704
0.0320288133  -0.0321024144  -0.7445659010
0.0307251044  -0.0307853045  -0.7459275363
0.0294273778  -0.0294752155  -0.7472838132
0.0281355908  -0.0281720901  -0.7486337884
0.0268497028  -0.0268758721  -0.7499764384
0.0255696755  -0.0255865057  -0.7513106593
0.0242954729  -0.0243039357  -0.7526352670
0.0230270612  -0.0230281076  -0.7539489975
0.0217644092  -0.0217589673  -0.7552505060
0.0205074881  -0.0204964616  -0.7565383681
0.0192562716  -0.0192405376  -0.7578110786
0.0180107359  -0.0179911431  -0.7590670525
0.0167708596  -0.0167482266  -0.7603046244
0.0155366238  -0.0155117369  -0.7615220486
0.0143080122  -0.0142816236  -0.7627174993
0.0130850105  -0.0130578367  -0.7638890704
0.0118676071  -0.0118403270  -0.7650347756
0.0106557922  -0.0106290455  -0.7661525484
0.0094495582  -0.0094239441  -0.7672402420
0.0082488992  -0.0082249749  -0.7682956295
0.0070538112  -0.0070320909  -0.7693164035
0.0058642912  -0.0058452455  -0.7703001767
0.0046803375  -0.0046643924  -0.7712444814
0.0035019494  -0.0034894862  -0.7721467697
0.0023291263  -0.0023204818  -0.7730044135
0.0011618678  -0.0011573347  -0.7738147043
0.0011615028  -0.0011573330  -0.7738147043
