0.201341
0.8332763777  -1.2100481364   0.0000405221
0.8332763777  -1.2100481364   0.0000405221
0.8332837833  -1.2100667693   0.0000374175
0.8332863600  -1.2100728512   0.0000255926
0.8332803747  -1.2100570162   0.0000048131
0.8332649176  -1.2100170319  -0.0000251539
0.8332395805  -1.2099518946  -0.0000645400
0.8332040984  -1.2098609502  -0.0001135751
0.8331582593  -1.2097436751  -0.0001724881
0.8331018742  -1.2095996021  -0.0002415060
0.8330347648  -1.2094282914  -0.0003208548
0.8329567582  -1.2092293173  -0.0004107588
0.8328676841  -1.2090022613  -0.0005114411
0.8327673731  -1.2087467089  -0.0006231231
0.8326556562  -1.2084622476  -0.0007460249
0.8325323639  -1.2081484656  -0.0008803654
0.8323973262  -1.2078049513  -0.0010263618
0.8322503724  -1.2074312931  -0.0011842299
0.8320913307  -1.2070270788  -0.0013541841
0.8319200284  -1.2065918960  -0.0015364376
0.8317362918  -1.2061253316  -0.0017312019
0.8315399458  -1.2056269724  -0.0019386871
0.8313308147  -1.2050964047  -0.0021591021
0.8311087212  -1.2045332150  -0.0023926541
0.8308734874  -1.2039369892  -0.0026395491
0.8306249340  -1.2033073139  -0.0028999914
0.8303628806  -1.2026437756  -0.0031741843
0.8300871459  -1.2019459616  -0.0034623293
0.8297975477  -1.2012134595  -0.0037646267
0.8294939025  -1.2004458582  -0.0040812752
0.8291760259  -1.1996427473  -0.0044124722
0.8288437328  -1.1988037179  -0.0047584137
0.8284968386  -1.1979283240  -0.0051198967
0.8281351553  -1.1970161900  -0.0054965553
0.8277584927  -1.1960669667  -0.0058883614
0.8273666623  -1.1950802306  -0.0062955241
0.8269594754  -1.1940555660  -0.0067182396
0.8265367421  -1.1929925719  -0.0071566971
0.8260982718  -1.1918908529  -0.0076110864
0.8256438730  -1.1907500170  -0.0080815984
0.8251733538  -1.1895696762  -0.0085684249
0.8246865218  -1.1883494460  -0.0090717583
0.8241831839  -1.1870889463  -0.0095917917
0.8236631468  -1.1857878012  -0.0101287185
0.8231262167  -1.1844456394  -0.0106827326
0.8225721996  -1.1830620946  -0.0112540281
0.8220009009  -1.1816368057  -0.0118427993
0.8214121263  -1.1801694171  -0.0124492410
0.8208056809  -1.1786595794  -0.0130735477
0.8201813699  -1.1771069492  -0.0137159142
0.8195389984  -1.1755111894  -0.0143765353
0.8188783717  -1.1738719698  -0.0150556057
0.8181992948  -1.1721889673  -0.0157533199
0.8175015732  -1.1704618660  -0.0164698723
0.8167850125  -1.1686903576  -0.0172054570
0.8160494186  -1.1668741419  -0.0179602677
0.8152945975  -1.1650129264  -0.0187344976
0.8145203561  -1.1631064276  -0.0195283395
0.8137265013  -1.1611543705  -0.0203419854
0.8129128407  -1.1591564898  -0.0211756269
0.8120791827  -1.1571125294  -0.0220294549
0.8112253363  -1.1550222434  -0.0229036592
0.8103511111  -1.1528853958  -0.0237984292
0.8094563176  -1.1507017549  -0.0247139529
0.8085407672  -1.1484711033  -0.0256504176
0.8076042723  -1.1461932502  -0.0266080097
0.8066466463  -1.1438680095  -0.0275869145
0.8056677037  -1.1414951953  -0.0285873160
0.8046672603  -1.1390746361  -0.0296093970
0.8036451331  -1.1366061741  -0.0306533390
0.8026011404  -1.1340896641  -0.0317193222
0.8015351020  -1.1315249732  -0.0328075251
0.8004468392  -1.1289119814  -0.0339181248
0.7993361747  -1.1262505813  -0.0350512965
0.7982029332  -1.1235406789  -0.0362072140
0.7970469409  -1.1207821931  -0.0373860489
0.7958680257  -1.1179750569  -0.0385879669
0.7946660174  -1.1151192169  -0.0398131265
0.7934407475  -1.1122146334  -0.0410616864
0.7921920504  -1.1092612804  -0.0423338105
0.7909197625  -1.1062591457  -0.0436296667
0.7896237230  -1.1032082321  -0.0449494262
0.7883037743  -1.1001085579  -0.0462932628
0.7869597606  -1.0969601560  -0.0476613524
0.7855915281  -1.0937630730  -0.0490538725
0.7841989253  -1.0905173704  -0.0504710005
0.7827818029  -1.0872231253  -0.0519129069
0.7813400137  -1.0838804304  -0.0533797461
0.7798734126  -1.0804893944  -0.0548716578
0.7783818571  -1.0770501410  -0.0563887705
0.7768652078  -1.0735628094  -0.0579312018
0.7753233280  -1.0700275536  -0.0594990586
0.7737560843  -1.0664445430  -0.0610924371
0.7721633460  -1.0628139623  -0.0627114235
0.7705449858  -1.0591360112  -0.0643560948
0.7689008796  -1.0554109043  -0.0660265186
0.7672309079  -1.0516388729  -0.0677227601
0.7655349561  -1.0478201639  -0.0694448920
0.7638129136  -1.0439550383  -0.0711929946
0.7620646726  -1.0400437715  -0.0729671472
0.7602901286  -1.0360866564  -0.0747674265
0.7584891806  -1.0320840052  -0.0765939079
0.7566617316  -1.0280361422  -0.0784466660
0.7548076883  -1.0239433913  -0.0803257748
0.7529269611  -1.0198060783  -0.0822313080
0.7510194648  -1.0156245534  -0.0841633394
0.7490851178  -1.0113992021  -0.0861219430
0.7471238277  -1.0071304204  -0.0881071926
0.7451352911  -1.0028184116  -0.0901191618
0.7431192251  -0.9984634025  -0.0921579239
0.7410756620  -0.9940659314  -0.0942235527
0.7390047560  -0.9896266661  -0.0963161216
0.7369066941  -0.9851463164  -0.0984357047
0.7347816950  -0.9806256297  -0.1005823767
0.7326300076  -0.9760653901  -0.1027562139
0.7304519100  -0.9714664174  -0.1049572925
0.7282477081  -0.9668295660  -0.1071856891
0.7260177020  -0.9621556939  -0.1094414805
0.7237618402  -0.9574453379  -0.1117247433
0.7214797790  -0.9526987428  -0.1140355551
0.7191712417  -0.9479161935  -0.1163739946
0.7168359698  -0.9430979924  -0.1187401422
0.7144736757  -0.9382444179  -0.1211340783
0.7120840423  -0.9333557228  -0.1235558826
0.7096667232  -0.9284321347  -0.1260056346
0.7072213424  -0.9234738554  -0.1284834139
0.7047474947  -0.9184810615  -0.1309893016
0.7022447458  -0.9134539047  -0.1335233789
0.6997129487  -0.9083928656  -0.1360857257
0.6971523671  -0.9032988893  -0.1386764202
0.6945631471  -0.8981727918  -0.1412955391
0.6919452087  -0.8930151349  -0.1439431578
0.6892984728  -0.8878264700  -0.1466193403
0.6866228626  -0.8826073445  -0.1493241319
0.6839183083  -0.8773583670  -0.1520576025
0.6811847542  -0.8720802478  -0.1548198971
0.6784221530  -0.8667736843  -0.1576111841
0.6756304725  -0.8614393008  -0.1604315656
0.6728096854  -0.8560776931  -0.1632810791
0.6699597499  -0.8506894569  -0.1661597521
0.6670806249  -0.8452752161  -0.1690676231
0.6641722773  -0.8398356193  -0.1720047299
0.6612346780  -0.8343713274  -0.1749711013
0.6582678018  -0.8288830102  -0.1779667576
0.6552716346  -0.8233713604  -0.1809917063
0.6522461992  -0.8178371510  -0.1840459395
0.6491915239  -0.8122811599  -0.1871294354
0.6461076134  -0.8067041042  -0.1902421557
0.6429944730  -0.8011066956  -0.1933840472
0.6398521121  -0.7954896510  -0.1965550291
0.6366805410  -0.7898536936  -0.1997549672
0.6334798012  -0.7841996026  -0.2029837177
0.6302499833  -0.7785282173  -0.2062411957
0.6269911667  -0.7728403209  -0.2095273462
0.6237033979  -0.7671366339  -0.2128420933
0.6203867205  -0.7614178790  -0.2161853437
0.6170411819  -0.7556847794  -0.2195569941
0.6136668819  -0.7499381485  -0.2229569285
0.6102639598  -0.7441788593  -0.2263850105
0.6068325190  -0.7384077021  -0.2298410641
0.6033726340  -0.7326254131  -0.2333248392
0.5998843716  -0.7268327298  -0.2368359601
0.5963678269  -0.7210304831  -0.2403738324
0.5928230934  -0.7152195954  -0.2439373789
0.5892496828  -0.7094011919  -0.2475207762
0.5856469649  -0.7035763276  -0.2511183281
0.5820166853  -0.6977447700  -0.2547397272
0.5783622635  -0.6919057592  -0.2584013054
0.5746844489  -0.6860601481  -0.2621079133
0.5709812799  -0.6802099382  -0.2658570252
0.5672513146  -0.6743566675  -0.2696466826
0.5634943719  -0.6685013778  -0.2734755592
0.5597106153  -0.6626449382  -0.2773422234
0.5559001460  -0.6567880321  -0.2812451289
0.5520631486  -0.6509314569  -0.2851826212
0.5481998291  -0.6450760331  -0.2891529461
0.5443102614  -0.6392223362  -0.2931542568
0.5403945855  -0.6333710095  -0.2971846215
0.5364530440  -0.6275228121  -0.3012420317
0.5324858445  -0.6216783615  -0.3053244105
0.5284934726  -0.6158385724  -0.3094296200
0.5244751777  -0.6100031105  -0.3135554689
0.5204288747  -0.6041702290  -0.3176997201
0.5163550458  -0.5983407597  -0.3218600958
0.5122561872  -0.5925175819  -0.3260342846
0.5081330383  -0.5867017619  -0.3302199492
0.5039853196  -0.5808932929  -0.3344147347
0.4998128351  -0.5750922330  -0.3386162751
0.4956151701  -0.5692983936  -0.3428221996
0.4913916903  -0.5635113881  -0.3470301377
0.4871410768  -0.5577301389  -0.3512377269
0.4828611454  -0.5519527127  -0.3554426199
0.4785481469  -0.5461756457  -0.3596424930
0.4741953155  -0.5403925231  -0.3638350514
0.4697898367  -0.5345910252  -0.3680180380
0.4653031900  -0.5287434216  -0.3721892606
0.4604509561  -0.5225672350  -0.3763466205
0.4553604168  -0.5161973830  -0.3804880336
0.4507183778  -0.5103206699  -0.3846113113
0.4465913994  -0.5049924742  -0.3887142315
0.4426244514  -0.4998514706  -0.3927947159
0.4386909782  -0.4947695509  -0.3968508614
0.4347871388  -0.4897421677  -0.4008808725
0.4309123484  -0.4847680362  -0.4048830367
0.4270663001  -0.4798461577  -0.4088557368
0.4232487027  -0.4749755622  -0.4127974599
0.4194592801  -0.4701553114  -0.4167068013
0.4156977709  -0.4653844977  -0.4205824729
0.4119639277  -0.4606622429  -0.4244233104
0.4082575150  -0.4559876982  -0.4282282749
0.4045783082  -0.4513600433  -0.4319964589
0.4009260916  -0.4467784852  -0.4357270870
0.3973006604  -0.4422422571  -0.4394195408
0.3937018263  -0.4377506162  -0.4430734100
0.3901294119  -0.4333028433  -0.4466884662
0.3865832323  -0.4288982455  -0.4502645908
0.3830630956  -0.4245361552  -0.4538017958
0.3795688182  -0.4202159247  -0.4573002783
0.3761002267  -0.4159369250  -0.4607604283
0.3726571525  -0.4116985456  -0.4641828336
0.3692394294  -0.4075001942  -0.4675682940
0.3658468947  -0.4033412953  -0.4709178445
0.3624793916  -0.3992212892  -0.4742327904
0.3591367712  -0.3951396303  -0.4775147581
0.3558189001  -0.3910957859  -0.4807657887
0.3525256740  -0.3870892331  -0.4839885149
0.3492570564  -0.3831194550  -0.4871865777
0.3460136337  -0.3791858523  -0.4903698422
0.3427963037  -0.3752878142  -0.4935505287
0.3396037301  -0.3714251275  -0.4967256505
0.3364325401  -0.3675978461  -0.4998819438
0.3332812470  -0.3638056242  -0.5030141572
0.3301507817  -0.3600477328  -0.5061235767
0.3270419524  -0.3563235211  -0.5092110961
0.3239547629  -0.3526324974  -0.5122769624
0.3208889951  -0.3489742158  -0.5153214071
0.3178444276  -0.3453482380  -0.5183446604
0.3148208415  -0.3417541327  -0.5213469525
0.3118180206  -0.3381914752  -0.5243285138
0.3088357518  -0.3346598477  -0.5272895735
0.3058738245  -0.3311588385  -0.5302303603
0.3029320309  -0.3276880425  -0.5331511016
0.3000101659  -0.3242470607  -0.5360520232
0.2971080269  -0.3208355007  -0.5389333489
0.2942254141  -0.3174529756  -0.5417953001
0.2913621298  -0.3140991050  -0.5446380949
0.2885179791  -0.3107735140  -0.5474619485
0.2856927693  -0.3074758343  -0.5502670726
0.2828863105  -0.3042057033  -0.5530536755
0.2800984150  -0.3009627642  -0.5558219613
0.2773288974  -0.2977466660  -0.5585721297
0.2745775747  -0.2945570635  -0.5613043754
0.2718442662  -0.2913936168  -0.5640188878
0.2691287934  -0.2882559919  -0.5667158505
0.2664309801  -0.2851438600  -0.5693954410
0.2637506521  -0.2820568981  -0.5720578295
0.2610876375  -0.2789947877  -0.5747031782
0.2584417663  -0.2759572155  -0.5773316389
0.2558128692  -0.2729438684  -0.5799433395
0.2532007765  -0.2699544305  -0.5825383680
0.2506053219  -0.2669886024  -0.5851168102
0.2480263504  -0.2640461226  -0.5876788219
0.2454637166  -0.2611267452  -0.5902246162
0.2429172723  -0.2582302027  -0.5927543885
0.2403868620  -0.2553562096  -0.5952682963
0.2378723299  -0.2525044857  -0.5977664856
0.2353735242  -0.2496747631  -0.6002491030
0.2328902969  -0.2468667814  -0.6027162949
0.2304225018  -0.2440802851  -0.6051682054
0.2279699948  -0.2413150227  -0.6076049772
0.2255326334  -0.2385707470  -0.6100267508
0.2231102770  -0.2358472149  -0.6124336651
0.2207027868  -0.2331441871  -0.6148258573
0.2183100256  -0.2304614282  -0.6172034627
0.2159318578  -0.2277987068  -0.6195666151
0.2135681498  -0.2251557949  -0.6219154465
0.2112187694  -0.2225324682  -0.6242500872
0.2088835859  -0.2199285059  -0.6265706661
0.2065624704  -0.2173436907  -0.6288773104
0.2042552956  -0.2147778084  -0.6311701456
0.2019619355  -0.2122306484  -0.6334492959
0.1996822658  -0.2097020030  -0.6357148838
0.1974161638  -0.2071916676  -0.6379670306
0.1951635079  -0.2046994409  -0.6402058558
0.1929241783  -0.2022251241  -0.6424314778
0.1906980565  -0.1997685217  -0.6446440134
0.1884850255  -0.1973294408  -0.6468435781
0.1862849694  -0.1949076912  -0.6490302862
0.1840977740  -0.1925030854  -0.6512042504
0.1819233263  -0.1901154382  -0.6533655825
0.1797615147  -0.1877445668  -0.6555143929
0.1776122287  -0.1853902904  -0.6576507911
0.1754753593  -0.1830524317  -0.6597748851
0.1733507987  -0.1807308167  -0.6618867816
0.1712384404  -0.1784252743  -0.6639865856
0.1691381788  -0.1761356356  -0.6660744011
0.1670499100  -0.1738617338  -0.6681503309
0.1649735309  -0.1716034042  -0.6702144767
0.1629089398  -0.1693604846  -0.6722669389
0.1608560362  -0.1671328152  -0.6743078171
0.1588147206  -0.1649202381  -0.6763372095
0.1567848947  -0.1627225981  -0.6783552131
0.1547664612  -0.1605397416  -0.6803619242
0.1527593241  -0.1583715175  -0.6823574376
0.1507633883  -0.1562177765  -0.6843418474
0.1487785598  -0.1540783712  -0.6863152463
0.1468047458  -0.1519531563  -0.6882777262
0.1448418544  -0.1498419895  -0.6902293779
0.1428897946  -0.1477447302  -0.6921702912
0.1409484767  -0.1456612392  -0.6941005550
0.1390178118  -0.1435913789  -0.6960202569
0.1370977120  -0.1415350139  -0.6979294840
0.1351880904  -0.1394920103  -0.6998283221
0.1332888610  -0.1374622361  -0.7017168563
0.1313999388  -0.1354455611  -0.7035951705
0.1295212397  -0.1334418567  -0.7054633480
0.1276526806  -0.1314509962  -0.7073214710
0.1257941791  -0.1294728542  -0.7091696208
0.1239456538  -0.1275073073  -0.7110078780
0.1221070243  -0.1255542335  -0.7128363221
0.1202782109  -0.1236135126  -0.7146550320
0.1184591347  -0.1216850257  -0.7164640855
0.1166497179  -0.1197686556  -0.7182635597
0.1148498833  -0.1178642865  -0.7200535310
0.1130595546  -0.1159718043  -0.7218340747
0.1112786563  -0.1140910962  -0.7236052656
0.1095071137  -0.1122220509  -0.7253671775
0.1077448529  -0.1103645585  -0.7271198835
0.1059918008  -0.1085185104  -0.7288634559
0.1042478850  -0.1066837995  -0.7305979664
0.1025130339  -0.1048603202  -0.7323234857
0.1007871766  -0.1030479679  -0.7340400839
0.0990702430  -0.1012466394  -0.7357478304
0.0973621638  -0.0994562331  -0.7374467938
0.0956628702  -0.0976766482  -0.7391370420
0.0939722943  -0.0959077854  -0.7408186422
0.0922903689  -0.0941495484  -0.7424916658
0.0906170278  -0.0924018427  -0.7441561889
0.0889522050  -0.0906645685  -0.7458122733
0.0872958343  -0.0889376257  -0.7474599673
0.0856478510  -0.0872209223  -0.7490993292
0.0840081915  -0.0855143693  -0.7507304228
0.0823767928  -0.0838178758  -0.7523533091
0.0807535925  -0.0821313520  -0.7539680488
0.0791385284  -0.0804547092  -0.7555747022
0.0775315395  -0.0787878594  -0.7571733295
0.0759325648  -0.0771307161  -0.7587639908
0.0743415445  -0.0754831935  -0.7603467458
0.0727584189  -0.0738452067  -0.7619216543
0.0711831293  -0.0722166722  -0.7634887760
0.0696156172  -0.0705975070  -0.7650481702
0.0680558250  -0.0689876293  -0.7665998965
0.0665036955  -0.0673869582  -0.7681440142
0.0649591721  -0.0657954136  -0.7696805825
0.0634221986  -0.0642129165  -0.7712096606
0.0618927196  -0.0626393886  -0.7727313076
0.0603706801  -0.0610747526  -0.7742455822
0.0588560256  -0.0595189320  -0.7757525432
0.0573487022  -0.0579718512  -0.7772522489
0.0558486564  -0.0564334354  -0.7787447577
0.0543558352  -0.0549036107  -0.7802301272
0.0528701864  -0.0533823040  -0.7817084149
0.0513916579  -0.0518694429  -0.7831796778
0.0499201983  -0.0503649560  -0.7846439721
0.0484557565  -0.0488687725  -0.7861013536
0.0469982823  -0.0473808226  -0.7875518773
0.0455477254  -0.0459010370  -0.7889955974
0.0441040363  -0.0444293475  -0.7904325669
0.0426674554  -0.0429656830  -0.7918832749
0.0412381238  -0.0415099750  -0.7933578930
0.0398152437  -0.0400621659  -0.7948215617
0.0383985458  -0.0386221923  -0.7962833360
0.0369883711  -0.0371899851  -0.7977426382
0.0355846663  -0.0357654804  -0.7991988049
0.0341873801  -0.0343486150  -0.8006510876
0.0327964629  -0.0329393264  -0.8020986523
0.0314118677  -0.0315375527  -0.8035405795
0.0300335496  -0.0301432328  -0.8049758646
0.0286614662  -0.0287563060  -0.8064034173
0.0272955774  -0.0273767126  -0.8078220623
0.0259358459  -0.0260043934  -0.8092305385
0.0245822368  -0.0246392899  -0.8106274998
0.0232347181  -0.0232813441  -0.8120115144
0.0218932605  -0.0219304988  -0.8133810654
0.0205578374  -0.0205866973  -0.8147345504
0.0192284251  -0.0192498837  -0.8160702815
0.0179050025  -0.0179200025  -0.8173864857
0.0165875516  -0.0165969990  -0.8186813043
0.0152760568  -0.0152808191  -0.8199527935
0.0139705052  -0.0139714092  -0.8211989241
0.0126708866  -0.0126687163  -0.8224175812
0.0113771930  -0.0113726881  -0.8236065649
0.0100894188  -0.0100832729  -0.8247635897
0.0088075605  -0.0088004195  -0.8258862849
0.0075316161  -0.0075240773  -0.8269721942
0.0062615855  -0.0062541963  -0.8280187761
0.0049974697  -0.0049907272  -0.8290234037
0.0037392705  -0.0037336211  -0.8299833646
0.0024869904  -0.0024828297  -0.8308958612
0.0012406316  -0.0012383054  -0.8317580103
0.0012402184  -0.0012383036  -0.8317580103
