0.194807
0.8800400198  -1.3160004806   0.0000462337
0.8800400198  -1.3160004806   0.0000462337
0.8800485121  -1.3160231974   0.0000426661
0.8800514486  -1.3160305265   0.0000291284
0.8800445436  -1.3160110390   0.0000053490
0.8800267469  -1.3159619992  -0.0000289410
0.8799975870  -1.3158821761  -0.0000740089
0.8799567580  -1.3157707682  -0.0001301197
0.8799040155  -1.3156271345  -0.0001975362
0.8798391416  -1.3154507039  -0.0002765194
0.8797619314  -1.3152409401  -0.0003673278
0.8796721865  -1.3149973245  -0.0004702181
0.8795697116  -1.3147193488  -0.0005854449
0.8794543129  -1.3144065104  -0.0007132605
0.8793257973  -1.3140583101  -0.0008539152
0.8791839716  -1.3136742509  -0.0010076573
0.8790286423  -1.3132538374  -0.0011747329
0.8788596154  -1.3127965751  -0.0013553860
0.8786766960  -1.3123019703  -0.0015498586
0.8784796887  -1.3117695303  -0.0017583903
0.8782683972  -1.3111987634  -0.0019812190
0.8780426243  -1.3105891787  -0.0022185803
0.8778021722  -1.3099402866  -0.0024707076
0.8775468420  -1.3092515992  -0.0027378325
0.8772764342  -1.3085226298  -0.0030201842
0.8769907487  -1.3077528941  -0.0033179899
0.8766895843  -1.3069419096  -0.0036314748
0.8763727394  -1.3060891964  -0.0039608619
0.8760400117  -1.3051942775  -0.0043063721
0.8756911983  -1.3042566788  -0.0046682242
0.8753260957  -1.3032759296  -0.0050466350
0.8749445000  -1.3022515629  -0.0054418190
0.8745462088  -1.3011830612  -0.0058546748
0.8741310165  -1.3000700070  -0.0062847749
0.8736987150  -1.2989120247  -0.0067320773
0.8732490993  -1.2977086354  -0.0071968106
0.8727819644  -1.2964593721  -0.0076791883
0.8722971046  -1.2951637903  -0.0081794154
0.8717943137  -1.2938214552  -0.0086976974
0.8712733850  -1.2924319389  -0.0092342402
0.8707341120  -1.2909948204  -0.0097892504
0.8701762880  -1.2895096857  -0.0103629349
0.8695997061  -1.2879761284  -0.0109555005
0.8690041595  -1.2863937498  -0.0115671542
0.8683894416  -1.2847621596  -0.0121981027
0.8677553456  -1.2830809758  -0.0128485526
0.8671016651  -1.2813498253  -0.0135187100
0.8664281936  -1.2795683443  -0.0142087808
0.8657347252  -1.2777361788  -0.0149189703
0.8650210540  -1.2758529847  -0.0156494830
0.8642869744  -1.2739184281  -0.0164005231
0.8635322814  -1.2719321860  -0.0171722935
0.8627567703  -1.2698939465  -0.0179649968
0.8619602368  -1.2678034090  -0.0187788341
0.8611424773  -1.2656602847  -0.0196140058
0.8603032885  -1.2634642971  -0.0204707110
0.8594424681  -1.2612151822  -0.0213491474
0.8585598142  -1.2589126892  -0.0222495117
0.8576551258  -1.2565565802  -0.0231719988
0.8567282027  -1.2541466309  -0.0241168024
0.8557788455  -1.2516826307  -0.0250841144
0.8548068560  -1.2491643830  -0.0260741250
0.8538120366  -1.2465917055  -0.0270870225
0.8527941914  -1.2439644221  -0.0281229930
0.8517531254  -1.2412823773  -0.0291822209
0.8506886599  -1.2385454662  -0.0302648881
0.8496006292  -1.2357536044  -0.0313711747
0.8484888611  -1.2329066997  -0.0325012582
0.8473531785  -1.2300046729  -0.0336553135
0.8461934067  -1.2270474648  -0.0348335131
0.8450093739  -1.2240350337  -0.0360360270
0.8438009102  -1.2209673562  -0.0372630224
0.8425678490  -1.2178444267  -0.0385146636
0.8413100261  -1.2146662574  -0.0397911124
0.8400272802  -1.2114328788  -0.0410925275
0.8387194530  -1.2081443393  -0.0424190645
0.8373863889  -1.2048007058  -0.0437708761
0.8360279358  -1.2014020635  -0.0451481118
0.8346439445  -1.1979485165  -0.0465509179
0.8332342691  -1.1944401870  -0.0479794372
0.8317987670  -1.1908772164  -0.0494338093
0.8303372989  -1.1872597645  -0.0509141702
0.8288497292  -1.1835880099  -0.0524206523
0.8273359257  -1.1798621507  -0.0539533843
0.8257957597  -1.1760824038  -0.0555124874
0.8242291051  -1.1722490041  -0.0570980705
0.8226358397  -1.1683622051  -0.0587102392
0.8210158456  -1.1644222774  -0.0603491076
0.8193690096  -1.1604295094  -0.0620147988
0.8176952226  -1.1563842073  -0.0637074423
0.8159943793  -1.1522866954  -0.0654271727
0.8142663783  -1.1481373162  -0.0671741287
0.8125111221  -1.1439364304  -0.0689484483
0.8107285164  -1.1396844172  -0.0707502550
0.8089184693  -1.1353816751  -0.0725796464
0.8070808924  -1.1310286204  -0.0744366990
0.8052157035  -1.1266256905  -0.0763214726
0.8033228258  -1.1221733416  -0.0782340099
0.8014021846  -1.1176720438  -0.0801743368
0.7994537090  -1.1131222818  -0.0821424638
0.7974773322  -1.1085245571  -0.0841383871
0.7954729923  -1.1038793897  -0.0861620945
0.7934406331  -1.0991873120  -0.0882135803
0.7913802045  -1.0944488543  -0.0902928510
0.7892916610  -1.0896645438  -0.0923999140
0.7871749611  -1.0848349297  -0.0945347724
0.7850300674  -1.0799605998  -0.0966974271
0.7828569501  -1.0750421741  -0.0988878772
0.7806555852  -1.0700802879  -0.1011061207
0.7784259518  -1.0650755832  -0.1033521547
0.7761680336  -1.0600287111  -0.1056259772
0.7738818192  -1.0549403325  -0.1079275860
0.7715673018  -1.0498111183  -0.1102569790
0.7692244795  -1.0446417493  -0.1126141536
0.7668533551  -1.0394329152  -0.1149991075
0.7644539356  -1.0341853142  -0.1174118385
0.7620259504  -1.0288993812  -0.1198523455
0.7595690345  -1.0235754588  -0.1223206293
0.7570833143  -1.0182143635  -0.1248166921
0.7545692548  -1.0128172497  -0.1273405360
0.7520273750  -1.0073853344  -0.1298921639
0.7494582418  -1.0019198857  -0.1324715790
0.7468624678  -0.9964222190  -0.1350787868
0.7442407084  -0.9908936937  -0.1377137946
0.7415934382  -0.9853355072  -0.1403766113
0.7389204638  -0.9797482178  -0.1430672460
0.7362212971  -0.9741320562  -0.1457857077
0.7334955984  -0.9684873605  -0.1485320067
0.7307429915  -0.9628144312  -0.1513061547
0.7279630546  -0.9571135217  -0.1541081658
0.7251553201  -0.9513848386  -0.1569380536
0.7223192746  -0.9456285422  -0.1597958302
0.7194543590  -0.9398447386  -0.1626815004
0.7165602920  -0.9340338347  -0.1655950539
0.7136374543  -0.9281970038  -0.1685364958
0.7106862139  -0.9223354818  -0.1715059037
0.7077065648  -0.9164500877  -0.1745033990
0.7046984852  -0.9105415112  -0.1775290508
0.7016619424  -0.9046103569  -0.1805828569
0.6985969057  -0.8986572571  -0.1836647930
0.6955033551  -0.8926829010  -0.1867748370
0.6923813057  -0.8866880608  -0.1899129701
0.6892307997  -0.8806735625  -0.1930791727
0.6860518626  -0.8746401860  -0.1962734241
0.6828445062  -0.8685886730  -0.1994957030
0.6796087467  -0.8625197671  -0.2027459861
0.6763446046  -0.8564342155  -0.2060242459
0.6730521068  -0.8503327705  -0.2093304582
0.6697313231  -0.8442162646  -0.2126646097
0.6663823472  -0.8380855676  -0.2160266924
0.6630052430  -0.8319414796  -0.2194166659
0.6596000542  -0.8257847702  -0.2228344221
0.6561668285  -0.8196162073  -0.2262798442
0.6527056317  -0.8134365499  -0.2297528624
0.6492165841  -0.8072466438  -0.2332534016
0.6456998233  -0.8010473843  -0.2367813371
0.6421554412  -0.7948395743  -0.2403365159
0.6385835116  -0.7886239587  -0.2439187716
0.6349841119  -0.7824012726  -0.2475279137
0.6313573517  -0.7761723047  -0.2511637116
0.6277034031  -0.7699379554  -0.2548258770
0.6240224168  -0.7636990748  -0.2585140246
0.6203144773  -0.7574564067  -0.2622275840
0.6165796277  -0.7512107000  -0.2659655793
0.6128175582  -0.7449630333  -0.2697236302
0.6090276489  -0.7387147149  -0.2734951664
0.6052110978  -0.7324658304  -0.2772860992
0.6013713578  -0.7262152341  -0.2811133964
0.5975099410  -0.7199632610  -0.2849842215
0.5936251323  -0.7137122069  -0.2888960286
0.5897152568  -0.7074639460  -0.2928466989
0.5857798900  -0.7012193044  -0.2968349088
0.5818191158  -0.6949790336  -0.3008592464
0.5778331439  -0.6887439832  -0.3049181867
0.5738221342  -0.6825148372  -0.3090100980
0.5697862744  -0.6762922897  -0.3131332509
0.5657258121  -0.6700771250  -0.3172858261
0.5616408721  -0.6638699043  -0.3214659224
0.5575315956  -0.6576711740  -0.3256715645
0.5533982432  -0.6514816231  -0.3299007095
0.5492410815  -0.6453018456  -0.3341512538
0.5450605480  -0.6391326243  -0.3384210406
0.5408555107  -0.6329731515  -0.3427078685
0.5366239362  -0.6268216514  -0.3470094986
0.5323670843  -0.6206796593  -0.3513236614
0.5280873343  -0.6145498555  -0.3556480617
0.5237849423  -0.6084327342  -0.3599803852
0.5194595607  -0.6023281197  -0.3643183060
0.5151108681  -0.5962358863  -0.3686594947
0.5107382723  -0.5901556087  -0.3730016249
0.5063405962  -0.5840862716  -0.3773423795
0.5019158110  -0.5780260320  -0.3816794558
0.4974605602  -0.5719717541  -0.3860105717
0.4929687617  -0.5659176438  -0.3903334746
0.4884289072  -0.5598526025  -0.3946459501
0.4838162030  -0.5537525152  -0.3989458439
0.4789235053  -0.5474116047  -0.4032310911
0.4737044582  -0.5407910434  -0.4074996649
0.4688121766  -0.5345455927  -0.4117494478
0.4645071119  -0.5289248167  -0.4159782550
0.4603944669  -0.5235263339  -0.4201840191
0.4563184739  -0.5181924276  -0.4243648577
0.4522729867  -0.5129161796  -0.4285190081
0.4482573835  -0.5076962065  -0.4326447920
0.4442713502  -0.5025314418  -0.4367406223
0.4403145872  -0.4974208501  -0.4408050132
0.4363868107  -0.4923634290  -0.4448365866
0.4324877516  -0.4873582088  -0.4488340765
0.4286171544  -0.4824042525  -0.4527963356
0.4247747766  -0.4775006535  -0.4567223430
0.4209603869  -0.4726465358  -0.4606112069
0.4171737641  -0.4678410528  -0.4644621682
0.4134146948  -0.4630833864  -0.4682746028
0.4096829771  -0.4583727452  -0.4720480535
0.4059784256  -0.4537083621  -0.4757822781
0.4023008623  -0.4490894951  -0.4794772032
0.3986500987  -0.4445154300  -0.4831328594
0.3950259407  -0.4399854774  -0.4867494225
0.3914282048  -0.4354989684  -0.4903272619
0.3878567167  -0.4310552527  -0.4938669432
0.3843113054  -0.4266536994  -0.4973692363
0.3807918035  -0.4222936961  -0.5008351382
0.3772980487  -0.4179746470  -0.5042659053
0.3738298870  -0.4136959722  -0.5076630993
0.3703871779  -0.4094571054  -0.5110286698
0.3669698080  -0.4052574917  -0.5143651137
0.3635777243  -0.4010965835  -0.5176758308
0.3602113403  -0.3969737712  -0.5209688283
0.3568715931  -0.3928883943  -0.5242566196
0.3535577491  -0.3888401232  -0.5275401145
0.3502664926  -0.3848290219  -0.5308060946
0.3469956847  -0.3808548447  -0.5340472937
0.3437460891  -0.3769168389  -0.5372649770
0.3405187172  -0.3730142722  -0.5404601870
0.3373136363  -0.3691466108  -0.5436331869
0.3341306275  -0.3653133819  -0.5467842119
0.3309694641  -0.3615141213  -0.5499134958
0.3278299220  -0.3577483725  -0.5530212728
0.3247117800  -0.3540156861  -0.5561077766
0.3216148198  -0.3503156199  -0.5591732406
0.3185388258  -0.3466477385  -0.5622178971
0.3154835852  -0.3430116134  -0.5652419776
0.3124488880  -0.3394068227  -0.5682457116
0.3094345268  -0.3358329513  -0.5712293269
0.3064402966  -0.3322895906  -0.5741930491
0.3034659954  -0.3287763384  -0.5771371008
0.3005114231  -0.3252927986  -0.5800617012
0.2975763826  -0.3218385818  -0.5829670658
0.2946606791  -0.3184133049  -0.5858534067
0.2917641202  -0.3150165910  -0.5887209323
0.2888865160  -0.3116480696  -0.5915698461
0.2860276790  -0.3083073760  -0.5944003470
0.2831874239  -0.3049941514  -0.5972126283
0.2803655677  -0.3017080432  -0.6000068778
0.2775619299  -0.2984487044  -0.6027832768
0.2747763318  -0.2952157940  -0.6055419998
0.2720085971  -0.2920089762  -0.6082832128
0.2692585516  -0.2888279204  -0.6110070723
0.2665260219  -0.2856722978  -0.6137137140
0.2638108347  -0.2825417771  -0.6164032356
0.2611128183  -0.2794360382  -0.6190757194
0.2584318117  -0.2763547982  -0.6217313078
0.2557676655  -0.2732977989  -0.6243702139
0.2531202299  -0.2702647644  -0.6269926450
0.2504893465  -0.2672553956  -0.6295987657
0.2478748552  -0.2642693958  -0.6321887243
0.2452765996  -0.2613064817  -0.6347626703
0.2426944278  -0.2583663786  -0.6373207529
0.2401281899  -0.2554488171  -0.6398631195
0.2375777379  -0.2525535324  -0.6423899155
0.2350429257  -0.2496802640  -0.6449012844
0.2325236089  -0.2468287556  -0.6473973682
0.2300196451  -0.2439987554  -0.6498783067
0.2275308935  -0.2411900155  -0.6523442384
0.2250572150  -0.2384022920  -0.6547952998
0.2225984723  -0.2356353449  -0.6572316256
0.2201545296  -0.2328889381  -0.6596533491
0.2177252531  -0.2301628392  -0.6620606017
0.2153105102  -0.2274568194  -0.6644535136
0.2129101701  -0.2247706533  -0.6668322129
0.2105241038  -0.2221041192  -0.6691968264
0.2081521833  -0.2194569986  -0.6715474795
0.2057942827  -0.2168290763  -0.6738842960
0.2034502772  -0.2142201403  -0.6762073980
0.2011200437  -0.2116299818  -0.6785169065
0.1988034605  -0.2090583950  -0.6808129409
0.1965004073  -0.2065051769  -0.6830956193
0.1942107653  -0.2039701276  -0.6853650585
0.1919344170  -0.2014530499  -0.6876213737
0.1896712463  -0.1989537492  -0.6898646792
0.1874211385  -0.1964720333  -0.6920950878
0.1851839803  -0.1940077122  -0.6943127115
0.1829596595  -0.1915605991  -0.6965176609
0.1807480654  -0.1891305110  -0.6987100450
0.1785490883  -0.1867172682  -0.7008899714
0.1763626201  -0.1843206932  -0.7030575463
0.1741885537  -0.1819406105  -0.7052128749
0.1720267833  -0.1795768474  -0.7073560612
0.1698772042  -0.1772292332  -0.7094872081
0.1677397132  -0.1748975999  -0.7116064173
0.1656142079  -0.1725817818  -0.7137137893
0.1635005873  -0.1702816156  -0.7158094235
0.1613987514  -0.1679969402  -0.7178934184
0.1593086014  -0.1657275967  -0.7199658710
0.1572300396  -0.1634734282  -0.7220268775
0.1551629693  -0.1612342799  -0.7240765331
0.1531072950  -0.1590099991  -0.7261149316
0.1510629222  -0.1568004365  -0.7281421662
0.1490297573  -0.1546054445  -0.7301583286
0.1470077081  -0.1524248768  -0.7321635099
0.1449966831  -0.1502585891  -0.7341578000
0.1429965918  -0.1481064389  -0.7361412879
0.1410073449  -0.1459682859  -0.7381140615
0.1390288540  -0.1438439914  -0.7400762079
0.1370610314  -0.1417334186  -0.7420278132
0.1351037907  -0.1396364325  -0.7439689627
0.1331570464  -0.1375529001  -0.7458997405
0.1312207136  -0.1354826899  -0.7478202300
0.1292947087  -0.1334256722  -0.7497305138
0.1273789488  -0.1313817190  -0.7516306733
0.1254733518  -0.1293507040  -0.7535207893
0.1235778367  -0.1273325025  -0.7554009417
0.1216923233  -0.1253269915  -0.7572712094
0.1198167321  -0.1233340496  -0.7591316707
0.1179509846  -0.1213535568  -0.7609824029
0.1160950030  -0.1193853948  -0.7628234826
0.1142487104  -0.1174294469  -0.7646549854
0.1124120307  -0.1154855976  -0.7664769864
0.1105848887  -0.1135537332  -0.7682895596
0.1087672097  -0.1116337412  -0.7700927785
0.1069589201  -0.1097255107  -0.7718867158
0.1051599469  -0.1078289321  -0.7736714432
0.1033702177  -0.1059438972  -0.7754470319
0.1015896612  -0.1040702992  -0.7772135523
0.0998182066  -0.1022080325  -0.7789710740
0.0980557839  -0.1003569930  -0.7807196661
0.0963023239  -0.0985170797  -0.7824594020
0.0945577584  -0.0966881938  -0.7841903603
0.0928220194  -0.0948702302  -0.7859126043
0.0910950386  -0.0930630833  -0.7876261827
0.0893767493  -0.0912666571  -0.7893311548
0.0876670860  -0.0894808581  -0.7910275862
0.0859659838  -0.0877055913  -0.7927155394
0.0842733782  -0.0859407625  -0.7943950766
0.0825892055  -0.0841862786  -0.7960662596
0.0809134025  -0.0824420475  -0.7977291503
0.0792459065  -0.0807079783  -0.7993838101
0.0775866557  -0.0789839812  -0.8010303007
0.0759355888  -0.0772699672  -0.8026686833
0.0742926449  -0.0755658486  -0.8042990192
0.0726577641  -0.0738715385  -0.8059213696
0.0710308868  -0.0721869511  -0.8075357957
0.0694119541  -0.0705120016  -0.8091423587
0.0678009075  -0.0688466061  -0.8107411195
0.0661976892  -0.0671906816  -0.8123321391
0.0646022420  -0.0655441461  -0.8139154785
0.0630145092  -0.0639069185  -0.8154911982
0.0614344345  -0.0622789186  -0.8170593590
0.0598619624  -0.0606600672  -0.8186200211
0.0582970377  -0.0590502858  -0.8201732446
0.0567396058  -0.0574494969  -0.8217190892
0.0551896126  -0.0558576239  -0.8232576144
0.0536470045  -0.0542745909  -0.8247888788
0.0521117285  -0.0527003230  -0.8263129408
0.0505837319  -0.0511347460  -0.8278298580
0.0490629626  -0.0495777866  -0.8293396871
0.0475493690  -0.0480293724  -0.8308424842
0.0460429000  -0.0464894316  -0.8323383040
0.0445438186  -0.0449578897  -0.8338484924
0.0430522808  -0.0434346749  -0.8353836462
0.0415674235  -0.0419197269  -0.8369074459
0.0400889572  -0.0404129794  -0.8384293251
0.0386172543  -0.0389143598  -0.8399486808
0.0371522593  -0.0374238011  -0.8414648213
0.0356939189  -0.0359412370  -0.8429769659
0.0342421819  -0.0344666021  -0.8444842449
0.0327969995  -0.0329998314  -0.8459856994
0.0313583255  -0.0315408608  -0.8474802820
0.0299261161  -0.0300896269  -0.8489668560
0.0285003302  -0.0286460669  -0.8504441958
0.0270809294  -0.0272101189  -0.8519109868
0.0256678784  -0.0257817215  -0.8533658256
0.0242611446  -0.0243608140  -0.8548072196
0.0228606983  -0.0229473365  -0.8562335874
0.0214665130  -0.0215412294  -0.8576432586
0.0200785650  -0.0201424343  -0.8590344738
0.0186968339  -0.0187508931  -0.8604053845
0.0173213019  -0.0173665483  -0.8617540536
0.0159519545  -0.0159893434  -0.8630784547
0.0145887796  -0.0146192221  -0.8643764725
0.0132317684  -0.0132561290  -0.8656459028
0.0118809142  -0.0119000094  -0.8668844524
0.0105362130  -0.0105508091  -0.8680897392
0.0091976629  -0.0092084744  -0.8692592920
0.0078652640  -0.0078729525  -0.8703905507
0.0065390180  -0.0065441909  -0.8714808662
0.0052189280  -0.0052221381  -0.8725275006
0.0039049981  -0.0039067430  -0.8735276268
0.0025972326  -0.0025979549  -0.8744783289
0.0012956362  -0.0012957241  -0.8753766018
0.0012951877  -0.0012957218  -0.8753766018
