0.179954
0.9751920339  -1.5527787430   0.0000653058
0.9751920339  -1.5527787430   0.0000653058
0.9752042314  -1.5528153744   0.0000598503
0.9752083629  -1.5528266701   0.0000400153
0.9751982513  -1.5527941415   0.0000053729
0.9751723534  -1.5527133007  -0.0000444984
0.9751299761  -1.5525821289  -0.0001100135
0.9750706698  -1.5523993157  -0.0001915809
0.9749940767  -1.5521638182  -0.0002896028
0.9748998798  -1.5518747133  -0.0004044747
0.9747877824  -1.5515311396  -0.0005365856
0.9746574985  -1.5511322705  -0.0006863184
0.9745087487  -1.5506773016  -0.0008540490
0.9743412575  -1.5501654441  -0.0010401473
0.9741547519  -1.5495959207  -0.0012449765
0.9739489608  -1.5489679645  -0.0014688934
0.9737236144  -1.5482808178  -0.0017122482
0.9734784440  -1.5475337318  -0.0019753849
0.9732131822  -1.5467259668  -0.0022586408
0.9729275624  -1.5458567923  -0.0025623468
0.9726213190  -1.5449254878  -0.0028868273
0.9722941878  -1.5439313429  -0.0032324004
0.9719459056  -1.5428736584  -0.0035993775
0.9715762105  -1.5417517465  -0.0039880637
0.9711848421  -1.5405649319  -0.0043987575
0.9707715415  -1.5393125526  -0.0048317511
0.9703360517  -1.5379939603  -0.0052873301
0.9698781172  -1.5366085213  -0.0057657737
0.9693974849  -1.5351556176  -0.0062673546
0.9688939035  -1.5336346475  -0.0067923389
0.9683671243  -1.5320450262  -0.0073409866
0.9678169008  -1.5303861870  -0.0079135508
0.9672429942  -1.5286574511  -0.0085112764
0.9666451609  -1.5268583868  -0.0091334846
0.9660231559  -1.5249886733  -0.0097800503
0.9653767454  -1.5230477546  -0.0104512357
0.9647057002  -1.5210351080  -0.0111472773
0.9640097930  -1.5189502754  -0.0118683960
0.9632887998  -1.5167928310  -0.0126148089
0.9625425002  -1.5145623749  -0.0133867303
0.9617706780  -1.5122585331  -0.0141843710
0.9609731207  -1.5098809576  -0.0150079379
0.9601496204  -1.5074293270  -0.0158576340
0.9592999731  -1.5049033468  -0.0167336573
0.9584239770  -1.5023027480  -0.0176362002
0.9575214341  -1.4996272892  -0.0185654499
0.9565921538  -1.4968767602  -0.0195215895
0.9556359507  -1.4940509807  -0.0205047983
0.9546526448  -1.4911498007  -0.0215152507
0.9536420614  -1.4881731006  -0.0225531170
0.9526040314  -1.4851207922  -0.0236185626
0.9515383911  -1.4819928188  -0.0247117479
0.9504449826  -1.4787891556  -0.0258328284
0.9493236537  -1.4755098101  -0.0269819542
0.9481742580  -1.4721548225  -0.0281592702
0.9469966553  -1.4687242657  -0.0293649155
0.9457907112  -1.4652182459  -0.0305990213
0.9445562974  -1.4616369026  -0.0318617104
0.9432932915  -1.4579804088  -0.0331530964
0.9420015774  -1.4542489708  -0.0344732848
0.9406810454  -1.4504428283  -0.0358223726
0.9393315914  -1.4465622538  -0.0372004486
0.9379531084  -1.4426075446  -0.0386075939
0.9365454921  -1.4385790108  -0.0400438819
0.9351086525  -1.4344770126  -0.0415093798
0.9336425095  -1.4303019846  -0.0430041528
0.9321469903  -1.4260543771  -0.0445282652
0.9306220284  -1.4217346441  -0.0460817778
0.9290675640  -1.4173432790  -0.0476647462
0.9274835436  -1.4128808112  -0.0492772218
0.9258699203  -1.4083478015  -0.0509192513
0.9242266534  -1.4037448404  -0.0525908775
0.9225537088  -1.3990725469  -0.0542921386
0.9208510583  -1.3943315689  -0.0560230683
0.9191186798  -1.3895225823  -0.0577836963
0.9173565258  -1.3846462621  -0.0595740481
0.9155645300  -1.3797032875  -0.0613941449
0.9137426702  -1.3746943989  -0.0632440043
0.9118909633  -1.3696203930  -0.0651236397
0.9100094356  -1.3644820964  -0.0670330608
0.9080981224  -1.3592803621  -0.0689722737
0.9061570674  -1.3540160688  -0.0709412806
0.9041863226  -1.3486901195  -0.0729400803
0.9021859473  -1.3433034401  -0.0749686679
0.9001560082  -1.3378569784  -0.0770270347
0.8980965785  -1.3323517028  -0.0791151686
0.8960077447  -1.3267886128  -0.0812330533
0.8938895705  -1.3211687044  -0.0833806690
0.8917420527  -1.3154929132  -0.0855579922
0.8895651487  -1.3097621383  -0.0877649958
0.8873588076  -1.3039772787  -0.0900016491
0.8851229711  -1.2981392341  -0.0922679178
0.8828575737  -1.2922489047  -0.0945637641
0.8805625440  -1.2863071914  -0.0968891462
0.8782378051  -1.2803149955  -0.0992440193
0.8758832755  -1.2742732185  -0.1016283300
0.8734989357  -1.2681828381  -0.1040420068
0.8710849427  -1.2620450317  -0.1064849725
0.8686414686  -1.2558609937  -0.1089571737
0.8661685895  -1.2496318087  -0.1114585848
0.8636663830  -1.2433585615  -0.1139891997
0.8611349320  -1.2370423476  -0.1165490258
0.8585743223  -1.2306842753  -0.1191380592
0.8559846402  -1.2242854513  -0.1217562539
0.8533659732  -1.2178469643  -0.1244035220
0.8507184128  -1.2113699061  -0.1270797453
0.8480420554  -1.2048554017  -0.1297847773
0.8453370001  -1.1983045981  -0.1325184452
0.8426033498  -1.1917186413  -0.1352805539
0.8398412135  -1.1850986680  -0.1380709066
0.8370507082  -1.1784458032  -0.1408893268
0.8342319576  -1.1717611635  -0.1437356475
0.8313850881  -1.1650458628  -0.1466096966
0.8285102320  -1.1583010160  -0.1495112984
0.8256075315  -1.1515277416  -0.1524402749
0.8226771297  -1.1447271475  -0.1553964465
0.8197191678  -1.1379003260  -0.1583796331
0.8167337907  -1.1310483607  -0.1613896533
0.8137211465  -1.1241723285  -0.1644263240
0.8106813869  -1.1172732989  -0.1674894620
0.8076146679  -1.1103523343  -0.1705788856
0.8045211560  -1.1034104966  -0.1736944168
0.8014010233  -1.0964488416  -0.1768358828
0.7982544420  -1.0894684116  -0.1800031162
0.7950815867  -1.0824702401  -0.1831959547
0.7918826354  -1.0754553525  -0.1864142418
0.7886577693  -1.0684247649  -0.1896578284
0.7854068755  -1.0613791971  -0.1929265733
0.7821294148  -1.0543189417  -0.1962203392
0.7788256694  -1.0472450685  -0.1995389883
0.7754969462  -1.0401596439  -0.2028823840
0.7721446731  -1.0330648590  -0.2062503935
0.7687703471  -1.0259629595  -0.2096428863
0.7653753902  -1.0188561052  -0.2130597202
0.7619600431  -1.0117453217  -0.2165007472
0.7585235044  -1.0046305930  -0.2199658877
0.7550650450  -0.9975119113  -0.2234551456
0.7515839427  -0.9903891999  -0.2269684951
0.7480793784  -0.9832621925  -0.2305058260
0.7445504483  -0.9761305193  -0.2340670029
0.7409962796  -0.9689938781  -0.2376519019
0.7374170557  -0.9618531623  -0.2412604036
0.7338135773  -0.9547099476  -0.2448923897
0.7301860944  -0.9475651748  -0.2485477466
0.7265346609  -0.9404195434  -0.2522263665
0.7228593323  -0.9332737432  -0.2559281459
0.7191601678  -0.9261284596  -0.2596529858
0.7154372611  -0.9189844439  -0.2634007890
0.7116907446  -0.9118425188  -0.2671714603
0.7079207276  -0.9047034360  -0.2709649081
0.7041272925  -0.8975678677  -0.2747810483
0.7003105229  -0.8904364780  -0.2786197889
0.6964704999  -0.8833099329  -0.2824809869
0.6926073528  -0.8761889979  -0.2863644896
0.6887212544  -0.8690744697  -0.2902702125
0.6848123499  -0.8619670294  -0.2941981041
0.6808807579  -0.8548673054  -0.2981480882
0.6769265905  -0.8477759231  -0.3021200682
0.6729500054  -0.8406935909  -0.3061139348
0.6689512059  -0.8336210943  -0.3101295657
0.6649303479  -0.8265591137  -0.3141667962
0.6608875297  -0.8195082297  -0.3182253527
0.6568228301  -0.8124690306  -0.3223047675
0.6527363680  -0.8054422680  -0.3264042082
0.6486281882  -0.7984287784  -0.3305219577
0.6444974966  -0.7914296801  -0.3346505289
0.6403442722  -0.7844454948  -0.3387891463
0.6361720451  -0.7774748603  -0.3429546651
0.6319837772  -0.7705171476  -0.3471577078
0.6277779557  -0.7635742981  -0.3513959922
0.6235523809  -0.7566483398  -0.3556672734
0.6193066370  -0.7497403298  -0.3599702713
0.6150408578  -0.7428509381  -0.3643036914
0.6107550605  -0.7359805325  -0.3686661186
0.6064493233  -0.7291295578  -0.3730560287
0.6021238751  -0.7222986262  -0.3774718091
0.5977789205  -0.7154882097  -0.3819117656
0.5934146894  -0.7086987881  -0.3863741289
0.5890314362  -0.7019308844  -0.3908570613
0.5846292665  -0.6951847633  -0.3953586624
0.5802083848  -0.6884608085  -0.3998769763
0.5757690208  -0.6817593962  -0.4044099995
0.5713116821  -0.6750811221  -0.4089556877
0.5668358066  -0.6684255325  -0.4135119630
0.5623390233  -0.6617903115  -0.4180767195
0.5578217468  -0.6551759235  -0.4226478282
0.5532865563  -0.6485850460  -0.4272231434
0.5487339416  -0.6420182073  -0.4318005092
0.5441633752  -0.6354748531  -0.4363777673
0.5395743356  -0.6289544587  -0.4409527619
0.5349659393  -0.6224561307  -0.4455233444
0.5303365214  -0.6159782042  -0.4500873800
0.5256832607  -0.6095178915  -0.4546427556
0.5210011911  -0.6030703139  -0.4591873870
0.5162810372  -0.5966264021  -0.4637192252
0.5115035952  -0.5901673942  -0.4682362655
0.5066196956  -0.5836451086  -0.4727365850
0.5012896787  -0.5767255746  -0.4772183438
0.4960527135  -0.5699516752  -0.4816796405
0.4914847147  -0.5638907279  -0.4861184477
0.4871575135  -0.5581050170  -0.4905328077
0.4828772221  -0.5523979568  -0.4949209640
0.4786285283  -0.5467533337  -0.4992812892
0.4744107595  -0.5411696156  -0.5036122296
0.4702235932  -0.5356456300  -0.5079123181
0.4660667218  -0.5301802361  -0.5121801857
0.4619398529  -0.5247723306  -0.5164145635
0.4578427083  -0.5194208469  -0.5206142861
0.4537750226  -0.5141247538  -0.5247782979
0.4497365431  -0.5088830545  -0.5289056568
0.4457270288  -0.5036947862  -0.5329955421
0.4417462491  -0.4985590180  -0.5370472593
0.4377939828  -0.4934748505  -0.5410602430
0.4338700159  -0.4884414150  -0.5450340561
0.4299741425  -0.4834578713  -0.5489684110
0.4261061727  -0.4785234052  -0.5528632266
0.4222659275  -0.4736372281  -0.5567186044
0.4184532181  -0.4687985804  -0.5605347485
0.4146678460  -0.4640067301  -0.5643119902
0.4109096209  -0.4592609667  -0.5680508486
0.4071783637  -0.4545605989  -0.5717520377
0.4034738997  -0.4499049557  -0.5754164754
0.3997960584  -0.4452933853  -0.5790453117
0.3961446765  -0.4407252533  -0.5826399699
0.3925196035  -0.4361999411  -0.5862022144
0.3889207119  -0.4317168434  -0.5897342778
0.3853479239  -0.4272753635  -0.5932391352
0.3818012917  -0.4228749027  -0.5967212590
0.3782817088  -0.4185147379  -0.6001927343
0.3747895622  -0.4141942886  -0.6036609194
0.3713218796  -0.4099135861  -0.6071136335
0.3678754680  -0.4056725883  -0.6105406816
0.3644506910  -0.4014705409  -0.6139430763
0.3610488406  -0.3973065796  -0.6173220159
0.3576701024  -0.3931800985  -0.6206778193
0.3543142702  -0.3890905801  -0.6240107277
0.3509811124  -0.3850375205  -0.6273209806
0.3476703998  -0.3810204241  -0.6306088176
0.3443819060  -0.3770388031  -0.6338744780
0.3411154077  -0.3730921776  -0.6371182005
0.3378706842  -0.3691800754  -0.6403402229
0.3346475178  -0.3653020321  -0.6435407820
0.3314456934  -0.3614575904  -0.6467201128
0.3282649987  -0.3576463006  -0.6498784485
0.3251052240  -0.3538677200  -0.6530160201
0.3219661620  -0.3501214132  -0.6561330560
0.3188476082  -0.3464069518  -0.6592297812
0.3157493604  -0.3427239142  -0.6623064173
0.3126712190  -0.3390718856  -0.6653631816
0.3096129867  -0.3354504584  -0.6684002878
0.3065744688  -0.3318592318  -0.6714179454
0.3035554732  -0.3282978117  -0.6744163590
0.3005558098  -0.3247658105  -0.6773957281
0.2975752909  -0.3212628470  -0.6803562463
0.2946137312  -0.3177885467  -0.6832981015
0.2916709476  -0.3143425409  -0.6862214743
0.2887467591  -0.3109244675  -0.6891265378
0.2858409868  -0.3075339698  -0.6920134555
0.2829534536  -0.3041706958  -0.6948823780
0.2800839824  -0.3008342922  -0.6977334238
0.2772323961  -0.2975244072  -0.7005666755
0.2743985250  -0.2942407215  -0.7033822526
0.2715822147  -0.2909829571  -0.7061803634
0.2687833142  -0.2877508276  -0.7089612323
0.2660016635  -0.2845440147  -0.7117250356
0.2632370973  -0.2813621964  -0.7144719264
0.2604894544  -0.2782050656  -0.7172020590
0.2577585782  -0.2750723261  -0.7199155872
0.2550443144  -0.2719636878  -0.7226126635
0.2523465111  -0.2688788652  -0.7252934380
0.2496650178  -0.2658175781  -0.7279580595
0.2469996862  -0.2627795507  -0.7306066744
0.2443503696  -0.2597645117  -0.7332394277
0.2417169231  -0.2567721946  -0.7358564623
0.2390992037  -0.2538023369  -0.7384579196
0.2364970700  -0.2508546807  -0.7410439390
0.2339103822  -0.2479289720  -0.7436146583
0.2313390024  -0.2450249610  -0.7461702137
0.2287827943  -0.2421424016  -0.7487107397
0.2262416232  -0.2392810519  -0.7512363691
0.2237153558  -0.2364406735  -0.7537472333
0.2212038608  -0.2336210317  -0.7562434618
0.2187070080  -0.2308218954  -0.7587251830
0.2162246690  -0.2280430369  -0.7611925235
0.2137567170  -0.2252842321  -0.7636456084
0.2113030264  -0.2225452598  -0.7660845616
0.2088634732  -0.2198259025  -0.7685095053
0.2064379349  -0.2171259453  -0.7709205605
0.2040262903  -0.2144451768  -0.7733178468
0.2016284198  -0.2117833881  -0.7757014825
0.1992442049  -0.2091403733  -0.7780715846
0.1968735287  -0.2065159286  -0.7804282690
0.1945162756  -0.2039098532  -0.7827716505
0.1921723311  -0.2013219505  -0.7851018423
0.1898415823  -0.1987520278  -0.7874189560
0.1875239172  -0.1961998949  -0.7897231018
0.1852192255  -0.1936653638  -0.7920143887
0.1829273978  -0.1911482492  -0.7942929248
0.1806483261  -0.1886483683  -0.7965588167
0.1783819037  -0.1861655409  -0.7988121700
0.1761280248  -0.1836995894  -0.8010530891
0.1738865851  -0.1812503389  -0.8032816772
0.1716574812  -0.1788176167  -0.8054980365
0.1694406111  -0.1764012525  -0.8077022677
0.1672358736  -0.1740010784  -0.8098944709
0.1650431690  -0.1716169282  -0.8120747448
0.1628623983  -0.1692486386  -0.8142431869
0.1606934638  -0.1668960496  -0.8163998940
0.1585362690  -0.1645590034  -0.8185449615
0.1563907182  -0.1622373435  -0.8206784840
0.1542567168  -0.1599309151  -0.8228005548
0.1521341713  -0.1576395659  -0.8249112666
0.1500229891  -0.1553631454  -0.8270107108
0.1479230788  -0.1531015053  -0.8290989779
0.1458343497  -0.1508544991  -0.8311761574
0.1437567123  -0.1486219824  -0.8332423380
0.1416900779  -0.1464038126  -0.8352976072
0.1396343588  -0.1441998492  -0.8373420519
0.1375894683  -0.1420099532  -0.8393757578
0.1355553206  -0.1398339877  -0.8413988097
0.1335318307  -0.1376718176  -0.8434112918
0.1315189146  -0.1355233095  -0.8454132872
0.1295164891  -0.1333883318  -0.8474048779
0.1275244720  -0.1312667544  -0.8493861456
0.1255427817  -0.1291584492  -0.8513571706
0.1235713378  -0.1270632896  -0.8533180328
0.1216100605  -0.1249811506  -0.8552688109
0.1196588709  -0.1229119090  -0.8572095830
0.1177176908  -0.1208554430  -0.8591404263
0.1157864430  -0.1188116324  -0.8610614174
0.1138650510  -0.1167803586  -0.8629726319
0.1119534391  -0.1147615043  -0.8648741446
0.1100515323  -0.1127549541  -0.8667660298
0.1081592564  -0.1107605935  -0.8686483607
0.1062765380  -0.1087783099  -0.8705212099
0.1044033045  -0.1068079919  -0.8723846494
0.1025394841  -0.1048495320  -0.8742387563
0.1006850061  -0.1029028254  -0.8760836136
0.0988397997  -0.1009677586  -0.8779192870
0.0970037939  -0.0990442171  -0.8797458254
0.0951769193  -0.0971320990  -0.8815632903
0.0933591080  -0.0952313052  -0.8833717501
0.0915502927  -0.0933417342  -0.8851712698
0.0897504064  -0.0914632854  -0.8869619142
0.0879593827  -0.0895958593  -0.8887437478
0.0861771561  -0.0877393578  -0.8905168349
0.0844036615  -0.0858936836  -0.8922812398
0.0826388346  -0.0840587408  -0.8940370268
0.0808826116  -0.0822344345  -0.8957842599
0.0791349294  -0.0804206709  -0.8975230033
0.0773957255  -0.0786173573  -0.8992533211
0.0756649380  -0.0768244020  -0.9009752773
0.0739425056  -0.0750417143  -0.9026889362
0.0722283676  -0.0732692046  -0.9043943618
0.0705224639  -0.0715067844  -0.9060916181
0.0688247348  -0.0697543659  -0.9077807692
0.0671351213  -0.0680118626  -0.9094618790
0.0654535650  -0.0662791888  -0.9111350113
0.0637800079  -0.0645562598  -0.9128002297
0.0621143927  -0.0628429917  -0.9144575975
0.0604566625  -0.0611393018  -0.9161071778
0.0588067610  -0.0594451082  -0.9177490330
0.0571646324  -0.0577603298  -0.9193832254
0.0555302213  -0.0560848866  -0.9210098164
0.0539034729  -0.0544186992  -0.9226288668
0.0522843330  -0.0527616894  -0.9242404365
0.0506727478  -0.0511137798  -0.9258445845
0.0490686639  -0.0494748936  -0.9274413688
0.0474723867  -0.0478449507  -0.9290536055
0.0458840991  -0.0462238740  -0.9306926217
0.0443028209  -0.0446116007  -0.9323195919
0.0427282266  -0.0430080602  -0.9339445987
0.0411607459  -0.0414131742  -0.9355669966
0.0396003202  -0.0398268711  -0.9371860447
0.0380468935  -0.0382490803  -0.9388009070
0.0365004119  -0.0366797316  -0.9404106526
0.0349608244  -0.0351187558  -0.9420142552
0.0334280827  -0.0335660845  -0.9436105936
0.0319021413  -0.0320216499  -0.9451984512
0.0303829579  -0.0304853850  -0.9467765164
0.0288704931  -0.0289572235  -0.9483433827
0.0273647109  -0.0274371000  -0.9498975481
0.0258655784  -0.0259249497  -0.9514374157
0.0243730661  -0.0244207085  -0.9529612933
0.0228871480  -0.0229243130  -0.9544673938
0.0214078013  -0.0214357006  -0.9559538347
0.0199350067  -0.0199548094  -0.9574186386
0.0184687483  -0.0184815780  -0.9588597329
0.0170090135  -0.0170159461  -0.9602749498
0.0155557928  -0.0155578536  -0.9616620264
0.0141090798  -0.0141072414  -0.9630186047
0.0126688712  -0.0126640511  -0.9643422316
0.0112351662  -0.0112282247  -0.9656303588
0.0098079668  -0.0097997053  -0.9668803429
0.0083872769  -0.0083784362  -0.9680894453
0.0069731023  -0.0069643617  -0.9692548325
0.0055654505  -0.0055574266  -0.9703735755
0.0041643298  -0.0041575766  -0.9714426505
0.0027697492  -0.0027647576  -0.9724589384
0.0013817176  -0.0013789167  -0.9734192251
0.0013812050  -0.0013789143  -0.9734192251
