0.169793
1.0555755796  -1.7648829447   0.0000937192
1.0555755796  -1.7648829447   0.0000937192
1.0555931957  -1.7649396356   0.0000854992
1.0555989733  -1.7649558698   0.0000563337
1.0555839425  -1.7649028927   0.0000055535
1.0555457977  -1.7647735778  -0.0000674953
1.0554835014  -1.7645647209  -0.0001634513
1.0553963825  -1.7642742515  -0.0002829377
1.0552839098  -1.7639005338  -0.0004265620
1.0551456157  -1.7634421338  -0.0005949168
1.0549810666  -1.7628977265  -0.0007885790
1.0547898484  -1.7622660549  -0.0010081101
1.0545715602  -1.7615459100  -0.0012540564
1.0543258105  -1.7607361209  -0.0015269485
1.0540522155  -1.7598355499  -0.0018273020
1.0537503982  -1.7588430906  -0.0021556168
1.0534199877  -1.7577576671  -0.0025123775
1.0530606193  -1.7565782346  -0.0028980534
1.0526719345  -1.7553037799  -0.0033130984
1.0522535807  -1.7539333230  -0.0037579508
1.0518052121  -1.7524659184  -0.0042330336
1.0513264893  -1.7509006564  -0.0047387547
1.0508170801  -1.7492366654  -0.0052755062
1.0502766596  -1.7474731130  -0.0058436651
1.0497049103  -1.7456092084  -0.0064435928
1.0491015232  -1.7436442034  -0.0070756354
1.0484661971  -1.7415773951  -0.0077401237
1.0477986399  -1.7394081268  -0.0084373729
1.0470985684  -1.7371357901  -0.0091676830
1.0463657089  -1.7347598268  -0.0099313385
1.0455997975  -1.7322797298  -0.0107286086
1.0448005802  -1.7296950455  -0.0115597470
1.0439678240  -1.7270050876  -0.0124264212
1.0431012903  -1.7242097336  -0.0133275262
1.0422007416  -1.7213091197  -0.0142627483
1.0412659706  -1.7183028656  -0.0152323283
1.0402967836  -1.7151906711  -0.0162364625
1.0392929954  -1.7119723916  -0.0172753188
1.0382544321  -1.7086479647  -0.0183490539
1.0371809322  -1.7052173943  -0.0194578133
1.0360723464  -1.7016807488  -0.0206017312
1.0349285372  -1.6980381594  -0.0217809300
1.0337493751  -1.6942898149  -0.0229955197
1.0325347432  -1.6904359691  -0.0242455979
1.0312845424  -1.6864769460  -0.0255312486
1.0299986873  -1.6824131359  -0.0268525422
1.0286771063  -1.6782449940  -0.0282095365
1.0273197412  -1.6739730403  -0.0296022769
1.0259265477  -1.6695978587  -0.0310307962
1.0244974949  -1.6651200971  -0.0324951148
1.0230325656  -1.6605404660  -0.0339952404
1.0215317560  -1.6558597379  -0.0355311679
1.0199950759  -1.6510787466  -0.0371028792
1.0184225480  -1.6461983862  -0.0387103420
1.0168142083  -1.6412196093  -0.0403535117
1.0151701008  -1.6361434203  -0.0420323324
1.0134902694  -1.6309708638  -0.0437467364
1.0117747735  -1.6257030426  -0.0454966448
1.0100236967  -1.6203411261  -0.0472819676
1.0082371358  -1.6148863368  -0.0491026030
1.0064152000  -1.6093399471  -0.0509584358
1.0045580100  -1.6037032775  -0.0528493374
1.0026656984  -1.5979776940  -0.0547751713
1.0007384093  -1.5921645760  -0.0567357943
0.9987762974  -1.5862653633  -0.0587310563
0.9967795284  -1.5802816081  -0.0607608005
0.9947482613  -1.5742148481  -0.0628248630
0.9926826479  -1.5680665828  -0.0649230728
0.9905828637  -1.5618383712  -0.0670552488
0.9884491079  -1.5555318302  -0.0692211956
0.9862815889  -1.5491486069  -0.0714207018
0.9840805231  -1.5426903753  -0.0736535417
0.9818461352  -1.5361588328  -0.0759194770
0.9795786573  -1.5295556969  -0.0782182585
0.9772783284  -1.5228827015  -0.0805496289
0.9749453800  -1.5161415782  -0.0829133310
0.9725800170  -1.5093340339  -0.0853091125
0.9701824621  -1.5024617964  -0.0877367208
0.9677529745  -1.4955266351  -0.0901959009
0.9652918202  -1.4885303302  -0.0926863963
0.9627992702  -1.4814746670  -0.0952079499
0.9602756000  -1.4743614344  -0.0977603045
0.9577210886  -1.4671924225  -0.1003432034
0.9551360124  -1.4599694142  -0.1029563902
0.9525206004  -1.4526941417  -0.1055996092
0.9498750777  -1.4453683241  -0.1082726059
0.9471997187  -1.4379937174  -0.1109751269
0.9444948114  -1.4305720812  -0.1137069204
0.9417606458  -1.4231051658  -0.1164677374
0.9389975134  -1.4155947102  -0.1192573308
0.9362057062  -1.4080424400  -0.1220754559
0.9333854809  -1.4004500342  -0.1249218699
0.9305369706  -1.3928190427  -0.1277963324
0.9276603715  -1.3851510552  -0.1306986051
0.9247560470  -1.3774477980  -0.1336284522
0.9218243841  -1.3697110034  -0.1365856403
0.9188657743  -1.3619423921  -0.1395699386
0.9158806124  -1.3541436719  -0.1425811185
0.9128692945  -1.3463165319  -0.1456189550
0.9098322189  -1.3384626580  -0.1486832249
0.9067696296  -1.3305835734  -0.1517736937
0.9036815523  -1.3226805495  -0.1548901146
0.9005679395  -1.3147547464  -0.1580322664
0.8974287281  -1.3068072586  -0.1611999761
0.8942638403  -1.2988391052  -0.1643931096
0.8910731826  -1.2908512643  -0.1676115572
0.8878567470  -1.2828448318  -0.1708551944
0.8846148822  -1.2748213223  -0.1741238457
0.8813480105  -1.2667823347  -0.1774172907
0.8780563552  -1.2587292258  -0.1807352779
0.8747401253  -1.2506633026  -0.1840775257
0.8713995322  -1.2425858450  -0.1874437273
0.8680347923  -1.2344981037  -0.1908335756
0.8646461303  -1.2264012972  -0.1942467922
0.8612337752  -1.2182966171  -0.1976831160
0.8577979520  -1.2101852288  -0.2011422869
0.8543388823  -1.2020682698  -0.2046240480
0.8508567880  -1.1939468540  -0.2081281461
0.8473518921  -1.1858220711  -0.2116543328
0.8438244185  -1.1776949867  -0.2152023646
0.8402746013  -1.1695666575  -0.2187720015
0.8367026787  -1.1614381258  -0.2223630067
0.8331088809  -1.1533104006  -0.2259751469
0.8294934345  -1.1451844624  -0.2296081972
0.8258565673  -1.1370612697  -0.2332619421
0.8221985070  -1.1289417598  -0.2369361704
0.8185194866  -1.1208268601  -0.2406306709
0.8148197456  -1.1127174899  -0.2443452328
0.8110995216  -1.1046145459  -0.2480796458
0.8073590489  -1.0965188996  -0.2518337008
0.8035985614  -1.0884314047  -0.2556071866
0.7998182537  -1.0803528600  -0.2593998905
0.7960175356  -1.0722832884  -0.2632116033
0.7921961711  -1.0642230153  -0.2670421127
0.7883555526  -1.0561739226  -0.2708912090
0.7844976701  -1.0481385043  -0.2747587535
0.7806245968  -1.0401193639  -0.2786446978
0.7767380654  -1.0321187667  -0.2825489781
0.7728380311  -1.0241371911  -0.2864714529
0.7689232605  -1.0161738155  -0.2904119483
0.7649927170  -1.0082279153  -0.2943703010
0.7610453272  -1.0002987325  -0.2983463606
0.7570799345  -0.9923854209  -0.3023399812
0.7530953930  -0.9844871492  -0.3063510221
0.7490917886  -0.9766044537  -0.3103793507
0.7450700289  -0.9687387672  -0.3144248426
0.7410304294  -0.9608908371  -0.3184873802
0.7369730495  -0.9530611014  -0.3225668532
0.7328979476  -0.9452499842  -0.3266631554
0.7288051948  -0.9374579268  -0.3307761854
0.7246949201  -0.9296854854  -0.3349058503
0.7205672579  -0.9219332082  -0.3390520630
0.7164222894  -0.9142015218  -0.3432147069
0.7122600821  -0.9064908296  -0.3473936280
0.7080807146  -0.8988015242  -0.3515887157
0.7038843355  -0.8911340921  -0.3557999205
0.6996711234  -0.8834890687  -0.3600271859
0.6954412024  -0.8758668817  -0.3642704325
0.6911946694  -0.8682678966  -0.3685295665
0.6869316264  -0.8606924815  -0.3728044678
0.6826522405  -0.8531411378  -0.3770949731
0.6783566835  -0.8456143842  -0.3814008463
0.6740450418  -0.8381125887  -0.3857217160
0.6697173475  -0.8306360776  -0.3900569452
0.6653735944  -0.8231853063  -0.3944052064
0.6610130853  -0.8157612835  -0.3987598378
0.6566357582  -0.8083644556  -0.4031197544
0.6522448544  -0.8009931852  -0.4075001029
0.6478432518  -0.7936464729  -0.4119111226
0.6434296269  -0.7863260788  -0.4163510095
0.6390018073  -0.7790338991  -0.4208175546
0.6345591868  -0.7717705913  -0.4253095029
0.6301018803  -0.7645366022  -0.4298256197
0.6256300365  -0.7573322987  -0.4343646013
0.6211436548  -0.7501577657  -0.4389250859
0.6166428389  -0.7430132299  -0.4435056405
0.6121278081  -0.7358990453  -0.4481047371
0.6075987265  -0.7288154074  -0.4527207656
0.6030558230  -0.7217626077  -0.4573520552
0.5984992797  -0.7147408612  -0.4619968812
0.5939291754  -0.7077501939  -0.4666534699
0.5893457130  -0.7007907929  -0.4713200037
0.5847491888  -0.6938628771  -0.4759946262
0.5801397794  -0.6869665447  -0.4806754499
0.5755157171  -0.6800999405  -0.4853605631
0.5708756544  -0.6732615880  -0.4900480357
0.5662217866  -0.6664536064  -0.4947359230
0.5615555101  -0.6596772838  -0.4994222700
0.5568763262  -0.6529319765  -0.5041051183
0.5521837285  -0.6462170238  -0.5087825128
0.5474768784  -0.6395314241  -0.5134525075
0.5427542911  -0.6328735485  -0.5181131699
0.5380134317  -0.6262407592  -0.5227625853
0.5332499385  -0.6196286504  -0.5273988643
0.5284556189  -0.6130290839  -0.5320201513
0.5236137013  -0.6064255538  -0.5366246330
0.5186823959  -0.5997770299  -0.5412105709
0.5133461528  -0.5927727041  -0.5457763045
0.5080718926  -0.5858834289  -0.5503201183
0.5034079898  -0.5796500884  -0.5548401744
0.4989882813  -0.5736969626  -0.5593346915
0.4946180526  -0.5678264947  -0.5638020755
0.4902799424  -0.5620203736  -0.5682408590
0.4859732745  -0.5562770281  -0.5726496446
0.4816977211  -0.5505952496  -0.5770271105
0.4774529679  -0.5449738625  -0.5813720239
0.4732387158  -0.5394117283  -0.5856832469
0.4690546796  -0.5339077465  -0.5899597367
0.4649005863  -0.5284608536  -0.5942005509
0.4607761750  -0.5230700215  -0.5984048518
0.4566811955  -0.5177342567  -0.6025719105
0.4526154080  -0.5124525992  -0.6067011146
0.4485785823  -0.5072241205  -0.6107919711
0.4445704954  -0.5020479236  -0.6148441072
0.4405909311  -0.4969231414  -0.6188572757
0.4366396845  -0.4918489342  -0.6228313990
0.4327165664  -0.4868244874  -0.6267665949
0.4288213863  -0.4818490143  -0.6306631031
0.4249539404  -0.4769217574  -0.6345212570
0.4211140262  -0.4720419830  -0.6383415490
0.4173014534  -0.4672089773  -0.6421246552
0.4135160385  -0.4624220466  -0.6458714385
0.4097576022  -0.4576805167  -0.6495829725
0.4060259722  -0.4529837318  -0.6532605785
0.4023209876  -0.4483310524  -0.6569058848
0.3986425085  -0.4437218533  -0.6605209384
0.3949904399  -0.4391555189  -0.6641084441
0.3913648007  -0.4346314343  -0.6676724012
0.3877664047  -0.4301488635  -0.6712238138
0.3841956706  -0.4257071936  -0.6747699422
0.3806498782  -0.4213064034  -0.6783001409
0.3771259314  -0.4169464339  -0.6818047101
0.3736240328  -0.4126265418  -0.6852842746
0.3701453945  -0.4083458504  -0.6887400264
0.3666902199  -0.4041037303  -0.6921722974
0.3632583056  -0.3998996463  -0.6955813304
0.3598494178  -0.3957330784  -0.6989673663
0.3564633253  -0.3916035149  -0.7023306461
0.3530997996  -0.3875104526  -0.7056714099
0.3497586154  -0.3834533962  -0.7089898974
0.3464395501  -0.3794318588  -0.7122863474
0.3431423840  -0.3754453611  -0.7155609970
0.3398668999  -0.3714934317  -0.7188140820
0.3366128836  -0.3675756067  -0.7220458362
0.3333801235  -0.3636914299  -0.7252564910
0.3301684105  -0.3598404525  -0.7284462753
0.3269775380  -0.3560222328  -0.7316154151
0.3238073021  -0.3522363364  -0.7347641325
0.3206575013  -0.3484823359  -0.7378926458
0.3175279364  -0.3447598111  -0.7410011692
0.3144184111  -0.3410683493  -0.7440899132
0.3113287311  -0.3374075443  -0.7471590835
0.3082587046  -0.3337769971  -0.7502088808
0.3052081424  -0.3301763150  -0.7532395002
0.3021768571  -0.3266051122  -0.7562511312
0.2991646640  -0.3230630094  -0.7592439565
0.2961713804  -0.3195496335  -0.7622181515
0.2931968255  -0.3160646175  -0.7651738827
0.2902408207  -0.3126075993  -0.7681113044
0.2873031873  -0.3091782158  -0.7710305411
0.2843837465  -0.3057761050  -0.7739316822
0.2814823268  -0.3024009366  -0.7768148489
0.2785987709  -0.2990524220  -0.7796802461
0.2757329261  -0.2957302662  -0.7825280966
0.2728846311  -0.2924341429  -0.7853585798
0.2700537191  -0.2891637212  -0.7881718512
0.2672400271  -0.2859186847  -0.7909680663
0.2644433967  -0.2826987285  -0.7937473811
0.2616636722  -0.2795035539  -0.7965099494
0.2589006997  -0.2763328672  -0.7992559234
0.2561543273  -0.2731863798  -0.8019854533
0.2534244048  -0.2700638080  -0.8046986873
0.2507107839  -0.2669648726  -0.8073957720
0.2480133181  -0.2638892993  -0.8100768520
0.2453318627  -0.2608368182  -0.8127420704
0.2426662747  -0.2578071636  -0.8153915682
0.2400164128  -0.2548000745  -0.8180254850
0.2373821374  -0.2518152937  -0.8206439584
0.2347633105  -0.2488525682  -0.8232471247
0.2321597958  -0.2459116490  -0.8258351183
0.2295714586  -0.2429922909  -0.8284080720
0.2269981659  -0.2400942525  -0.8309661172
0.2244397860  -0.2372172962  -0.8335093837
0.2218961890  -0.2343611876  -0.8360379997
0.2193672463  -0.2315256963  -0.8385520920
0.2168528310  -0.2287105949  -0.8410517859
0.2143528174  -0.2259156594  -0.8435372052
0.2118670817  -0.2231406691  -0.8460084726
0.2093955010  -0.2203854065  -0.8484657090
0.2069379542  -0.2176496567  -0.8509090342
0.2044943214  -0.2149332081  -0.8533385670
0.2020644842  -0.2122358508  -0.8557544245
0.1996483254  -0.2095573786  -0.8581567230
0.1972457292  -0.2068975890  -0.8605455774
0.1948565810  -0.2042562840  -0.8629211005
0.1924807677  -0.2016332680  -0.8652834042
0.1901181773  -0.1990283477  -0.8676325989
0.1877686990  -0.1964413324  -0.8699687941
0.1854322234  -0.1938720343  -0.8722920978
0.1831086423  -0.1913202682  -0.8746026172
0.1807978487  -0.1887858513  -0.8769004580
0.1784997367  -0.1862686037  -0.8791857249
0.1762142016  -0.1837683480  -0.8814585213
0.1739411399  -0.1812849091  -0.8837189496
0.1716804491  -0.1788181142  -0.8859671110
0.1694320282  -0.1763677924  -0.8882031057
0.1671957767  -0.1739337757  -0.8904270327
0.1649715958  -0.1715158998  -0.8926389900
0.1627593873  -0.1691140026  -0.8948390744
0.1605590543  -0.1667279231  -0.8970273818
0.1583705010  -0.1643575023  -0.8992040071
0.1561936324  -0.1620025834  -0.9013690439
0.1540283548  -0.1596630118  -0.9035225852
0.1518745752  -0.1573386349  -0.9056647228
0.1497322019  -0.1550293021  -0.9077955475
0.1476011439  -0.1527348649  -0.9099151492
0.1454813113  -0.1504551767  -0.9120236169
0.1433726152  -0.1481900929  -0.9141210385
0.1412749675  -0.1459394708  -0.9162075012
0.1391882812  -0.1437031695  -0.9182830910
0.1371124700  -0.1414810500  -0.9203478933
0.1350474488  -0.1392729753  -0.9224019925
0.1329931329  -0.1370788099  -0.9244454720
0.1309494391  -0.1348984202  -0.9264784144
0.1289162846  -0.1327316744  -0.9285009015
0.1268935876  -0.1305784424  -0.9305130143
0.1248812672  -0.1284385956  -0.9325148328
0.1228792432  -0.1263120073  -0.9345064362
0.1208874365  -0.1241985523  -0.9364879031
0.1189057684  -0.1220981071  -0.9384593111
0.1169341613  -0.1200105497  -0.9404207369
0.1149725384  -0.1179357595  -0.9423722567
0.1130208235  -0.1158736177  -0.9443139458
0.1110789413  -0.1138240069  -0.9462458787
0.1091468172  -0.1117868111  -0.9481681291
0.1072243775  -0.1097619158  -0.9500807702
0.1053115491  -0.1077492110  -0.9519838803
0.1034082604  -0.1057485892  -0.9538775446
0.1015144394  -0.1037599330  -0.9557618295
0.0996300140  -0.1017831235  -0.9576367839
0.0977549135  -0.0998180563  -0.9595024701
0.0958890691  -0.0978646301  -0.9613589575
0.0940324123  -0.0959227408  -0.9632063123
0.0921848750  -0.0939922848  -0.9650446001
0.0903463899  -0.0920731600  -0.9668738865
0.0885168903  -0.0901652653  -0.9686942368
0.0866963101  -0.0882685010  -0.9705057165
0.0848845838  -0.0863827683  -0.9723083908
0.0830816468  -0.0845079696  -0.9741023250
0.0812874348  -0.0826440087  -0.9758875842
0.0795018843  -0.0807907900  -0.9776642339
0.0777249324  -0.0789482194  -0.9794323392
0.0759565168  -0.0771162036  -0.9811919656
0.0741965757  -0.0752946504  -0.9829431783
0.0724450479  -0.0734834688  -0.9846860427
0.0707018729  -0.0716825686  -0.9864206241
0.0689669907  -0.0698918606  -0.9881469878
0.0672403418  -0.0681112569  -0.9898651988
0.0655218673  -0.0663406701  -0.9915753221
0.0638115088  -0.0645800142  -0.9932774224
0.0621092085  -0.0628292039  -0.9949715640
0.0604149090  -0.0610881550  -0.9966578110
0.0587285536  -0.0593567840  -0.9983362267
0.0570500860  -0.0576350087  -1.0000068740
0.0553794505  -0.0559227473  -1.0016698150
0.0537165918  -0.0542199195  -1.0033251110
0.0520614551  -0.0525264453  -1.0049728222
0.0504139862  -0.0508422461  -1.0066130078
0.0487745095  -0.0491672392  -1.0082691177
0.0471432203  -0.0475013451  -1.0099527935
0.0455190853  -0.0458444996  -1.0116241295
0.0439017628  -0.0441966300  -1.0132934884
0.0422917085  -0.0425576557  -1.0149602057
0.0406888625  -0.0409275032  -1.0166235197
0.0390931674  -0.0393060994  -1.0182825704
0.0375045683  -0.0376933726  -1.0199364003
0.0359230130  -0.0360892513  -1.0215839541
0.0343484526  -0.0344936651  -1.0232240787
0.0327808407  -0.0329065445  -1.0248555230
0.0312201344  -0.0313278203  -1.0264769384
0.0296662939  -0.0297574246  -1.0280868784
0.0281192829  -0.0281952898  -1.0296837987
0.0265790686  -0.0266413494  -1.0312660572
0.0250456213  -0.0250955374  -1.0328319141
0.0235189155  -0.0235577887  -1.0343795316
0.0219989286  -0.0220280388  -1.0359069745
0.0204856421  -0.0205062240  -1.0374122094
0.0189790408  -0.0189922812  -1.0388931053
0.0174791128  -0.0174861483  -1.0403474335
0.0159858501  -0.0159877636  -1.0417728673
0.0144992474  -0.0144970662  -1.0431669824
0.0130193027  -0.0130139960  -1.0445272566
0.0115460170  -0.0115384935  -1.0458510700
0.0100793937  -0.0100704999  -1.0471357048
0.0086194387  -0.0086099571  -1.0483783456
0.0071661597  -0.0071568077  -1.0495760789
0.0057195659  -0.0057109950  -1.0507258938
0.0042796679  -0.0042724631  -1.0518246813
0.0028464766  -0.0028411565  -1.0528692348
0.0014200028  -0.0014170206  -1.0538562498
0.0014194614  -0.0014170180  -1.0538562498
