0.170625
0.9985309926  -1.3049527949   0.0000489309
0.9985309926  -1.3049527949   0.0000489309
0.9985384456  -1.3049661764   0.0000436034
0.9985395092  -1.3049626238   0.0000269094
0.9985300151  -1.3049347247  -0.0000014605
0.9985084078  -1.3048799213  -0.0000418135
0.9984740268  -1.3047971372  -0.0000944545
0.9984264661  -1.3046857159  -0.0001596862
0.9983654166  -1.3045451590  -0.0002378092
0.9982906126  -1.3043750374  -0.0003291217
0.9982018097  -1.3041749554  -0.0004339199
0.9980987751  -1.3039445339  -0.0005524977
0.9979812819  -1.3036834020  -0.0006851468
0.9978491064  -1.3033911923  -0.0008321566
0.9977020268  -1.3030675384  -0.0009938146
0.9975398216  -1.3027120731  -0.0011704057
0.9973622694  -1.3023244277  -0.0013622129
0.9971691482  -1.3019042314  -0.0015695169
0.9969602354  -1.3014511110  -0.0017925960
0.9967353075  -1.3009646907  -0.0020317266
0.9964941399  -1.3004445921  -0.0022871828
0.9962365070  -1.2998904342  -0.0025592363
0.9959621821  -1.2993018335  -0.0028481569
0.9956709373  -1.2986784042  -0.0031542119
0.9953625435  -1.2980197584  -0.0034776667
0.9950367707  -1.2973255059  -0.0038187843
0.9946933875  -1.2965952551  -0.0041778254
0.9943321616  -1.2958286125  -0.0045550488
0.9939528596  -1.2950251836  -0.0049507108
0.9935552470  -1.2941845727  -0.0053650656
0.9931390885  -1.2933063833  -0.0057983653
0.9927041476  -1.2923902186  -0.0062508597
0.9922501850  -1.2914354314  -0.0067235338
0.9917769658  -1.2904418476  -0.0072159559
0.9912842541  -1.2894093999  -0.0077281146
0.9907718068  -1.2883375113  -0.0082602567
0.9902393825  -1.2872256972  -0.0088126198
0.9896867402  -1.2860735434  -0.0093854418
0.9891136385  -1.2848806470  -0.0099789612
0.9885198357  -1.2836466109  -0.0105934180
0.9879050895  -1.2823710421  -0.0112290530
0.9872691576  -1.2810535518  -0.0118861075
0.9866117971  -1.2796937556  -0.0125648237
0.9859327654  -1.2782912737  -0.0132654436
0.9852318195  -1.2768457313  -0.0139882096
0.9845087166  -1.2753567592  -0.0147333640
0.9837632138  -1.2738239943  -0.0155011491
0.9829950685  -1.2722470796  -0.0162918070
0.9822040384  -1.2706256648  -0.0171055795
0.9813898814  -1.2689594071  -0.0179427078
0.9805523559  -1.2672479709  -0.0188034330
0.9796912206  -1.2654910290  -0.0196879954
0.9788062352  -1.2636882624  -0.0205966348
0.9778971597  -1.2618393609  -0.0215295899
0.9769637549  -1.2599440237  -0.0224870990
0.9760057826  -1.2580019593  -0.0234693993
0.9750230056  -1.2560128866  -0.0244767268
0.9740151875  -1.2539765346  -0.0255093166
0.9729820933  -1.2518926430  -0.0265674025
0.9719234889  -1.2497609630  -0.0276512172
0.9708391419  -1.2475812567  -0.0287609929
0.9697288212  -1.2453532983  -0.0298969610
0.9685922972  -1.2430768740  -0.0310593512
0.9674293419  -1.2407517174  -0.0322483914
0.9662397288  -1.2383776162  -0.0334643071
0.9650232332  -1.2359545280  -0.0347073220
0.9637796330  -1.2334823534  -0.0359776571
0.9625087082  -1.2309608943  -0.0372755314
0.9612102403  -1.2283899917  -0.0386011612
0.9598840131  -1.2257695189  -0.0399547603
0.9585298128  -1.2230993657  -0.0413365394
0.9571474281  -1.2203794359  -0.0427467066
0.9557366502  -1.2176096469  -0.0441854668
0.9542972729  -1.2147899302  -0.0456530218
0.9528290929  -1.2119202319  -0.0471495700
0.9513319097  -1.2090005126  -0.0486753066
0.9498055258  -1.2060307478  -0.0502304232
0.9482497468  -1.2030109280  -0.0518151078
0.9466643814  -1.1999410581  -0.0534295446
0.9450492419  -1.1968211583  -0.0550739141
0.9434041439  -1.1936512638  -0.0567483927
0.9417289064  -1.1904314250  -0.0584531530
0.9400233524  -1.1871617076  -0.0601883631
0.9382873085  -1.1838421925  -0.0619541871
0.9365206054  -1.1804729762  -0.0637507845
0.9347230776  -1.1770541712  -0.0655783108
0.9328945639  -1.1735859057  -0.0674369163
0.9310349076  -1.1700683244  -0.0693267472
0.9291439562  -1.1665015879  -0.0712479448
0.9272215618  -1.1628858726  -0.0732006455
0.9252675814  -1.1592213708  -0.0751849808
0.9232818913  -1.1555083152  -0.0772010774
0.9212644021  -1.1517470041  -0.0792490567
0.9192150197  -1.1479377351  -0.0813290352
0.9171336305  -1.1440807773  -0.0834411241
0.9150201251  -1.1401764097  -0.0855854293
0.9128743988  -1.1362249301  -0.0877620524
0.9106963521  -1.1322266585  -0.0899710899
0.9084858905  -1.1281819306  -0.0922126337
0.9062429245  -1.1240910953  -0.0944867697
0.9039673698  -1.1199545249  -0.0967935786
0.9016591475  -1.1157726228  -0.0991331353
0.8993181838  -1.1115457848  -0.1015055094
0.8969444105  -1.1072743317  -0.1039107647
0.8945377644  -1.1029585427  -0.1063489601
0.8920981873  -1.0985987808  -0.1088201486
0.8896256270  -1.0941955369  -0.1113243765
0.8871200374  -1.0897493644  -0.1138616835
0.8845813786  -1.0852608225  -0.1164321030
0.8820096163  -1.0807304658  -0.1190356623
0.8794047222  -1.0761588480  -0.1216723825
0.8767666737  -1.0715465222  -0.1243422785
0.8740954542  -1.0668940407  -0.1270453585
0.8713910530  -1.0622019550  -0.1297816248
0.8686534654  -1.0574708166  -0.1325510731
0.8658826928  -1.0527011766  -0.1353536926
0.8630787426  -1.0478935857  -0.1381894661
0.8602416285  -1.0430485941  -0.1410583697
0.8573713705  -1.0381667522  -0.1439603745
0.8544679951  -1.0332486119  -0.1468954473
0.8515315352  -1.0282947287  -0.1498635475
0.8485620295  -1.0233056640  -0.1528646252
0.8455595230  -1.0182819866  -0.1558986201
0.8425240667  -1.0132242713  -0.1589654620
0.8394557185  -1.0081330984  -0.1620650698
0.8363545428  -1.0030090556  -0.1651973524
0.8332206112  -0.9978527415  -0.1683622094
0.8300540084  -0.9926647915  -0.1715595309
0.8268548510  -0.9874459447  -0.1747891980
0.8236232670  -0.9821969424  -0.1780510818
0.8203593753  -0.9769184527  -0.1813450446
0.8170633001  -0.9716111435  -0.1846709383
0.8137351724  -0.9662756422  -0.1880285975
0.8103751287  -0.9609125558  -0.1914178365
0.8069833207  -0.9555227543  -0.1948384999
0.8035599250  -0.9501074236  -0.1982905083
0.8001051294  -0.9446675328  -0.2017737925
0.7966191070  -0.9392035734  -0.2052882112
0.7931020190  -0.9337159498  -0.2088335620
0.7895540369  -0.9282052792  -0.2124096263
0.7859753504  -0.9226723340  -0.2160161823
0.7823661626  -0.9171179369  -0.2196530019
0.7787266860  -0.9115429304  -0.2233198501
0.7750571418  -0.9059481741  -0.2270164851
0.7713577596  -0.9003345428  -0.2307426591
0.7676287789  -0.8947029248  -0.2344981266
0.7638704502  -0.8890542193  -0.2382826518
0.7600830330  -0.8833893369  -0.2420959997
0.7562667925  -0.8777092002  -0.2459379254
0.7524220036  -0.8720147476  -0.2498081741
0.7485490425  -0.8663071395  -0.2537064823
0.7446483079  -0.8605876027  -0.2576325771
0.7407200763  -0.8548571048  -0.2615861843
0.7367645726  -0.8491164828  -0.2655670440
0.7327820209  -0.8433665537  -0.2695749013
0.7287726377  -0.8376081177  -0.2736094746
0.7247366289  -0.8318419570  -0.2776704435
0.7206741966  -0.8260688296  -0.2817574699
0.7165855476  -0.8202894667  -0.2858702238
0.7124708870  -0.8145045734  -0.2900083471
0.7083304043  -0.8087148296  -0.2941714031
0.7041642750  -0.8029208829  -0.2983588796
0.6999726567  -0.7971233417  -0.3025701210
0.6957556684  -0.7913227474  -0.3068042041
0.6915129247  -0.7855195272  -0.3110570643
0.6872441018  -0.7797141071  -0.3153257419
0.6829515673  -0.7739077775  -0.3196179596
0.6786389858  -0.7681025207  -0.3239439500
0.6743069349  -0.7622997108  -0.3283056837
0.6699537025  -0.7564999838  -0.3327009684
0.6655782655  -0.7507036844  -0.3371280356
0.6611805884  -0.7449110835  -0.3415854843
0.6567608902  -0.7391224162  -0.3460718329
0.6523194001  -0.7333378654  -0.3505855185
0.6478563488  -0.7275575579  -0.3551249024
0.6433719673  -0.7217815677  -0.3596882771
0.6388665000  -0.7160099424  -0.3642738728
0.6343406476  -0.7102433617  -0.3688798637
0.6297953374  -0.7044827520  -0.3735043740
0.6252310763  -0.6987283225  -0.3781454843
0.6206481446  -0.6929799073  -0.3828012374
0.6160467910  -0.6872372807  -0.3874696431
0.6114272287  -0.6815001644  -0.3921486810
0.6067896246  -0.6757682257  -0.3968363098
0.6021345627  -0.6700417110  -0.4015304746
0.5974633202  -0.6643217821  -0.4062291129
0.5927764655  -0.6586086292  -0.4109301606
0.5880734308  -0.6529009933  -0.4156315579
0.5833532525  -0.6471972557  -0.4203312558
0.5786157599  -0.6414969270  -0.4250272215
0.5738615172  -0.6358004603  -0.4297174435
0.5690887412  -0.6301055662  -0.4343999383
0.5642941181  -0.6244084721  -0.4390727568
0.5594738945  -0.6187053587  -0.4437339908
0.5546190089  -0.6129870642  -0.4483817805
0.5497145436  -0.6072387332  -0.4530143406
0.5445700810  -0.6012713798  -0.4576299785
0.5393351060  -0.5952381890  -0.4622270018
0.5344610282  -0.5895883163  -0.4668036081
0.5299192272  -0.5842853163  -0.4713579820
0.5254826843  -0.5790982910  -0.4758884618
0.5210755886  -0.5739504365  -0.4803935493
0.5166960735  -0.5688392464  -0.4848718459
0.5123437807  -0.5637637304  -0.4893220351
0.5080185045  -0.5587231059  -0.4937428926
0.5037200535  -0.5537166581  -0.4981332932
0.4994482516  -0.5487437392  -0.5024922165
0.4952029360  -0.5438037668  -0.5068187511
0.4909839550  -0.5388962213  -0.5111120906
0.4867911641  -0.5340206437  -0.5153715269
0.4826244263  -0.5291766313  -0.5195964602
0.4784836162  -0.5243638328  -0.5237864131
0.4743686188  -0.5195819455  -0.5279410355
0.4702793271  -0.5148307121  -0.5320601096
0.4662156399  -0.5101099176  -0.5361435544
0.4621774595  -0.5054193855  -0.5401914237
0.4581646856  -0.5007589743  -0.5442038895
0.4541772156  -0.4961285730  -0.5481812503
0.4502149528  -0.4915280956  -0.5521239678
0.4462778114  -0.4869574776  -0.5560326914
0.4423657088  -0.4824166737  -0.5599082497
0.4384785546  -0.4779056551  -0.5637516304
0.4346162552  -0.4734244057  -0.5675640241
0.4307787314  -0.4689729179  -0.5713468975
0.4269659189  -0.4645511927  -0.5751020254
0.4231777755  -0.4601592401  -0.5788316098
0.4194143110  -0.4557970925  -0.5825384954
0.4156761395  -0.4514648652  -0.5862296654
0.4119639834  -0.4471626813  -0.5899124820
0.4082761470  -0.4428903661  -0.5935832935
0.4046093369  -0.4386474493  -0.5972332376
0.4009625247  -0.4344335614  -0.6008595140
0.3973368139  -0.4302485548  -0.6044630332
0.3937329747  -0.4260923210  -0.6080443861
0.3901510248  -0.4219647051  -0.6116037722
0.3865907868  -0.4178655276  -0.6151413857
0.3830520808  -0.4137945999  -0.6186574212
0.3795347281  -0.4097517263  -0.6221520747
0.3760385517  -0.4057367040  -0.6256255429
0.3725633761  -0.4017493238  -0.6290780227
0.3691090277  -0.3977893706  -0.6325097113
0.3656753340  -0.3938566244  -0.6359208053
0.3622621245  -0.3899508600  -0.6393115006
0.3588692298  -0.3860718479  -0.6426819919
0.3554964823  -0.3822193549  -0.6460324718
0.3521437157  -0.3783931445  -0.6493631310
0.3488107653  -0.3745929778  -0.6526741569
0.3454974678  -0.3708186144  -0.6559657343
0.3422036615  -0.3670698132  -0.6592380444
0.3389291863  -0.3633463322  -0.6624912644
0.3356738836  -0.3596479294  -0.6657255671
0.3324375960  -0.3559743624  -0.6689411204
0.3292201681  -0.3523253905  -0.6721380862
0.3260214455  -0.3487007745  -0.6753166212
0.3228412756  -0.3451002773  -0.6784768753
0.3196795073  -0.3415236630  -0.6816189912
0.3165359906  -0.3379706975  -0.6847431029
0.3134105769  -0.3344411471  -0.6878493342
0.3103031172  -0.3309347590  -0.6909377852
0.3072134612  -0.3274512581  -0.6940085207
0.3041414627  -0.3239904503  -0.6970616146
0.3010869911  -0.3205522892  -0.7000972157
0.2980499257  -0.3171367242  -0.7031155224
0.2950301382  -0.3137435641  -0.7061167084
0.2920274892  -0.3103725518  -0.7091009120
0.2890418385  -0.3070234625  -0.7120682627
0.2860730506  -0.3036961065  -0.7150188915
0.2831209936  -0.3003903053  -0.7179529289
0.2801855373  -0.2971058841  -0.7208705041
0.2772665525  -0.2938426714  -0.7237717450
0.2743639116  -0.2906004987  -0.7266567782
0.2714774881  -0.2873792005  -0.7295257288
0.2686071568  -0.2841786139  -0.7323787209
0.2657527937  -0.2809985788  -0.7352158770
0.2629142760  -0.2778389373  -0.7380373187
0.2600914820  -0.2746995339  -0.7408431662
0.2572842915  -0.2715802148  -0.7436335385
0.2544925850  -0.2684808282  -0.7464085534
0.2517162445  -0.2654012237  -0.7491683276
0.2489551530  -0.2623412526  -0.7519129766
0.2462091945  -0.2593007672  -0.7546426150
0.2434782543  -0.2562796208  -0.7573573560
0.2407622187  -0.2532776677  -0.7600573120
0.2380609750  -0.2502947626  -0.7627425943
0.2353744115  -0.2473307608  -0.7654133131
0.2327024179  -0.2443855180  -0.7680695777
0.2300448845  -0.2414588899  -0.7707114963
0.2274017028  -0.2385507321  -0.7733391764
0.2247727653  -0.2356608999  -0.7759527244
0.2221579655  -0.2327892469  -0.7785522459
0.2195571977  -0.2299356237  -0.7811378458
0.2169703575  -0.2270998794  -0.7837096283
0.2143973411  -0.2242818704  -0.7862676965
0.2118380459  -0.2214814630  -0.7888121521
0.2092923699  -0.2186985267  -0.7913430957
0.2067602122  -0.2159329286  -0.7938606270
0.2042414730  -0.2131845349  -0.7963648449
0.2017360531  -0.2104532121  -0.7988558475
0.1992438543  -0.2077388281  -0.8013337320
0.1967647794  -0.2050412519  -0.8037985949
0.1942987319  -0.2023603536  -0.8062505317
0.1918456162  -0.1996960043  -0.8086896371
0.1894053375  -0.1970480761  -0.8111160050
0.1869778020  -0.1944164420  -0.8135297283
0.1845629166  -0.1918009736  -0.8159308993
0.1821605889  -0.1892015389  -0.8183196094
0.1797707275  -0.1866180121  -0.8206959493
0.1773932419  -0.1840502820  -0.8230600088
0.1750280420  -0.1814982366  -0.8254118768
0.1726750388  -0.1789617548  -0.8277516416
0.1703341441  -0.1764407142  -0.8300793907
0.1680052701  -0.1739349948  -0.8323952109
0.1656883303  -0.1714444771  -0.8346991882
0.1633832384  -0.1689690425  -0.8369914079
0.1610899092  -0.1665085730  -0.8392719545
0.1588082581  -0.1640629516  -0.8415409119
0.1565382012  -0.1616320623  -0.8437983632
0.1542796554  -0.1592157896  -0.8460443907
0.1520325382  -0.1568140193  -0.8482790762
0.1497967680  -0.1544266380  -0.8505025007
0.1475722637  -0.1520535332  -0.8527147445
0.1453589449  -0.1496945934  -0.8549158872
0.1431567319  -0.1473497081  -0.8571060079
0.1409655459  -0.1450187678  -0.8592851847
0.1387853084  -0.1427016639  -0.8614534954
0.1366159417  -0.1403982890  -0.8636110169
0.1344573690  -0.1381085364  -0.8657578255
0.1323095137  -0.1358323006  -0.8678939969
0.1301723002  -0.1335694769  -0.8700196062
0.1280456534  -0.1313199616  -0.8721347277
0.1259294987  -0.1290836520  -0.8742394354
0.1238237625  -0.1268604463  -0.8763338022
0.1217283714  -0.1246502435  -0.8784179009
0.1196432528  -0.1224529435  -0.8804918033
0.1175683348  -0.1202684470  -0.8825555808
0.1155035458  -0.1180966558  -0.8846093042
0.1134488155  -0.1159374999  -0.8866530510
0.1114040742  -0.1137909188  -0.8886869066
0.1093692520  -0.1116567498  -0.8907109348
0.1073442778  -0.1095348135  -0.8927251792
0.1053290827  -0.1074250488  -0.8947296989
0.1033235996  -0.1053274068  -0.8967245625
0.1013277616  -0.1032417976  -0.8987098341
0.0993415020  -0.1011681316  -0.9006855781
0.0973647546  -0.0991063194  -0.9026518588
0.0953974539  -0.0970562720  -0.9046087405
0.0934395346  -0.0950179008  -0.9065562877
0.0914909323  -0.0929911171  -0.9084945651
0.0895515830  -0.0909758331  -0.9104236376
0.0876214230  -0.0889719606  -0.9123435702
0.0857003893  -0.0869794123  -0.9142544282
0.0837884195  -0.0849981008  -0.9161562772
0.0818854515  -0.0830279390  -0.9180491829
0.0799914238  -0.0810688403  -0.9199332112
0.0781062752  -0.0791207185  -0.9218084284
0.0762299452  -0.0771834875  -0.9236749007
0.0743623737  -0.0752570617  -0.9255326945
0.0725035010  -0.0733413561  -0.9273818763
0.0706532679  -0.0714362860  -0.9292225125
0.0688116155  -0.0695417671  -0.9310546692
0.0669784858  -0.0676577159  -0.9328784127
0.0651538207  -0.0657840492  -0.9346938086
0.0633375628  -0.0639206844  -0.9365009222
0.0615296554  -0.0620675397  -0.9382998184
0.0597300417  -0.0602245337  -0.9400905612
0.0579386657  -0.0583915857  -0.9418732137
0.0561554718  -0.0565686159  -0.9436478382
0.0543804047  -0.0547555449  -0.9454144958
0.0526138557  -0.0529523102  -0.9471984878
0.0508560625  -0.0511588424  -0.9490123737
0.0491058149  -0.0493750217  -0.9508130887
0.0473627190  -0.0476007613  -0.9526118113
0.0456273203  -0.0458360086  -0.9544078218
0.0438995565  -0.0440806892  -0.9562002946
0.0421793678  -0.0423347294  -0.9579882988
0.0404666972  -0.0405980565  -0.9597707981
0.0387614912  -0.0388705985  -0.9615466505
0.0370636992  -0.0371522841  -0.9633146087
0.0353732742  -0.0354430429  -0.9650733197
0.0336901726  -0.0337428051  -0.9668213253
0.0320143548  -0.0320515014  -0.9685570617
0.0303457847  -0.0303690635  -0.9702788594
0.0286844301  -0.0286954234  -0.9719849436
0.0270302630  -0.0270305138  -0.9736734342
0.0253832592  -0.0253742679  -0.9753423452
0.0237433986  -0.0237266196  -0.9769895854
0.0221106651  -0.0220875030  -0.9786129581
0.0204850467  -0.0204568528  -0.9802101609
0.0188665352  -0.0188346043  -0.9817787862
0.0172551263  -0.0172206930  -0.9833163208
0.0156508194  -0.0156150552  -0.9848201458
0.0140536173  -0.0140176272  -0.9862875372
0.0124635260  -0.0124283461  -0.9877156652
0.0108805546  -0.0108471495  -0.9891015947
0.0093047148  -0.0092739753  -0.9904422850
0.0077360202  -0.0077087620  -0.9917345899
0.0061744864  -0.0061514489  -0.9929752578
0.0046201303  -0.0046019757  -0.9941609316
0.0030729690  -0.0030602827  -0.9952881487
0.0015330198  -0.0015263112  -0.9963533410
0.0015323893  -0.0015263053  -0.9963533410
