0.161356
1.0648084538  -1.4221323140   0.0000553622
1.0648084538  -1.4221323140   0.0000553622
1.0648167644  -1.4221477299   0.0000490648
1.0648177346  -1.4221423729   0.0000297480
1.0648066520  -1.4221075305  -0.0000029503
1.0647816864  -1.4220400229  -0.0000493893
1.0647420654  -1.4219385297  -0.0001099247
1.0646873165  -1.4218022565  -0.0001849088
1.0646170817  -1.4216306071  -0.0002746907
1.0645310543  -1.4214230729  -0.0003796163
1.0644289533  -1.4211791878  -0.0005000280
1.0643105116  -1.4208985071  -0.0006362650
1.0641754694  -1.4205805972  -0.0007886632
1.0640235714  -1.4202250295  -0.0009575552
1.0638545645  -1.4198313773  -0.0011432702
1.0636681968  -1.4193992139  -0.0013461343
1.0634642167  -1.4189281115  -0.0015664700
1.0632423726  -1.4184176404  -0.0018045967
1.0630024126  -1.4178673688  -0.0020608305
1.0627440842  -1.4172768627  -0.0023354842
1.0624671342  -1.4166456858  -0.0026288671
1.0621713086  -1.4159733997  -0.0029412854
1.0618563530  -1.4152595640  -0.0032730420
1.0615220118  -1.4145037363  -0.0036244363
1.0611680290  -1.4137054731  -0.0039957646
1.0607941477  -1.4128643294  -0.0043873199
1.0604001103  -1.4119798595  -0.0047993917
1.0599856588  -1.4110516171  -0.0052322663
1.0595505345  -1.4100791558  -0.0056862268
1.0590944783  -1.4090620295  -0.0061615528
1.0586172304  -1.4079997928  -0.0066585208
1.0581185310  -1.4068920013  -0.0071774038
1.0575981177  -1.4057378907  -0.0077193128
1.0570557338  -1.4045373075  -0.0082837446
1.0564911214  -1.4032902346  -0.0088706742
1.0559040162  -1.4019960023  -0.0094803672
1.0552941564  -1.4006540649  -0.0101130786
1.0546612822  -1.3992639686  -0.0107690639
1.0540051350  -1.3978252777  -0.0114485784
1.0533254561  -1.3963375652  -0.0121518781
1.0526219869  -1.3948004109  -0.0128792190
1.0518944693  -1.3932134021  -0.0136308572
1.0511426459  -1.3915761337  -0.0144070482
1.0503662602  -1.3898882088  -0.0152080468
1.0495650565  -1.3881492389  -0.0160341070
1.0487387801  -1.3863588450  -0.0168854817
1.0478871774  -1.3845166578  -0.0177624228
1.0470099961  -1.3826223183  -0.0186651809
1.0461069850  -1.3806754785  -0.0195940052
1.0451778945  -1.3786758018  -0.0205491435
1.0442224765  -1.3766229637  -0.0215308417
1.0432404844  -1.3745166521  -0.0225393443
1.0422316735  -1.3723565679  -0.0235748938
1.0411958009  -1.3701424259  -0.0246377309
1.0401326255  -1.3678739546  -0.0257280941
1.0390419085  -1.3655508972  -0.0268462198
1.0379234130  -1.3631730118  -0.0279923422
1.0367769047  -1.3607400720  -0.0291666931
1.0356021513  -1.3582518673  -0.0303695018
1.0343989233  -1.3557082033  -0.0316009950
1.0331669936  -1.3531089024  -0.0328613970
1.0319061379  -1.3504538040  -0.0341509290
1.0306161345  -1.3477427650  -0.0354698095
1.0292967649  -1.3449755780  -0.0368182541
1.0279478130  -1.3421521055  -0.0381964752
1.0265690661  -1.3392724243  -0.0396046820
1.0251603155  -1.3363365415  -0.0410430805
1.0237213556  -1.3333443428  -0.0425118734
1.0222519837  -1.3302957656  -0.0440112601
1.0207520005  -1.3271907888  -0.0455414363
1.0192212105  -1.3240294135  -0.0471025940
1.0176594218  -1.3208116598  -0.0486949224
1.0160664464  -1.3175375663  -0.0503186087
1.0144421004  -1.3142071898  -0.0519738373
1.0127862035  -1.3108206062  -0.0536607886
1.0110985796  -1.3073779106  -0.0553796380
1.0093790564  -1.3038792172  -0.0571305566
1.0076274661  -1.3003246590  -0.0589137103
1.0058436449  -1.2967143880  -0.0607292605
1.0040274337  -1.2930485748  -0.0625773634
1.0021786775  -1.2893274088  -0.0644581700
1.0002972260  -1.2855510979  -0.0663718259
0.9983829337  -1.2817198687  -0.0683184715
0.9964356596  -1.2778339663  -0.0702982415
0.9944552676  -1.2738936539  -0.0723112649
0.9924416264  -1.2698992129  -0.0743576650
0.9903946097  -1.2658509431  -0.0764375591
0.9883140963  -1.2617491625  -0.0785510586
0.9861999701  -1.2575942073  -0.0806982688
0.9840521204  -1.2533864315  -0.0828792888
0.9818704416  -1.2491262072  -0.0850942117
0.9796548336  -1.2448139236  -0.0873431239
0.9774052019  -1.2404499871  -0.0896261058
0.9751214575  -1.2360348210  -0.0919432311
0.9728035172  -1.2315688625  -0.0942945671
0.9704513035  -1.2270525612  -0.0966801743
0.9680647448  -1.2224863888  -0.0991001071
0.9656437757  -1.2178708425  -0.1015544127
0.9631883368  -1.2132064367  -0.1040431321
0.9606983751  -1.2084936994  -0.1065662992
0.9581738439  -1.2037331806  -0.1091239416
0.9556147031  -1.1989254630  -0.1117160802
0.9530209194  -1.1940711327  -0.1143427307
0.9503925099  -1.1891707809  -0.1170039026
0.9477295474  -1.1842250184  -0.1196995996
0.9450320774  -1.1792344605  -0.1224298187
0.9423001108  -1.1741997943  -0.1251945497
0.9395336648  -1.1691217880  -0.1279937750
0.9367327630  -1.1640012179  -0.1308274702
0.9338974351  -1.1588388497  -0.1336956037
0.9310277166  -1.1536354441  -0.1365981372
0.9281236492  -1.1483917572  -0.1395350254
0.9251852803  -1.1431085403  -0.1425062160
0.9222126635  -1.1377865396  -0.1455116499
0.9192058582  -1.1324264962  -0.1485512608
0.9161649299  -1.1270291466  -0.1516249754
0.9130899499  -1.1215952236  -0.1547327136
0.9099809957  -1.1161254553  -0.1578743880
0.9068381508  -1.1106205657  -0.1610499045
0.9036615045  -1.1050812755  -0.1642591613
0.9004511524  -1.0995083037  -0.1675020496
0.8972071962  -1.0939023688  -0.1707784551
0.8939297442  -1.0882641898  -0.1740882595
0.8906189111  -1.0825944880  -0.1774313372
0.8872748168  -1.0768939880  -0.1808075519
0.8838975869  -1.0711634179  -0.1842167564
0.8804873529  -1.0654035108  -0.1876587932
0.8770442532  -1.0596150072  -0.1911334953
0.8735684323  -1.0537986551  -0.1946406858
0.8700600417  -1.0479552096  -0.1981801786
0.8665192394  -1.0420854326  -0.2017517779
0.8629461901  -1.0361900934  -0.2053552784
0.8593410652  -1.0302699456  -0.2089904592
0.8557040689  -1.0243258300  -0.2126570789
0.8520354379  -1.0183587907  -0.2163549076
0.8483354147  -1.0123700326  -0.2200837733
0.8446042453  -1.0063606507  -0.2238435330
0.8408421682  -1.0003313790  -0.2276339970
0.8370494091  -0.9942828016  -0.2314549133
0.8332261982  -0.9882156418  -0.2353060064
0.8293727817  -0.9821307587  -0.2391869969
0.8254894200  -0.9760290570  -0.2430976006
0.8215763823  -0.9699114562  -0.2470375264
0.8176339462  -0.9637788876  -0.2510064769
0.8136623968  -0.9576322922  -0.2550041488
0.8096620272  -0.9514726195  -0.2590302336
0.8056331390  -0.9453008260  -0.2630844232
0.8015760442  -0.9391178723  -0.2671664208
0.7974910640  -0.9329247232  -0.2712759353
0.7933785247  -0.9267223488  -0.2754126681
0.7892387566  -0.9205117223  -0.2795763100
0.7850720960  -0.9142938166  -0.2837665434
0.7808788870  -0.9080696031  -0.2879830418
0.7766595821  -0.9018402750  -0.2922254812
0.7724146798  -0.8956071327  -0.2964935546
0.7681445385  -0.8893711827  -0.3007869536
0.7638494225  -0.8831332340  -0.3051053363
0.7595295803  -0.8768940642  -0.3094483222
0.7551852574  -0.8706544177  -0.3138155256
0.7508167012  -0.8644150039  -0.3182065637
0.7464241471  -0.8581764995  -0.3226209879
0.7420078089  -0.8519395462  -0.3270582686
0.7375678813  -0.8457047419  -0.3315177627
0.7331045182  -0.8394726186  -0.3359985654
0.7286174964  -0.8332435987  -0.3404975857
0.7241064124  -0.8270180541  -0.3450111804
0.7195726794  -0.8207965804  -0.3495442674
0.7150194649  -0.8145801746  -0.3541075435
0.7104482752  -0.8083705268  -0.3587046729
0.7058580471  -0.8021692146  -0.3633334297
0.7012476310  -0.7959768526  -0.3679919347
0.6966169210  -0.7897936748  -0.3726788051
0.6919661528  -0.7836198726  -0.3773925883
0.6872955756  -0.7774555827  -0.3821317544
0.6826054393  -0.7713008817  -0.3868947017
0.6778959931  -0.7651557895  -0.3916797636
0.6731674830  -0.7590202724  -0.3964852145
0.6684201495  -0.7528942460  -0.4013092763
0.6636545789  -0.7467781052  -0.4061501241
0.6588717614  -0.7406727663  -0.4110058922
0.6540723694  -0.7345785753  -0.4158746796
0.6492566814  -0.7284952506  -0.4207545562
0.6444249325  -0.7224224408  -0.4256435679
0.6395773106  -0.7163597360  -0.4305397428
0.6347139428  -0.7103066648  -0.4354410934
0.6298356019  -0.7042636582  -0.4403456203
0.6249435363  -0.6982317743  -0.4452513190
0.6200379495  -0.6922106692  -0.4501561886
0.6151179916  -0.6861987117  -0.4550582391
0.6101825518  -0.6801941251  -0.4599554956
0.6052319930  -0.6741970781  -0.4648460040
0.6002659737  -0.6682069399  -0.4697278362
0.5952809405  -0.6622194647  -0.4745990969
0.5902735793  -0.6562311542  -0.4794579294
0.5852363816  -0.6502343737  -0.4843025234
0.5801542797  -0.6442139686  -0.4891311349
0.5748960729  -0.6380395852  -0.4939421106
0.5694814202  -0.6317347035  -0.4987338270
0.5643340746  -0.6257223006  -0.5035045787
0.5595716593  -0.6201122000  -0.5082526147
0.5549372912  -0.6146426458  -0.5129763005
0.5503339050  -0.6092152709  -0.5176741696
0.5457585960  -0.6038264363  -0.5223448641
0.5412109857  -0.5984750582  -0.5269871045
0.5366908664  -0.5931602889  -0.5315996987
0.5321980448  -0.5878813514  -0.5361815501
0.5277323425  -0.5826375387  -0.5407316626
0.5232935952  -0.5774282123  -0.5452491451
0.5188816518  -0.5722527993  -0.5497332165
0.5144963717  -0.5671107903  -0.5541832036
0.5101376205  -0.5620017369  -0.5585985323
0.5058052696  -0.5569252475  -0.5629787324
0.5014991999  -0.5518809824  -0.5673234539
0.4972193029  -0.5468686491  -0.5716324746
0.4929654777  -0.5418880003  -0.5759057038
0.4887376287  -0.5369388304  -0.5801431880
0.4845356622  -0.5320209719  -0.5843451033
0.4803594801  -0.5271342921  -0.5885117400
0.4762089827  -0.5222786875  -0.5926435209
0.4720840787  -0.5174540789  -0.5967410405
0.4679846876  -0.5126604071  -0.6008050846
0.4639107285  -0.5078976324  -0.6048366083
0.4598621113  -0.5031657308  -0.6088367336
0.4558387530  -0.4984646898  -0.6128068348
0.4518405898  -0.4937945057  -0.6167485861
0.4478675789  -0.4891551854  -0.6206640404
0.4439197276  -0.4845467562  -0.6245558616
0.4399974916  -0.4799693067  -0.6284297013
0.4361016586  -0.4754229601  -0.6322931425
0.4322311741  -0.4709076423  -0.6361454043
0.4283827669  -0.4664229655  -0.6399776513
0.4245546908  -0.4619685165  -0.6437856017
0.4207478992  -0.4575440829  -0.6475701697
0.4169634051  -0.4531495387  -0.6513320548
0.4132013007  -0.4487847264  -0.6550714613
0.4094614123  -0.4444494634  -0.6587885822
0.4057435607  -0.4401435576  -0.6624836115
0.4020475679  -0.4358668095  -0.6661567443
0.3983732578  -0.4316190122  -0.6698081767
0.3947204556  -0.4273999524  -0.6734381052
0.3910889881  -0.4232094105  -0.6770467261
0.3874786837  -0.4190471612  -0.6806342356
0.3838893723  -0.4149129746  -0.6842008292
0.3803208853  -0.4108066163  -0.6877467013
0.3767730555  -0.4067278480  -0.6912720444
0.3732457173  -0.4026764277  -0.6947770492
0.3697387063  -0.3986521109  -0.6982619033
0.3662518599  -0.3946546512  -0.7017267914
0.3627850167  -0.3906838010  -0.7051718947
0.3593380170  -0.3867393125  -0.7085973907
0.3559107026  -0.3828209378  -0.7120034526
0.3525029165  -0.3789284290  -0.7153902487
0.3491145034  -0.3750615388  -0.7187579416
0.3457453094  -0.3712200218  -0.7221066881
0.3423951820  -0.3674036350  -0.7254366388
0.3390639703  -0.3636121370  -0.7287479370
0.3357515245  -0.3598452879  -0.7320407175
0.3324576962  -0.3561028490  -0.7353151051
0.3291823369  -0.3523845683  -0.7385712043
0.3259252965  -0.3486901701  -0.7418090851
0.3226864276  -0.3450194314  -0.7450288136
0.3194655971  -0.3413722737  -0.7482305210
0.3162626852  -0.3377486603  -0.7514144030
0.3130775678  -0.3341484260  -0.7545806428
0.3099101071  -0.3305713100  -0.7577293829
0.3067601621  -0.3270170740  -0.7608607519
0.3036275965  -0.3234855218  -0.7639748801
0.3005122784  -0.3199764712  -0.7670718982
0.2974140775  -0.3164897444  -0.7701519353
0.2943328649  -0.3130251670  -0.7732151193
0.2912685130  -0.3095825679  -0.7762615767
0.2882208952  -0.3061617792  -0.7792914330
0.2851898864  -0.3027626357  -0.7823048120
0.2821753626  -0.2993849751  -0.7853018366
0.2791772008  -0.2960286378  -0.7882826283
0.2761952795  -0.2926934664  -0.7912473074
0.2732294781  -0.2893793054  -0.7941959931
0.2702796772  -0.2860860016  -0.7971288034
0.2673457584  -0.2828134032  -0.8000458552
0.2644276048  -0.2795613599  -0.8029472642
0.2615251001  -0.2763297227  -0.8058331451
0.2586381293  -0.2731183436  -0.8087036116
0.2557665784  -0.2699270755  -0.8115587762
0.2529103346  -0.2667557718  -0.8143987506
0.2500692860  -0.2636042865  -0.8172236452
0.2472433216  -0.2604724735  -0.8200335698
0.2444323315  -0.2573601871  -0.8228286329
0.2416362069  -0.2542672812  -0.8256089425
0.2388548398  -0.2511936094  -0.8283746054
0.2360881233  -0.2481390234  -0.8311257276
0.2333359513  -0.2451033720  -0.8338624147
0.2305982187  -0.2420865014  -0.8365847711
0.2278748214  -0.2390882636  -0.8392929008
0.2251656561  -0.2361085215  -0.8419869062
0.2224706204  -0.2331471435  -0.8446668885
0.2197896127  -0.2302039960  -0.8473329480
0.2171225324  -0.2272789431  -0.8499851841
0.2144692799  -0.2243718491  -0.8526236957
0.2118297562  -0.2214825799  -0.8552485809
0.2092038634  -0.2186110022  -0.8578599366
0.2065915042  -0.2157569840  -0.8604578594
0.2039925824  -0.2129203940  -0.8630424445
0.2014070024  -0.2101011021  -0.8656137868
0.1988346695  -0.2072989790  -0.8681719800
0.1962754897  -0.2045138934  -0.8707171174
0.1937293699  -0.2017457090  -0.8732492911
0.1911962178  -0.1989942976  -0.8757685929
0.1886759418  -0.1962595479  -0.8782751134
0.1861684512  -0.1935413481  -0.8807689425
0.1836736558  -0.1908395745  -0.8832501696
0.1811914664  -0.1881541016  -0.8857188831
0.1787217945  -0.1854848066  -0.8881751709
0.1762645522  -0.1828315670  -0.8906191200
0.1738196523  -0.1801942612  -0.8930508168
0.1713870086  -0.1775727684  -0.8954703470
0.1689665353  -0.1749669685  -0.8978777955
0.1665581475  -0.1723767420  -0.9002732466
0.1641617608  -0.1698019705  -0.9026567838
0.1617772917  -0.1672425365  -0.9050284901
0.1594046573  -0.1646983234  -0.9073884477
0.1570437754  -0.1621692153  -0.9097367382
0.1546945643  -0.1596550976  -0.9120734424
0.1523569432  -0.1571558565  -0.9143986405
0.1500308318  -0.1546713792  -0.9167124122
0.1477161504  -0.1522015539  -0.9190148364
0.1454128202  -0.1497462697  -0.9213059914
0.1431207628  -0.1473054169  -0.9235859549
0.1408399005  -0.1448788865  -0.9258548039
0.1385701563  -0.1424665706  -0.9281126149
0.1363114535  -0.1400683624  -0.9303594636
0.1340637165  -0.1376841557  -0.9325954252
0.1318268699  -0.1353138455  -0.9348205744
0.1296008391  -0.1329573274  -0.9370349852
0.1273855501  -0.1306144983  -0.9392387310
0.1251809294  -0.1282852555  -0.9414318845
0.1229869040  -0.1259694972  -0.9436145182
0.1208034022  -0.1236671571  -0.9457867119
0.1186303529  -0.1213781800  -0.9479485548
0.1164676847  -0.1191023838  -0.9501001115
0.1143153245  -0.1168395652  -0.9522414238
0.1121732017  -0.1145896678  -0.9543725511
0.1100412479  -0.1123526500  -0.9564935636
0.1079193947  -0.1101284192  -0.9586045268
0.1058075740  -0.1079168829  -0.9607055064
0.1037057179  -0.1057179488  -0.9627965680
0.1016137592  -0.1035315247  -0.9648777776
0.0995316312  -0.1013575188  -0.9669492012
0.0974592679  -0.0991958392  -0.9690109053
0.0953966035  -0.0970463942  -0.9710629565
0.0933435728  -0.0949090926  -0.9731054218
0.0913001113  -0.0927838429  -0.9751383687
0.0892661547  -0.0906705540  -0.9771618648
0.0872416393  -0.0885691349  -0.9791759781
0.0852265019  -0.0864794949  -0.9811807771
0.0832206798  -0.0844015435  -0.9831763303
0.0812241105  -0.0823351905  -0.9851627066
0.0792367323  -0.0802803459  -0.9871399752
0.0772584837  -0.0782369202  -0.9891082052
0.0752893038  -0.0762048243  -0.9910674659
0.0733291322  -0.0741839693  -0.9930178263
0.0713779086  -0.0721742671  -0.9949593556
0.0694355735  -0.0701756298  -0.9968921224
0.0675020676  -0.0681879703  -0.9988161949
0.0655773323  -0.0662112019  -1.0007316409
0.0636613091  -0.0642452387  -1.0026385275
0.0617539402  -0.0622899952  -1.0045369206
0.0598551680  -0.0603453867  -1.0064268853
0.0579649356  -0.0584113295  -1.0083084853
0.0560836939  -0.0564877601  -1.0102087101
0.0542117192  -0.0545746067  -1.0121409569
0.0523476396  -0.0526717342  -1.0140592819
0.0504910121  -0.0507790486  -1.0159756085
0.0486424635  -0.0488964986  -1.0178891667
0.0468019280  -0.0470240052  -1.0197990740
0.0449693429  -0.0451614905  -1.0217043352
0.0431446489  -0.0433088774  -1.0236038426
0.0413277900  -0.0414660897  -1.0254963759
0.0395187141  -0.0396330520  -1.0273806024
0.0377173726  -0.0378096895  -1.0292550766
0.0359237211  -0.0359959285  -1.0311182407
0.0341377195  -0.0341916956  -1.0329684240
0.0323593315  -0.0323969182  -1.0348038435
0.0305885257  -0.0306115245  -1.0366226036
0.0288252748  -0.0288354430  -1.0384226961
0.0270695560  -0.0270686028  -1.0402020002
0.0253213514  -0.0253109337  -1.0419582826
0.0235806472  -0.0235623657  -1.0436891975
0.0218474344  -0.0218228296  -1.0453922864
0.0201217083  -0.0200922563  -1.0470649782
0.0184034686  -0.0183705772  -1.0487045894
0.0166927188  -0.0166577245  -1.0503083240
0.0149894669  -0.0149536302  -1.0518732731
0.0132937239  -0.0132582273  -1.0533964156
0.0116055046  -0.0115714491  -1.0548746177
0.0099248264  -0.0098932291  -1.0563046328
0.0082517094  -0.0082235020  -1.0576831022
0.0065861756  -0.0065622024  -1.0590065543
0.0049282480  -0.0049092661  -1.0602714051
0.0032779506  -0.0032646293  -1.0614739579
0.0016353072  -0.0016282291  -1.0626104035
0.0016345896  -0.0016282225  -1.0626104035
