0.212665
0.7295680970  -0.8714882890   0.0000297625
0.7295680970  -0.8714882890   0.0000297625
0.7295728600  -0.8714954348   0.0000269544
0.7295739110  -0.8714951040   0.0000174810
0.7295686931  -0.8714835399   0.0000011713
0.7295563744  -0.8714596577  -0.0000221458
0.7295365945  -0.8714229839  -0.0000526407
0.7295091281  -0.8713732192  -0.0000904835
0.7294738010  -0.8713101289  -0.0001358439
0.7294304617  -0.8712335062  -0.0001888913
0.7293789692  -0.8711431571  -0.0002497947
0.7293191885  -0.8710388937  -0.0003187226
0.7292509868  -0.8709205304  -0.0003958434
0.7291742329  -0.8707878822  -0.0004813247
0.7290887956  -0.8706407635  -0.0005753342
0.7289945438  -0.8704789877  -0.0006780388
0.7288913455  -0.8703023663  -0.0007896054
0.7287790681  -0.8701107091  -0.0009102001
0.7286575779  -0.8699038237  -0.0010399891
0.7285267402  -0.8696815157  -0.0011791379
0.7283864191  -0.8694435885  -0.0013278117
0.7282364775  -0.8691898429  -0.0014861753
0.7280767771  -0.8689200778  -0.0016543932
0.7279071782  -0.8686340897  -0.0018326295
0.7277275398  -0.8683316727  -0.0020210478
0.7275377197  -0.8680126187  -0.0022198115
0.7273375742  -0.8676767176  -0.0024290835
0.7271269583  -0.8673237567  -0.0026490264
0.7269057256  -0.8669535215  -0.0028798025
0.7266737285  -0.8665657951  -0.0031215734
0.7264308178  -0.8661603589  -0.0033745007
0.7261768431  -0.8657369918  -0.0036387454
0.7259116511  -0.8652953806  -0.0039149050
0.7256350905  -0.8648353822  -0.0042027334
0.7253470084  -0.8643568926  -0.0045022344
0.7250472472  -0.8638596176  -0.0048135729
0.7247356490  -0.8633432922  -0.0051369079
0.7244120550  -0.8628076764  -0.0054723975
0.7240763051  -0.8622525324  -0.0058202016
0.7237282381  -0.8616776222  -0.0061804817
0.7233676912  -0.8610827066  -0.0065534008
0.7229945006  -0.8604675457  -0.0069391238
0.7226085010  -0.8598318985  -0.0073378167
0.7222095259  -0.8591755233  -0.0077496469
0.7217974075  -0.8584981775  -0.0081747834
0.7213719769  -0.8577996180  -0.0086133962
0.7209330637  -0.8570796010  -0.0090656565
0.7204804966  -0.8563378825  -0.0095317370
0.7200141027  -0.8555742181  -0.0100118114
0.7195337084  -0.8547883631  -0.0105060547
0.7190391385  -0.8539800731  -0.0110146428
0.7185302169  -0.8531491035  -0.0115377531
0.7180067663  -0.8522952101  -0.0120755638
0.7174686084  -0.8514181488  -0.0126282542
0.7169155636  -0.8505176763  -0.0131960049
0.7163474515  -0.8495935497  -0.0137789972
0.7157640904  -0.8486455270  -0.0143774136
0.7151652980  -0.8476733669  -0.0149914375
0.7145508906  -0.8466768293  -0.0156212532
0.7139206838  -0.8456556751  -0.0162670459
0.7132744922  -0.8446096667  -0.0169290019
0.7126121296  -0.8435385677  -0.0176073079
0.7119334089  -0.8424421437  -0.0183021517
0.7112381422  -0.8413201361  -0.0190137219
0.7105261408  -0.8401723047  -0.0197422077
0.7097972156  -0.8389984755  -0.0204877989
0.7090511771  -0.8377984499  -0.0212506862
0.7082878351  -0.8365719845  -0.0220310605
0.7075069982  -0.8353188476  -0.0228291138
0.7067084747  -0.8340388179  -0.0236450382
0.7058920723  -0.8327316773  -0.0244790264
0.7050575983  -0.8313972108  -0.0253312716
0.7042048594  -0.8300352058  -0.0262019673
0.7033336620  -0.8286454524  -0.0270913073
0.7024438123  -0.8272277441  -0.0279994859
0.7015351159  -0.8257818773  -0.0289266972
0.7006073786  -0.8243076512  -0.0298731359
0.6996604056  -0.8228048687  -0.0308389965
0.6986940022  -0.8212733355  -0.0318244739
0.6977079737  -0.8197128612  -0.0328297626
0.6967021252  -0.8181232586  -0.0338550574
0.6956762621  -0.8165043446  -0.0349005528
0.6946301898  -0.8148559397  -0.0359664430
0.6935637137  -0.8131778684  -0.0370529222
0.6924766398  -0.8114699593  -0.0381601842
0.6913687742  -0.8097320450  -0.0392884222
0.6902399235  -0.8079639628  -0.0404378292
0.6890898947  -0.8061655545  -0.0416085975
0.6879184952  -0.8043366669  -0.0428009188
0.6867255334  -0.8024771518  -0.0440149843
0.6855108179  -0.8005868665  -0.0452509842
0.6842741585  -0.7986656733  -0.0465091081
0.6830153654  -0.7967134392  -0.0477895444
0.6817342502  -0.7947300366  -0.0490924812
0.6804306251  -0.7927153427  -0.0504181058
0.6791043037  -0.7906692391  -0.0517666047
0.6777551005  -0.7885916155  -0.0531381628
0.6763828313  -0.7864823705  -0.0545329628
0.6749873133  -0.7843414107  -0.0559511859
0.6735683651  -0.7821686555  -0.0573930112
0.6721258067  -0.7799640398  -0.0588586160
0.6706594600  -0.7777274826  -0.0603481751
0.6691691486  -0.7754588514  -0.0618618619
0.6676546975  -0.7731579988  -0.0633998477
0.6661159336  -0.7708248367  -0.0649623013
0.6645526858  -0.7684593501  -0.0665493890
0.6629647853  -0.7660615587  -0.0681612741
0.6613520657  -0.7636314876  -0.0697981174
0.6597143632  -0.7611691600  -0.0714600774
0.6580515162  -0.7586745988  -0.0731473097
0.6563633657  -0.7561478270  -0.0748599675
0.6546497553  -0.7535888682  -0.0765982014
0.6529105313  -0.7509977469  -0.0783621591
0.6511455431  -0.7483744885  -0.0801519858
0.6493546426  -0.7457191201  -0.0819678238
0.6475376850  -0.7430316713  -0.0838098125
0.6456945287  -0.7403121753  -0.0856780888
0.6438250352  -0.7375606688  -0.0875727865
0.6419290696  -0.7347771920  -0.0894940364
0.6400065001  -0.7319617888  -0.0914419664
0.6380571990  -0.7291145086  -0.0934167027
0.6360810425  -0.7262354079  -0.0954183734
0.6340779112  -0.7233245526  -0.0974471082
0.6320476892  -0.7203820195  -0.0995030335
0.6299902651  -0.7174078965  -0.1015862708
0.6279055514  -0.7144023257  -0.1036969369
0.6257934748  -0.7113654844  -0.1058351443
0.6236539431  -0.7082975169  -0.1080010002
0.6214868547  -0.7051985501  -0.1101946071
0.6192921104  -0.7020687172  -0.1124160618
0.6170696139  -0.6989081478  -0.1146654538
0.6148192704  -0.6957168946  -0.1169428588
0.6125409872  -0.6924950315  -0.1192483407
0.6102346811  -0.6892430836  -0.1215819893
0.6079002830  -0.6859619229  -0.1239439368
0.6055377256  -0.6826519547  -0.1263343060
0.6031469292  -0.6793129514  -0.1287531684
0.6007278082  -0.6759446528  -0.1312005639
0.5982802840  -0.6725470846  -0.1336765267
0.5958042883  -0.6691204701  -0.1361810857
0.5932997596  -0.6656651065  -0.1387142614
0.5907666414  -0.6621813189  -0.1412760654
0.5882048820  -0.6586694544  -0.1438665009
0.5856144350  -0.6551298801  -0.1464855627
0.5829952586  -0.6515629818  -0.1491332371
0.5803473165  -0.6479691632  -0.1518095019
0.5776705779  -0.6443488440  -0.1545143274
0.5749650185  -0.6407024584  -0.1572476868
0.5722306211  -0.6370304538  -0.1600095607
0.5694673741  -0.6333332898  -0.1627999204
0.5666752682  -0.6296114381  -0.1656187169
0.5638542978  -0.6258653796  -0.1684658810
0.5610045532  -0.6220957323  -0.1713413229
0.5581263052  -0.6183033638  -0.1742449398
0.5552197780  -0.6144890514  -0.1771766369
0.5522850616  -0.6106533598  -0.1801363202
0.5493222429  -0.6067968449  -0.1831238529
0.5463314077  -0.6029200598  -0.1861390443
0.5433126485  -0.5990235503  -0.1891816837
0.5402660656  -0.5951078531  -0.1922515175
0.5371917552  -0.5911734944  -0.1953481706
0.5340898024  -0.5872209835  -0.1984711019
0.5309602274  -0.5832507841  -0.2016190884
0.5278026500  -0.5792632868  -0.2047875133
0.5246170331  -0.5752589169  -0.2079750910
0.5214051693  -0.5712383650  -0.2111913728
0.5181690609  -0.5672025404  -0.2144454517
0.5149085731  -0.5631522112  -0.2177388090
0.5116225798  -0.5590879733  -0.2210699844
0.5083107261  -0.5550106522  -0.2244373471
0.5049731895  -0.5509209502  -0.2278395675
0.5016101192  -0.5468191698  -0.2312752512
0.4982216664  -0.5427055399  -0.2347429135
0.4948079881  -0.5385802471  -0.2382409828
0.4913692454  -0.5344434389  -0.2417678085
0.4879056019  -0.5302952260  -0.2453216670
0.4844172233  -0.5261356850  -0.2489007700
0.4809042743  -0.5219648609  -0.2525032705
0.4773669839  -0.5177828601  -0.2561272701
0.4738061616  -0.5135905418  -0.2597708253
0.4702226501  -0.5093887614  -0.2634319547
0.4666166352  -0.5051774592  -0.2671086452
0.4629880681  -0.5009562701  -0.2707988591
0.4593367920  -0.4967247169  -0.2745005388
0.4556625141  -0.4924821941  -0.2782116083
0.4519653185  -0.4882286120  -0.2819299780
0.4482462473  -0.4839650468  -0.2856535542
0.4445055105  -0.4796915369  -0.2893802468
0.4407416720  -0.4754062173  -0.2931079744
0.4369531424  -0.4711072315  -0.2968346711
0.4331394266  -0.4667941541  -0.3005582912
0.4292975983  -0.4624639664  -0.3042768161
0.4254214983  -0.4581103767  -0.3079882607
0.4215022027  -0.4537246152  -0.3116906825
0.4174984078  -0.4492658173  -0.3153822055
0.4132171730  -0.4445431065  -0.3190610249
0.4089280731  -0.4398283205  -0.3227253291
0.4050251140  -0.4355124771  -0.3263732471
0.4013950340  -0.4314767615  -0.3300029423
0.3978767297  -0.4275575226  -0.3336127130
0.3943908519  -0.4236747689  -0.3372009816
0.3909299961  -0.4198208177  -0.3407662557
0.3874932896  -0.4159944535  -0.3443071254
0.3840804658  -0.4121950797  -0.3478222725
0.3806913321  -0.4084222108  -0.3513104764
0.3773257090  -0.4046754117  -0.3547706193
0.3739834289  -0.4009542967  -0.3582016914
0.3706643354  -0.3972585263  -0.3616027962
0.3673682817  -0.3935878052  -0.3649731554
0.3640951301  -0.3899418787  -0.3683121131
0.3608447485  -0.3863205301  -0.3716191282
0.3576170077  -0.3827235774  -0.3748937701
0.3544117834  -0.3791508695  -0.3781357362
0.3512289597  -0.3756022834  -0.3813448692
0.3480684277  -0.3720777208  -0.3845211637
0.3449300827  -0.3685771057  -0.3876647751
0.3418138217  -0.3651003809  -0.3907760193
0.3387195383  -0.3616475045  -0.3938553546
0.3356471215  -0.3582184466  -0.3969033892
0.3325964644  -0.3548131863  -0.3999209325
0.3295674692  -0.3514317105  -0.4029090242
0.3265600382  -0.3480740113  -0.4058689168
0.3235740721  -0.3447400838  -0.4088021167
0.3206094856  -0.3414299263  -0.4117104976
0.3176662196  -0.3381435433  -0.4145964097
0.3147443148  -0.3348809685  -0.4174633620
0.3118443496  -0.3316423502  -0.4203194873
0.3089666505  -0.3284277709  -0.4231709982
0.3061094356  -0.3252368566  -0.4260124407
0.3032702632  -0.3220690269  -0.4288360171
0.3004486573  -0.3189240204  -0.4316396208
0.2976453582  -0.3158018164  -0.4344236383
0.2948608128  -0.3127023710  -0.4371886238
0.2920950280  -0.3096255682  -0.4399347940
0.2893478448  -0.3065712572  -0.4426623360
0.2866190911  -0.3035392778  -0.4453714354
0.2839085953  -0.3005294638  -0.4480622779
0.2812161874  -0.2975416435  -0.4507350494
0.2785416991  -0.2945756402  -0.4533899361
0.2758849638  -0.2916312728  -0.4560271236
0.2732458166  -0.2887083557  -0.4586467966
0.2706240942  -0.2858067000  -0.4612491391
0.2680196350  -0.2829261139  -0.4638343333
0.2654322791  -0.2800664030  -0.4664025598
0.2628618680  -0.2772273706  -0.4689539972
0.2603082452  -0.2744088179  -0.4714888212
0.2577712555  -0.2716105449  -0.4740072045
0.2552507454  -0.2688323504  -0.4765093165
0.2527465632  -0.2660740335  -0.4789953225
0.2502585585  -0.2633353933  -0.4814653842
0.2477865830  -0.2606162300  -0.4839196589
0.2453304896  -0.2579163438  -0.4863582988
0.2428901330  -0.2552355362  -0.4887814510
0.2404653693  -0.2525736102  -0.4911892568
0.2380560565  -0.2499303703  -0.4935818512
0.2356620536  -0.2473056217  -0.4959593617
0.2332832213  -0.2446991675  -0.4983219058
0.2309194204  -0.2421107896  -0.5006695783
0.2285705114  -0.2395402612  -0.5030024474
0.2262363597  -0.2369874438  -0.5053205994
0.2239168406  -0.2344523075  -0.5076241809
0.2216118341  -0.2319347877  -0.5099133660
0.2193212154  -0.2294347112  -0.5121883071
0.2170448549  -0.2269518700  -0.5144491334
0.2147826239  -0.2244860801  -0.5166959677
0.2125343966  -0.2220371805  -0.5189289324
0.2103000498  -0.2196050191  -0.5211481491
0.2080794617  -0.2171894470  -0.5233537383
0.2058725120  -0.2147903177  -0.5255458190
0.2036790818  -0.2124074870  -0.5277245088
0.2014990534  -0.2100408128  -0.5298899242
0.1993323102  -0.2076901551  -0.5320421803
0.1971787373  -0.2053553759  -0.5341813907
0.1950382206  -0.2030363390  -0.5363076680
0.1929106475  -0.2007329099  -0.5384211234
0.1907959065  -0.1984449557  -0.5405218670
0.1886938875  -0.1961723451  -0.5426100076
0.1866044813  -0.1939149481  -0.5446856528
0.1845275800  -0.1916726359  -0.5467489092
0.1824630769  -0.1894452809  -0.5487998821
0.1804108663  -0.1872327564  -0.5508386756
0.1783708439  -0.1850349368  -0.5528653929
0.1763429061  -0.1828516970  -0.5548801360
0.1743269508  -0.1806829130  -0.5568830059
0.1723228767  -0.1785284610  -0.5588741026
0.1703305837  -0.1763882180  -0.5608535249
0.1683499727  -0.1742620611  -0.5628213707
0.1663809456  -0.1721498678  -0.5647777371
0.1644234054  -0.1700515146  -0.5667227199
0.1624772561  -0.1679668766  -0.5686564144
0.1605424026  -0.1658958296  -0.5705789149
0.1586187510  -0.1638382541  -0.5724903145
0.1567062082  -0.1617940365  -0.5743907053
0.1548046820  -0.1597630650  -0.5762801782
0.1529140814  -0.1577452270  -0.5781588232
0.1510343160  -0.1557404096  -0.5800267294
0.1491652966  -0.1537485010  -0.5818839851
0.1473069350  -0.1517693905  -0.5837306777
0.1454591435  -0.1498029683  -0.5855668937
0.1436218357  -0.1478491257  -0.5873927186
0.1417949259  -0.1459077551  -0.5892082373
0.1399783293  -0.1439787498  -0.5910135334
0.1381719620  -0.1420620041  -0.5928086902
0.1363757408  -0.1401574134  -0.5945937897
0.1345895836  -0.1382648730  -0.5963689133
0.1328134088  -0.1363842775  -0.5981341416
0.1310471359  -0.1345155245  -0.5998895542
0.1292906852  -0.1326585175  -0.6016352301
0.1275439776  -0.1308131605  -0.6033712473
0.1258069350  -0.1289793545  -0.6050976833
0.1240794799  -0.1271570006  -0.6068146145
0.1223615358  -0.1253460013  -0.6085221168
0.1206530267  -0.1235462601  -0.6102202653
0.1189538776  -0.1217576812  -0.6119091342
0.1172640141  -0.1199801696  -0.6135887971
0.1155833626  -0.1182136313  -0.6152593269
0.1139118501  -0.1164579731  -0.6169207956
0.1122494045  -0.1147131027  -0.6185732748
0.1105959543  -0.1129789286  -0.6202168351
0.1089514287  -0.1112553604  -0.6218515465
0.1073157578  -0.1095423082  -0.6234774783
0.1056888721  -0.1078396834  -0.6250946992
0.1040707029  -0.1061473981  -0.6267032773
0.1024611822  -0.1044653651  -0.6283032796
0.1008602426  -0.1027934983  -0.6298947730
0.0992678175  -0.1011317125  -0.6314778235
0.0976838407  -0.0994799232  -0.6330524963
0.0961082469  -0.0978380467  -0.6346188563
0.0945409714  -0.0962060004  -0.6361769674
0.0929819498  -0.0945837023  -0.6377268933
0.0914311188  -0.0929710714  -0.6392686967
0.0898884153  -0.0913680272  -0.6408024399
0.0883537772  -0.0897744904  -0.6423281846
0.0868271426  -0.0881903822  -0.6438459918
0.0853084505  -0.0866156245  -0.6453559220
0.0837976403  -0.0850501404  -0.6468580351
0.0822946522  -0.0834938634  -0.6483523942
0.0807994271  -0.0819467313  -0.6498390664
0.0793119060  -0.0804086444  -0.6513181071
0.0778320300  -0.0788794973  -0.6527895610
0.0763597412  -0.0773592288  -0.6542534807
0.0748949827  -0.0758477828  -0.6557099233
0.0734376982  -0.0743450880  -0.6571589436
0.0719878316  -0.0728510741  -0.6586005961
0.0705453273  -0.0713656709  -0.6600349349
0.0691101306  -0.0698888090  -0.6614620142
0.0676821868  -0.0684204193  -0.6628818878
0.0662614420  -0.0669604333  -0.6642946095
0.0648478428  -0.0655087831  -0.6657002327
0.0634413362  -0.0640654011  -0.6670988111
0.0620418698  -0.0626302203  -0.6684903980
0.0606493916  -0.0612031742  -0.6698750466
0.0592638501  -0.0597841966  -0.6712528102
0.0578851943  -0.0583732222  -0.6726237418
0.0565133736  -0.0569701857  -0.6739878943
0.0551483380  -0.0555750227  -0.6753453206
0.0537900377  -0.0541876691  -0.6766960734
0.0524384236  -0.0528080613  -0.6780402050
0.0510934470  -0.0514361364  -0.6793777679
0.0497550595  -0.0500718319  -0.6807088138
0.0484232134  -0.0487150859  -0.6820333946
0.0470978611  -0.0473658368  -0.6833515616
0.0457789556  -0.0460240240  -0.6846633657
0.0444664504  -0.0446895870  -0.6859688572
0.0431602993  -0.0433624661  -0.6872680861
0.0418604566  -0.0420426022  -0.6885611017
0.0405668768  -0.0407299367  -0.6898479524
0.0392795152  -0.0394244115  -0.6911286860
0.0379985587  -0.0381259753  -0.6924215262
0.0367241148  -0.0368345745  -0.6937355198
0.0354555396  -0.0355501365  -0.6950396650
0.0341926129  -0.0342726013  -0.6963420161
0.0329356027  -0.0330019226  -0.6976420604
0.0316844613  -0.0317380459  -0.6989392092
0.0304391425  -0.0304809175  -0.7002327980
0.0291996020  -0.0292304839  -0.7015220862
0.0279657971  -0.0279866924  -0.7028062578
0.0267376870  -0.0267494909  -0.7040844204
0.0255152329  -0.0255188277  -0.7053556062
0.0242983979  -0.0242946517  -0.7066187711
0.0230871472  -0.0230769124  -0.7078727955
0.0218814481  -0.0218655596  -0.7091164838
0.0206812702  -0.0206605439  -0.7103485643
0.0194865851  -0.0194618159  -0.7115676898
0.0182973668  -0.0182693271  -0.7127724371
0.0171135914  -0.0170830293  -0.7139613069
0.0159352372  -0.0159028747  -0.7151327244
0.0147622850  -0.0147288160  -0.7162850387
0.0135947175  -0.0135608063  -0.7174165231
0.0124325195  -0.0123987989  -0.7185253750
0.0112756780  -0.0112427480  -0.7196097160
0.0101241818  -0.0100926077  -0.7206675917
0.0089780216  -0.0089483329  -0.7216969719
0.0078371896  -0.0078098788  -0.7226957506
0.0067016796  -0.0066772008  -0.7236617458
0.0055714865  -0.0055502550  -0.7245926998
0.0044466065  -0.0044289979  -0.7254862789
0.0033270362  -0.0033133864  -0.7263400735
0.0022127728  -0.0022033779  -0.7271515982
0.0011038135  -0.0010989301  -0.7279182918
0.0011034866  -0.0010989271  -0.7279182918
