0.148407
1.1649761935  -1.6038088577   0.0000672982
1.1649761935  -1.6038088577   0.0000672982
1.1649860357  -1.6038275759   0.0000590715
1.1649867200  -1.6038179418   0.0000346824
1.1649725247  -1.6037689447  -0.0000063356
1.1649410742  -1.6036761475  -0.0000644427
1.1648913765  -1.6035377536  -0.0001400937
1.1648228302  -1.6033527079  -0.0002337374
1.1647349826  -1.6031202358  -0.0003458166
1.1646274486  -1.6028396880  -0.0004767686
1.1644998774  -1.6025104762  -0.0006270246
1.1643519368  -1.6021320442  -0.0007970102
1.1641833057  -1.6017038529  -0.0009871449
1.1639936690  -1.6012253719  -0.0011978426
1.1637827160  -1.6006960755  -0.0014295113
1.1635501384  -1.6001154394  -0.0016825532
1.1632956292  -1.5994829398  -0.0019573645
1.1630188829  -1.5987980525  -0.0022543358
1.1627195943  -1.5980602522  -0.0025738518
1.1623974588  -1.5972690128  -0.0029162913
1.1620521722  -1.5964238074  -0.0032820273
1.1616834304  -1.5955241084  -0.0036714270
1.1612909301  -1.5945693882  -0.0040848518
1.1608743678  -1.5935591194  -0.0045226571
1.1604334407  -1.5924927753  -0.0049851927
1.1599678467  -1.5913698308  -0.0054728025
1.1594772840  -1.5901897623  -0.0059858245
1.1589614515  -1.5889520492  -0.0065245909
1.1584200492  -1.5876561739  -0.0070894281
1.1578527779  -1.5863016228  -0.0076806567
1.1572593395  -1.5848878869  -0.0082985913
1.1566394371  -1.5834144627  -0.0089435408
1.1559927734  -1.5818803763  -0.0096168466
1.1553190585  -1.5802855611  -0.0103178619
1.1546180022  -1.5786301517  -0.0110465287
1.1538893090  -1.5769133264  -0.0118031373
1.1531326891  -1.5751344575  -0.0125879651
1.1523478562  -1.5732930509  -0.0134012903
1.1515345263  -1.5713886411  -0.0142433890
1.1506924180  -1.5694207817  -0.0151145361
1.1498212524  -1.5673890415  -0.0160150046
1.1489207537  -1.5652930051  -0.0169450653
1.1479906489  -1.5631322730  -0.0179049862
1.1470306683  -1.5609064621  -0.0188950323
1.1460405453  -1.5586152068  -0.0199154653
1.1450200171  -1.5562581594  -0.0209665440
1.1439688242  -1.5538349908  -0.0220485240
1.1428867114  -1.5513453917  -0.0231616573
1.1417734270  -1.5487890730  -0.0243061917
1.1406287235  -1.5461657669  -0.0254823704
1.1394523579  -1.5434752271  -0.0266904320
1.1382440912  -1.5407172300  -0.0279306104
1.1370036894  -1.5378915752  -0.0292031343
1.1357309228  -1.5349980858  -0.0305082277
1.1344255669  -1.5320366087  -0.0318461090
1.1330874019  -1.5290070150  -0.0332169915
1.1317162133  -1.5259092008  -0.0346210826
1.1303117918  -1.5227430877  -0.0360585845
1.1288739335  -1.5195086233  -0.0375296933
1.1274024400  -1.5162057817  -0.0390345994
1.1258971186  -1.5128345635  -0.0405734872
1.1243577823  -1.5093949967  -0.0421465352
1.1227842499  -1.5058871365  -0.0437539155
1.1211763464  -1.5023109500  -0.0453957942
1.1195339020  -1.4986665046  -0.0470723312
1.1178567538  -1.4949541726  -0.0487836798
1.1161447464  -1.4911742286  -0.0505299871
1.1143977300  -1.4873267806  -0.0523113939
1.1126155608  -1.4834120117  -0.0541280346
1.1107981014  -1.4794301648  -0.0559800371
1.1089452212  -1.4753815144  -0.0578675229
1.1070567963  -1.4712663635  -0.0597906069
1.1051327096  -1.4670850424  -0.0617493978
1.1031728506  -1.4628379081  -0.0637439976
1.1011771159  -1.4585253443  -0.0657745019
1.0991454086  -1.4541477615  -0.0678409999
1.0970776398  -1.4497055979  -0.0699435744
1.0949737482  -1.4451993603  -0.0720823018
1.0928336902  -1.4406296043  -0.0742572523
1.0906574093  -1.4359968718  -0.0764684897
1.0884448447  -1.4313017071  -0.0787160716
1.0861959416  -1.4265446766  -0.0810000494
1.0839106508  -1.4217263692  -0.0833204689
1.0815889292  -1.4168473948  -0.0856773731
1.0792307400  -1.4119083843  -0.0880708019
1.0768360519  -1.4069099894  -0.0905007898
1.0744048389  -1.4018528827  -0.0929673637
1.0719370807  -1.3967377569  -0.0954705436
1.0694327626  -1.3915653236  -0.0980103428
1.0668918755  -1.3863363131  -0.1005867678
1.0643144159  -1.3810514735  -0.1031998181
1.0617003860  -1.3757115698  -0.1058494862
1.0590497934  -1.3703173834  -0.1085357577
1.0563626514  -1.3648697110  -0.1112586112
1.0536389787  -1.3593693605  -0.1140180185
1.0508787998  -1.3538171473  -0.1168139443
1.0480821443  -1.3482139081  -0.1196463462
1.0452490476  -1.3425605056  -0.1225151750
1.0423795508  -1.3368578149  -0.1254203744
1.0394737003  -1.3311067185  -0.1283618810
1.0365315482  -1.3253081133  -0.1313396249
1.0335531521  -1.3194629222  -0.1343535287
1.0305385755  -1.3135720827  -0.1374035086
1.0274878874  -1.3076364716  -0.1404894739
1.0244011619  -1.3016568641  -0.1436113279
1.0212784786  -1.2956340563  -0.1467689672
1.0181199229  -1.2895689954  -0.1499622815
1.0149255870  -1.2834627403  -0.1531911543
1.0116955697  -1.2773163632  -0.1564554631
1.0084299762  -1.2711309197  -0.1597550792
1.0051289174  -1.2649074530  -0.1630898668
1.0017925104  -1.2586469959  -0.1664596835
0.9984208786  -1.2523505698  -0.1698643803
0.9950141516  -1.2460191846  -0.1733038015
0.9915725060  -1.2396539069  -0.1767777847
0.9880962505  -1.2332560027  -0.1802861608
0.9845856843  -1.2268266944  -0.1838287537
0.9810410045  -1.2203670044  -0.1874053809
0.9774624034  -1.2138779229  -0.1910158529
0.9738500780  -1.2073604254  -0.1946599737
0.9702042296  -1.2008154740  -0.1983375401
0.9665250641  -1.1942440185  -0.2020483420
0.9628127915  -1.1876469988  -0.2057921626
0.9590676266  -1.1810253458  -0.2095687781
0.9552897888  -1.1743799831  -0.2133779589
0.9514795022  -1.1677118259  -0.2172194713
0.9476369957  -1.1610217817  -0.2210930771
0.9437625022  -1.1543107544  -0.2249985283
0.9398562578  -1.1475796482  -0.2289355653
0.9359185024  -1.1408293666  -0.2329039180
0.9319494806  -1.1340608112  -0.2369033056
0.9279494417  -1.1272748825  -0.2409334371
0.9239186390  -1.1204724751  -0.2449940082
0.9198573291  -1.1136544660  -0.2490846937
0.9157657739  -1.1068217577  -0.2532051638
0.9116442527  -1.0999753663  -0.2573551423
0.9074930626  -1.0931163489  -0.2615344009
0.9033124939  -1.0862456370  -0.2657426620
0.8991028199  -1.0793640699  -0.2699795736
0.8948643588  -1.0724726733  -0.2742447724
0.8905974741  -1.0655725827  -0.2785379087
0.8863025164  -1.0586648133  -0.2828586303
0.8819798298  -1.0517503358  -0.2872065795
0.8776297636  -1.0448301227  -0.2915813947
0.8732526732  -1.0379051475  -0.2959827117
0.8688489204  -1.0309763838  -0.3004101630
0.8644188722  -1.0240448048  -0.3048633757
0.8599629008  -1.0171113818  -0.3093419719
0.8554813864  -1.0101770815  -0.3138455823
0.8509747187  -1.0032428638  -0.3183738526
0.8464432923  -0.9963096839  -0.3229264268
0.8418875030  -0.9893784933  -0.3275029393
0.8373077490  -0.9824502360  -0.3321030160
0.8327044328  -0.9755258444  -0.3367262751
0.8280779643  -0.9686062380  -0.3413723389
0.8234287638  -0.9616923208  -0.3460408483
0.8187572921  -0.9547850610  -0.3507314412
0.8140641351  -0.9478857308  -0.3554437178
0.8093497970  -0.9409954741  -0.3601772441
0.8046145913  -0.9341150079  -0.3649315856
0.7998588035  -0.9272449545  -0.3697062893
0.7950826962  -0.9203858934  -0.3745008219
0.7902865028  -0.9135383571  -0.3793145421
0.7854704169  -0.9067028156  -0.3841465988
0.7806344496  -0.8998796356  -0.3889951681
0.7757781341  -0.8930690865  -0.3938560425
0.7709021037  -0.8862715724  -0.3987306702
0.7660095729  -0.8794878900  -0.4036297169
0.7611025731  -0.8727189787  -0.4085587834
0.7561794872  -0.8659653997  -0.4135158339
0.7512388241  -0.8592278787  -0.4184988955
0.7462809811  -0.8525075413  -0.4235066239
0.7413065222  -0.8458049670  -0.4285376333
0.7363157171  -0.8391202009  -0.4335904673
0.7313088296  -0.8324532124  -0.4386636046
0.7262861212  -0.8258039100  -0.4437554646
0.7212478495  -0.8191721456  -0.4488644138
0.7161942658  -0.8125577178  -0.4539887713
0.7111256115  -0.8059603751  -0.4591268147
0.7060422262  -0.7993799867  -0.4642767853
0.7009450386  -0.7928172520  -0.4694368933
0.6958349775  -0.7862727740  -0.4746053231
0.6907123874  -0.7797462231  -0.4797802386
0.6855774743  -0.7732370661  -0.4849597879
0.6804303829  -0.7667447032  -0.4901421091
0.6752711814  -0.7602684668  -0.4953253341
0.6701006341  -0.7538086727  -0.5005075936
0.6649199238  -0.7473661977  -0.5056870203
0.6597290369  -0.7409403422  -0.5108617512
0.6545268180  -0.7345290556  -0.5160299313
0.6493122678  -0.7281306969  -0.5211897239
0.6440856146  -0.7217452477  -0.5263393168
0.6388450793  -0.7153703925  -0.5314769274
0.6335866525  -0.7090015378  -0.5366008085
0.6283044616  -0.7026325904  -0.5417092555
0.6229856404  -0.6962505697  -0.5468006184
0.6175725136  -0.6897980575  -0.5518733301
0.6119386855  -0.6831518813  -0.5569258832
0.6064499532  -0.6766787337  -0.5619567047
0.6013888331  -0.6706542914  -0.5669641381
0.5964854680  -0.6648025839  -0.5719466262
0.5916170101  -0.6589989462  -0.5769028014
0.5867771518  -0.6532361682  -0.5818314010
0.5819654870  -0.6475130415  -0.5867312224
0.5771818022  -0.6418286373  -0.5916011420
0.5724258997  -0.6361820984  -0.5964401269
0.5676975985  -0.6305726409  -0.6012472374
0.5629967316  -0.6249995524  -0.6060216316
0.5583231454  -0.6194621900  -0.6107625696
0.5536766986  -0.6139599777  -0.6154694180
0.5490572604  -0.6084924035  -0.6201416523
0.5444647065  -0.6030590176  -0.6247788481
0.5398989157  -0.5976594282  -0.6293806757
0.5353597731  -0.5922932969  -0.6339469163
0.5308471741  -0.5869603322  -0.6384774747
0.5263610225  -0.5816602874  -0.6429723830
0.5219012270  -0.5763929577  -0.6474318056
0.5174676974  -0.5711581766  -0.6518560313
0.5130603383  -0.5659558126  -0.6562454577
0.5086790523  -0.5607857640  -0.6606006130
0.5043237525  -0.5556479524  -0.6649221988
0.4999943626  -0.5505423196  -0.6692111031
0.4956908039  -0.5454688276  -0.6734683764
0.4914129928  -0.5404274540  -0.6776952608
0.4871608601  -0.5354181882  -0.6818932743
0.4829343633  -0.5304410303  -0.6860642831
0.4787335047  -0.5254959979  -0.6902106749
0.4745585024  -0.5205831500  -0.6943363534
0.4704101731  -0.5157025995  -0.6984487932
0.4662883302  -0.5108543679  -0.7025506068
0.4621898890  -0.5060381878  -0.7066335216
0.4581122165  -0.5012536390  -0.7106916324
0.4540559689  -0.4965004292  -0.7147256815
0.4500224325  -0.4917783903  -0.7187364850
0.4460118153  -0.4870873579  -0.7227242620
0.4420239569  -0.4824271473  -0.7266892027
0.4380586806  -0.4777975634  -0.7306314978
0.4341158112  -0.4731984035  -0.7345513395
0.4301951751  -0.4686294577  -0.7384489209
0.4262966001  -0.4640905092  -0.7423244354
0.4224199157  -0.4595813348  -0.7461780769
0.4185649528  -0.4551017057  -0.7500100386
0.4147315438  -0.4506513875  -0.7538205131
0.4109195226  -0.4462301417  -0.7576096920
0.4071287246  -0.4418377258  -0.7613777655
0.4033589865  -0.4374738940  -0.7651249217
0.3996101465  -0.4331383972  -0.7688513464
0.3958820442  -0.4288309843  -0.7725572221
0.3921745206  -0.4245514028  -0.7762427281
0.3884874183  -0.4202993994  -0.7799080397
0.3848205811  -0.4160747214  -0.7835533285
0.3811738545  -0.4118771162  -0.7871787611
0.3775470853  -0.4077063320  -0.7907844991
0.3739401216  -0.4035621181  -0.7943706979
0.3703528131  -0.3994442265  -0.7979375069
0.3667850106  -0.3953524114  -0.8014850684
0.3632365666  -0.3912864290  -0.8050135168
0.3597073344  -0.3872460369  -0.8085229765
0.3561971681  -0.3832309877  -0.8120135567
0.3527059201  -0.3792410118  -0.8154853356
0.3492334430  -0.3752758543  -0.8189383699
0.3457796013  -0.3713353921  -0.8223727660
0.3423442775  -0.3674195994  -0.8257887110
0.3389273545  -0.3635283470  -0.8291863976
0.3355286992  -0.3596613777  -0.8325659724
0.3321481714  -0.3558184407  -0.8359275618
0.3287856352  -0.3519993331  -0.8392712939
0.3254409603  -0.3482038710  -0.8425972975
0.3221140180  -0.3444318752  -0.8459057002
0.3188046811  -0.3406831706  -0.8491966282
0.3155128238  -0.3369575858  -0.8524702067
0.3122383210  -0.3332549526  -0.8557265593
0.3089810493  -0.3295751060  -0.8589658085
0.3057408862  -0.3259178842  -0.8621880757
0.3025177103  -0.3222831280  -0.8653934809
0.2993114014  -0.3186706809  -0.8685821432
0.2961218403  -0.3150803884  -0.8717541804
0.2929489092  -0.3115120983  -0.8749097091
0.2897924910  -0.3079656602  -0.8780488449
0.2866524698  -0.3044409250  -0.8811717024
0.2835287309  -0.3009377453  -0.8842783952
0.2804211603  -0.2974559743  -0.8873690356
0.2773296452  -0.2939954663  -0.8904437351
0.2742540740  -0.2905560762  -0.8935026044
0.2711943356  -0.2871376591  -0.8965457529
0.2681503202  -0.2837400704  -0.8995732894
0.2651219189  -0.2803631651  -0.9025853216
0.2621090237  -0.2770067982  -0.9055819565
0.2591115276  -0.2736708237  -0.9085633001
0.2561293243  -0.2703550946  -0.9115294578
0.2531623087  -0.2670594600  -0.9144805341
0.2502103763  -0.2637837656  -0.9174166332
0.2472734237  -0.2605278601  -0.9203378584
0.2443513481  -0.2572916043  -0.9232443117
0.2414440479  -0.2540748680  -0.9261360939
0.2385514218  -0.2508775194  -0.9290133046
0.2356733697  -0.2476994230  -0.9318760431
0.2328097925  -0.2445404433  -0.9347244078
0.2299605914  -0.2414004458  -0.9375584963
0.2271256690  -0.2382792973  -0.9403784056
0.2243049283  -0.2351768654  -0.9431842318
0.2214982731  -0.2320930186  -0.9459760703
0.2187056080  -0.2290276264  -0.9487540156
0.2159268386  -0.2259805591  -0.9515181615
0.2131618708  -0.2229516838  -0.9542686012
0.2104106117  -0.2199408604  -0.9570054270
0.2076729687  -0.2169479593  -0.9597287306
0.2049488503  -0.2139728734  -0.9624386030
0.2022381656  -0.2110154945  -0.9651351341
0.1995408244  -0.2080756979  -0.9678184135
0.1968567371  -0.2051533561  -0.9704885301
0.1941858150  -0.2022483448  -0.9731455719
0.1915279698  -0.1993605399  -0.9757896264
0.1888831142  -0.1964898178  -0.9784207805
0.1862511612  -0.1936360557  -0.9810391202
0.1836320249  -0.1907991313  -0.9836447310
0.1810256196  -0.1879789230  -0.9862376978
0.1784318607  -0.1851753100  -0.9888181048
0.1758506638  -0.1823881724  -0.9913860355
0.1732819455  -0.1796173909  -0.9939415729
0.1707256228  -0.1768628475  -0.9964847992
0.1681816135  -0.1741244246  -0.9990157962
0.1656498358  -0.1714020059  -1.0015346448
0.1631302088  -0.1686954761  -1.0040414256
0.1606226519  -0.1660047205  -1.0065362184
0.1581270852  -0.1633296256  -1.0090191025
0.1556434296  -0.1606700790  -1.0114901564
0.1531716063  -0.1580259690  -1.0139494583
0.1507115373  -0.1553971849  -1.0163970857
0.1482631451  -0.1527836170  -1.0188331155
0.1458263526  -0.1501851566  -1.0212576239
0.1434010836  -0.1476016955  -1.0236706869
0.1409872621  -0.1450331267  -1.0260723795
0.1385848130  -0.1424793440  -1.0284627766
0.1361936615  -0.1399402418  -1.0308419521
0.1338137335  -0.1374157154  -1.0332099796
0.1314449559  -0.1349057075  -1.0355669421
0.1290872568  -0.1324101760  -1.0379129336
0.1267405629  -0.1299289060  -1.0402480190
0.1244047992  -0.1274616537  -1.0425722359
0.1220798935  -0.1250083741  -1.0448856436
0.1197657761  -0.1225690417  -1.0471883138
0.1174623775  -0.1201435621  -1.0494803132
0.1151696278  -0.1177318403  -1.0517617086
0.1128874577  -0.1153337813  -1.0540325669
0.1106157986  -0.1129492901  -1.0562929555
0.1083545821  -0.1105782716  -1.0585429423
0.1061037404  -0.1082206308  -1.0607825953
0.1038632063  -0.1058762722  -1.0630119834
0.1016329128  -0.1035451007  -1.0652311757
0.0994127937  -0.1012270207  -1.0674402419
0.0972027829  -0.0989219366  -1.0696392524
0.0950028150  -0.0966297529  -1.0718282780
0.0928128249  -0.0943503739  -1.0740073899
0.0906327480  -0.0920837041  -1.0761766599
0.0884625201  -0.0898296479  -1.0783361602
0.0863020774  -0.0875881100  -1.0804859633
0.0841513566  -0.0853589951  -1.0826261420
0.0820102947  -0.0831422084  -1.0847567691
0.0798788292  -0.0809376551  -1.0868779175
0.0777568981  -0.0787452410  -1.0889896602
0.0756444394  -0.0765648721  -1.0910920697
0.0735413921  -0.0743964550  -1.0931852183
0.0714476952  -0.0722398968  -1.0952691776
0.0693632882  -0.0700951052  -1.0973440186
0.0672881110  -0.0679619884  -1.0994098110
0.0652221039  -0.0658404555  -1.1014666238
0.0631652078  -0.0637304161  -1.1035145241
0.0611179682  -0.0616318081  -1.1055829532
0.0590807225  -0.0595445570  -1.1076865250
0.0570518453  -0.0574685016  -1.1097751127
0.0550308174  -0.0554035367  -1.1118617214
0.0530183935  -0.0533496154  -1.1139455079
0.0510145033  -0.0513066528  -1.1160255061
0.0490190802  -0.0492745651  -1.1181006270
0.0470320615  -0.0472532693  -1.1201696590
0.0450533885  -0.0452426836  -1.1222312674
0.0430830066  -0.0432427267  -1.1242839948
0.0411208659  -0.0412533184  -1.1263262609
0.0391669210  -0.0392743791  -1.1283563626
0.0372211315  -0.0373058301  -1.1303724738
0.0352834618  -0.0353475931  -1.1323726459
0.0333538815  -0.0333995906  -1.1343548071
0.0314323656  -0.0314617457  -1.1363167629
0.0295188940  -0.0295339819  -1.1382561960
0.0276134523  -0.0276162232  -1.1401706662
0.0257160313  -0.0257083939  -1.1420576104
0.0238266269  -0.0238104191  -1.1439143429
0.0219452404  -0.0219222237  -1.1457380548
0.0200718781  -0.0200437335  -1.1475258147
0.0182065511  -0.0181748742  -1.1492745681
0.0163492750  -0.0163155723  -1.1509811378
0.0145000699  -0.0144657543  -1.1526422237
0.0126589596  -0.0126253474  -1.1542544028
0.0108259714  -0.0107942791  -1.1558141294
0.0090011353  -0.0089724776  -1.1573177349
0.0071844838  -0.0071598716  -1.1587614279
0.0053760506  -0.0053563906  -1.1601412939
0.0035758705  -0.0035619648  -1.1614532959
0.0017839777  -0.0017765252  -1.1626932739
0.0017831234  -0.0017765177  -1.1626932739
