0.150212
1.1503261926  -1.5770522870   0.0000653669
1.1503261926  -1.5770522870   0.0000653669
1.1503357970  -1.5770705320   0.0000574641
1.1503365417  -1.5770616851   0.0000339144
1.1503228670  -1.5770150894  -0.0000057312
1.1502924897  -1.5769265198  -0.0000619161
1.1502444550  -1.5767942587  -0.0001350787
1.1501781828  -1.5766172933  -0.0002256516
1.1500932361  -1.5763948774  -0.0003340624
1.1499892431  -1.5761263838  -0.0004607331
1.1498658641  -1.5758112430  -0.0006060805
1.1497227779  -1.5754489161  -0.0007705158
1.1495596732  -1.5750388796  -0.0009544451
1.1493762447  -1.5745806188  -0.0011582688
1.1491721911  -1.5740736226  -0.0013823824
1.1489472129  -1.5735173814  -0.0016271756
1.1487010124  -1.5729113857  -0.0018930328
1.1484332924  -1.5722551252  -0.0021803334
1.1481437562  -1.5715480884  -0.0024894508
1.1478321075  -1.5707897627  -0.0028207537
1.1474980502  -1.5699796342  -0.0031746049
1.1471412880  -1.5691171883  -0.0035513622
1.1467615250  -1.5682019098  -0.0039513778
1.1463584653  -1.5672332834  -0.0043749985
1.1459318133  -1.5662107939  -0.0048225660
1.1454812735  -1.5651339271  -0.0052944164
1.1450065509  -1.5640021702  -0.0057908804
1.1445073510  -1.5628150124  -0.0063122836
1.1439833797  -1.5615719453  -0.0068589460
1.1434343435  -1.5602724638  -0.0074311822
1.1428599501  -1.5589160667  -0.0080293016
1.1422599076  -1.5575022574  -0.0086536082
1.1416339237  -1.5560300945  -0.0093054070
1.1409817128  -1.5544994933  -0.0099840755
1.1403029893  -1.5529105586  -0.0106895621
1.1395974617  -1.5512624913  -0.0114221543
1.1388648436  -1.5495546740  -0.0121821271
1.1381048519  -1.5477866153  -0.0129697563
1.1373172053  -1.5459578505  -0.0137853159
1.1365016248  -1.5440679322  -0.0146290791
1.1356578335  -1.5421164268  -0.0155013174
1.1347855571  -1.5401029149  -0.0164023009
1.1338845236  -1.5380269914  -0.0173322973
1.1329544639  -1.5358882662  -0.0182915726
1.1319951120  -1.5336863650  -0.0192803899
1.1310062046  -1.5314209302  -0.0202990089
1.1299874818  -1.5290916213  -0.0213476860
1.1289386869  -1.5266981160  -0.0224266739
1.1278595667  -1.5242401104  -0.0235362217
1.1267498718  -1.5217173202  -0.0246765742
1.1256093564  -1.5191294810  -0.0258479724
1.1244377786  -1.5164763496  -0.0270506530
1.1232349009  -1.5137577037  -0.0282848479
1.1220004896  -1.5109733426  -0.0295507850
1.1207343156  -1.5081230875  -0.0308486872
1.1194361544  -1.5052067827  -0.0321787724
1.1181057857  -1.5022242956  -0.0335412538
1.1167429945  -1.4991755179  -0.0349363395
1.1153475704  -1.4960603653  -0.0363642323
1.1139193082  -1.4928787786  -0.0378251298
1.1124580075  -1.4896307236  -0.0393192243
1.1109634737  -1.4863161918  -0.0408467023
1.1094355173  -1.4829352005  -0.0424077451
1.1078739542  -1.4794876828  -0.0440025283
1.1062786057  -1.4759736676  -0.0456312216
1.1046492990  -1.4723934735  -0.0472939892
1.1029858683  -1.4687473268  -0.0489909892
1.1012881535  -1.4650352950  -0.0507223741
1.0995559995  -1.4612575167  -0.0524882904
1.0977892576  -1.4574141878  -0.0542888789
1.0959877852  -1.4535055347  -0.0561242741
1.0941514461  -1.4495318110  -0.0579946049
1.0922801105  -1.4454932966  -0.0598999939
1.0903736583  -1.4413903036  -0.0618405578
1.0884319952  -1.4372232105  -0.0638164072
1.0864550339  -1.4329924237  -0.0658276469
1.0844426756  -1.4286983388  -0.0678743753
1.0823948239  -1.4243413681  -0.0699566854
1.0803113882  -1.4199219473  -0.0720746637
1.0781922834  -1.4154405349  -0.0742283910
1.0760374304  -1.4108976122  -0.0764179421
1.0738467558  -1.4062936828  -0.0786433872
1.0716201922  -1.4016292719  -0.0809047940
1.0693576780  -1.3969049261  -0.0832022265
1.0670591573  -1.3921212137  -0.0855357424
1.0647245796  -1.3872787243  -0.0879053921
1.0623539000  -1.3823780677  -0.0903112196
1.0599470792  -1.3774198734  -0.0927532621
1.0575040837  -1.3724047902  -0.0952315500
1.0550248855  -1.3673334858  -0.0977461069
1.0525094626  -1.3622066460  -0.1002969495
1.0499577983  -1.3570249740  -0.1028840876
1.0473698817  -1.3517891896  -0.1055075240
1.0447457076  -1.3465000290  -0.1081672546
1.0420852766  -1.3411582401  -0.1108632682
1.0393885947  -1.3357645794  -0.1135955468
1.0366556737  -1.3303198249  -0.1163640651
1.0338865311  -1.3248247809  -0.1191687909
1.0310811903  -1.3192802651  -0.1220096849
1.0282396804  -1.3136871040  -0.1248867008
1.0253620363  -1.3080461400  -0.1277997852
1.0224482986  -1.3023582426  -0.1307488777
1.0194985142  -1.2966242952  -0.1337339111
1.0165127355  -1.2908451201  -0.1367548111
1.0134910206  -1.2850214431  -0.1398114973
1.0104334332  -1.2791540166  -0.1429038820
1.0073400431  -1.2732437441  -0.1460318702
1.0042109272  -1.2672916379  -0.1491953602
1.0010461695  -1.2612987244  -0.1523942445
0.9978458605  -1.2552660145  -0.1556284091
0.9946100971  -1.2491945089  -0.1588977330
0.9913389825  -1.2430851992  -0.1622020885
0.9880326268  -1.2369390675  -0.1655413409
0.9846912267  -1.2307572215  -0.1689153489
0.9813150718  -1.2245409016  -0.1723239640
0.9779043942  -1.2182912242  -0.1757670310
0.9744593614  -1.2120091709  -0.1792443875
0.9709801445  -1.2056957069  -0.1827558647
0.9674669195  -1.1993517850  -0.1863012866
0.9639198672  -1.1929783450  -0.1898804702
0.9603391730  -1.1865763154  -0.1934932256
0.9567250275  -1.1801466144  -0.1971393557
0.9530776256  -1.1736901519  -0.2008186564
0.9493971674  -1.1672078313  -0.2045309169
0.9456838578  -1.1607005496  -0.2082759209
0.9419379072  -1.1541691970  -0.2120534490
0.9381595307  -1.1476146582  -0.2158632742
0.9343489470  -1.1410378172  -0.2197051588
0.9305063790  -1.1344395595  -0.2235788536
0.9266320541  -1.1278207709  -0.2274840991
0.9227262047  -1.1211823366  -0.2314206254
0.9187890682  -1.1145251419  -0.2353881523
0.9148208865  -1.1078500659  -0.2393863861
0.9108219049  -1.1011579684  -0.2434150121
0.9067923751  -1.0944497457  -0.2474737131
0.9027325664  -1.0877264317  -0.2515622262
0.8986427661  -1.0809891003  -0.2556803337
0.8945232541  -1.0742386646  -0.2598277677
0.8903743212  -1.0674760333  -0.2640041904
0.8861962992  -1.0607022656  -0.2682092546
0.8819895255  -1.0539183893  -0.2724426220
0.8777543290  -1.0471253651  -0.2767039499
0.8734910436  -1.0403241609  -0.2809928908
0.8692000095  -1.0335157489  -0.2853090933
0.8648815734  -1.0267011038  -0.2896522013
0.8605360876  -1.0198812023  -0.2940218521
0.8561639099  -1.0130570214  -0.2984176762
0.8517654051  -1.0062295364  -0.3028393040
0.8473409470  -0.9993997183  -0.3072863768
0.8428909184  -0.9925685331  -0.3117585483
0.8384157065  -0.9857369440  -0.3162554682
0.8339156994  -0.9789059113  -0.3207767756
0.8293912890  -0.9720763878  -0.3253221020
0.8248428718  -0.9652493160  -0.3298910707
0.8202708524  -0.9584256256  -0.3344833117
0.8156756465  -0.9516062319  -0.3390984738
0.8110577757  -0.9447922694  -0.3437361973
0.8064178106  -0.9379850271  -0.3483960828
0.8017561552  -0.9311854686  -0.3530777003
0.7970730968  -0.9243942743  -0.3577806214
0.7923689148  -0.9176120775  -0.3625043929
0.7876438663  -0.9108394706  -0.3672484810
0.7828981802  -0.9040769993  -0.3720122430
0.7781320449  -0.8973251464  -0.3767948160
0.7733454468  -0.8905842909  -0.3815942474
0.7685379257  -0.8838547197  -0.3864063687
0.7637102005  -0.8771368634  -0.3912329902
0.7588654878  -0.8704315449  -0.3960848549
0.7540057079  -0.8637397132  -0.4009673770
0.7491292467  -0.8570619885  -0.4058784659
0.7442348316  -0.8503993577  -0.4108161531
0.7393228625  -0.8437529220  -0.4157790883
0.7343937484  -0.8371230426  -0.4207658742
0.7294477552  -0.8305097759  -0.4257750421
0.7244851459  -0.8239131086  -0.4308050573
0.7195061814  -0.8173329672  -0.4358543250
0.7145111189  -0.8107692219  -0.4409211967
0.7095002091  -0.8042216898  -0.4460039755
0.7044736930  -0.7976901378  -0.4511009224
0.6994319994  -0.7911745867  -0.4562102616
0.6943761132  -0.7846758258  -0.4613301852
0.6893068786  -0.7781943372  -0.4664588594
0.6842245858  -0.7717297277  -0.4715944289
0.6791294387  -0.7652814813  -0.4767350229
0.6740215803  -0.7588490171  -0.4818787596
0.6689010968  -0.7524317131  -0.4870237513
0.6637689026  -0.7460301032  -0.4921681083
0.6586261305  -0.7396450085  -0.4973099418
0.6534725767  -0.7332754965  -0.5024473661
0.6483070604  -0.7269195159  -0.5075785060
0.6431287453  -0.7205756509  -0.5127015056
0.6379378641  -0.7142438994  -0.5178145342
0.6327323727  -0.7079216494  -0.5229157906
0.6275083558  -0.7016044568  -0.5280035099
0.6222597362  -0.6952860396  -0.5330759698
0.6169731258  -0.6889528977  -0.5381315047
0.6115838953  -0.6825407217  -0.5431685324
0.6059789229  -0.6759397296  -0.5481855277
0.6005325975  -0.6695250139  -0.5531808978
0.5955122888  -0.6635569217  -0.5581529713
0.5906461208  -0.6577576132  -0.5631001808
0.5858140747  -0.6520053263  -0.5680211438
0.5810105675  -0.6462936026  -0.5729145796
0.5762351957  -0.6406212506  -0.5777792715
0.5714877471  -0.6349873516  -0.5826140855
0.5667680250  -0.6293910589  -0.5874179778
0.5620758486  -0.6238315984  -0.5921899993
0.5574110515  -0.6183082676  -0.5969292997
0.5527734804  -0.6128204326  -0.6016351318
0.5481629944  -0.6073675265  -0.6063068562
0.5435794627  -0.6019490458  -0.6109439423
0.5390227602  -0.5965645484  -0.6155459578
0.5344927656  -0.5912136502  -0.6201125681
0.5299893647  -0.5858960186  -0.6246435526
0.5255124537  -0.5806113684  -0.6291388161
0.5210619367  -0.5753594583  -0.6335983921
0.5166377227  -0.5701400886  -0.6380224476
0.5122397207  -0.5649530976  -0.6424112726
0.5078678341  -0.5597983579  -0.6467652660
0.5035219660  -0.5546757712  -0.6510849636
0.4992020307  -0.5495852615  -0.6553710797
0.4949079521  -0.5445267736  -0.6596245128
0.4906396498  -0.5395002715  -0.6638463237
0.4863970402  -0.5345057343  -0.6680377722
0.4821800548  -0.5295431525  -0.6722003986
0.4779886511  -0.5246125274  -0.6763360949
0.4738228330  -0.5197138779  -0.6804472909
0.4696828440  -0.5148472658  -0.6845380779
0.4655694983  -0.5100128059  -0.6886159739
0.4614825160  -0.5052105110  -0.6926832549
0.4574187805  -0.5004400979  -0.6967315225
0.4533757491  -0.4957011434  -0.7007550175
0.4493541220  -0.4909933645  -0.7047545279
0.4453551608  -0.4863165999  -0.7087308596
0.4413790573  -0.4816706868  -0.7126842283
0.4374256482  -0.4770554404  -0.7166148247
0.4334947565  -0.4724706661  -0.7205228402
0.4295862065  -0.4679161613  -0.7244084675
0.4256998241  -0.4633917164  -0.7282719002
0.4218354366  -0.4588971149  -0.7321133324
0.4179928731  -0.4544321341  -0.7359329583
0.4141719640  -0.4499965451  -0.7397309718
0.4103725413  -0.4455901142  -0.7435075661
0.4065944383  -0.4412126030  -0.7472629333
0.4028374900  -0.4368637696  -0.7509972640
0.3991015327  -0.4325433684  -0.7547107470
0.3953864041  -0.4282511506  -0.7584035683
0.3916919435  -0.4239868656  -0.7620759111
0.3880179913  -0.4197502611  -0.7657279550
0.3843643896  -0.4155410845  -0.7693598758
0.3807309820  -0.4113590834  -0.7729718454
0.3771176134  -0.4072040057  -0.7765640309
0.3735241302  -0.4030755997  -0.7801365942
0.3699503801  -0.3989736154  -0.7836896909
0.3663962124  -0.3948978051  -0.7872234709
0.3628614777  -0.3908479233  -0.7907380767
0.3593460278  -0.3868237266  -0.7942336429
0.3558497159  -0.3828249726  -0.7977102940
0.3523723953  -0.3788514134  -0.8011681388
0.3489139182  -0.3749027785  -0.8046072547
0.3454741370  -0.3709788159  -0.8080276996
0.3420529164  -0.3670794077  -0.8114295826
0.3386501384  -0.3632045278  -0.8148130923
0.3352656848  -0.3593540428  -0.8181784208
0.3318994221  -0.3555276943  -0.8215257141
0.3285512095  -0.3517252324  -0.8248550991
0.3252209111  -0.3479464551  -0.8281667042
0.3219083961  -0.3441911782  -0.8314606588
0.3186135356  -0.3404592227  -0.8347370906
0.3153362020  -0.3367504133  -0.8379961264
0.3120762691  -0.3330645783  -0.8412378915
0.3088336117  -0.3294015492  -0.8444625099
0.3056081057  -0.3257611609  -0.8476701046
0.3023996285  -0.3221432511  -0.8508607970
0.2992080583  -0.3185476604  -0.8540347078
0.2960332746  -0.3149742318  -0.8571919561
0.2928751580  -0.3114228105  -0.8603326601
0.2897335902  -0.3078932439  -0.8634569368
0.2866084539  -0.3043853810  -0.8665649020
0.2834996329  -0.3008990726  -0.8696566706
0.2804070122  -0.2974341703  -0.8727323564
0.2773304776  -0.2939905273  -0.8757920722
0.2742699161  -0.2905679974  -0.8788359296
0.2712252155  -0.2871664348  -0.8818640396
0.2681962647  -0.2837856944  -0.8848765118
0.2651829537  -0.2804256309  -0.8878734553
0.2621851733  -0.2770860992  -0.8908549781
0.2592028152  -0.2737669538  -0.8938211872
0.2562357721  -0.2704680483  -0.8967721891
0.2532839377  -0.2671892353  -0.8997080893
0.2503472065  -0.2639303638  -0.9026289926
0.2474254740  -0.2606912791  -0.9055350032
0.2445186364  -0.2574718301  -0.9084262247
0.2416265909  -0.2542718778  -0.9113027592
0.2387492354  -0.2510912913  -0.9141647078
0.2358864688  -0.2479299386  -0.9170121702
0.2330381907  -0.2447876838  -0.9198452458
0.2302043017  -0.2416643910  -0.9226640333
0.2273847031  -0.2385599257  -0.9254686303
0.2245792972  -0.2354741543  -0.9282591340
0.2217879869  -0.2324069443  -0.9310356407
0.2190106758  -0.2293581641  -0.9337982457
0.2162472686  -0.2263276828  -0.9365470438
0.2134976705  -0.2233153706  -0.9392821289
0.2107617876  -0.2203210947  -0.9420035942
0.2080395266  -0.2173447154  -0.9447115322
0.2053307951  -0.2143861029  -0.9474060346
0.2026355014  -0.2114451494  -0.9500871924
0.1999535545  -0.2085217458  -0.9527550958
0.1972848641  -0.2056157673  -0.9554098343
0.1946293406  -0.2027270866  -0.9580514968
0.1919868952  -0.1998555792  -0.9606801714
0.1893574398  -0.1970011212  -0.9632959457
0.1867408867  -0.1941635892  -0.9658989065
0.1841371491  -0.1913428602  -0.9684891400
0.1815461410  -0.1885388122  -0.9710667316
0.1789677769  -0.1857513236  -0.9736317661
0.1764019718  -0.1829802740  -0.9761843279
0.1738486417  -0.1802255434  -0.9787245004
0.1713077029  -0.1774870128  -0.9812523664
0.1687790727  -0.1747645643  -0.9837680084
0.1662626687  -0.1720580807  -0.9862715080
0.1637584092  -0.1693674458  -0.9887629461
0.1612662133  -0.1666925443  -0.9912424032
0.1587860006  -0.1640332620  -0.9937099591
0.1563176912  -0.1613894855  -0.9961656929
0.1538612060  -0.1587611026  -0.9986096833
0.1514164663  -0.1561480019  -1.0010420082
0.1489833941  -0.1535500729  -1.0034627452
0.1465619120  -0.1509672061  -1.0058719709
0.1441519431  -0.1483992930  -1.0082697616
0.1417534112  -0.1458462258  -1.0106561931
0.1393662405  -0.1433078977  -1.0130313404
0.1369903558  -0.1407842027  -1.0153952781
0.1346256827  -0.1382750355  -1.0177480802
0.1322721470  -0.1357802917  -1.0200898201
0.1299296757  -0.1332999123  -1.0224205804
0.1275981971  -0.1308338530  -1.0247404545
0.1252776380  -0.1283819040  -1.0270495072
0.1229679237  -0.1259438276  -1.0293477769
0.1206689821  -0.1235195768  -1.0316353230
0.1183807437  -0.1211091235  -1.0339122171
0.1161031390  -0.1187123733  -1.0361785256
0.1138360983  -0.1163292313  -1.0384343153
0.1115795527  -0.1139596030  -1.0406796530
0.1093334334  -0.1116033935  -1.0429146060
0.1070976723  -0.1092605080  -1.0451392418
0.1048722020  -0.1069308519  -1.0473536285
0.1026569551  -0.1046143303  -1.0495578345
0.1004518652  -0.1023108482  -1.0517519287
0.0982568659  -0.1000203107  -1.0539359807
0.0960718916  -0.0977426226  -1.0561100603
0.0938968769  -0.0954776892  -1.0582742381
0.0917317571  -0.0932254152  -1.0604285850
0.0895764677  -0.0909857057  -1.0625731722
0.0874309448  -0.0887584660  -1.0647080716
0.0852951248  -0.0865436014  -1.0668333552
0.0831689445  -0.0843410174  -1.0689490952
0.0810523414  -0.0821506197  -1.0710553642
0.0789452530  -0.0799723147  -1.0731522345
0.0768476176  -0.0778060086  -1.0752397784
0.0747593737  -0.0756516085  -1.0773180681
0.0726804603  -0.0735090218  -1.0793871752
0.0706108167  -0.0713781563  -1.0814471708
0.0685503827  -0.0692589208  -1.0834981254
0.0664990986  -0.0671512242  -1.0855401082
0.0644569049  -0.0650549765  -1.0875731877
0.0624237426  -0.0629700881  -1.0895974305
0.0604001433  -0.0608964967  -1.0916419284
0.0583864354  -0.0588341281  -1.0937211218
0.0563810308  -0.0567828249  -1.0957854805
0.0543834217  -0.0547424838  -1.0978478552
0.0523943437  -0.0527130570  -1.0999074132
0.0504137272  -0.0506944603  -1.1019632004
0.0484415062  -0.0486866109  -1.1040141414
0.0464776183  -0.0466894265  -1.1060590391
0.0445220052  -0.0447028260  -1.1080965754
0.0425746128  -0.0427267290  -1.1101253106
0.0406353911  -0.0407610560  -1.1121436836
0.0387042950  -0.0388057282  -1.1141500122
0.0367812840  -0.0368606676  -1.1161424925
0.0348663224  -0.0349257968  -1.1181191994
0.0329593796  -0.0330010390  -1.1200780864
0.0310604302  -0.0310863180  -1.1220169856
0.0291694538  -0.0291815581  -1.1239336076
0.0272864354  -0.0272866841  -1.1258255419
0.0254113649  -0.0254016213  -1.1276902563
0.0235442376  -0.0235262952  -1.1295250976
0.0216850539  -0.0216606320  -1.1313272909
0.0198338190  -0.0198045579  -1.1330939401
0.0179905430  -0.0179579997  -1.1348220275
0.0161552402  -0.0161208846  -1.1365084144
0.0143279294  -0.0142931401  -1.1381498403
0.0125086329  -0.0124746943  -1.1397429237
0.0106973767  -0.0106654755  -1.1412841615
0.0088941892  -0.0088654128  -1.1427699293
0.0070991013  -0.0070744359  -1.1441964812
0.0053121452  -0.0052924750  -1.1455599502
0.0035333540  -0.0035194612  -1.1468563475
0.0017627603  -0.0017553265  -1.1480815634
0.0017619263  -0.0017553191  -1.1480815634
