0.136969
1.2633172077  -1.7824026118   0.0000825942
1.2633172077  -1.7824026118   0.0000825942
1.2633287950  -1.7824241682   0.0000717463
1.2633288635  -1.7824073289   0.0000406201
1.2633104411  -1.7823386200  -0.0000113903
1.2632703849  -1.7822118837  -0.0000848805
1.2632074008  -1.7820247052  -0.0001804363
1.2631207115  -1.7817757101  -0.0002986332
1.2630097374  -1.7814639177  -0.0004400370
1.2628739897  -1.7810885242  -0.0006052034
1.2627130263  -1.7806488134  -0.0007946780
1.2625264312  -1.7801441153  -0.0010089964
1.2623138045  -1.7795737860  -0.0012486844
1.2620747564  -1.7789371956  -0.0015142575
1.2618089042  -1.7782337227  -0.0018062213
1.2615158701  -1.7774627506  -0.0021250716
1.2611952806  -1.7766236656  -0.0024712938
1.2608467651  -1.7757158559  -0.0028453636
1.2604699561  -1.7747387111  -0.0032477467
1.2600644886  -1.7736916231  -0.0036788985
1.2596300004  -1.7725739857  -0.0041392646
1.2591661318  -1.7713851954  -0.0046292807
1.2586725257  -1.7701246524  -0.0051493723
1.2581488279  -1.7687917614  -0.0056999549
1.2575946871  -1.7673859323  -0.0062814340
1.2570097552  -1.7659065814  -0.0068942053
1.2563936872  -1.7643531323  -0.0075386542
1.2557461418  -1.7627250174  -0.0082151562
1.2550667813  -1.7610216786  -0.0089240769
1.2543552719  -1.7592425686  -0.0096657718
1.2536112842  -1.7573871522  -0.0104405863
1.2528344929  -1.7554549074  -0.0112488559
1.2520245779  -1.7534446363  -0.0120921905
1.2511812269  -1.7513564727  -0.0129697410
1.2503041283  -1.7491908323  -0.0138813855
1.2493929715  -1.7469467466  -0.0148274189
1.2484474556  -1.7446235469  -0.0158081209
1.2474672872  -1.7422207591  -0.0168237727
1.2464521787  -1.7397379563  -0.0178746497
1.2454018491  -1.7371747452  -0.0189610229
1.2443160234  -1.7345307614  -0.0200831578
1.2431944337  -1.7318056690  -0.0212413143
1.2420368190  -1.7289991612  -0.0224357456
1.2408429255  -1.7261109607  -0.0236666982
1.2396125030  -1.7231408190  -0.0249344114
1.2383453020  -1.7200885145  -0.0262391172
1.2370410825  -1.7169538592  -0.0275810397
1.2356996178  -1.7137367016  -0.0289603955
1.2343206892  -1.7104369244  -0.0303773929
1.2329040867  -1.7070544454  -0.0318322321
1.2314496085  -1.7035892178  -0.0333251048
1.2299570613  -1.7000412313  -0.0348561944
1.2284262610  -1.6964105121  -0.0364256754
1.2268570319  -1.6926971239  -0.0380337137
1.2252492075  -1.6889011681  -0.0396804662
1.2236026305  -1.6850227844  -0.0413660809
1.2219171524  -1.6810621507  -0.0430906965
1.2201926345  -1.6770194836  -0.0448544427
1.2184289470  -1.6728950388  -0.0466574399
1.2166259699  -1.6686891114  -0.0484997993
1.2147835923  -1.6644020350  -0.0503816234
1.2129017132  -1.6600341811  -0.0523030071
1.2109802410  -1.6555859592  -0.0542640365
1.2090190937  -1.6510576563  -0.0562647878
1.2070181976  -1.6464497018  -0.0583053266
1.2049774895  -1.6417629443  -0.0603857081
1.2028969176  -1.6369980914  -0.0625059777
1.2007764385  -1.6321556196  -0.0646661705
1.1986160171  -1.6272361085  -0.0668663117
1.1964156280  -1.6222402158  -0.0691064162
1.1941752552  -1.6171686392  -0.0713864891
1.1918948921  -1.6120221108  -0.0737065257
1.1895745413  -1.6068013955  -0.0760665113
1.1872142146  -1.6015072893  -0.0784664218
1.1848139326  -1.5961406191  -0.0809062236
1.1823737253  -1.5907022417  -0.0833858738
1.1798936310  -1.5851930426  -0.0859053207
1.1773736972  -1.5796139353  -0.0884645040
1.1748139799  -1.5739658598  -0.0910633549
1.1722145434  -1.5682497824  -0.0937017963
1.1695754606  -1.5624666947  -0.0963797431
1.1668968124  -1.5566176129  -0.0990971021
1.1641786881  -1.5507035772  -0.1018537726
1.1614211846  -1.5447256497  -0.1046496468
1.1586244068  -1.5386849145  -0.1074846093
1.1557884672  -1.5325824759  -0.1103585383
1.1529134856  -1.5264194579  -0.1132713051
1.1499995894  -1.5201970026  -0.1162227748
1.1470469131  -1.5139162698  -0.1192128063
1.1440555981  -1.5075784360  -0.1222412542
1.1410257933  -1.5011846929  -0.1253079721
1.1379576550  -1.4947362468  -0.1284128128
1.1348513890  -1.4882344076  -0.1315556237
1.1317072457  -1.4816805839  -0.1347362452
1.1285254374  -1.4750761043  -0.1379545121
1.1253061399  -1.4684222132  -0.1412102531
1.1220495316  -1.4617201682  -0.1445032914
1.1187557932  -1.4549712498  -0.1478334446
1.1154251087  -1.4481767395  -0.1512005247
1.1120576643  -1.4413379119  -0.1546043383
1.1086536490  -1.4344560424  -0.1580446866
1.1052132542  -1.4275324204  -0.1615213654
1.1017366740  -1.4205683474  -0.1650341655
1.0982241048  -1.4135650601  -0.1685828728
1.0946757451  -1.4065236648  -0.1721672686
1.0910917953  -1.3994452521  -0.1757871301
1.0874724583  -1.3923310559  -0.1794422292
1.0838179404  -1.3851824300  -0.1831323329
1.0801284513  -1.3780007393  -0.1868572031
1.0764042034  -1.3707873180  -0.1906165977
1.0726454118  -1.3635434731  -0.1944102708
1.0688522945  -1.3562704854  -0.1982379734
1.0650250726  -1.3489696079  -0.2020994544
1.0611639701  -1.3416420679  -0.2059944599
1.0572692137  -1.3342890691  -0.2099227320
1.0533410333  -1.3269117912  -0.2138840093
1.0493796617  -1.3195113898  -0.2178780264
1.0453853355  -1.3120889973  -0.2219045145
1.0413582948  -1.3046457243  -0.2259632009
1.0372987837  -1.2971826607  -0.2300538090
1.0332070502  -1.2897008765  -0.2341760581
1.0290834277  -1.2822015608  -0.2383296636
1.0249284201  -1.2746861622  -0.2425143359
1.0207424820  -1.2671560139  -0.2467297805
1.0165259283  -1.2596121838  -0.2509756961
1.0122790693  -1.2520557082  -0.2552517751
1.0080022169  -1.2444876049  -0.2595577045
1.0036956850  -1.2369088740  -0.2638931683
0.9993597902  -1.2293204992  -0.2682578488
0.9949948503  -1.2217234517  -0.2726514218
0.9906011833  -1.2141186934  -0.2770735523
0.9861791076  -1.2065071779  -0.2815238944
0.9817289430  -1.1988898503  -0.2860020905
0.9772510095  -1.1912676527  -0.2905077627
0.9727456281  -1.1836415134  -0.2950405205
0.9682131334  -1.1760123047  -0.2996000221
0.9636538774  -1.1683808854  -0.3041859838
0.9590682056  -1.1607482177  -0.3087980835
0.9544564393  -1.1531153284  -0.3134359141
0.9498188932  -1.1454831804  -0.3180990354
0.9451558984  -1.1378526721  -0.3227870209
0.9404678027  -1.1302246889  -0.3274994637
0.9357549657  -1.1226001414  -0.3322359601
0.9310178017  -1.1149801449  -0.3369961011
0.9262567519  -1.1073658487  -0.3417794750
0.9214722291  -1.0997582104  -0.3465856691
0.9166646397  -1.0921581328  -0.3514142700
0.9118343935  -1.0845665081  -0.3562648641
0.9069819049  -1.0769842185  -0.3611370401
0.9021075944  -1.0694121345  -0.3660303999
0.8972118900  -1.0618511139  -0.3709445641
0.8922952222  -1.0543020042  -0.3758791562
0.8873580194  -1.0467656444  -0.3808337921
0.8824007088  -1.0392428608  -0.3858080773
0.8774237187  -1.0317344648  -0.3908016071
0.8724274836  -1.0242412483  -0.3958139875
0.8674124478  -1.0167639822  -0.4008448430
0.8623790558  -1.0093034197  -0.4058937813
0.8573277454  -1.0018603055  -0.4109603665
0.8522590878  -0.9944356735  -0.4160441471
0.8471736783  -0.9870306237  -0.4211446706
0.8420718960  -0.9796458207  -0.4262614226
0.8369539948  -0.9722816841  -0.4313937898
0.8318201879  -0.9649385690  -0.4365409941
0.8266705892  -0.9576167295  -0.4417017698
0.8215047163  -0.9503163012  -0.4468719550
0.8163228083  -0.9430375103  -0.4520513985
0.8111279655  -0.9357809737  -0.4572498687
0.8059227020  -0.9285475219  -0.4624736689
0.8007056619  -0.9213376573  -0.4677212329
0.7954747735  -0.9141514103  -0.4729906004
0.7902295556  -0.9069887518  -0.4782804758
0.7849707429  -0.8998504952  -0.4835895628
0.7796992142  -0.8927374853  -0.4889165027
0.7744153289  -0.8856497148  -0.4942598777
0.7691193439  -0.8785869668  -0.4996182162
0.7638115096  -0.8715489645  -0.5049899985
0.7584920700  -0.8645353764  -0.5103736629
0.7531612592  -0.8575458208  -0.5157676109
0.7478192976  -0.8505798682  -0.5211702119
0.7424664936  -0.8436372051  -0.5265798086
0.7371037524  -0.8367183685  -0.5319947210
0.7317319847  -0.8298238134  -0.5374132510
0.7263514951  -0.8229530372  -0.5428336876
0.7209624311  -0.8161053197  -0.5482543114
0.7155648645  -0.8092798699  -0.5536733988
0.7101588665  -0.8024759498  -0.5590892265
0.7047454382  -0.7956941190  -0.5645000748
0.6993254477  -0.7889347652  -0.5699042321
0.6938982055  -0.7821962741  -0.5752999991
0.6884622225  -0.7754762151  -0.5806856904
0.6830172642  -0.7687739131  -0.5860596360
0.6775626519  -0.7620882696  -0.5914201886
0.6720945601  -0.7554146948  -0.5967657337
0.6666081401  -0.7487479860  -0.6020946956
0.6610929192  -0.7420774770  -0.6074055456
0.6555202256  -0.7353744506  -0.6126968311
0.6497198423  -0.7284711423  -0.6179671704
0.6439981845  -0.7216757868  -0.6232151270
0.6386902761  -0.7153178055  -0.6284391591
0.6335585741  -0.7091528850  -0.6336377958
0.6284669614  -0.7030426584  -0.6388097589
0.6234041959  -0.6969748135  -0.6439538995
0.6183698665  -0.6909480398  -0.6490691299
0.6133637596  -0.6849613490  -0.6541544189
0.6083856707  -0.6790138297  -0.6592088106
0.6034354135  -0.6731046434  -0.6642314369
0.5985128184  -0.6672330241  -0.6692215202
0.5936177293  -0.6613982770  -0.6741783768
0.5887500024  -0.6555997768  -0.6791014207
0.5839095051  -0.6498369642  -0.6839901682
0.5790961143  -0.6441093439  -0.6888442394
0.5743097123  -0.6384164815  -0.6936633497
0.5695501833  -0.6327580006  -0.6984473033
0.5648174166  -0.6271335765  -0.7031960099
0.5601113116  -0.6215429307  -0.7079094969
0.5554317753  -0.6159858282  -0.7125879142
0.5507787194  -0.6104620748  -0.7172315373
0.5461520540  -0.6049715142  -0.7218407530
0.5415516828  -0.5995140242  -0.7264160514
0.5369775121  -0.5940895102  -0.7309580627
0.5324294621  -0.5886978995  -0.7354675975
0.5279074594  -0.5833391402  -0.7399456328
0.5234114242  -0.5780132001  -0.7443933066
0.5189412842  -0.5727200619  -0.7488119972
0.5144969936  -0.5674597200  -0.7532033974
0.5100785459  -0.5622321849  -0.7575696410
0.5056860501  -0.5570375035  -0.7619137626
0.5013203067  -0.5518757776  -0.7662427355
0.4969815442  -0.5467470616  -0.7705605212
0.4926669318  -0.5416511746  -0.7748599004
0.4883734754  -0.5365877345  -0.7791345008
0.4841015444  -0.5315564033  -0.7833846895
0.4798525029  -0.5265569705  -0.7876113192
0.4756266558  -0.5215892635  -0.7918146316
0.4714238625  -0.5166530975  -0.7959948121
0.4672439504  -0.5117482780  -0.8001520468
0.4630867482  -0.5068746028  -0.8042865229
0.4589520864  -0.5020318627  -0.8083984290
0.4548397968  -0.4972198416  -0.8124879540
0.4507497128  -0.4924383172  -0.8165552868
0.4466816692  -0.4876870612  -0.8206006162
0.4426355025  -0.4829658403  -0.8246241302
0.4386110505  -0.4782744163  -0.8286260156
0.4346081523  -0.4736125473  -0.8326064580
0.4306266487  -0.4689799880  -0.8365656411
0.4266663818  -0.4643764904  -0.8405037461
0.4227271951  -0.4598018040  -0.8444209516
0.4188089335  -0.4552556769  -0.8483174329
0.4149114432  -0.4507378563  -0.8521933612
0.4110345719  -0.4462480895  -0.8560489040
0.4071781688  -0.4417861248  -0.8598842245
0.4033420844  -0.4373517110  -0.8636994808
0.3995261705  -0.4329445982  -0.8674948251
0.3957302805  -0.4285645388  -0.8712704037
0.3919542688  -0.4242112879  -0.8750263562
0.3881979913  -0.4198846032  -0.8787628143
0.3844613051  -0.4155842439  -0.8824799006
0.3807440678  -0.4113099684  -0.8861777247
0.3770461359  -0.4070615147  -0.8898563679
0.3733673644  -0.4028386191  -0.8935158824
0.3697076185  -0.3986411345  -0.8971563592
0.3660667841  -0.3944690313  -0.9007779749
0.3624447504  -0.3903222008  -0.9043809225
0.3588413901  -0.3862003989  -0.9079653495
0.3552565660  -0.3821033742  -0.9115313794
0.3516901448  -0.3780309235  -0.9150791367
0.3481419990  -0.3739828648  -0.9186087468
0.3446120033  -0.3699590227  -0.9221203340
0.3411000339  -0.3659592257  -0.9256140215
0.3376059679  -0.3619833063  -0.9290899309
0.3341296838  -0.3580311007  -0.9325481830
0.3306710612  -0.3541024486  -0.9359888970
0.3272299806  -0.3501971928  -0.9394121914
0.3238063238  -0.3463151790  -0.9428181831
0.3203999736  -0.3424562558  -0.9462069882
0.3170108140  -0.3386202740  -0.9495787214
0.3136387299  -0.3348070869  -0.9529334967
0.3102836071  -0.3310165495  -0.9562714267
0.3069453327  -0.3272485183  -0.9595926232
0.3036237947  -0.3235028514  -0.9628971969
0.3003188820  -0.3197794078  -0.9661852575
0.2970304845  -0.3160780473  -0.9694569140
0.2937584929  -0.3123986303  -0.9727122741
0.2905027992  -0.3087410175  -0.9759514449
0.2872632960  -0.3051050695  -0.9791745324
0.2840398769  -0.3014906468  -0.9823816422
0.2808324363  -0.2978976093  -0.9855728785
0.2776408696  -0.2943258159  -0.9887483452
0.2744650730  -0.2907751244  -0.9919081452
0.2713049436  -0.2872453888  -0.9950523810
0.2681603792  -0.2837364581  -0.9981811543
0.2650312785  -0.2802481828  -1.0012945663
0.2619175411  -0.2767804264  -1.0043927173
0.2588190671  -0.2733330636  -1.0074757058
0.2557357575  -0.2699059680  -1.0105436298
0.2526675142  -0.2664990089  -1.0135965862
0.2496142397  -0.2631120546  -1.0166346717
0.2465758374  -0.2597449748  -1.0196579823
0.2435522114  -0.2563976398  -1.0226666131
0.2405432667  -0.2530699212  -1.0256606584
0.2375489086  -0.2497616910  -1.0286402120
0.2345690436  -0.2464728222  -1.0316053670
0.2316035785  -0.2432031886  -1.0345562155
0.2286524210  -0.2399526592  -1.0374928494
0.2257154794  -0.2367210936  -1.0404153595
0.2227926629  -0.2335083640  -1.0433238362
0.2198838810  -0.2303143727  -1.0462183691
0.2169890442  -0.2271390193  -1.0490990471
0.2141080635  -0.2239821820  -1.0519659584
0.2112408506  -0.2208437348  -1.0548191907
0.2083873177  -0.2177235554  -1.0576588312
0.2055473777  -0.2146215213  -1.0604849663
0.2027209443  -0.2115375107  -1.0632976819
0.1999079315  -0.2084714020  -1.0660970632
0.1971082541  -0.2054230742  -1.0688831948
0.1943218275  -0.2023924066  -1.0716561609
0.1915485675  -0.1993792795  -1.0744160449
0.1887883908  -0.1963835737  -1.0771629298
0.1860412145  -0.1934051707  -1.0798968977
0.1833069561  -0.1904439528  -1.0826180306
0.1805855341  -0.1874998034  -1.0853264095
0.1778768673  -0.1845726064  -1.0880221151
0.1751808749  -0.1816622469  -1.0907052274
0.1724974770  -0.1787686106  -1.0933758260
0.1698265940  -0.1758915845  -1.0960339899
0.1671681469  -0.1730310562  -1.0986797973
0.1645220574  -0.1701869143  -1.1013133263
0.1618882474  -0.1673590484  -1.1039346541
0.1592666397  -0.1645473489  -1.1065438577
0.1566571573  -0.1617517069  -1.1091410133
0.1540597239  -0.1589720146  -1.1117261966
0.1514742637  -0.1562081648  -1.1142994831
0.1489007013  -0.1534600511  -1.1168609473
0.1463389618  -0.1507275677  -1.1194106637
0.1437889711  -0.1480106096  -1.1219487059
0.1412506558  -0.1453091341  -1.1244751589
0.1387239441  -0.1426231180  -1.1269901204
0.1362087623  -0.1399523103  -1.1294936543
0.1337050343  -0.1372964210  -1.1319857935
0.1312126872  -0.1346554223  -1.1344665956
0.1287316512  -0.1320293116  -1.1369361330
0.1262618565  -0.1294179952  -1.1393944725
0.1238032328  -0.1268213782  -1.1418416808
0.1213557102  -0.1242393656  -1.1442778255
0.1189192195  -0.1216718621  -1.1467029743
0.1164936918  -0.1191187718  -1.1491171956
0.1140790585  -0.1165799987  -1.1515205586
0.1116752518  -0.1140554461  -1.1539131331
0.1092822039  -0.1115450168  -1.1562949896
0.1068998477  -0.1090486134  -1.1586661992
0.1045281164  -0.1065661379  -1.1610268341
0.1021669436  -0.1040974919  -1.1633769667
0.0998162633  -0.1016425770  -1.1657166706
0.0974760100  -0.0992012941  -1.1680460198
0.0951461183  -0.0967735442  -1.1703650889
0.0928265235  -0.0943592280  -1.1726739529
0.0905171609  -0.0919582463  -1.1749726875
0.0882179666  -0.0895704999  -1.1772613684
0.0859288768  -0.0871958896  -1.1795400716
0.0836498280  -0.0848343164  -1.1818088729
0.0813807574  -0.0824856818  -1.1840678483
0.0791216022  -0.0801498873  -1.1863170730
0.0768723003  -0.0778268350  -1.1885566220
0.0746327896  -0.0755164274  -1.1907865694
0.0724030087  -0.0732185678  -1.1930069882
0.0701828965  -0.0709331598  -1.1952179501
0.0679723921  -0.0686601079  -1.1974195256
0.0657721375  -0.0663993544  -1.1996434321
0.0635825328  -0.0641508245  -1.2019054129
0.0614016965  -0.0619143259  -1.2041514562
0.0592290335  -0.0596897423  -1.2063955709
0.0570654282  -0.0574770351  -1.2086368450
0.0549108066  -0.0552761145  -1.2108742345
0.0527650989  -0.0530868919  -1.2131065629
0.0506282394  -0.0509092796  -1.2153325210
0.0485001673  -0.0487431909  -1.2175506677
0.0463808264  -0.0465885400  -1.2197594290
0.0442701658  -0.0444452419  -1.2219570989
0.0421681398  -0.0423132126  -1.2241418388
0.0400747084  -0.0401923686  -1.2263116778
0.0379898371  -0.0380826273  -1.2284645125
0.0359134974  -0.0359839063  -1.2305981072
0.0338456667  -0.0338961242  -1.2327100939
0.0317863286  -0.0318191995  -1.2347979719
0.0297354725  -0.0297530517  -1.2368591083
0.0276930943  -0.0276976000  -1.2388907380
0.0256591956  -0.0256527644  -1.2408899630
0.0236337841  -0.0236184649  -1.2428537534
0.0216168733  -0.0215946219  -1.2447789467
0.0196084822  -0.0195811557  -1.2466622480
0.0176086351  -0.0175779874  -1.2485002299
0.0156173610  -0.0155850379  -1.2502893329
0.0136346937  -0.0136022287  -1.2520258649
0.0116606706  -0.0116294817  -1.2537060013
0.0096953324  -0.0096667191  -1.2553257854
0.0077387224  -0.0077138640  -1.2568811278
0.0057908858  -0.0057708400  -1.2583678070
0.0038518681  -0.0038375716  -1.2597814689
0.0019217151  -0.0019139842  -1.2611176270
0.0019207233  -0.0019139757  -1.2611176270
