0.178669
0.9438212065  -1.2110107155   0.0000442862
0.9438212065  -1.2110107155   0.0000442862
0.9438280322  -1.2110225674   0.0000396171
0.9438291356  -1.2110200847   0.0000247489
0.9438207373  -1.2109967920  -0.0000005920
0.9438014701  -1.2109505470  -0.0000366776
0.9437707507  -1.2108804398  -0.0000837783
0.9437282192  -1.2107859100  -0.0001421631
0.9436736007  -1.2106665290  -0.0002120992
0.9436066580  -1.2105219253  -0.0002938522
0.9435271728  -1.2103517550  -0.0003876861
0.9434349363  -1.2101556876  -0.0004938635
0.9433297449  -1.2099333991  -0.0006126451
0.9432113977  -1.2096845678  -0.0007442903
0.9430796951  -1.2094088727  -0.0008890566
0.9429344374  -1.2091059915  -0.0010472002
0.9427754251  -1.2087756003  -0.0012189754
0.9426024576  -1.2084173732  -0.0014046351
0.9424153337  -1.2080309814  -0.0016044306
0.9422138512  -1.2076160938  -0.0018186116
0.9419978065  -1.2071723764  -0.0020474261
0.9417669949  -1.2066994925  -0.0022911205
0.9415212106  -1.2061971029  -0.0025499397
0.9412602461  -1.2056648655  -0.0028241270
0.9409838931  -1.2051024362  -0.0031139240
0.9406919415  -1.2045094681  -0.0034195709
0.9403841803  -1.2038856124  -0.0037413060
0.9400603969  -1.2032305181  -0.0040793662
0.9397203777  -1.2025438325  -0.0044339868
0.9393639077  -1.2018252011  -0.0048054015
0.9389907706  -1.2010742681  -0.0051938423
0.9386007491  -1.2002906762  -0.0055995397
0.9381936225  -1.1994738631  -0.0060233862
0.9377691742  -1.1986236512  -0.0064649980
0.9373271860  -1.1977399506  -0.0069243701
0.9368674332  -1.1968222539  -0.0074017326
0.9363896918  -1.1958701270  -0.0078973070
0.9358937379  -1.1948831926  -0.0084113151
0.9353793468  -1.1938610818  -0.0089439796
0.9348462931  -1.1928034293  -0.0094955247
0.9342943503  -1.1917098720  -0.0100661761
0.9337232916  -1.1905800492  -0.0106561605
0.9331328891  -1.1894136023  -0.0112657054
0.9325229147  -1.1882101753  -0.0118950392
0.9318931394  -1.1869694155  -0.0125443909
0.9312433340  -1.1856909730  -0.0132139904
0.9305732686  -1.1843745016  -0.0139040682
0.9298827132  -1.1830196592  -0.0146148553
0.9291714372  -1.1816261077  -0.0153465826
0.9284392101  -1.1801935138  -0.0160994813
0.9276858010  -1.1787215491  -0.0168737827
0.9269109789  -1.1772098904  -0.0176697178
0.9261145128  -1.1756582199  -0.0184875176
0.9252961718  -1.1740662261  -0.0193274130
0.9244557252  -1.1724336033  -0.0201896342
0.9235929423  -1.1707600527  -0.0210744114
0.9227075928  -1.1690452823  -0.0219819741
0.9217994466  -1.1672890073  -0.0229125512
0.9208682744  -1.1654909505  -0.0238663710
0.9199138471  -1.1636508427  -0.0248436609
0.9189359364  -1.1617684226  -0.0258446476
0.9179343145  -1.1598434376  -0.0268695567
0.9169087546  -1.1578756437  -0.0279186128
0.9158590308  -1.1558647517  -0.0289920396
0.9147849177  -1.1538105156  -0.0300900591
0.9136861913  -1.1517128302  -0.0312128923
0.9125626292  -1.1495715419  -0.0323607585
0.9114140103  -1.1473864136  -0.0335338757
0.9102401145  -1.1451572394  -0.0347324603
0.9090407229  -1.1428838395  -0.0359567270
0.9078156187  -1.1405660469  -0.0372068886
0.9065645865  -1.1382037056  -0.0384831560
0.9052874128  -1.1357966703  -0.0397857383
0.9039838858  -1.1333448069  -0.0411148422
0.9026537961  -1.1308479931  -0.0424706725
0.9012969361  -1.1283061183  -0.0438534317
0.8999131088  -1.1257190977  -0.0452633196
0.8985021278  -1.1230868725  -0.0467005340
0.8970638030  -1.1204093850  -0.0481652698
0.8955979402  -1.1176865781  -0.0496577195
0.8941043473  -1.1149184067  -0.0511780727
0.8925828352  -1.1121048376  -0.0527265163
0.8910332174  -1.1092458501  -0.0543032342
0.8894553099  -1.1063414357  -0.0559084071
0.8878489321  -1.1033915991  -0.0575422129
0.8862139061  -1.1003963576  -0.0592048262
0.8845500570  -1.0973557415  -0.0608964182
0.8828572134  -1.0942697936  -0.0626171567
0.8811352069  -1.0911385701  -0.0643672061
0.8793838728  -1.0879621400  -0.0661467273
0.8776030498  -1.0847405856  -0.0679558778
0.8757925800  -1.0814740024  -0.0697948119
0.8739523095  -1.0781625000  -0.0716636803
0.8720820882  -1.0748062021  -0.0735626299
0.8701817695  -1.0714052441  -0.0754918035
0.8682512112  -1.0679597723  -0.0774513399
0.8662902750  -1.0644699500  -0.0794413737
0.8642988267  -1.0609359606  -0.0814620350
0.8622767365  -1.0573580017  -0.0835134500
0.8602238789  -1.0537362837  -0.0855957399
0.8581401329  -1.0500710399  -0.0877090215
0.8560253821  -1.0463625327  -0.0898534069
0.8538795148  -1.0426110089  -0.0920290034
0.8517024240  -1.0388166397  -0.0942359140
0.8494940072  -1.0349795712  -0.0964742368
0.8472541663  -1.0311000445  -0.0987440649
0.8449828087  -1.0271784155  -0.1010454854
0.8426798473  -1.0232150881  -0.1033785793
0.8403452004  -1.0192104695  -0.1057434219
0.8379787917  -1.0151649651  -0.1081400823
0.8355805502  -1.0110789808  -0.1105686239
0.8331504104  -1.0069529238  -0.1130291041
0.8306883123  -1.0027872022  -0.1155215745
0.8281942015  -0.9985822260  -0.1180460805
0.8256680293  -0.9943384062  -0.1206026614
0.8231097531  -0.9900561545  -0.1231913520
0.8205193361  -0.9857358831  -0.1258121826
0.8178967475  -0.9813780065  -0.1284651760
0.8152419619  -0.9769829438  -0.1311503460
0.8125549600  -0.9725511195  -0.1338676974
0.8098357287  -0.9680829641  -0.1366172263
0.8070842634  -0.9635789256  -0.1393989201
0.8043005833  -0.9590395264  -0.1422127579
0.8014847200  -0.9544653042  -0.1450587096
0.7986367000  -0.9498567448  -0.1479367365
0.7957565543  -0.9452143314  -0.1508467914
0.7928443211  -0.9405385597  -0.1537888187
0.7899000459  -0.9358299373  -0.1567627546
0.7869237820  -0.9310889819  -0.1597685267
0.7839155898  -0.9263162231  -0.1628060546
0.7808755376  -0.9215122028  -0.1658752491
0.7778037008  -0.9166774711  -0.1689760122
0.7747001620  -0.9118125241  -0.1721082331
0.7715650111  -0.9069178553  -0.1752717964
0.7683983544  -0.9019943209  -0.1784666267
0.7652003197  -0.8970431040  -0.1816927065
0.7619710394  -0.8920650184  -0.1849500043
0.7587106308  -0.8870603399  -0.1882384142
0.7554192048  -0.8820293379  -0.1915577808
0.7520968856  -0.8769725458  -0.1949079366
0.7487438147  -0.8718906524  -0.1982887102
0.7453601463  -0.8667843967  -0.2016999238
0.7419460439  -0.8616545409  -0.2051413924
0.7385016802  -0.8565018678  -0.2086129252
0.7350272377  -0.8513271785  -0.2121143345
0.7315229103  -0.8461312909  -0.2156454406
0.7279889096  -0.8409150596  -0.2192060604
0.7244255388  -0.8356795539  -0.2227960003
0.7208331002  -0.8304258643  -0.2264150570
0.7172117904  -0.8251548609  -0.2300630183
0.7135617785  -0.8198673498  -0.2337396633
0.7098832334  -0.8145641290  -0.2374447658
0.7061763274  -0.8092459874  -0.2411781112
0.7024412356  -0.8039137035  -0.2449394938
0.6986781302  -0.7985680470  -0.2487286870
0.6948871758  -0.7932097768  -0.2525454286
0.6910685337  -0.7878396356  -0.2563894277
0.6872223689  -0.7824583467  -0.2602603945
0.6833488523  -0.7770666123  -0.2641580418
0.6794481472  -0.7716651154  -0.2680820187
0.6755204041  -0.7662545165  -0.2720319068
0.6715657666  -0.7608354466  -0.2760072135
0.6675843572  -0.7554085022  -0.2800072590
0.6635762489  -0.7499742156  -0.2840310102
0.6595412863  -0.7445334586  -0.2880738461
0.6554798761  -0.7390875184  -0.2921337164
0.6513946646  -0.7336376351  -0.2962203049
0.6472885205  -0.7281850022  -0.3003431629
0.6431612444  -0.7227306055  -0.3045029565
0.6390111310  -0.7172750086  -0.3086975619
0.6348373958  -0.7118185534  -0.3129253133
0.6306400500  -0.7063615311  -0.3171848000
0.6264192924  -0.7009041976  -0.3214745253
0.6221753309  -0.6954467594  -0.3257929082
0.6179083760  -0.6899893706  -0.3301382895
0.6136186978  -0.6845322253  -0.3345089380
0.6093070426  -0.6790761681  -0.3389030578
0.6049742372  -0.6736220683  -0.3433187943
0.6006206720  -0.6681700631  -0.3477542388
0.5962466185  -0.6627200775  -0.3522074338
0.5918523275  -0.6572719832  -0.3566763819
0.5874380256  -0.6518256024  -0.3611590535
0.5830039060  -0.6463807075  -0.3656533933
0.5785503900  -0.6409373864  -0.3701573259
0.5740787022  -0.6354967941  -0.3746687620
0.5695896778  -0.6300595295  -0.3791856045
0.5650830122  -0.6246246950  -0.3837057550
0.5605580282  -0.6191910164  -0.3882271205
0.5560140373  -0.6137573415  -0.3927476185
0.5514517776  -0.6083243431  -0.3972651833
0.5468711318  -0.6028916734  -0.4017777718
0.5422690557  -0.5974556613  -0.4062833702
0.5376432734  -0.5920139031  -0.4107800001
0.5329888647  -0.5865614022  -0.4152657257
0.5282951270  -0.5810873714  -0.4197386621
0.5235420688  -0.5755721252  -0.4241969973
0.5185134480  -0.5698013968  -0.4286389934
0.5134569731  -0.5640260273  -0.4330628880
0.5088218273  -0.5586916590  -0.4374668216
0.5044727244  -0.5536556198  -0.4418489611
0.5002103987  -0.5487155903  -0.4462076403
0.4959767054  -0.5438126627  -0.4505413433
0.4917700879  -0.5389447121  -0.4548486482
0.4875902059  -0.5341108285  -0.4591282190
0.4834368555  -0.5293102865  -0.4633788148
0.4793098475  -0.5245424259  -0.4675992970
0.4752090069  -0.5198066509  -0.4717886332
0.4711341701  -0.5151024282  -0.4759458923
0.4670851816  -0.5104292843  -0.4800702404
0.4630618955  -0.5057868018  -0.4841609539
0.4590641787  -0.5011746149  -0.4882174310
0.4550919086  -0.4965924071  -0.4922391960
0.4511449710  -0.4920399077  -0.4962259037
0.4472232583  -0.4875168890  -0.5001773449
0.4433266676  -0.4830231624  -0.5040934466
0.4394550957  -0.4785585748  -0.5079742580
0.4356084368  -0.4741230046  -0.5118199493
0.4317865893  -0.4697163569  -0.5156308456
0.4279894617  -0.4653385590  -0.5194074508
0.4242169684  -0.4609895586  -0.5231504540
0.4204690198  -0.4566693205  -0.5268607080
0.4167455177  -0.4523778233  -0.5305392305
0.4130463705  -0.4481150552  -0.5341872846
0.4093715012  -0.4438810120  -0.5378064105
0.4057208422  -0.4396756973  -0.5413984661
0.4020943544  -0.4354991231  -0.5449657985
0.3984920684  -0.4313513267  -0.5485115264
0.3949146778  -0.4272324421  -0.5520434937
0.3913627546  -0.4231425779  -0.5555684447
0.3878341791  -0.4190814643  -0.5590806072
0.3843257859  -0.4150485782  -0.5625713871
0.3808370811  -0.4110436055  -0.5660391416
0.3773692232  -0.4070664498  -0.5694847491
0.3739227879  -0.4031170108  -0.5729087060
0.3704977393  -0.3991951346  -0.5763112102
0.3670938990  -0.3953006449  -0.5796924557
0.3637110870  -0.3914333567  -0.5830526371
0.3603491249  -0.3875930782  -0.5863919501
0.3570078357  -0.3837796106  -0.5897105910
0.3536870442  -0.3799927495  -0.5930087564
0.3503865768  -0.3762322848  -0.5962866430
0.3471062614  -0.3724980011  -0.5995444470
0.3438459275  -0.3687896783  -0.6027823635
0.3406054061  -0.3651070923  -0.6060005863
0.3373845297  -0.3614500154  -0.6091993073
0.3341831324  -0.3578182168  -0.6123787157
0.3310010497  -0.3542114639  -0.6155389983
0.3278381188  -0.3506295228  -0.6186803388
0.3246941784  -0.3470721586  -0.6218029172
0.3215690688  -0.3435391355  -0.6249069098
0.3184626317  -0.3400302174  -0.6279924879
0.3153747103  -0.3365451687  -0.6310598179
0.3123051496  -0.3330837552  -0.6341090607
0.3092537959  -0.3296457444  -0.6371403718
0.3062204970  -0.3262309053  -0.6401538996
0.3032051024  -0.3228390081  -0.6431497856
0.3002074626  -0.3194698247  -0.6461281622
0.2972274297  -0.3161231264  -0.6490891512
0.2942648552  -0.3127986624  -0.6520328490
0.2913195894  -0.3094961646  -0.6549593180
0.2883914884  -0.3062154650  -0.6578686403
0.2854804235  -0.3029565368  -0.6607609767
0.2825862731  -0.2997193146  -0.6636365244
0.2797089067  -0.2965035903  -0.6664954488
0.2768481845  -0.2933091137  -0.6693378846
0.2740039679  -0.2901356725  -0.6721639615
0.2711761227  -0.2869830831  -0.6749738100
0.2683645175  -0.2838511713  -0.6777675599
0.2655690229  -0.2807397662  -0.6805453398
0.2627895102  -0.2776486996  -0.6833072770
0.2600258526  -0.2745778067  -0.6860534971
0.2572779242  -0.2715269252  -0.6887841247
0.2545456004  -0.2684958952  -0.6914992830
0.2518287580  -0.2654845597  -0.6941990940
0.2491272749  -0.2624927635  -0.6968836783
0.2464410302  -0.2595203538  -0.6995531554
0.2437699041  -0.2565671794  -0.7022076434
0.2411137784  -0.2536330910  -0.7048472595
0.2384725354  -0.2507179406  -0.7074721194
0.2358460592  -0.2478215820  -0.7100823380
0.2332342345  -0.2449438697  -0.7126780288
0.2306369475  -0.2420846594  -0.7152593043
0.2280540852  -0.2392438078  -0.7178262760
0.2254855360  -0.2364211719  -0.7203790542
0.2229311890  -0.2336166095  -0.7229177483
0.2203909346  -0.2308299785  -0.7254424666
0.2178646643  -0.2280611374  -0.7279533165
0.2153522705  -0.2253099441  -0.7304504044
0.2128536465  -0.2225762568  -0.7329338357
0.2103686868  -0.2198599317  -0.7354037151
0.2078972869  -0.2171608223  -0.7378601463
0.2054393432  -0.2144787819  -0.7403032326
0.2029947530  -0.2118136714  -0.7427330759
0.2005634147  -0.2091653603  -0.7451497768
0.1981452274  -0.2065337203  -0.7475534347
0.1957400913  -0.2039186207  -0.7499441483
0.1933479077  -0.2013199302  -0.7523220153
0.1909685784  -0.1987375183  -0.7546871327
0.1886020066  -0.1961712559  -0.7570395966
0.1862480959  -0.1936210149  -0.7593795023
0.1839067512  -0.1910866683  -0.7617069440
0.1815778780  -0.1885680900  -0.7640220153
0.1792613828  -0.1860651551  -0.7663248087
0.1769571728  -0.1835777397  -0.7686154161
0.1746651562  -0.1811057188  -0.7708939284
0.1723852420  -0.1786489644  -0.7731604358
0.1701173398  -0.1762073543  -0.7754150276
0.1678613605  -0.1737807782  -0.7776577923
0.1656172153  -0.1713691255  -0.7798888177
0.1633848166  -0.1689722781  -0.7821081905
0.1611640772  -0.1665901172  -0.7843159971
0.1589549109  -0.1642225259  -0.7865123228
0.1567572324  -0.1618693882  -0.7886972522
0.1545709568  -0.1595305887  -0.7908708693
0.1523960003  -0.1572060129  -0.7930332572
0.1502322796  -0.1548955473  -0.7951844984
0.1480797123  -0.1525990791  -0.7973246744
0.1459382165  -0.1503164967  -0.7994538663
0.1438077114  -0.1480476890  -0.8015721544
0.1416881166  -0.1457925462  -0.8036796182
0.1395793525  -0.1435509594  -0.8057763366
0.1374813402  -0.1413228205  -0.8078623876
0.1353940015  -0.1391080226  -0.8099378489
0.1333172588  -0.1369064597  -0.8120027971
0.1312510354  -0.1347180265  -0.8140573084
0.1291952550  -0.1325426192  -0.8161014583
0.1271498422  -0.1303801346  -0.8181353216
0.1251147220  -0.1282304705  -0.8201589724
0.1230898203  -0.1260935257  -0.8221724842
0.1210750636  -0.1239692001  -0.8241759299
0.1190703788  -0.1218573942  -0.8261693817
0.1170756937  -0.1197580097  -0.8281529113
0.1150909366  -0.1176709490  -0.8301265895
0.1131160365  -0.1155961153  -0.8320904869
0.1111509229  -0.1135334130  -0.8340446731
0.1091955260  -0.1114827470  -0.8359892173
0.1072497768  -0.1094440462  -0.8379241947
0.1053136073  -0.1074172472  -0.8398496873
0.1033869491  -0.1054022021  -0.8417657579
0.1014697332  -0.1033987493  -0.8436724512
0.0995618921  -0.1014068255  -0.8455698256
0.0976633604  -0.0994263776  -0.8474579478
0.0957740727  -0.0974573187  -0.8493368809
0.0938939639  -0.0954995620  -0.8512066875
0.0920229694  -0.0935530215  -0.8530674305
0.0901610253  -0.0916176111  -0.8549191728
0.0883080680  -0.0896932455  -0.8567619771
0.0864640347  -0.0877798395  -0.8585959065
0.0846288629  -0.0858773085  -0.8604210238
0.0828024907  -0.0839855679  -0.8622373925
0.0809848568  -0.0821045338  -0.8640450757
0.0791759004  -0.0802341226  -0.8658441369
0.0773755609  -0.0783742509  -0.8676346397
0.0755837786  -0.0765248358  -0.8694166479
0.0738004941  -0.0746857949  -0.8711902254
0.0720256484  -0.0728570461  -0.8729554360
0.0702591831  -0.0710385077  -0.8747123438
0.0685010402  -0.0692300986  -0.8764610126
0.0667511622  -0.0674317383  -0.8782015062
0.0650094921  -0.0656433464  -0.8799338885
0.0632759733  -0.0638648436  -0.8816582228
0.0615505496  -0.0620961506  -0.8833745723
0.0598331653  -0.0603371892  -0.8850829996
0.0581237652  -0.0585878815  -0.8867835668
0.0564222946  -0.0568481502  -0.8884763354
0.0547286990  -0.0551179190  -0.8901613661
0.0530429245  -0.0533971118  -0.8918387185
0.0513649176  -0.0516856535  -0.8935084514
0.0496950227  -0.0499834830  -0.8951944466
0.0480334474  -0.0482905334  -0.8969085595
0.0463791093  -0.0466066962  -0.8986101452
0.0447316533  -0.0449318903  -0.9003097559
0.0430915616  -0.0432660632  -0.9020067137
0.0414587744  -0.0416091443  -0.9037002410
0.0398332345  -0.0399610638  -0.9053894605
0.0382148873  -0.0383217525  -0.9070733958
0.0366036811  -0.0366911423  -0.9087509705
0.0349995671  -0.0350691656  -0.9104210089
0.0334024995  -0.0334557554  -0.9120822357
0.0318124359  -0.0318508456  -0.9137332761
0.0302293371  -0.0302543706  -0.9153726557
0.0286531672  -0.0286662655  -0.9169988005
0.0270838942  -0.0270864658  -0.9186100371
0.0255214892  -0.0255149079  -0.9202045926
0.0239659272  -0.0239515283  -0.9217805943
0.0224171868  -0.0223962645  -0.9233360702
0.0208752502  -0.0208490542  -0.9248689486
0.0193401032  -0.0193098356  -0.9263770584
0.0178117351  -0.0177785474  -0.9278581288
0.0162901387  -0.0162551288  -0.9293097896
0.0147753100  -0.0147395194  -0.9307295710
0.0132672483  -0.0132316594  -0.9321149037
0.0117659558  -0.0117314892  -0.9334631187
0.0102714371  -0.0102389500  -0.9347714477
0.0087836995  -0.0087539833  -0.9360370227
0.0073027519  -0.0072765311  -0.9372568762
0.0058286052  -0.0058065361  -0.9384279411
0.0043612711  -0.0043439416  -0.9395470508
0.0029007619  -0.0028886914  -0.9406109392
0.0014470898  -0.0014407300  -0.9416162407
0.0014465281  -0.0014407247  -0.9416162407
