0.115787
1.7041367298  -2.1066045919   0.0000793136
1.7041367298  -2.1066045919   0.0000793136
1.7041441762  -2.1066045392   0.0000657401
1.7041399101  -2.1065649045   0.0000310458
1.7041178821  -2.1064802159  -0.0000253913
1.7040738219  -2.1063431074  -0.0001041844
1.7040061182  -2.1061511285  -0.0002059373
1.7039138503  -2.1059030682  -0.0003312449
1.7037963593  -2.1055981750  -0.0004806929
1.7036531050  -2.1052358989  -0.0006548578
1.7034836087  -2.1048157858  -0.0008543072
1.7032874256  -2.1043374289  -0.0010795994
1.7030641314  -2.1038004425  -0.0013312837
1.7028133142  -2.1032044491  -0.0016099001
1.7025345707  -2.1025490712  -0.0019159797
1.7022275028  -2.1018339265  -0.0022500443
1.7018917168  -2.1010586258  -0.0026126069
1.7015268215  -2.1002227711  -0.0030041709
1.7011324284  -2.0993259552  -0.0034252310
1.7007081506  -2.0983677611  -0.0038762726
1.7002536031  -2.0973477626  -0.0043577720
1.6997684025  -2.0962655244  -0.0048701964
1.6992521669  -2.0951206025  -0.0054140040
1.6987045161  -2.0939125454  -0.0059896436
1.6981250716  -2.0926408944  -0.0065975551
1.6975134568  -2.0913051846  -0.0072381692
1.6968692969  -2.0899049460  -0.0079119077
1.6961922195  -2.0884397043  -0.0086191830
1.6954818543  -2.0869089819  -0.0093603984
1.6947378337  -2.0853122991  -0.0101359483
1.6939597927  -2.0836491754  -0.0109462178
1.6931473693  -2.0819191299  -0.0117915830
1.6923001985  -2.0801207127  -0.0126736599
1.6914179350  -2.0782543423  -0.0135916978
1.6905002348  -2.0763207534  -0.0145456580
1.6895467387  -2.0743187510  -0.0155358300
1.6885570981  -2.0722475975  -0.0165625150
1.6875309731  -2.0701067517  -0.0176260393
1.6864680287  -2.0678957139  -0.0187267240
1.6853679345  -2.0656140158  -0.0198648874
1.6842303656  -2.0632612086  -0.0210408445
1.6830550022  -2.0608368613  -0.0222549061
1.6818415301  -2.0583405607  -0.0235073778
1.6805896410  -2.0557719116  -0.0247985600
1.6792990296  -2.0531305355  -0.0261287470
1.6779693965  -2.0504160742  -0.0274982263
1.6766004508  -2.0476281936  -0.0289072788
1.6751919091  -2.0447665832  -0.0303561787
1.6737434949  -2.0418309560  -0.0318451934
1.6722549390  -2.0388210497  -0.0333745835
1.6707259796  -2.0357366276  -0.0349446023
1.6691563627  -2.0325774788  -0.0365554957
1.6675458418  -2.0293434192  -0.0382075019
1.6658941785  -2.0260342921  -0.0399008515
1.6642011427  -2.0226499695  -0.0416357668
1.6624665125  -2.0191903527  -0.0434124619
1.6606900745  -2.0156553743  -0.0452311416
1.6588716236  -2.0120449979  -0.0470920014
1.6570109639  -2.0083592186  -0.0489952285
1.6551079082  -2.0045980635  -0.0509410016
1.6531622784  -2.0007615915  -0.0529294910
1.6511739055  -1.9968498926  -0.0549608583
1.6491426277  -1.9928630857  -0.0570352563
1.6470682820  -1.9888010676  -0.0591528292
1.6449507136  -1.9846639221  -0.0613137117
1.6427897870  -1.9804523418  -0.0635180289
1.6405853805  -1.9761667868  -0.0657658953
1.6383373813  -1.9718073657  -0.0680574157
1.6360456844  -1.9673743166  -0.0703926863
1.6337101951  -1.9628679599  -0.0727717944
1.6313308289  -1.9582886545  -0.0751948189
1.6289075110  -1.9536367922  -0.0776618295
1.6264401765  -1.9489127938  -0.0801728872
1.6239287701  -1.9441171077  -0.0827280441
1.6213732461  -1.9392502101  -0.0853273424
1.6187735680  -1.9343126056  -0.0879708134
1.6161296947  -1.9293048143  -0.0906584788
1.6134415801  -1.9242273701  -0.0933903522
1.6107092000  -1.9190808434  -0.0961664395
1.6079325530  -1.9138658414  -0.0989867382
1.6051116473  -1.9085829965  -0.1018512381
1.6022465007  -1.9032329668  -0.1047599208
1.5993371403  -1.8978164376  -0.1077127602
1.5963836026  -1.8923341207  -0.1107097222
1.5933859326  -1.8867867520  -0.1137507637
1.5903441838  -1.8811750887  -0.1168358314
1.5872584179  -1.8754999074  -0.1199648621
1.5841286884  -1.8697619891  -0.1231377833
1.5809550266  -1.8639621095  -0.1263545132
1.5777374861  -1.8581010748  -0.1296149614
1.5744761561  -1.8521797360  -0.1329190305
1.5711711359  -1.8461989695  -0.1362666206
1.5678225336  -1.8401596784  -0.1396576301
1.5644304649  -1.8340627923  -0.1430919496
1.5609950518  -1.8279092501  -0.1465694610
1.5575164231  -1.8216999861  -0.1500900392
1.5539947139  -1.8154359616  -0.1536535522
1.5504300289  -1.8091181579  -0.1572598621
1.5468224471  -1.8027475531  -0.1609088283
1.5431720886  -1.7963251578  -0.1646003122
1.5394791110  -1.7898520259  -0.1683341762
1.5357436786  -1.7833292595  -0.1721102807
1.5319659611  -1.7767580249  -0.1759284837
1.5281461341  -1.7701394184  -0.1797886420
1.5242843772  -1.7634742769  -0.1836906115
1.5203808735  -1.7567633221  -0.1876342484
1.5164357534  -1.7500075003  -0.1916194083
1.5124491129  -1.7432080584  -0.1956459447
1.5084211052  -1.7363663827  -0.1997137094
1.5043519258  -1.7294838569  -0.2038225534
1.5002417751  -1.7225618316  -0.2079723268
1.4960908562  -1.7156016280  -0.2121628743
1.4918993743  -1.7086045358  -0.2163940342
1.4876675389  -1.7015718141  -0.2206656519
1.4833955679  -1.6945047110  -0.2249775890
1.4790836628  -1.6874044649  -0.2293297207
1.4747319683  -1.6802722127  -0.2337219327
1.4703405876  -1.6731089758  -0.2381541109
1.4659096106  -1.6659157251  -0.2426261243
1.4614391146  -1.6586933860  -0.2471378176
1.4569291684  -1.6514428438  -0.2516890144
1.4523798354  -1.6441649482  -0.2562795185
1.4477912459  -1.6368606060  -0.2609091208
1.4431637260  -1.6295309508  -0.2655776169
1.4384975416  -1.6221770313  -0.2702848136
1.4337927559  -1.6147996298  -0.2750305169
1.4290494069  -1.6073994839  -0.2798145287
1.4242675247  -1.5999773136  -0.2846366520
1.4194471335  -1.5925338272  -0.2894966917
1.4145882567  -1.5850697314  -0.2943944530
1.4096910825  -1.5775859432  -0.2993297379
1.4047559464  -1.5700835622  -0.3043023434
1.3997831088  -1.5625635918  -0.3093120610
1.3947727678  -1.5550270012  -0.3143586632
1.3897251214  -1.5474747817  -0.3194419015
1.3846403863  -1.5399076828  -0.3245615887
1.3795188167  -1.5323262189  -0.3297176525
1.3743606963  -1.5247313631  -0.3349100156
1.3691662710  -1.5171246927  -0.3401384787
1.3639357333  -1.5095077134  -0.3454027652
1.3586692826  -1.5018815950  -0.3507025942
1.3533671416  -1.4942473734  -0.3560376917
1.3480295378  -1.4866060790  -0.3614077811
1.3426564390  -1.4789585339  -0.3668125821
1.3372479047  -1.4713056681  -0.3722518141
1.3318045830  -1.4636489532  -0.3777251936
1.3263273961  -1.4559901259  -0.3832324336
1.3208173190  -1.4483309833  -0.3887732481
1.3152753411  -1.4406733496  -0.3943473521
1.3097020162  -1.4330186909  -0.3999544632
1.3040972270  -1.4253677655  -0.4055943001
1.2984605836  -1.4177209293  -0.4112665810
1.2927916415  -1.4100784465  -0.4169710283
1.2870898965  -1.4024405084  -0.4227073705
1.2813551170  -1.3948076239  -0.4284753436
1.2755878201  -1.3871811529  -0.4342746528
1.2697885597  -1.3795624618  -0.4401048011
1.2639575003  -1.3719524161  -0.4459652488
1.2580949064  -1.3643519134  -0.4518557551
1.2522011471  -1.3567619594  -0.4577761803
1.2462765903  -1.3491836355  -0.4637262906
1.2403215103  -1.3416178742  -0.4697057983
1.2343360883  -1.3340653930  -0.4757143146
1.2283204621  -1.3265268065  -0.4817512542
1.2222747523  -1.3190026544  -0.4878155722
1.2161982160  -1.3114927468  -0.4939023784
1.2100904231  -1.3039970949  -0.5000091200
1.2039552005  -1.2965190156  -0.5061464827
1.1977975346  -1.2890633734  -0.5123258819
1.1916169319  -1.2816315105  -0.5185478814
1.1854099139  -1.2742218280  -0.5248098748
1.1791748896  -1.2668331063  -0.5311104575
1.1729118687  -1.2594650625  -0.5374483544
1.1666210694  -1.2521174671  -0.5438222018
1.1603026036  -1.2447897517  -0.5502305564
1.1539566760  -1.2374813808  -0.5566719051
1.1475835554  -1.2301918038  -0.5631446583
1.1411833913  -1.2229201444  -0.5696471433
1.1347563936  -1.2156655368  -0.5761776068
1.1283028385  -1.2084271170  -0.5827342187
1.1218229375  -1.2012037929  -0.5893150841
1.1153169825  -1.1939945489  -0.5959182655
1.1087850881  -1.1867980944  -0.6025418010
1.1022273529  -1.1796130689  -0.6091837126
1.0956440534  -1.1724382596  -0.6158420147
1.0890354638  -1.1652724213  -0.6225147175
1.0824023248  -1.1581147535  -0.6291998163
1.0757428943  -1.1509619516  -0.6358952889
1.0690461998  -1.1438014632  -0.6425991123
1.0623140145  -1.1366336587  -0.6493092689
1.0555564486  -1.1294674819  -0.6560237420
1.0487727755  -1.1223009208  -0.6627405206
1.0419612786  -1.1151308931  -0.6694576090
1.0351188688  -1.1079529912  -0.6761730358
1.0282397966  -1.1007602472  -0.6828848606
1.0213126020  -1.0935401319  -0.6895911832
1.0143102872  -1.0862644152  -0.6962901883
1.0070035403  -1.0787042225  -0.7029801660
0.9996276054  -1.0711011941  -0.7096593209
0.9927188008  -1.0639907298  -0.7163255981
0.9861381693  -1.0572235721  -0.7229769072
0.9796149875  -1.0505221341  -0.7296114099
0.9731130301  -1.0438458930  -0.7362274800
0.9666317199  -1.0371916072  -0.7428235730
0.9601708745  -1.0305573142  -0.7493982092
0.9537303191  -1.0239412666  -0.7559499944
0.9473099032  -1.0173418621  -0.7624776267
0.9409094999  -1.0107576451  -0.7689798989
0.9345290054  -1.0041873063  -0.7754557054
0.9281683394  -0.9976296813  -0.7819040476
0.9218274424  -0.9910837511  -0.7883240366
0.9155062745  -0.9845486425  -0.7947148984
0.9092048141  -0.9780236269  -0.8010759782
0.9029230576  -0.9715081197  -0.8074067471
0.8966610181  -0.9650016773  -0.8137068100
0.8904187230  -0.9585039902  -0.8199759065
0.8841962097  -0.9520148766  -0.8262139134
0.8779935214  -0.9455342742  -0.8324208404
0.8718107179  -0.9390622370  -0.8385968756
0.8656479454  -0.9325989398  -0.8447426080
0.8595054110  -0.9261446700  -0.8508589252
0.8533831952  -0.9196997967  -0.8569466506
0.8472812674  -0.9132647500  -0.8630066899
0.8411996597  -0.9068400239  -0.8690402337
0.8351384743  -0.9004261789  -0.8750487480
0.8290978469  -0.8940238385  -0.8810340545
0.8230779819  -0.8876336953  -0.8869984928
0.8170792546  -0.8812565905  -0.8929453260
0.8111034011  -0.8748936562  -0.8988829154
0.8051520617  -0.8685459767  -0.9048189752
0.7992212999  -0.8622137431  -0.9107472351
0.7933045227  -0.8558963003  -0.9166573727
0.7874008619  -0.8495931697  -0.9225477410
0.7815133000  -0.8433044281  -0.9284197132
0.7756432897  -0.8370303170  -0.9342736148
0.7697908772  -0.8307710107  -0.9401095823
0.7639559433  -0.8245266333  -0.9459277547
0.7581383694  -0.8182972825  -0.9517282758
0.7523380388  -0.8120830319  -0.9575112930
0.7465548361  -0.8058839310  -0.9632769574
0.7407886475  -0.7997000060  -0.9690254226
0.7350393601  -0.7935312608  -0.9747568444
0.7293068623  -0.7873776773  -0.9804713798
0.7235910437  -0.7812392172  -0.9861691867
0.7178917949  -0.7751158224  -0.9918504226
0.7122090074  -0.7690074160  -0.9975152439
0.7065425740  -0.7629139032  -1.0031638050
0.7008923884  -0.7568351727  -1.0087962575
0.6952583456  -0.7507710978  -1.0144127493
0.6896403418  -0.7447215388  -1.0200134237
0.6840382738  -0.7386863477  -1.0255984165
0.6784520388  -0.7326653723  -1.0311678532
0.6728815348  -0.7266584501  -1.0367218494
0.6673266625  -0.7206654060  -1.0422605140
0.6617873255  -0.7146860600  -1.0477839484
0.6562634288  -0.7087202346  -1.0532922424
0.6507548779  -0.7027677546  -1.0587854727
0.6452615789  -0.6968284499  -1.0642636996
0.6397834378  -0.6909021586  -1.0697269624
0.6343203538  -0.6849887522  -1.0751752484
0.6288722138  -0.6790881289  -1.0806084726
0.6234389245  -0.6732001141  -1.0860265864
0.6180204586  -0.6673244498  -1.0914297086
0.6126168219  -0.6614609420  -1.0968180415
0.6072279736  -0.6556094988  -1.1021917164
0.6018538231  -0.6497700402  -1.1075507979
0.5964942804  -0.6439424722  -1.1128953439
0.5911492739  -0.6381267125  -1.1182254174
0.5858187409  -0.6323226960  -1.1235410797
0.5805026211  -0.6265303728  -1.1288423905
0.5752008560  -0.6207497075  -1.1341294074
0.5699133889  -0.6149806796  -1.1394021856
0.5646401649  -0.6092232823  -1.1446607788
0.5593811309  -0.6034775225  -1.1499052384
0.5541362355  -0.5977434201  -1.1551356137
0.5489054291  -0.5920210068  -1.1603519526
0.5436886639  -0.5863103256  -1.1655543005
0.5384858936  -0.5806114290  -1.1707427013
0.5332970738  -0.5749243790  -1.1759171971
0.5281221616  -0.5692492448  -1.1810778280
0.5229611157  -0.5635861022  -1.1862246328
0.5178138967  -0.5579350314  -1.1913576481
0.5126804665  -0.5522961135  -1.1964769095
0.5075607888  -0.5466694296  -1.2015824507
0.5024548287  -0.5410550607  -1.2066743042
0.4973625528  -0.5354530881  -1.2117525009
0.4922839293  -0.5298635911  -1.2168170707
0.4872189278  -0.5242866445  -1.2218680417
0.4821675194  -0.5187223158  -1.2269054414
0.4771296765  -0.5131706626  -1.2319292958
0.4721053730  -0.5076317193  -1.2369396303
0.4670945843  -0.5021054797  -1.2419364702
0.4620972870  -0.4965919246  -1.2469198401
0.4571134589  -0.4910910979  -1.2518897630
0.4521430786  -0.4856031250  -1.2568462589
0.4471861256  -0.4801281450  -1.2617893449
0.4422425807  -0.4746662667  -1.2667190375
0.4373124266  -0.4692175841  -1.2716353529
0.4323956470  -0.4637821943  -1.2765383062
0.4274922270  -0.4583601989  -1.2814279116
0.4226021524  -0.4529517025  -1.2863041821
0.4177254102  -0.4475568124  -1.2911671297
0.4128619883  -0.4421756388  -1.2960167654
0.4080118758  -0.4368082943  -1.3008530993
0.4031750624  -0.4314548382  -1.3056761406
0.3983515390  -0.4261152225  -1.3104858978
0.3935412971  -0.4207895245  -1.3152823787
0.3887443298  -0.4154781308  -1.3200655894
0.3839606305  -0.4101814056  -1.3248355348
0.3791901936  -0.4048994797  -1.3295922197
0.3744330141  -0.3996324351  -1.3343356484
0.3696890878  -0.3943803844  -1.3390658246
0.3649584114  -0.3891434378  -1.3437827514
0.3602409817  -0.3839217028  -1.3484864314
0.3555367966  -0.3787152848  -1.3531768664
0.3508458544  -0.3735242881  -1.3578540580
0.3461681538  -0.3683488169  -1.3625180072
0.3415036943  -0.3631889761  -1.3671687143
0.3368524755  -0.3580448717  -1.3718061796
0.3322144977  -0.3529166118  -1.3764304026
0.3275897616  -0.3478043068  -1.3810413826
0.3229782681  -0.3427080706  -1.3856391185
0.3183800184  -0.3376280201  -1.3902236089
0.3137950143  -0.3325642762  -1.3947948520
0.3092232574  -0.3275169638  -1.3993528459
0.3046647499  -0.3224862117  -1.4038975884
0.3001194939  -0.3174721527  -1.4084290770
0.2955874918  -0.3124749238  -1.4129473092
0.2910687459  -0.3074946658  -1.4174522825
0.2865632589  -0.3025315232  -1.4219439942
0.2820710332  -0.2975856441  -1.4264224415
0.2775920712  -0.2926571792  -1.4308876219
0.2731263753  -0.2877462823  -1.4353395327
0.2686739480  -0.2828531088  -1.4397781716
0.2642347913  -0.2779778160  -1.4442035361
0.2598089072  -0.2731205619  -1.4486156243
0.2553963027  -0.2682822220  -1.4530144765
0.2509969908  -0.2634639078  -1.4574001818
0.2466109656  -0.2586640703  -1.4617727084
0.2422381996  -0.2538806642  -1.4661319131
0.2378786850  -0.2491146872  -1.4704777459
0.2335324359  -0.2443674405  -1.4748102133
0.2291994603  -0.2396391568  -1.4791293020
0.2248797590  -0.2349300554  -1.4834350028
0.2205733327  -0.2302403454  -1.4877273100
0.2162801815  -0.2255702241  -1.4920062220
0.2120003050  -0.2209198760  -1.4962717419
0.2077337019  -0.2162894714  -1.5005238772
0.2034803702  -0.2116791661  -1.5047626404
0.1992403068  -0.2070891006  -1.5089880486
0.1950135079  -0.2025194001  -1.5132001243
0.1907999682  -0.1979701742  -1.5173988944
0.1865996815  -0.1934415173  -1.5215843913
0.1824126404  -0.1889335087  -1.5257566518
0.1782388360  -0.1844462131  -1.5299157174
0.1740782586  -0.1799796814  -1.5340616341
0.1699308967  -0.1755339510  -1.5381944519
0.1657967379  -0.1711090471  -1.5423142249
0.1616757683  -0.1667049830  -1.5464210101
0.1575679730  -0.1623217618  -1.5505148678
0.1534733355  -0.1579593765  -1.5545958604
0.1493918385  -0.1536178118  -1.5586640524
0.1453234631  -0.1492970447  -1.5627195093
0.1412681895  -0.1449970456  -1.5667622971
0.1372259966  -0.1407177792  -1.5707924815
0.1331968621  -0.1364592058  -1.5748101273
0.1291807626  -0.1322212817  -1.5788152971
0.1251776735  -0.1280039624  -1.5828080511
0.1211901262  -0.1238078172  -1.5868474228
0.1172197527  -0.1196331259  -1.5909626945
0.1132598910  -0.1154782021  -1.5950530787
0.1093085740  -0.1113425882  -1.5991446044
0.1053692104  -0.1072271052  -1.6032354840
0.1014417166  -0.1031317141  -1.6073236822
0.0975260217  -0.0990563806  -1.6114069169
0.0936220678  -0.0950010743  -1.6154826585
0.0897298111  -0.0909657677  -1.6195481304
0.0858492225  -0.0869504357  -1.6236003087
0.0819802885  -0.0829550544  -1.6276359223
0.0781230116  -0.0789796003  -1.6316514530
0.0742774114  -0.0750240489  -1.6356431352
0.0704435245  -0.0710883734  -1.6396069562
0.0666214053  -0.0671725437  -1.6435386562
0.0628111264  -0.0632765248  -1.6474337280
0.0590127783  -0.0594002757  -1.6512874173
0.0552264704  -0.0555437481  -1.6550947226
0.0514523298  -0.0517068854  -1.6588503952
0.0476905023  -0.0478896213  -1.6625489391
0.0439411511  -0.0440918795  -1.6661846113
0.0402044567  -0.0403135731  -1.6697514212
0.0364806162  -0.0365546038  -1.6732431315
0.0327698421  -0.0328148624  -1.6766532574
0.0290723612  -0.0290942290  -1.6799750668
0.0253884135  -0.0253925737  -1.6832015807
0.0217182499  -0.0217097577  -1.6863255727
0.0180621307  -0.0180456346  -1.6893395692
0.0144203231  -0.0144000524  -1.6922358494
0.0107930986  -0.0107728555  -1.6950064454
0.0071807301  -0.0071638867  -1.6976431419
0.0035834884  -0.0035729903  -1.7001374766
0.0035800376  -0.0035729654  -1.7001374766
