0.239355
0.7511020211  -0.7796711835   0.0000224936
0.7511020211  -0.7796711835   0.0000224936
0.7511049698  -0.7796735914   0.0000198895
0.7511049999  -0.7796704664   0.0000120049
0.7511003313  -0.7796603066  -0.0000012915
0.7510901517  -0.7796424171  -0.0000201311
0.7510741277  -0.7796165143  -0.0000446455
0.7510520594  -0.7795824283  -0.0000749663
0.7510237972  -0.7795400309  -0.0001112253
0.7509892142  -0.7794892124  -0.0001535543
0.7509481944  -0.7794298710  -0.0002020854
0.7509006278  -0.7793619084  -0.0002569507
0.7508464070  -0.7792852274  -0.0003182824
0.7507854263  -0.7791997309  -0.0003862128
0.7507175803  -0.7791053203  -0.0004608745
0.7506427635  -0.7790018961  -0.0005423999
0.7505608701  -0.7788893567  -0.0006309217
0.7504717935  -0.7787675985  -0.0007265727
0.7503754261  -0.7786365161  -0.0008294859
0.7502716595  -0.7784960016  -0.0009397943
0.7501603841  -0.7783459450  -0.0010576309
0.7500414893  -0.7781862340  -0.0011831291
0.7499148629  -0.7780167538  -0.0013164221
0.7497803917  -0.7778373875  -0.0014576435
0.7496379613  -0.7776480157  -0.0016069269
0.7494874558  -0.7774485166  -0.0017644060
0.7493287579  -0.7772387661  -0.0019302145
0.7491617489  -0.7770186378  -0.0021044864
0.7489863089  -0.7767880027  -0.0022873558
0.7488023164  -0.7765467297  -0.0024789568
0.7486096484  -0.7762946853  -0.0026794236
0.7484081807  -0.7760317337  -0.0028888907
0.7481977843  -0.7757576232  -0.0031078184
0.7479783352  -0.7754723188  -0.0033360384
0.7477497088  -0.7751758313  -0.0035735717
0.7475117717  -0.7748679333  -0.0038205487
0.7472643908  -0.7745484353  -0.0040770987
0.7470074322  -0.7742171761  -0.0043433550
0.7467407608  -0.7738739968  -0.0046194525
0.7464642398  -0.7735187383  -0.0049055280
0.7461777312  -0.7731512401  -0.0052017204
0.7458810951  -0.7727713401  -0.0055081703
0.7455741902  -0.7723788743  -0.0058250201
0.7452568735  -0.7719736772  -0.0061524140
0.7449290006  -0.7715555816  -0.0064904977
0.7445904252  -0.7711244185  -0.0068394187
0.7442409998  -0.7706800176  -0.0071993262
0.7438805748  -0.7702222071  -0.0075703708
0.7435089993  -0.7697508136  -0.0079527052
0.7431261206  -0.7692656626  -0.0083464833
0.7427317845  -0.7687665781  -0.0087518611
0.7423258350  -0.7682533831  -0.0091689958
0.7419081144  -0.7677258994  -0.0095980468
0.7414784636  -0.7671839477  -0.0100391748
0.7410367216  -0.7666273478  -0.0104925422
0.7405827257  -0.7660559187  -0.0109583134
0.7401163116  -0.7654694783  -0.0114366541
0.7396373133  -0.7648678441  -0.0119277320
0.7391455631  -0.7642508328  -0.0124317163
0.7386408915  -0.7636182603  -0.0129487779
0.7381231276  -0.7629699423  -0.0134790897
0.7375920984  -0.7623056938  -0.0140228259
0.7370476294  -0.7616253296  -0.0145801626
0.7364895445  -0.7609286304  -0.0151512777
0.7359176655  -0.7602153984  -0.0157363508
0.7353318127  -0.7594855180  -0.0163355629
0.7347318048  -0.7587388379  -0.0169490969
0.7341174593  -0.7579751480  -0.0175771374
0.7334885916  -0.7571942504  -0.0182198707
0.7328450154  -0.7563959561  -0.0188774851
0.7321865428  -0.7555800772  -0.0195501703
0.7315129838  -0.7547464257  -0.0202381179
0.7308241471  -0.7538948135  -0.0209415210
0.7301198394  -0.7530250532  -0.0216605746
0.7293998658  -0.7521369572  -0.0223954752
0.7286640298  -0.7512303379  -0.0231464210
0.7279121332  -0.7503050077  -0.0239136119
0.7271439759  -0.7493607788  -0.0246972493
0.7263593565  -0.7483974634  -0.0254975365
0.7255580718  -0.7474148744  -0.0263146782
0.7247399168  -0.7464128252  -0.0271488808
0.7239046851  -0.7453911286  -0.0280003524
0.7230521687  -0.7443495960  -0.0288693025
0.7221821579  -0.7432880373  -0.0297559423
0.7212944415  -0.7422062627  -0.0306604844
0.7203888066  -0.7411040834  -0.0315831430
0.7194650388  -0.7399813113  -0.0325241340
0.7185229224  -0.7388377594  -0.0334836746
0.7175622400  -0.7376732416  -0.0344619836
0.7165827726  -0.7364875727  -0.0354592814
0.7155843000  -0.7352805687  -0.0364757896
0.7145666004  -0.7340520466  -0.0375117311
0.7135294507  -0.7328018246  -0.0385673303
0.7124726262  -0.7315297224  -0.0396428127
0.7113959013  -0.7302355603  -0.0407384050
0.7102990487  -0.7289191588  -0.0418543353
0.7091818398  -0.7275803424  -0.0429908328
0.7080440451  -0.7262189416  -0.0441481278
0.7068854336  -0.7248348008  -0.0453264516
0.7057057734  -0.7234277914  -0.0465260366
0.7045048333  -0.7219977690  -0.0477471162
0.7032823819  -0.7205444812  -0.0489899257
0.7020381850  -0.7190675883  -0.0502547020
0.7007720070  -0.7175668086  -0.0515416831
0.6994836105  -0.7160419921  -0.0528511071
0.6981727576  -0.7144930750  -0.0541832122
0.6968392095  -0.7129200161  -0.0555382366
0.6954827273  -0.7113227674  -0.0569164192
0.6941030712  -0.7097012695  -0.0583179998
0.6927000009  -0.7080554491  -0.0597432184
0.6912732755  -0.7063852128  -0.0611923159
0.6898226537  -0.7046904459  -0.0626655338
0.6883478934  -0.7029710250  -0.0641631141
0.6868487526  -0.7012268355  -0.0656852996
0.6853249888  -0.6994577699  -0.0672323338
0.6837763597  -0.6976637036  -0.0688044609
0.6822026225  -0.6958444828  -0.0704019247
0.6806035339  -0.6939999354  -0.0720249691
0.6789788521  -0.6921298851  -0.0736738379
0.6773283394  -0.6902341584  -0.0753487752
0.6756517573  -0.6883125754  -0.0770500251
0.6739488638  -0.6863649455  -0.0787778311
0.6722194167  -0.6843910761  -0.0805324357
0.6704631743  -0.6823907747  -0.0823140803
0.6686798951  -0.6803638503  -0.0841230052
0.6668693381  -0.6783101156  -0.0859594496
0.6650312630  -0.6762293873  -0.0878236525
0.6631654305  -0.6741214861  -0.0897158506
0.6612716016  -0.6719862342  -0.0916362774
0.6593495382  -0.6698234458  -0.0935851623
0.6573990007  -0.6676326989  -0.0955627230
0.6554197478  -0.6654133803  -0.0975691617
0.6534115562  -0.6631659349  -0.0996047025
0.6513742305  -0.6608922338  -0.1016696270
0.6493075763  -0.6585934362  -0.1037642349
0.6472113739  -0.6562687290  -0.1058887839
0.6450853793  -0.6539165766  -0.1080434851
0.6429293467  -0.6515359571  -0.1102285271
0.6407430415  -0.6491264844  -0.1124440899
0.6385262411  -0.6466881202  -0.1146903578
0.6362787313  -0.6442209485  -0.1169675221
0.6340003009  -0.6417251039  -0.1192757441
0.6316907470  -0.6392007847  -0.1216151071
0.6293498759  -0.6366482438  -0.1239856327
0.6269774969  -0.6340677549  -0.1263873832
0.6245734357  -0.6314596195  -0.1288205492
0.6221375323  -0.6288241803  -0.1312853824
0.6196696197  -0.6261618147  -0.1337820954
0.6171695246  -0.6234729276  -0.1363108758
0.6146370778  -0.6207579480  -0.1388719121
0.6120721304  -0.6180173502  -0.1414653870
0.6094745566  -0.6152516574  -0.1440914760
0.6068442260  -0.6124613866  -0.1467503447
0.6041809975  -0.6096470363  -0.1494421475
0.6014847341  -0.6068091088  -0.1521670236
0.5987553021  -0.6039481065  -0.1549250911
0.5959925737  -0.6010645305  -0.1577164418
0.5931964595  -0.5981589298  -0.1605411274
0.5903668775  -0.5952318508  -0.1633991391
0.5875036992  -0.5922837495  -0.1662903699
0.5846067656  -0.5893150169  -0.1692145339
0.5816758830  -0.5863259406  -0.1721709876
0.5787103891  -0.5833165073  -0.1751547169
0.5757096286  -0.5802867263  -0.1781614489
0.5726749052  -0.5772376321  -0.1811996775
0.5696086411  -0.5741711408  -0.1842820966
0.5665113811  -0.5710885778  -0.1874140224
0.5633819209  -0.5679902244  -0.1905957663
0.5602190702  -0.5648759326  -0.1938260234
0.5570221516  -0.5617454319  -0.1971034346
0.5537908507  -0.5585984041  -0.2004268169
0.5505255088  -0.5554350237  -0.2037948675
0.5472264391  -0.5522553689  -0.2072061688
0.5438920143  -0.5490574705  -0.2106591938
0.5405187941  -0.5458374096  -0.2141523136
0.5371041286  -0.5425919410  -0.2176838042
0.5336497898  -0.5393222117  -0.2212518525
0.5301604107  -0.5360322385  -0.2248545618
0.5266372705  -0.5327225700  -0.2284899599
0.5230794358  -0.5293913831  -0.2321560065
0.5194869206  -0.5260377617  -0.2358506008
0.5158597730  -0.5226607814  -0.2395715879
0.5121980099  -0.5192594420  -0.2433167644
0.5085015975  -0.5158326644  -0.2470838855
0.5047703847  -0.5123792198  -0.2508706718
0.5010041571  -0.5088978200  -0.2546748159
0.4972024104  -0.5053868719  -0.2584939893
0.4933643845  -0.5018445380  -0.2623258487
0.4894888829  -0.4982685773  -0.2661680421
0.4855738616  -0.4946559403  -0.2700182146
0.4816160245  -0.4910023877  -0.2738740162
0.4776096680  -0.4873013736  -0.2777331109
0.4735442878  -0.4835417062  -0.2815931850
0.4693987420  -0.4797020080  -0.2854519791
0.4649096206  -0.4755198725  -0.2893073147
0.4602363304  -0.4711577434  -0.2931570021
0.4559056565  -0.4671403200  -0.2969987226
0.4519424945  -0.4634849082  -0.3008301068
0.4481781416  -0.4600181333  -0.3046488956
0.4444912179  -0.4566171139  -0.3084529781
0.4408273920  -0.4532270212  -0.3122403552
0.4371842269  -0.4498448731  -0.3160091163
0.4335609796  -0.4464692777  -0.3197574280
0.4299574571  -0.4430994540  -0.3234835355
0.4263735725  -0.4397348223  -0.3271858100
0.4228092827  -0.4363749346  -0.3308628193
0.4192645868  -0.4330194730  -0.3345133444
0.4157394904  -0.4296682297  -0.3381362922
0.4122339678  -0.4263210816  -0.3417305922
0.4087479758  -0.4229779905  -0.3452952406
0.4052815017  -0.4196390200  -0.3488294000
0.4018345683  -0.4163043341  -0.3523323999
0.3984072090  -0.4129741815  -0.3558037186
0.3949994616  -0.4096488853  -0.3592429953
0.3916113694  -0.4063288376  -0.3626500380
0.3882429804  -0.4030144920  -0.3660248328
0.3848943458  -0.3997063552  -0.3693675537
0.3815655186  -0.3964049803  -0.3726785751
0.3782565532  -0.3931109591  -0.3759584890
0.3749675052  -0.3898249147  -0.3792081240
0.3716984325  -0.3865474962  -0.3824285771
0.3684493991  -0.3832793737  -0.3856212602
0.3652204830  -0.3800212376  -0.3887879769
0.3620117942  -0.3767738038  -0.3919310676
0.3588235178  -0.3735378586  -0.3950537071
0.3556567841  -0.3703146940  -0.3981647757
0.3525130491  -0.3671057355  -0.4012745564
0.3493905093  -0.3639107176  -0.4043806967
0.3462849148  -0.3607280120  -0.4074738202
0.3431944151  -0.3575569635  -0.4105491244
0.3401198573  -0.3543981612  -0.4136056310
0.3370623603  -0.3512523745  -0.4166437160
0.3340224481  -0.3481201268  -0.4196637725
0.3310001694  -0.3450017178  -0.4226659380
0.3279954169  -0.3418973531  -0.4256503506
0.3250080758  -0.3388072098  -0.4286171509
0.3220380298  -0.3357314370  -0.4315664826
0.3190851621  -0.3326701564  -0.4344984915
0.3161493560  -0.3296234653  -0.4374133250
0.3132304950  -0.3265914431  -0.4403111323
0.3103284630  -0.3235741548  -0.4431920651
0.3074431446  -0.3205716465  -0.4460562766
0.3045744242  -0.3175839433  -0.4489039203
0.3017221865  -0.3146110508  -0.4517351489
0.2988863164  -0.3116529589  -0.4545501136
0.2960666990  -0.3087096431  -0.4573489638
0.2932632201  -0.3057810659  -0.4601318462
0.2904757658  -0.3028671779  -0.4628989039
0.2877042226  -0.2999679195  -0.4656502759
0.2849484779  -0.2970832220  -0.4683860962
0.2822084194  -0.2942130089  -0.4711064931
0.2794839357  -0.2913571972  -0.4738115885
0.2767749158  -0.2885156981  -0.4765014969
0.2740812495  -0.2856884177  -0.4791763241
0.2714028272  -0.2828752558  -0.4818361659
0.2687395394  -0.2800761033  -0.4844811049
0.2660912749  -0.2772907800  -0.4871111904
0.2634579175  -0.2745190153  -0.4897264165
0.2608393551  -0.2717607314  -0.4923267793
0.2582354958  -0.2690162459  -0.4949123710
0.2556462627  -0.2662859124  -0.4974833601
0.2530715714  -0.2635697696  -0.5000399047
0.2505113211  -0.2608676566  -0.5025821251
0.2479654060  -0.2581794214  -0.5051101219
0.2454337227  -0.2555049762  -0.5076239916
0.2429161718  -0.2528442738  -0.5101238313
0.2404126558  -0.2501972802  -0.5126097378
0.2379230785  -0.2475639640  -0.5150818075
0.2354473445  -0.2449442957  -0.5175401356
0.2329853586  -0.2423382472  -0.5199848169
0.2305370269  -0.2397457917  -0.5224159450
0.2281022556  -0.2371669037  -0.5248336132
0.2256809520  -0.2346015592  -0.5272379136
0.2232730238  -0.2320497349  -0.5296289377
0.2208783795  -0.2295114080  -0.5320067765
0.2184969282  -0.2269865560  -0.5343715201
0.2161285795  -0.2244751559  -0.5367232578
0.2137732438  -0.2219771841  -0.5390620784
0.2114308320  -0.2194926162  -0.5413880702
0.2091012558  -0.2170214264  -0.5437013205
0.2067844272  -0.2145635872  -0.5460019164
0.2044802591  -0.2121190690  -0.5482899442
0.2021886649  -0.2096878399  -0.5505654895
0.1999095585  -0.2072698651  -0.5528286378
0.1976428543  -0.2048651068  -0.5550794736
0.1953884676  -0.2024735235  -0.5573180812
0.1931463140  -0.2000950695  -0.5595445445
0.1909163098  -0.1977296920  -0.5617589467
0.1886983715  -0.1953773267  -0.5639613710
0.1864924167  -0.1930379012  -0.5661519005
0.1842983631  -0.1907113516  -0.5683306175
0.1821161292  -0.1883976314  -0.5704976033
0.1799456339  -0.1860967010  -0.5726529383
0.1777867966  -0.1838085165  -0.5747967021
0.1756395375  -0.1815330285  -0.5769289739
0.1735037771  -0.1792701851  -0.5790498326
0.1713794367  -0.1770199330  -0.5811593566
0.1692664378  -0.1747822187  -0.5832576238
0.1671647027  -0.1725569880  -0.5853447116
0.1650741541  -0.1703441859  -0.5874206967
0.1629947151  -0.1681437568  -0.5894856555
0.1609263097  -0.1659556448  -0.5915396639
0.1588688619  -0.1637797932  -0.5935827970
0.1568222966  -0.1616161448  -0.5956151298
0.1547865391  -0.1594646384  -0.5976367364
0.1527615150  -0.1573252064  -0.5996476907
0.1507471506  -0.1551977877  -0.6016480661
0.1487433728  -0.1530823388  -0.6036379352
0.1467501088  -0.1509788139  -0.6056173704
0.1447672865  -0.1488871529  -0.6075864434
0.1427948340  -0.1468072926  -0.6095452256
0.1408326800  -0.1447391710  -0.6114937879
0.1388807539  -0.1426827256  -0.6134322005
0.1369389852  -0.1406378933  -0.6153605335
0.1350073041  -0.1386046106  -0.6172788562
0.1330856413  -0.1365828135  -0.6191872375
0.1311739278  -0.1345724378  -0.6210857459
0.1292720953  -0.1325734191  -0.6229744494
0.1273800757  -0.1305856927  -0.6248534155
0.1254978017  -0.1286091941  -0.6267227113
0.1236252062  -0.1266438583  -0.6285824035
0.1217622225  -0.1246896206  -0.6304325580
0.1199087847  -0.1227464162  -0.6322732407
0.1180648270  -0.1208141803  -0.6341045167
0.1162302843  -0.1188928483  -0.6359264508
0.1144050918  -0.1169823556  -0.6377391074
0.1125891852  -0.1150826377  -0.6395425503
0.1107825007  -0.1131936302  -0.6413368429
0.1089849749  -0.1113152689  -0.6431220483
0.1071965448  -0.1094474898  -0.6448982289
0.1054171478  -0.1075902287  -0.6466654468
0.1036467219  -0.1057434220  -0.6484237638
0.1018852055  -0.1039070059  -0.6501732410
0.1001325373  -0.1020809168  -0.6519139392
0.0983886566  -0.1002650912  -0.6536459188
0.0966535029  -0.0984594657  -0.6553692397
0.0949270166  -0.0966640145  -0.6570839666
0.0932091387  -0.0948787230  -0.6587901697
0.0914998098  -0.0931034377  -0.6604879039
0.0897989698  -0.0913379825  -0.6621772100
0.0881065601  -0.0895823406  -0.6638581399
0.0864225237  -0.0878365093  -0.6655307517
0.0847468034  -0.0861004299  -0.6671951007
0.0830793422  -0.0843740431  -0.6688512422
0.0814200837  -0.0826572892  -0.6704992313
0.0797689717  -0.0809501083  -0.6721391235
0.0781259505  -0.0792524399  -0.6737709739
0.0764909648  -0.0775642230  -0.6753948381
0.0748639596  -0.0758853965  -0.6770107716
0.0732448804  -0.0742158985  -0.6786188299
0.0716336730  -0.0725556671  -0.6802190688
0.0700302835  -0.0709046397  -0.6818115443
0.0684346587  -0.0692627537  -0.6833963122
0.0668467453  -0.0676299460  -0.6849734287
0.0652664908  -0.0660061533  -0.6865429499
0.0636938429  -0.0643913122  -0.6881049321
0.0621287495  -0.0627853592  -0.6896594315
0.0605711591  -0.0611882305  -0.6912065044
0.0590210205  -0.0595998627  -0.6927462069
0.0574782827  -0.0580201920  -0.6942785951
0.0559428954  -0.0564491549  -0.6958037246
0.0544148083  -0.0548866880  -0.6973216512
0.0528939718  -0.0533327282  -0.6988324300
0.0513803362  -0.0517872123  -0.7003361157
0.0498738527  -0.0502500778  -0.7018327625
0.0483744724  -0.0487212622  -0.7033224242
0.0468821471  -0.0472007035  -0.7048051534
0.0453968287  -0.0456883401  -0.7062810023
0.0439187841  -0.0441841366  -0.7077710235
0.0424481713  -0.0426880453  -0.7092856676
0.0409841275  -0.0411999376  -0.7107891089
0.0395263670  -0.0397197376  -0.7122906502
0.0380752661  -0.0382474225  -0.7137896951
0.0366307720  -0.0367829341  -0.7152855597
0.0351928341  -0.0353262148  -0.7167774725
0.0337614038  -0.0338772076  -0.7182645741
0.0323364348  -0.0324358561  -0.7197459179
0.0309178829  -0.0310021044  -0.7212204693
0.0295057067  -0.0295758972  -0.7226871062
0.0280998670  -0.0281571795  -0.7241446188
0.0267003273  -0.0267458969  -0.7255917098
0.0253070537  -0.0253419951  -0.7270269943
0.0239200153  -0.0239454204  -0.7284489995
0.0225391836  -0.0225561194  -0.7298561651
0.0211645333  -0.0211740387  -0.7312468434
0.0197960416  -0.0197991253  -0.7326192987
0.0184336888  -0.0184313265  -0.7339717078
0.0170774577  -0.0170705895  -0.7353021601
0.0157273341  -0.0157168619  -0.7366086569
0.0143833063  -0.0143700913  -0.7378891124
0.0130453654  -0.0130302255  -0.7391413526
0.0117135047  -0.0116972125  -0.7403631164
0.0103877199  -0.0103710005  -0.7415520548
0.0090680087  -0.0090515376  -0.7427057311
0.0077543707  -0.0077387726  -0.7438216211
0.0064468070  -0.0064326543  -0.7448971129
0.0051453200  -0.0051331319  -0.7459295071
0.0038499128  -0.0038401551  -0.7469160165
0.0025605893  -0.0025536738  -0.7478537664
0.0012773529  -0.0012736388  -0.7487397943
0.0012769165  -0.0012736364  -0.7487397943
