0.125601
1.6006103764  -1.9622850995   0.0000689372
1.6006103764  -1.9622850995   0.0000689372
1.6006171899  -1.9622870224   0.0000576751
1.6006139987  -1.9622562756   0.0000283656
1.6005955313  -1.9621877019  -0.0000195106
1.6005582505  -1.9620754051  -0.0000864665
1.6005008074  -1.9619173640  -0.0001730086
1.6004224271  -1.9617125481  -0.0002796374
1.6003225518  -1.9614602949  -0.0004068468
1.6002007222  -1.9611601040  -0.0005551245
1.6000565296  -1.9608115519  -0.0007249519
1.5998895929  -1.9604142531  -0.0009168040
1.5996995473  -1.9599678392  -0.0011311497
1.5994860378  -1.9594719484  -0.0013684513
1.5992487153  -1.9589262186  -0.0016291650
1.5989872349  -1.9583302838  -0.0019137406
1.5987012539  -1.9576837721  -0.0022226216
1.5983904311  -1.9569863039  -0.0025562451
1.5980544266  -1.9562374919  -0.0029150421
1.5976929008  -1.9554369403  -0.0032994370
1.5973055146  -1.9545842447  -0.0037098483
1.5968919294  -1.9536789930  -0.0041466876
1.5964518067  -1.9527207649  -0.0046103608
1.5959848082  -1.9517091328  -0.0051012670
1.5954905959  -1.9506436622  -0.0056197993
1.5949688323  -1.9495239123  -0.0061663443
1.5944191802  -1.9483494367  -0.0067412824
1.5938413029  -1.9471197837  -0.0073449877
1.5932348645  -1.9458344978  -0.0079778278
1.5925995299  -1.9444931195  -0.0086401642
1.5919349646  -1.9430951869  -0.0093323520
1.5912408356  -1.9416402359  -0.0100547400
1.5905168036  -1.9401270166  -0.0108087446
1.5897625480  -1.9385557819  -0.0115937441
1.5889777486  -1.9369270498  -0.0124097310
1.5881620668  -1.9352397745  -0.0132569897
1.5873151717  -1.9334932651  -0.0141358135
1.5864367389  -1.9316869940  -0.0150465168
1.5855264465  -1.9298204649  -0.0159894111
1.5845839752  -1.9278932036  -0.0169648072
1.5836090083  -1.9259047491  -0.0179730150
1.5826012322  -1.9238546522  -0.0190143422
1.5815603362  -1.9217424752  -0.0200890942
1.5804860127  -1.9195677927  -0.0211975733
1.5793779578  -1.9173301926  -0.0223400785
1.5782358709  -1.9150292767  -0.0235169047
1.5770594553  -1.9126646616  -0.0247283432
1.5758484180  -1.9102359791  -0.0259746816
1.5746024705  -1.9077428769  -0.0272562033
1.5733213282  -1.9051850196  -0.0285731878
1.5720047111  -1.9025620897  -0.0299259101
1.5706523437  -1.8998737884  -0.0313146407
1.5692639555  -1.8971198372  -0.0327396454
1.5678392807  -1.8942999783  -0.0342011851
1.5663780586  -1.8914139759  -0.0356995156
1.5648800338  -1.8884616170  -0.0372348877
1.5633449564  -1.8854427118  -0.0388075464
1.5617725816  -1.8823570925  -0.0404177303
1.5601626707  -1.8792046134  -0.0420656720
1.5585149897  -1.8759851505  -0.0437515984
1.5568293040  -1.8726985973  -0.0454757305
1.5551053843  -1.8693448707  -0.0472382841
1.5533430130  -1.8659239173  -0.0490394684
1.5515419802  -1.8624355102  -0.0508794872
1.5497020816  -1.8588795769  -0.0527585377
1.5478231202  -1.8552565407  -0.0546768108
1.5459049083  -1.8515666326  -0.0566344910
1.5439472643  -1.8478097882  -0.0586317558
1.5419500118  -1.8439860472  -0.0606687749
1.5399129817  -1.8400955181  -0.0627457107
1.5378360121  -1.8361383420  -0.0648627193
1.5357189485  -1.8321146872  -0.0670199506
1.5335616435  -1.8280247469  -0.0692175479
1.5313639570  -1.8238687373  -0.0714556481
1.5291257560  -1.8196468984  -0.0737343813
1.5268469114  -1.8153594930  -0.0760538709
1.5245272850  -1.8110067958  -0.0784142338
1.5221667457  -1.8065891045  -0.0808155800
1.5197651844  -1.8021067514  -0.0832580120
1.5173225018  -1.7975600957  -0.0857416243
1.5148386063  -1.7929495230  -0.0882665029
1.5123134139  -1.7882754429  -0.0908327257
1.5097468481  -1.7835382876  -0.0934403630
1.5071388402  -1.7787385101  -0.0960894769
1.5044893285  -1.7738765823  -0.0987801221
1.5017982592  -1.7689529945  -0.1015123459
1.4990655855  -1.7639682574  -0.1042861914
1.4962912686  -1.7589229045  -0.1071016990
1.4934752577  -1.7538174799  -0.1099589036
1.4906174864  -1.7486525368  -0.1128578309
1.4877179118  -1.7434286656  -0.1157984991
1.4847765179  -1.7381464955  -0.1187809193
1.4817932965  -1.7328066798  -0.1218050961
1.4787682467  -1.7274098949  -0.1248710275
1.4757013750  -1.7219568277  -0.1279787075
1.4725926953  -1.7164481662  -0.1311281296
1.4694422290  -1.7108846276  -0.1343192868
1.4662500038  -1.7052669742  -0.1375521691
1.4630160523  -1.6995959917  -0.1408267627
1.4597403725  -1.6938724549  -0.1441430505
1.4564229449  -1.6880971463  -0.1475010122
1.4530637930  -1.6822709203  -0.1509006246
1.4496629681  -1.6763947089  -0.1543418617
1.4462205285  -1.6704693636  -0.1578246954
1.4427365377  -1.6644954741  -0.1613490951
1.4392110638  -1.6584735435  -0.1649150280
1.4356441796  -1.6524043580  -0.1685224573
1.4320359638  -1.6462890224  -0.1721713425
1.4283865022  -1.6401287398  -0.1758616368
1.4246958810  -1.6339247133  -0.1795932852
1.4209641575  -1.6276780871  -0.1833662306
1.4171913596  -1.6213899169  -0.1871804264
1.4133775111  -1.6150612171  -0.1910358367
1.4095226341  -1.6086929703  -0.1949324335
1.4056267481  -1.6022861256  -0.1988701934
1.4016898680  -1.5958415966  -0.2028490865
1.3977120024  -1.5893602593  -0.2068690621
1.3936931676  -1.5828429695  -0.2109300451
1.3896335366  -1.5762907504  -0.2150319391
1.3855333128  -1.5697046422  -0.2191746279
1.3813925394  -1.5630854613  -0.2233579823
1.3772112107  -1.5564339336  -0.2275818753
1.3729893208  -1.5497507604  -0.2318461899
1.3687268605  -1.5430366219  -0.2361508082
1.3644238148  -1.5362921744  -0.2404956044
1.3600801646  -1.5295180593  -0.2448804479
1.3556959946  -1.5227150509  -0.2493052065
1.3512715387  -1.5158841065  -0.2537697488
1.3468070000  -1.5090261295  -0.2582739394
1.3423025094  -1.5021419225  -0.2628176359
1.3377582017  -1.4952322921  -0.2674006905
1.3331742182  -1.4882980568  -0.2720229522
1.3285507065  -1.4813400480  -0.2766842651
1.3238878208  -1.4743591152  -0.2813844484
1.3191857405  -1.4673561807  -0.2861232983
1.3144446644  -1.4603321891  -0.2909006808
1.3096648045  -1.4532880455  -0.2957165779
1.3048463678  -1.4462247366  -0.3005709488
1.2999895165  -1.4391433676  -0.3054636195
1.2950943910  -1.4320450294  -0.3103943439
1.2901610079  -1.4249306180  -0.3153628741
1.2851892856  -1.4178009289  -0.3203689639
1.2801795505  -1.4106571446  -0.3254123638
1.2751325410  -1.4035008389  -0.3304928233
1.2700490567  -1.3963336671  -0.3356100902
1.2649299443  -1.3891573446  -0.3407639097
1.2597760046  -1.3819735813  -0.3459540279
1.2545875450  -1.3747836627  -0.3511801920
1.2493643545  -1.3675883024  -0.3564421515
1.2441060973  -1.3603879947  -0.3617396544
1.2388123824  -1.3531831702  -0.3670724410
1.2334827627  -1.3459741986  -0.3724402493
1.2281169959  -1.3387616931  -0.3778428235
1.2227155470  -1.3315470810  -0.3832799110
1.2172790087  -1.3243318988  -0.3887512783
1.2118075912  -1.3171172012  -0.3942565903
1.2063014331  -1.3099039463  -0.3997953090
1.2007607161  -1.3026931076  -0.4053670203
1.1951858109  -1.2954858722  -0.4109715889
1.1895771038  -1.2882834355  -0.4166088727
1.1839348308  -1.2810867647  -0.4222786344
1.1782591734  -1.2738967199  -0.4279805806
1.1725503190  -1.2667141384  -0.4337143061
1.1668085059  -1.2595399294  -0.4394791847
1.1610338666  -1.2523747350  -0.4452740578
1.1552254719  -1.2452181906  -0.4510933979
1.1493829725  -1.2380704319  -0.4569350976
1.1435106959  -1.2309353386  -0.4628116113
1.1376135573  -1.2238178751  -0.4687344171
1.1316904750  -1.2167189281  -0.4747033607
1.1257379159  -1.2096368432  -0.4807158298
1.1197545878  -1.2025707865  -0.4867703937
1.1137405441  -1.1955205721  -0.4928657184
1.1076958829  -1.1884858036  -0.4990003753
1.1016207848  -1.1814660977  -0.5051728316
1.0955155044  -1.1744610654  -0.5113814524
1.0893801912  -1.1674699976  -0.5176245059
1.0832150174  -1.1604921121  -0.5239001685
1.0770202629  -1.1535266892  -0.5302065392
1.0707961453  -1.1465727655  -0.5365416616
1.0645429694  -1.1396294242  -0.5429035378
1.0582609507  -1.1326955919  -0.5492901359
1.0519501372  -1.1257699153  -0.5556994000
1.0456107767  -1.1188512357  -0.5621292552
1.0392431880  -1.1119384071  -0.5685775989
1.0328475579  -1.1050301321  -0.5750422958
1.0264251072  -1.0981261244  -0.5815211927
1.0199691151  -1.0912181285  -0.5880121327
1.0134712473  -1.0842962789  -0.5945129594
1.0069392724  -1.0773670693  -0.6010215140
1.0003801042  -1.0704362619  -0.6075356357
0.9937918051  -1.0635005854  -0.6140531724
0.9871725181  -1.0565568232  -0.6205719915
0.9805187414  -1.0496001845  -0.6270899848
0.9738240096  -1.0426230392  -0.6336050745
0.9670753479  -1.0356114223  -0.6401152231
0.9602415603  -1.0285330544  -0.6466184860
0.9530625815  -1.0211290956  -0.6531130270
0.9458516834  -1.0137190813  -0.6595969019
0.9391664613  -1.0068581406  -0.6660678955
0.9327933005  -1.0003217695  -0.6725237881
0.9264730265  -0.9938443182  -0.6789626340
0.9201744457  -0.9873907154  -0.6853826915
0.9138969938  -0.9809579618  -0.6917822972
0.9076404952  -0.9745441644  -0.6981598611
0.9014047863  -0.9681476255  -0.7045138848
0.8951897275  -0.9617667934  -0.7108429652
0.8889952043  -0.9554002645  -0.7171458022
0.8828211274  -0.9490467849  -0.7234212048
0.8766674308  -0.9427052512  -0.7296680942
0.8705340698  -0.9363747121  -0.7358855087
0.8644210200  -0.9300543668  -0.7420726086
0.8583282762  -0.9237435628  -0.7482286814
0.8522558521  -0.9174417921  -0.7543531520
0.8462037789  -0.9111486858  -0.7604455855
0.8401720998  -0.9048640076  -0.7665056881
0.8341608690  -0.8985876460  -0.7725333143
0.8281701454  -0.8923196082  -0.7785284541
0.8222000290  -0.8860600236  -0.7844913742
0.8162507230  -0.8798091464  -0.7904227815
0.8103224189  -0.8735673334  -0.7963235264
0.8044151505  -0.8673350107  -0.8021943960
0.7985289073  -0.8611126655  -0.8080363630
0.7926637642  -0.8549008531  -0.8138506983
0.7868198457  -0.8487001941  -0.8196389663
0.7809973077  -0.8425113703  -0.8254031213
0.7751963819  -0.8363351323  -0.8311456919
0.7694174917  -0.8301723857  -0.8368702518
0.7636625649  -0.8240243552  -0.8425861525
0.7579331665  -0.8178921626  -0.8483010997
0.7522247055  -0.8117758733  -0.8540071708
0.7465304662  -0.8056747327  -0.8596937876
0.7408501391  -0.7995883622  -0.8653598920
0.7351868593  -0.7935169761  -0.8710068214
0.7295419457  -0.7874608769  -0.8766348689
0.7239154224  -0.7814202715  -0.8822441670
0.7183071749  -0.7753953171  -0.8878348513
0.7127170898  -0.7693861441  -0.8934070622
0.7071450548  -0.7633928577  -0.8989609444
0.7015909591  -0.7574155388  -0.9044966462
0.6960546930  -0.7514542441  -0.9100143192
0.6905361480  -0.7455090068  -0.9155141171
0.6850352165  -0.7395798370  -0.9209961952
0.6795517916  -0.7336667226  -0.9264607096
0.6740857677  -0.7277696300  -0.9319078166
0.6686370398  -0.7218885055  -0.9373376710
0.6632055039  -0.7160232760  -0.9427504261
0.6577910569  -0.7101738513  -0.9481462321
0.6523935970  -0.7043401255  -0.9535252357
0.6470130230  -0.6985219797  -0.9588875783
0.6416492342  -0.6927192855  -0.9642333930
0.6363021301  -0.6869319061  -0.9695628022
0.6309716115  -0.6811596933  -0.9748759200
0.6256575823  -0.6754024901  -0.9801728543
0.6203599484  -0.6696601366  -0.9854537044
0.6150786168  -0.6639324727  -0.9907185575
0.6098134946  -0.6582193390  -0.9959674869
0.6045644897  -0.6525205786  -1.0012005496
0.5993315098  -0.6468360399  -1.0064177796
0.5941144548  -0.6411655824  -1.0116191552
0.5889132127  -0.6355090728  -1.0168045803
0.5837276944  -0.6298663783  -1.0219740095
0.5785578783  -0.6242373959  -1.0271275762
0.5734037697  -0.6186220542  -1.0322654867
0.5682653228  -0.6130202627  -1.0373878663
0.5631424453  -0.6074319118  -1.0424947773
0.5580350490  -0.6018569119  -1.0475862785
0.5529430633  -0.5962952010  -1.0526624329
0.5478664252  -0.5907467347  -1.0577233029
0.5428050739  -0.5852114826  -1.0627689486
0.5377589502  -0.5796894278  -1.0677994286
0.5327279965  -0.5741805666  -1.0728147995
0.5277121567  -0.5686849084  -1.0778151162
0.5227113762  -0.5632024744  -1.0828004319
0.5177256020  -0.5577332978  -1.0877707980
0.5127547826  -0.5522774222  -1.0927262641
0.5077988679  -0.5468349009  -1.0976668785
0.5028578095  -0.5414057960  -1.1025926875
0.4979315601  -0.5359901769  -1.1075037361
0.4930200739  -0.5305881199  -1.1124000678
0.4881233067  -0.5251997058  -1.1172817247
0.4832412153  -0.5198250182  -1.1221487473
0.4783737581  -0.5144641408  -1.1270011750
0.4735208948  -0.5091171562  -1.1318390460
0.4686825861  -0.5037841474  -1.1366623974
0.4638587942  -0.4984651962  -1.1414712650
0.4590494825  -0.4931603817  -1.1462656836
0.4542546154  -0.4878697771  -1.1510456871
0.4494741585  -0.4825934483  -1.1558113084
0.4447080787  -0.4773314504  -1.1605625799
0.4399563438  -0.4720838155  -1.1652995331
0.4352189228  -0.4668505362  -1.1700222000
0.4304957860  -0.4616315963  -1.1747306122
0.4257869040  -0.4564270424  -1.1794247998
0.4210922484  -0.4512369934  -1.1841047899
0.4164117912  -0.4460615745  -1.1887706077
0.4117455055  -0.4409008811  -1.1934222777
0.4070933660  -0.4357549963  -1.1980598244
0.4024553481  -0.4306240054  -1.2026832719
0.3978314281  -0.4255079968  -1.2072926431
0.3932215829  -0.4204070604  -1.2118879605
0.3886257903  -0.4153212877  -1.2164692455
0.3840440285  -0.4102507719  -1.2210365192
0.3794762767  -0.4051956076  -1.2255898018
0.3749225146  -0.4001558463  -1.2301291129
0.3703827225  -0.3951314549  -1.2346544718
0.3658568814  -0.3901224983  -1.2391658972
0.3613449732  -0.3851292837  -1.2436634066
0.3568469799  -0.3801520996  -1.2481470169
0.3523628844  -0.3751910496  -1.2526167447
0.3478926698  -0.3702461986  -1.2570726066
0.3434363197  -0.3653176349  -1.2615146187
0.3389938182  -0.3604054436  -1.2659427968
0.3345651495  -0.3555097073  -1.2703571563
0.3301502985  -0.3506305059  -1.2747577124
0.3257492502  -0.3457679179  -1.2791444801
0.3213619900  -0.3409220209  -1.2835174739
0.3169885033  -0.3360928920  -1.2878767083
0.3126287760  -0.3312806087  -1.2922221976
0.3082827942  -0.3264852491  -1.2965539557
0.3039505439  -0.3217068926  -1.3008719965
0.2996320116  -0.3169456199  -1.3051763338
0.2953271836  -0.3122015137  -1.3094669812
0.2910360465  -0.3074746589  -1.3137439522
0.2867585867  -0.3027651421  -1.3180072603
0.2824947909  -0.2980730527  -1.3222569189
0.2782446457  -0.2933984818  -1.3264929414
0.2740081374  -0.2887415232  -1.3307153413
0.2697852527  -0.2841022724  -1.3349241322
0.2655759778  -0.2794808271  -1.3391193278
0.2613802990  -0.2748772866  -1.3433009416
0.2571982023  -0.2702917515  -1.3474689878
0.2530296737  -0.2657243235  -1.3516234803
0.2488746988  -0.2611751051  -1.3557644335
0.2447332632  -0.2566441990  -1.3598918620
0.2406053519  -0.2521317075  -1.3640057806
0.2364909539  -0.2476382878  -1.3681062400
0.2323900626  -0.2431647765  -1.3721933322
0.2283026567  -0.2387099495  -1.3762670473
0.2242286982  -0.2342722035  -1.3803272815
0.2201681641  -0.2298522907  -1.3843740097
0.2161210483  -0.2254511941  -1.3884072544
0.2120873398  -0.2210690683  -1.3924270217
0.2080670221  -0.2167060562  -1.3964333207
0.2040600783  -0.2123622922  -1.4004261639
0.2000664911  -0.2080379005  -1.4044055672
0.1960862426  -0.2037329951  -1.4083715505
0.1921193144  -0.1994476780  -1.4123241372
0.1881656872  -0.1951820397  -1.4162633552
0.1842253410  -0.1909361585  -1.4201892363
0.1802982550  -0.1867101004  -1.4241018164
0.1763844075  -0.1825039190  -1.4280011358
0.1724837758  -0.1783176560  -1.4318872387
0.1685963362  -0.1741513413  -1.4357601736
0.1647220642  -0.1700049933  -1.4396199925
0.1608609341  -0.1658786197  -1.4434667515
0.1570129194  -0.1617722179  -1.4473005098
0.1531779925  -0.1576857755  -1.4511213300
0.1493561248  -0.1536192715  -1.4549292773
0.1455472867  -0.1495726766  -1.4587244193
0.1417514478  -0.1455459540  -1.4625068256
0.1379685766  -0.1415390606  -1.4662765673
0.1341986408  -0.1375519474  -1.4700337164
0.1304416072  -0.1335845603  -1.4737783450
0.1266974417  -0.1296368411  -1.4775105250
0.1229661093  -0.1257087282  -1.4812303273
0.1192475741  -0.1218001569  -1.4849378209
0.1155417995  -0.1179110621  -1.4886330725
0.1118509032  -0.1140418374  -1.4923704722
0.1081762462  -0.1101926585  -1.4961770023
0.1045121986  -0.1063622326  -1.4999598442
0.1008570857  -0.1025501877  -1.5037429862
0.0972137648  -0.0987571063  -1.5075247957
0.0935821502  -0.0949829279  -1.5113034119
0.0899621667  -0.0912275956  -1.5150767469
0.0863537503  -0.0874910551  -1.5188424849
0.0827568493  -0.0837732545  -1.5225980828
0.0791714242  -0.0800741435  -1.5263407697
0.0755974494  -0.0763936727  -1.5300675471
0.0720349127  -0.0727317931  -1.5337751891
0.0684838166  -0.0690884549  -1.5374602420
0.0649441784  -0.0654636067  -1.5411190247
0.0614160308  -0.0618571948  -1.5447476284
0.0578994218  -0.0582691619  -1.5483419168
0.0543944154  -0.0546994465  -1.5518975260
0.0509010913  -0.0511479819  -1.5554098643
0.0474195453  -0.0476146952  -1.5588741128
0.0439498885  -0.0440995073  -1.5622852247
0.0404922477  -0.0406023315  -1.5656379258
0.0370467645  -0.0371230738  -1.5689267143
0.0336135949  -0.0336616323  -1.5721458606
0.0301929081  -0.0302178974  -1.5752894077
0.0267848862  -0.0267917523  -1.5783511711
0.0233897223  -0.0233830731  -1.5813247386
0.0200076193  -0.0199917300  -1.5842034704
0.0166387882  -0.0166175882  -1.5869804990
0.0132834462  -0.0132605093  -1.5896487297
0.0099418142  -0.0099203525  -1.5922008397
0.0066141145  -0.0065969768  -1.5946292792
0.0033005678  -0.0032902422  -1.5969262702
0.0032976407  -0.0032902205  -1.5969262702
