0.109645
1.7738123990  -2.2002540318   0.0000870303
1.7738123990  -2.2002540318   0.0000870303
1.7738202667  -2.2002521491   0.0000716850
1.7738151389  -2.2002055128   0.0000329027
1.7737903916  -2.2001085315  -0.0000300176
1.7737411874  -2.1999527132  -0.0001177653
1.7736657139  -2.1997352895  -0.0002310183
1.7735629397  -2.1994549227  -0.0003704431
1.7734321287  -2.1991108036  -0.0005366947
1.7732726800  -2.1987023552  -0.0007304167
1.7730840622  -2.1982291104  -0.0009522413
1.7728657830  -2.1976906558  -0.0012027890
1.7726173738  -2.1970866029  -0.0014826692
1.7723383810  -2.1964165721  -0.0017924795
1.7720283610  -2.1956801839  -0.0021328062
1.7716868774  -2.1948770537  -0.0025042242
1.7713134990  -2.1940067889  -0.0029072968
1.7709077989  -2.1930689875  -0.0033425761
1.7704693536  -2.1920632371  -0.0038106024
1.7699977428  -2.1909891150  -0.0043119047
1.7694925490  -2.1898461885  -0.0048470006
1.7689533575  -2.1886340154  -0.0054163962
1.7683797566  -2.1873521445  -0.0060205862
1.7677713373  -2.1860001170  -0.0066600536
1.7671276937  -2.1845774671  -0.0073352703
1.7664484231  -2.1830837233  -0.0080466965
1.7657331261  -2.1815184096  -0.0087947810
1.7649814072  -2.1798810466  -0.0095799612
1.7641928743  -2.1781711529  -0.0104026630
1.7633671398  -2.1763882465  -0.0112633008
1.7625038200  -2.1745318458  -0.0121622775
1.7616025362  -2.1726014715  -0.0130999848
1.7606629094  -2.1705955393  -0.0140781792
1.7596845809  -2.1685146098  -0.0150960100
1.7586671932  -2.1663595930  -0.0161534103
1.7576103768  -2.1641291958  -0.0172506669
1.7565137755  -2.1618226618  -0.0183880806
1.7553770435  -2.1594394557  -0.0195659807
1.7541998423  -2.1569790914  -0.0207846887
1.7529818388  -2.1544411198  -0.0220445217
1.7517227054  -2.1518251146  -0.0233457911
1.7504221227  -2.1491306737  -0.0246888013
1.7490797806  -2.1463574196  -0.0260738497
1.7476953772  -2.1435049985  -0.0275012261
1.7462686191  -2.1405730813  -0.0289712124
1.7447992214  -2.1375613648  -0.0304840825
1.7432869081  -2.1344695728  -0.0320401013
1.7417314124  -2.1312974568  -0.0336395253
1.7401324769  -2.1280447975  -0.0352826016
1.7384898537  -2.1247114065  -0.0369695680
1.7368033046  -2.1212971269  -0.0387006528
1.7350726015  -2.1178018342  -0.0404760737
1.7332975265  -2.1142254365  -0.0422960379
1.7314778718  -2.1105678752  -0.0441607416
1.7296134402  -2.1068291253  -0.0460703713
1.7277040454  -2.1030091961  -0.0480251030
1.7257495115  -2.0991081326  -0.0500251026
1.7237496740  -2.0951260157  -0.0520705253
1.7217043764  -2.0910629610  -0.0541615155
1.7196134644  -2.0869191115  -0.0562982070
1.7174767958  -2.0826946481  -0.0584807225
1.7152942477  -2.0783897975  -0.0607091729
1.7130657097  -2.0740048244  -0.0629836565
1.7107910828  -2.0695397571  -0.0653042609
1.7084702787  -2.0649948365  -0.0676710630
1.7061032222  -2.0603709774  -0.0700841287
1.7036898530  -2.0556688271  -0.0725435135
1.7012301212  -2.0508886380  -0.0750492621
1.6987239859  -2.0460308093  -0.0776014086
1.6961714185  -2.0410958321  -0.0801999761
1.6935724015  -2.0360842417  -0.0828449753
1.6909269286  -2.0309966096  -0.0855364049
1.6882349879  -2.0258335221  -0.0882742536
1.6854965692  -2.0205955854  -0.0910585003
1.6827116890  -2.0152834495  -0.0938891142
1.6798803833  -2.0098978030  -0.0967660547
1.6770026996  -2.0044393655  -0.0996892715
1.6740786964  -1.9989088848  -0.1026587045
1.6711084429  -1.9933071354  -0.1056742822
1.6680920186  -1.9876349178  -0.1087359214
1.6650295133  -1.9818930575  -0.1118435298
1.6619210274  -1.9760824047  -0.1149970075
1.6587666705  -1.9702038332  -0.1181962460
1.6555665340  -1.9642582179  -0.1214411291
1.6523207033  -1.9582464453  -0.1247315325
1.6490292983  -1.9521694475  -0.1280673246
1.6456924630  -1.9460281908  -0.1314483654
1.6423103503  -1.9398236599  -0.1348745057
1.6388831217  -1.9335568561  -0.1383455855
1.6354109468  -1.9272287969  -0.1418614347
1.6318940033  -1.9208405180  -0.1454218745
1.6283324768  -1.9143930741  -0.1490267176
1.6247265508  -1.9078875342  -0.1526757698
1.6210763690  -1.9013249532  -0.1563688340
1.6173820843  -1.8947063949  -0.1601057136
1.6136439014  -1.8880329522  -0.1638862073
1.6098620377  -1.8813057503  -0.1677101052
1.6060367163  -1.8745259615  -0.1715771900
1.6021681669  -1.8676947757  -0.1754872386
1.5982566249  -1.8608133876  -0.1794400225
1.5943023317  -1.8538830074  -0.1834353122
1.5903055065  -1.8469048679  -0.1874728819
1.5862663164  -1.8398802198  -0.1915525085
1.5821849570  -1.8328102650  -0.1956739685
1.5780616818  -1.8256959886  -0.1998370398
1.5738967497  -1.8185382480  -0.2040415016
1.5696904233  -1.8113381424  -0.2082871337
1.5654429699  -1.8040971003  -0.2125737160
1.5611546616  -1.7968166667  -0.2169010289
1.5568257489  -1.7894983426  -0.2212688533
1.5524564004  -1.7821435369  -0.2256769705
1.5480468007  -1.7747536308  -0.2301251627
1.5435972153  -1.7673300196  -0.2346132103
1.5391079182  -1.7598740682  -0.2391408884
1.5345791853  -1.7523871055  -0.2437079752
1.5300112982  -1.7448704281  -0.2483142669
1.5254045437  -1.7373253029  -0.2529595795
1.5207592114  -1.7297529913  -0.2576437431
1.5160755515  -1.7221547218  -0.2623665932
1.5113537351  -1.7145315841  -0.2671279526
1.5065938863  -1.7068845466  -0.2719276196
1.5017961152  -1.6992145289  -0.2767653696
1.4969605226  -1.6915224109  -0.2816409586
1.4920872042  -1.6838090386  -0.2865541304
1.4871762753  -1.6760752596  -0.2915046349
1.4822280793  -1.6683221926  -0.2964922365
1.4772429913  -1.6605509966  -0.3015167023
1.4722211467  -1.6527625228  -0.3065777995
1.4671626040  -1.6449575127  -0.3116752970
1.4620674114  -1.6371366952  -0.3168089654
1.4569356081  -1.6293007926  -0.3219785740
1.4517672326  -1.6214505327  -0.3271838888
1.4465625134  -1.6135868940  -0.3324246706
1.4413218301  -1.6057111141  -0.3377006646
1.4360454699  -1.5978243401  -0.3430115994
1.4307336745  -1.5899272481  -0.3483572624
1.4253867174  -1.5820200920  -0.3537375543
1.4200048752  -1.5741036625  -0.3591523781
1.4145883947  -1.5661796746  -0.3646015190
1.4091375214  -1.5582499429  -0.3700846823
1.4036525031  -1.5503157924  -0.3756015670
1.3981335826  -1.5423782636  -0.3811518818
1.3925810127  -1.5344383769  -0.3867353390
1.3869950498  -1.5264971585  -0.3923516490
1.3813758110  -1.5185555185  -0.3980005217
1.3757232592  -1.5106142554  -0.4036816673
1.3700378291  -1.5026746053  -0.4093947942
1.3643204822  -1.4947382863  -0.4151396098
1.3585722515  -1.4868070951  -0.4209158214
1.3527942064  -1.4788828657  -0.4267231361
1.3469870629  -1.4709671529  -0.4325612614
1.3411508053  -1.4630607618  -0.4384299044
1.3352850196  -1.4551639598  -0.4443287743
1.3293892309  -1.4472768924  -0.4502575878
1.3234629031  -1.4393996259  -0.4562160703
1.3175057716  -1.4315325377  -0.4622039511
1.3115183167  -1.4236768597  -0.4682207900
1.3055010822  -1.4158338551  -0.4742660248
1.2994543153  -1.4080043522  -0.4803393372
1.2933783489  -1.4001892115  -0.4864405716
1.2872735187  -1.3923893434  -0.4925695009
1.2811401453  -1.3846056921  -0.4987258341
1.2749784721  -1.3768390297  -0.5049091966
1.2687886428  -1.3690899069  -0.5111190370
1.2625707147  -1.3613586701  -0.5173543802
1.2563239809  -1.3536450756  -0.5236107459
1.2500480172  -1.3459491566  -0.5298854040
1.2437463903  -1.3382740031  -0.5361879735
1.2374240247  -1.3306242749  -0.5425296965
1.2310806954  -1.3230014140  -0.5489115220
1.2247130363  -1.3154039545  -0.5553308808
1.2183193717  -1.3078305914  -0.5617863986
1.2118996141  -1.3002808472  -0.5682768518
1.2054539880  -1.2927544761  -0.5748009330
1.1989826711  -1.2852510019  -0.5813572545
1.1924857868  -1.2777697175  -0.5879443578
1.1859635926  -1.2703100296  -0.5945607255
1.1794163154  -1.2628711703  -0.6012047800
1.1728441039  -1.2554521383  -0.6078748729
1.1662472255  -1.2480520464  -0.6145692828
1.1596259085  -1.2406698326  -0.6212862194
1.1529804171  -1.2333044105  -0.6280238327
1.1463109289  -1.2259545616  -0.6347802349
1.1396174780  -1.2186188361  -0.6415535214
1.1329002740  -1.2112959417  -0.6483417800
1.1261596121  -1.2039846440  -0.6551430983
1.1193958705  -1.1966837611  -0.6619555673
1.1126090948  -1.1893917671  -0.6687772711
1.1057893284  -1.1820971118  -0.6756062845
1.0989345447  -1.1747963023  -0.6824406840
1.0920545390  -1.1674979193  -0.6892785510
1.0851506829  -1.1602020873  -0.6961179735
1.0782210677  -1.1529055322  -0.7029570536
1.0712628307  -1.1456040574  -0.7097939150
1.0642706327  -1.1382910824  -0.7166267112
1.0572338436  -1.1309548664  -0.7234536356
1.0501277417  -1.1235693844  -0.7302729633
1.0427433375  -1.1159256790  -0.7370830718
1.0352717507  -1.1082211573  -0.7438822649
1.0282304776  -1.1009732093  -0.7506685955
1.0215223552  -1.0940749293  -0.7574400672
1.0148738156  -1.0872457570  -0.7641949206
1.0082461388  -1.0804424443  -0.7709316082
1.0016387435  -1.0736616137  -0.7776486665
0.9950514431  -1.0669012702  -0.7843446937
0.9884840558  -1.0601596454  -0.7910183676
0.9819364230  -1.0534351123  -0.7976684553
0.9754084098  -1.0467261881  -0.8042938159
0.9688999036  -1.0400315362  -0.8108934037
0.9624108133  -1.0333499645  -0.8174662753
0.9559410694  -1.0266804227  -0.8240115934
0.9494906212  -1.0200220015  -0.8305286295
0.9430594354  -1.0133739323  -0.8370167692
0.9366474961  -1.0067355862  -0.8434755172
0.9302548039  -1.0001064736  -0.8499045061
0.9238813743  -0.9934862401  -0.8563034991
0.9175272329  -0.9868746597  -0.8626723900
0.9111924125  -0.9802716270  -0.8690112055
0.9048769538  -0.9736771523  -0.8753201148
0.8985809660  -0.9670913630  -0.8815996320
0.8923046424  -0.9605145000  -0.8878506238
0.8860480887  -0.9539468919  -0.8940739465
0.8798112770  -0.9473889312  -0.9002704792
0.8735942099  -0.9408410722  -0.9064413524
0.8673969695  -0.9343038348  -0.9125879719
0.8612196782  -0.9277778027  -0.9187120762
0.8550625223  -0.9212636289  -0.9248158894
0.8489258472  -0.9147621103  -0.9309024907
0.8428112591  -0.9082743207  -0.9369796164
0.8367204067  -0.9018013126  -0.9430548727
0.8306497533  -0.8953433280  -0.9491229447
0.8245928486  -0.8888997580  -0.9551737783
0.8185485203  -0.8824700728  -0.9612054282
0.8125196294  -0.8760542722  -0.9672192716
0.8065076873  -0.8696525576  -0.9732156514
0.8005127504  -0.8632650796  -0.9791947075
0.7945346955  -0.8568919389  -0.9851565823
0.7885733999  -0.8505332104  -0.9911014224
0.7826287431  -0.8441889458  -0.9970293778
0.7767006059  -0.8378591736  -1.0029406021
0.7707888706  -0.8315438995  -1.0088352511
0.7648934209  -0.8252431070  -1.0147134827
0.7590141416  -0.8189567585  -1.0205754559
0.7531509188  -0.8126847966  -1.0264213303
0.7473036399  -0.8064271451  -1.0322512650
0.7414721931  -0.8001837102  -1.0380654183
0.7356564680  -0.7939543817  -1.0438639461
0.7298563554  -0.7877390332  -1.0496470016
0.7240717472  -0.7815375239  -1.0554147343
0.7183025368  -0.7753496996  -1.0611672892
0.7125486183  -0.7691753984  -1.0669048045
0.7068098865  -0.7630144555  -1.0726274085
0.7010862365  -0.7568666991  -1.0783352191
0.6953775662  -0.7507319426  -1.0840283470
0.6896837765  -0.7446099921  -1.0897068955
0.6840047699  -0.7385006567  -1.0953709574
0.6783404497  -0.7324037503  -1.1010206123
0.6726907198  -0.7263190924  -1.1066559242
0.6670554842  -0.7202465136  -1.1122769363
0.6614346404  -0.7141858900  -1.1178836434
0.6558280738  -0.7081371393  -1.1234759693
0.6502356875  -0.7021000666  -1.1290538665
0.6446574493  -0.6960743154  -1.1346174468
0.6390933634  -0.6900596012  -1.1401669099
0.6335433903  -0.6840558214  -1.1457023911
0.6280074393  -0.6780629150  -1.1512239576
0.6224854183  -0.6720807863  -1.1567316684
0.6169772540  -0.6661093376  -1.1622255872
0.6114828826  -0.6601484875  -1.1677057765
0.6060022428  -0.6541981709  -1.1731722966
0.6005352753  -0.6482583375  -1.1786252057
0.5950819226  -0.6423289525  -1.1840645598
0.5896421295  -0.6364099957  -1.1894904127
0.5842158424  -0.6305014613  -1.1949028159
0.5788030097  -0.6246033571  -1.2003018192
0.5734035818  -0.6187157035  -1.2056874699
0.5680175108  -0.6128385331  -1.2110598134
0.5626447509  -0.6069718888  -1.2164188932
0.5572852579  -0.6011158234  -1.2217647506
0.5519389896  -0.5952703983  -1.2270974251
0.5466059057  -0.5894356817  -1.2324169543
0.5412859673  -0.5836117473  -1.2377233740
0.5359791378  -0.5777986709  -1.2430167180
0.5306853821  -0.5719965284  -1.2482970188
0.5254046667  -0.5662053958  -1.2535643071
0.5201369601  -0.5604253499  -1.2588186118
0.5148822324  -0.5546564662  -1.2640599606
0.5096404552  -0.5488988163  -1.2692883794
0.5044116019  -0.5431524651  -1.2745038930
0.4991956475  -0.5374174677  -1.2797065247
0.4939925687  -0.5316938561  -1.2848962970
0.4888023437  -0.5259816216  -1.2900732317
0.4836249524  -0.5202807394  -1.2952373502
0.4784603761  -0.5145912483  -1.3003886718
0.4733085967  -0.5089132737  -1.3055272127
0.4681695977  -0.5032469600  -1.3106529861
0.4630433640  -0.4975924206  -1.3157660041
0.4579298822  -0.4919497533  -1.3208662782
0.4528291410  -0.4863190592  -1.3259538189
0.4477411299  -0.4807004452  -1.3310286352
0.4426658398  -0.4750940218  -1.3360907351
0.4376032629  -0.4694999034  -1.3411401249
0.4325533926  -0.4639182078  -1.3461768100
0.4275162235  -0.4583490566  -1.3512007945
0.4224917515  -0.4527925094  -1.3562120815
0.4174799733  -0.4472485010  -1.3612106731
0.4124808872  -0.4417171124  -1.3661965704
0.4074944927  -0.4361987868  -1.3711697724
0.4025207903  -0.4306939428  -1.3761302770
0.3975597812  -0.4252027266  -1.3810780813
0.3926114680  -0.4197252279  -1.3860131820
0.3876758542  -0.4142615731  -1.3909355751
0.3827529440  -0.4088118863  -1.3958452556
0.3778427428  -0.4033762892  -1.4007422175
0.3729452565  -0.3979549014  -1.4056264545
0.3680604919  -0.3925478424  -1.4104979591
0.3631884568  -0.3871552318  -1.4153567235
0.3583291593  -0.3817771907  -1.4202027388
0.3534826086  -0.3764138423  -1.4250359957
0.3486488143  -0.3710653129  -1.4298564842
0.3438277867  -0.3657317327  -1.4346641938
0.3390195366  -0.3604132359  -1.4394591132
0.3342240755  -0.3551099618  -1.4442412308
0.3294414153  -0.3498220548  -1.4490105343
0.3246715681  -0.3445496650  -1.4537670110
0.3199145469  -0.3392929478  -1.4585106478
0.3151703646  -0.3340520645  -1.4632414312
0.3104390347  -0.3288271819  -1.4679593475
0.3057205708  -0.3236184725  -1.4726643826
0.3010149869  -0.3184261140  -1.4773565221
0.2963222970  -0.3132502890  -1.4820357516
0.2916425154  -0.3080911847  -1.4867020564
0.2869756564  -0.3029489924  -1.4913554220
0.2823217343  -0.2978239066  -1.4959958336
0.2776807635  -0.2927161249  -1.5006232766
0.2730527582  -0.2876258467  -1.5052377365
0.2684377387  -0.2825541196  -1.5098392461
0.2638357327  -0.2775022732  -1.5144278924
0.2592467457  -0.2724684966  -1.5190036274
0.2546707577  -0.2674503872  -1.5235662781
0.2501077722  -0.2624491363  -1.5281157757
0.2455578186  -0.2574662982  -1.5326521145
0.2410209193  -0.2525021669  -1.5371752669
0.2364970885  -0.2475570215  -1.5416852092
0.2319863403  -0.2426311306  -1.5461819219
0.2274886881  -0.2377247492  -1.5506653901
0.2230041451  -0.2328381182  -1.5551356038
0.2185327233  -0.2279714625  -1.5595925581
0.2140744340  -0.2231249905  -1.5640362535
0.2096292877  -0.2182988929  -1.5684666957
0.2051972935  -0.2134933430  -1.5728838960
0.2007784594  -0.2087084961  -1.5772878714
0.1963727922  -0.2039444896  -1.5816786440
0.1919802971  -0.1992014435  -1.5860562416
0.1876009782  -0.1944794608  -1.5904206968
0.1832348380  -0.1897786282  -1.5947720475
0.1788818776  -0.1850990167  -1.5991103358
0.1745420965  -0.1804406828  -1.6034356083
0.1702154931  -0.1758036692  -1.6077479153
0.1659020639  -0.1711880061  -1.6120473104
0.1616018043  -0.1665937125  -1.6163338499
0.1573147082  -0.1620207968  -1.6206075920
0.1530407680  -0.1574692588  -1.6248685966
0.1487799750  -0.1529390901  -1.6291169238
0.1445323187  -0.1484302761  -1.6333526338
0.1402977876  -0.1439427962  -1.6375757856
0.1360763686  -0.1394766257  -1.6417864360
0.1318680473  -0.1350317389  -1.6459846389
0.1276756679  -0.1306088526  -1.6502326621
0.1235010676  -0.1262083358  -1.6545613892
0.1193368076  -0.1218281759  -1.6588644777
0.1151807013  -0.1174678451  -1.6631693771
0.1110365743  -0.1131283647  -1.6674741900
0.1069043460  -0.1088097155  -1.6717767579
0.1027839497  -0.1045118839  -1.6760746617
0.0986753332  -0.1002348614  -1.6803652211
0.0945784599  -0.0959786430  -1.6846454950
0.0904933096  -0.0917432267  -1.6889122815
0.0864198792  -0.0875286121  -1.6931621177
0.0823581834  -0.0833347995  -1.6973912797
0.0783082555  -0.0791617876  -1.7015957830
0.0742701479  -0.0750095730  -1.7057713818
0.0702439324  -0.0708781476  -1.7099135698
0.0662297008  -0.0667674978  -1.7140175795
0.0622275649  -0.0626776022  -1.7180783826
0.0582376568  -0.0586084306  -1.7220906900
0.0542601285  -0.0545599421  -1.7260489514
0.0502951522  -0.0505320844  -1.7299473560
0.0463429194  -0.0465247922  -1.7337798318
0.0424036405  -0.0425379867  -1.7375400461
0.0384775438  -0.0385715751  -1.7412214051
0.0345648750  -0.0346254510  -1.7448170542
0.0306658951  -0.0306994940  -1.7483198778
0.0267808792  -0.0267935712  -1.7517224997
0.0229101150  -0.0229075380  -1.7550172825
0.0190538998  -0.0190412405  -1.7581963279
0.0152125386  -0.0151945169  -1.7612514769
0.0113863410  -0.0113672006  -1.7641743094
0.0075756180  -0.0075591227  -1.7669561446
0.0037806784  -0.0037701156  -1.7695880405
0.0037768371  -0.0037700884  -1.7695880405
