0.113644
1.7279940731  -2.1390001137   0.0000818977
1.7279940731  -2.1390001137   0.0000818977
1.7280016635  -2.1389994801   0.0000677396
1.7279971144  -2.1389575398   0.0000316899
1.7279741846  -2.1388687712  -0.0000268994
1.7279284162  -2.1387254354  -0.0001086668
1.7278581313  -2.1385249757  -0.0002142408
1.7277623725  -2.1382661379  -0.0003442400
1.7276404552  -2.1379481509  -0.0004992732
1.7274918190  -2.1375704546  -0.0006799391
1.7273159678  -2.1371325900  -0.0008868268
1.7271124408  -2.1366341472  -0.0011205155
1.7268807990  -2.1360747388  -0.0013815744
1.7266206166  -2.1354539858  -0.0016705628
1.7263314766  -2.1347715091  -0.0019880303
1.7260129683  -2.1340269251  -0.0023345166
1.7256646853  -2.1332198426  -0.0027105513
1.7252862243  -2.1323498613  -0.0031166544
1.7248771849  -2.1314165715  -0.0035533359
1.7244371689  -2.1304195531  -0.0040210960
1.7239657799  -2.1293583768  -0.0045204248
1.7234626238  -2.1282326040  -0.0050518029
1.7229273085  -2.1270417873  -0.0056157007
1.7223594439  -2.1257854716  -0.0062125790
1.7217586417  -2.1244631947  -0.0068428884
1.7211245164  -2.1230744886  -0.0075070699
1.7204566845  -2.1216188799  -0.0082055546
1.7197547653  -2.1200958914  -0.0089387636
1.7190183809  -2.1185050430  -0.0097071082
1.7182471564  -2.1168458530  -0.0105109898
1.7174407201  -2.1151178391  -0.0113508000
1.7165987037  -2.1133205195  -0.0122269204
1.7157207371  -2.1114523977  -0.0131410152
1.7148064697  -2.1095139376  -0.0140923011
1.7138555526  -2.1075059315  -0.0150807310
1.7128676226  -2.1054271506  -0.0161065939
1.7118423277  -2.1032768495  -0.0171701910
1.7107793254  -2.1010544872  -0.0182718497
1.7096782788  -2.0987595667  -0.0194118916
1.7085388564  -2.0963916248  -0.0205906348
1.7073607326  -2.0939502199  -0.0218083935
1.7061435879  -2.0914349297  -0.0230654772
1.7048871090  -2.0888453515  -0.0243621895
1.7035909895  -2.0861811029  -0.0256988282
1.7022549295  -2.0834418224  -0.0270756845
1.7008786362  -2.0806271708  -0.0284930428
1.6994618242  -2.0777368322  -0.0299511802
1.6980042154  -2.0747705156  -0.0314503662
1.6965055396  -2.0717279563  -0.0329908615
1.6949655339  -2.0686089154  -0.0345729191
1.6933839395  -2.0654131769  -0.0361967841
1.6917605040  -2.0621405510  -0.0378626934
1.6900949874  -2.0587908799  -0.0395708757
1.6883871599  -2.0553640368  -0.0413215511
1.6866368005  -2.0518599253  -0.0431149311
1.6848436975  -2.0482784801  -0.0449512182
1.6830076485  -2.0446196682  -0.0468306061
1.6811284607  -2.0408834903  -0.0487532787
1.6792059506  -2.0370699803  -0.0507194099
1.6772399446  -2.0331792062  -0.0527291631
1.6752302789  -2.0292112696  -0.0547826924
1.6731767996  -2.0251663058  -0.0568801429
1.6710793632  -2.0210444831  -0.0590216503
1.6689378357  -2.0168457487  -0.0612073409
1.6667520920  -2.0125702450  -0.0634373314
1.6645220185  -2.0082187400  -0.0657117283
1.6622475077  -2.0037917495  -0.0680306288
1.6599284499  -1.9992894128  -0.0703941192
1.6575647495  -1.9947120099  -0.0728022747
1.6551563309  -1.9900599158  -0.0752551606
1.6527031300  -1.9853335462  -0.0777528332
1.6502050932  -1.9805333510  -0.0802953394
1.6476621774  -1.9756598097  -0.0828827172
1.6450743501  -1.9707134308  -0.0855149951
1.6424415889  -1.9656947510  -0.0881921923
1.6397638818  -1.9606043368  -0.0909143182
1.6370412262  -1.9554427830  -0.0936813713
1.6342736297  -1.9502107117  -0.0964933391
1.6314611066  -1.9449087685  -0.0993502006
1.6286036568  -1.9395376032  -0.1022519268
1.6257012852  -1.9340978859  -0.1051984805
1.6227540291  -1.9285903312  -0.1081898162
1.6197619412  -1.9230156851  -0.1112258808
1.6167250841  -1.9173747215  -0.1143066134
1.6136435296  -1.9116682396  -0.1174319449
1.6105173587  -1.9058970609  -0.1206017973
1.6073466609  -1.9000620266  -0.1238160824
1.6041315338  -1.8941639959  -0.1270747019
1.6008720833  -1.8882038453  -0.1303775477
1.5975684040  -1.8821824551  -0.1337245028
1.5942205655  -1.8761006997  -0.1371154418
1.5908286617  -1.8699594875  -0.1405502330
1.5873928260  -1.8637597771  -0.1440287432
1.5839132017  -1.8575025554  -0.1475508371
1.5803899392  -1.8511888191  -0.1511163713
1.5768231950  -1.8448195597  -0.1547251939
1.5732131320  -1.8383957950  -0.1583771457
1.5695599199  -1.8319185893  -0.1620720609
1.5658637263  -1.8253890215  -0.1658097690
1.5621246694  -1.8188081378  -0.1695900991
1.5583428696  -1.8121769983  -0.1734128832
1.5545185065  -1.8054967461  -0.1772779543
1.5506517764  -1.7987685968  -0.1811851432
1.5467428807  -1.7919936989  -0.1851342794
1.5427920257  -1.7851729425  -0.1891251925
1.5387994207  -1.7783070975  -0.1931577122
1.5347652790  -1.7713971866  -0.1972316682
1.5306897845  -1.7644445404  -0.2013468890
1.5265730585  -1.7574505579  -0.2055032015
1.5224152561  -1.7504166258  -0.2097004314
1.5182165984  -1.7433441336  -0.2139384047
1.5139773127  -1.7362344445  -0.2182169459
1.5096976281  -1.7290888895  -0.2225358737
1.5053777762  -1.7219087656  -0.2268950062
1.5010179937  -1.7146953393  -0.2312941754
1.4966185253  -1.7074498643  -0.2357332308
1.4921795973  -1.7001735859  -0.2402120346
1.4877013737  -1.6928676439  -0.2447304561
1.4831839694  -1.6855330512  -0.2492883555
1.4786274830  -1.6781707659  -0.2538855695
1.4740320008  -1.6707817015  -0.2585219106
1.4693976017  -1.6633667331  -0.2631971721
1.4647243601  -1.6559267020  -0.2679111315
1.4600124528  -1.6484625538  -0.2726635651
1.4552622392  -1.6409754478  -0.2774542615
1.4504739716  -1.6334664064  -0.2822830130
1.4456477094  -1.6259361995  -0.2871496091
1.4407834955  -1.6183855623  -0.2920538398
1.4358813655  -1.6108152146  -0.2969954969
1.4309413483  -1.6032258688  -0.3019743720
1.4259634936  -1.5956182677  -0.3069902543
1.4209480633  -1.5879934239  -0.3120429302
1.4158954138  -1.5803524699  -0.3171321815
1.4108057826  -1.5726964382  -0.3222577715
1.4056793776  -1.5650263478  -0.3274194437
1.4005164242  -1.5573429208  -0.3326170014
1.3953171821  -1.5496465776  -0.3378503626
1.3900819247  -1.5419382127  -0.3431194422
1.3848109097  -1.5342194811  -0.3484240337
1.3795043567  -1.5264920181  -0.3537638526
1.3741624740  -1.5187570284  -0.3591386120
1.3687854919  -1.5110155505  -0.3645480328
1.3633736513  -1.5032686169  -0.3699918342
1.3579270963  -1.4955171837  -0.3754697321
1.3524457626  -1.4877620498  -0.3809814419
1.3469299766  -1.4800043819  -0.3865266778
1.3413806243  -1.4722458598  -0.3921051505
1.3357986842  -1.4644882652  -0.3977165700
1.3301851839  -1.4567334287  -0.4033606467
1.3245409592  -1.4489830486  -0.4090370932
1.3188661698  -1.4412381711  -0.4147456236
1.3131604660  -1.4334992186  -0.4204859512
1.3074234147  -1.4257664443  -0.4262577931
1.3016545226  -1.4180400241  -0.4320608734
1.2958533390  -1.4103201813  -0.4378949266
1.2900201566  -1.4026079941  -0.4437596685
1.2841556125  -1.3949049132  -0.4496546182
1.2782599525  -1.3872118822  -0.4555792222
1.2723334322  -1.3795297701  -0.4615332123
1.2663764013  -1.3718595150  -0.4675164440
1.2603892255  -1.3642021572  -0.4735286843
1.2543722052  -1.3565586539  -0.4795696455
1.2483255366  -1.3489297265  -0.4856389456
1.2422493577  -1.3413159646  -0.4917360105
1.2361437608  -1.3337178310  -0.4978598187
1.2300080223  -1.3261351318  -0.5040056229
1.2238417187  -1.3185678957  -0.5101708000
1.2176485815  -1.3110193499  -0.5163656577
1.2114335757  -1.3034942809  -0.5226015625
1.2051963104  -1.2959940812  -0.5288792193
1.1989333494  -1.2885172086  -0.5351960317
1.1926430591  -1.2810623923  -0.5415506042
1.1863254188  -1.2736292895  -0.5479416794
1.1799806559  -1.2662176767  -0.5543679120
1.1736089001  -1.2588270081  -0.5608278760
1.1672103242  -1.2514566819  -0.5673200766
1.1607851998  -1.2441061428  -0.5738429525
1.1543337057  -1.2367745542  -0.5803948657
1.1478560265  -1.2294609973  -0.5869740986
1.1413524389  -1.2221646067  -0.5935788589
1.1348231554  -1.2148842917  -0.6002072852
1.1282684622  -1.2076190172  -0.6068574667
1.1216884968  -1.2003675193  -0.6135274655
1.1150833318  -1.1931284013  -0.6202153283
1.1084532217  -1.1859004240  -0.6269190937
1.1017984522  -1.1786823491  -0.6336367996
1.0951196262  -1.1714732317  -0.6403664761
1.0884157507  -1.1642705117  -0.6471061365
1.0816760391  -1.1570618172  -0.6538537902
1.0749008824  -1.1498461121  -0.6606074520
1.0681004490  -1.1426323831  -0.6673651388
1.0612746789  -1.1354192990  -0.6741248734
1.0544217978  -1.1282037185  -0.6808846933
1.0475388000  -1.1209813130  -0.6876426594
1.0406200835  -1.1137452534  -0.6943968633
1.0336544831  -1.1064832895  -0.7011454368
1.0266158255  -1.0991679890  -0.7078865958
1.0192818671  -1.0915773969  -0.7146186598
1.0118719615  -1.0839372392  -0.7213398677
1.0049162796  -1.0767770667  -0.7280482015
0.9982909702  -1.0699629073  -0.7347416028
0.9917239269  -1.0632157365  -0.7414182597
0.9851779878  -1.0564940113  -0.7480765730
0.9786525741  -1.0497944412  -0.7547150258
0.9721475019  -1.0431150510  -0.7613321649
0.9656625941  -1.0364540853  -0.7679266207
0.9591976971  -1.0298099319  -0.7744971150
0.9527526816  -1.0231811253  -0.7810424630
0.9463274407  -1.0165663464  -0.7875615796
0.9399218903  -1.0099644204  -0.7940534850
0.9335359675  -1.0033743165  -0.8005173077
0.9271696288  -0.9967951479  -0.8069522893
0.9208228487  -0.9902261711  -0.8133577886
0.9144956192  -0.9836667857  -0.8197332883
0.9081879494  -0.9771165318  -0.8260784025
0.9018998626  -0.9705750841  -0.8323928790
0.8956313922  -0.9640422455  -0.8386766001
0.8893825780  -0.9575179386  -0.8449295815
0.8831534727  -0.9510022020  -0.8511520025
0.8769442092  -0.9444951936  -0.8573444249
0.8707549916  -0.9379971846  -0.8635077324
0.8645859100  -0.9315085303  -0.8696427598
0.8584369337  -0.9250296481  -0.8757504023
0.8523080847  -0.9185610183  -0.8818318301
0.8461994583  -0.9121031873  -0.8878884882
0.8401111858  -0.9056567650  -0.8939221691
0.8340434654  -0.8992224305  -0.8999351721
0.8279966621  -0.8928010099  -0.9059306951
0.8219724671  -0.8863936148  -0.9119168806
0.8159725266  -0.8800013192  -0.9179014142
0.8099930456  -0.8736243343  -0.9238783677
0.8040274756  -0.8672620225  -0.9298375035
0.7980748374  -0.8609138868  -0.9357770634
0.7921380732  -0.8545799760  -0.9416984238
0.7862186587  -0.8482605179  -0.9476019165
0.7803166439  -0.8419556786  -0.9534876790
0.7744319083  -0.8356655743  -0.9593558516
0.7685643320  -0.8293902950  -0.9652065788
0.7627137970  -0.8231299068  -0.9710400090
0.7568801867  -0.8168844523  -0.9768562938
0.7510633861  -0.8106539504  -0.9826555878
0.7452632812  -0.8044383980  -0.9884380472
0.7394797592  -0.7982377705  -0.9942038299
0.7337127086  -0.7920520230  -0.9999530940
0.7279620188  -0.7858810913  -1.0056859977
0.7222275806  -0.7797248929  -1.0114026979
0.7165092856  -0.7735833278  -1.0171033495
0.7108070266  -0.7674562796  -1.0227881045
0.7051206976  -0.7613436168  -1.0284571113
0.6994501939  -0.7552451948  -1.0341105137
0.6937954116  -0.7491608608  -1.0397484483
0.6881562471  -0.7430904585  -1.0453710414
0.6825325975  -0.7370338223  -1.0509784095
0.6769243625  -0.7309907729  -1.0565706618
0.6713314451  -0.7249611259  -1.0621479004
0.6657537494  -0.7189446990  -1.0677102161
0.6601911802  -0.7129413135  -1.0732576862
0.6546436430  -0.7069507958  -1.0787903725
0.6491110432  -0.7009729815  -1.0843083154
0.6435932797  -0.6950077440  -1.0898115047
0.6380902387  -0.6890549883  -1.0952998583
0.6326018257  -0.6831145324  -1.1007733277
0.6271280121  -0.6771860839  -1.1062320291
0.6216688032  -0.6712694182  -1.1116761638
0.6162241589  -0.6653644409  -1.1171058644
0.6107939885  -0.6594710783  -1.1225211964
0.6053782014  -0.6535892360  -1.1279222180
0.5999767258  -0.6477188265  -1.1333089921
0.5945894984  -0.6418597792  -1.1386815805
0.5892164588  -0.6360120393  -1.1440400429
0.5838575484  -0.6301755665  -1.1493844369
0.5785127103  -0.6243503357  -1.1547148180
0.5731818897  -0.6185363357  -1.1600312398
0.5678650333  -0.6127335693  -1.1653337534
0.5625620899  -0.6069420526  -1.1706224085
0.5572730100  -0.6011618137  -1.1758972522
0.5519977459  -0.5953928922  -1.1811583302
0.5467362516  -0.5896353380  -1.1864056859
0.5414884828  -0.5838892099  -1.1916393611
0.5362543971  -0.5781545749  -1.1968593955
0.5310339536  -0.5724315067  -1.2020658273
0.5258271133  -0.5667200834  -1.2072586928
0.5206338386  -0.5610203849  -1.2124380268
0.5154540939  -0.5553324906  -1.2176038625
0.5102878447  -0.5496564804  -1.2227562315
0.5051350587  -0.5439924343  -1.2278951642
0.4999957046  -0.5383404308  -1.2330206892
0.4948697529  -0.5327005439  -1.2381328341
0.4897571757  -0.5270728406  -1.2432316250
0.4846579464  -0.5214573780  -1.2483170872
0.4795720399  -0.5158541901  -1.2533892447
0.4744994327  -0.5102632703  -1.2584481215
0.4694401027  -0.5046845975  -1.2634937411
0.4643940291  -0.4991182145  -1.2685261252
0.4593611917  -0.4935642470  -1.2735452920
0.4543415713  -0.4880228364  -1.2785512575
0.4493351505  -0.4824940933  -1.2835440365
0.4443419133  -0.4769781135  -1.2885236434
0.4393618454  -0.4714749959  -1.2934900916
0.4343949333  -0.4659848442  -1.2984433934
0.4294411648  -0.4605077655  -1.3033835601
0.4245005288  -0.4550438699  -1.3083106015
0.4195730151  -0.4495932704  -1.3132245267
0.4146586148  -0.4441560832  -1.3181253436
0.4097573198  -0.4387323682  -1.3230130591
0.4048691232  -0.4333220722  -1.3278876797
0.3999940189  -0.4279252742  -1.3327492105
0.3951320022  -0.4225423799  -1.3375976553
0.3902830691  -0.4171737720  -1.3424330164
0.3854472163  -0.4118195868  -1.3472552960
0.3806244416  -0.4064799092  -1.3520644956
0.3758147434  -0.4011548570  -1.3568606163
0.3710181211  -0.3958445455  -1.3616436583
0.3662345746  -0.3905490872  -1.3664136213
0.3614641044  -0.3852685928  -1.3711705042
0.3567067118  -0.3800031721  -1.3759143054
0.3519623988  -0.3747529348  -1.3806450228
0.3472311678  -0.3695179916  -1.3853626538
0.3425130217  -0.3642984547  -1.3900671950
0.3378079640  -0.3590944386  -1.3947586430
0.3331159988  -0.3539060608  -1.3994369934
0.3284371303  -0.3487334423  -1.4041022418
0.3237713634  -0.3435767078  -1.4087543832
0.3191187031  -0.3384359865  -1.4133934124
0.3144791549  -0.3333114118  -1.4180193235
0.3098527244  -0.3282031218  -1.4226321108
0.3052394176  -0.3231112591  -1.4272317681
0.3006392406  -0.3180359708  -1.4318182889
0.2960521996  -0.3129774087  -1.4363916669
0.2914783009  -0.3079357284  -1.4409518954
0.2869175511  -0.3029110896  -1.4454989678
0.2823699565  -0.2979036557  -1.4500328773
0.2778355236  -0.2929135927  -1.4545536173
0.2733142587  -0.2879410694  -1.4590611812
0.2688061682  -0.2829862565  -1.4635555626
0.2643112580  -0.2780493259  -1.4680367554
0.2598295397  -0.2731312095  -1.4725047971
0.2553610312  -0.2682330906  -1.4769597764
0.2509057303  -0.2633533346  -1.4814016558
0.2464636121  -0.2584897797  -1.4858302824
0.2420346727  -0.2536434872  -1.4902455999
0.2376189311  -0.2488158413  -1.4946476106
0.2332164002  -0.2440070948  -1.4990362967
0.2288270852  -0.2392174868  -1.5034116440
0.2244509913  -0.2344472459  -1.5077736421
0.2200881230  -0.2296965884  -1.5121222854
0.2157384843  -0.2249657171  -1.5164575723
0.2114020784  -0.2202548204  -1.5207795064
0.2070789076  -0.2155640712  -1.5250880961
0.2027689734  -0.2108936264  -1.5293833549
0.1984722761  -0.2062436269  -1.5336653015
0.1941888149  -0.2016141972  -1.5379339596
0.1899185879  -0.1970054457  -1.5421893582
0.1856615917  -0.1924174650  -1.5464315311
0.1814178218  -0.1878503322  -1.5506605171
0.1771872723  -0.1833041097  -1.5548763594
0.1729699361  -0.1787788460  -1.5590791056
0.1687658044  -0.1742745762  -1.5632688072
0.1645748676  -0.1697913233  -1.5674455191
0.1603971143  -0.1653290990  -1.5716092994
0.1562325320  -0.1608879047  -1.5757602088
0.1520811069  -0.1564677327  -1.5798983095
0.1479428239  -0.1520685674  -1.5840236653
0.1438176668  -0.1476903858  -1.5881363404
0.1397056179  -0.1433331594  -1.5922363987
0.1356066585  -0.1389968546  -1.5963239031
0.1315207684  -0.1346814336  -1.6003989147
0.1274479263  -0.1303868580  -1.6044614912
0.1233907674  -0.1261137445  -1.6085717631
0.1193509917  -0.1218624017  -1.6127595556
0.1153216794  -0.1176310377  -1.6169221981
0.1113007902  -0.1134191720  -1.6210862015
0.1072918712  -0.1092276901  -1.6252497408
0.1032948397  -0.1050565595  -1.6294107393
0.0993096261  -0.1009057524  -1.6335668686
0.0953361743  -0.0967752452  -1.6377155481
0.0913744428  -0.0926650176  -1.6418539457
0.0874244052  -0.0885750517  -1.6459789772
0.0834860516  -0.0845053312  -1.6500873068
0.0795593883  -0.0804558399  -1.6541753465
0.0756444393  -0.0764265606  -1.6582392569
0.0717412465  -0.0724174740  -1.6622749464
0.0678498699  -0.0684285568  -1.6662780717
0.0639703884  -0.0644597806  -1.6702440376
0.0601028996  -0.0605111108  -1.6741679971
0.0562475201  -0.0565825045  -1.6780448513
0.0524043855  -0.0526739100  -1.6818692496
0.0485736501  -0.0487852654  -1.6856355894
0.0447554865  -0.0449164976  -1.6893380162
0.0409500852  -0.0410675221  -1.6929704239
0.0371576534  -0.0372382424  -1.6965264544
0.0333784147  -0.0334285497  -1.6999994976
0.0296126073  -0.0296383241  -1.7033826919
0.0258604827  -0.0258674342  -1.7066689236
0.0221223041  -0.0221157395  -1.7098508271
0.0183983440  -0.0183830908  -1.7129207853
0.0146888822  -0.0146693329  -1.7158709290
0.0109942029  -0.0109743064  -1.7186931370
0.0073145915  -0.0072978504  -1.7213790366
0.0036503316  -0.0036398051  -1.7239200030
0.0036467508  -0.0036397795  -1.7239200030
