0.217921
0.8859253888  -0.9504969401   0.0000271025
0.8859253888  -0.9504969401   0.0000271025
0.8859288253  -0.9504998564   0.0000238143
0.8859286945  -0.9504952753   0.0000140807
0.8859228673  -0.9504812584  -0.0000022607
0.8859103175  -0.9504567952  -0.0000253722
0.8858906281  -0.9504214820  -0.0000554161
0.8858635501  -0.9503750811  -0.0000925543
0.8858288986  -0.9503174166  -0.0001369491
0.8857865173  -0.9502483394  -0.0001887626
0.8857362640  -0.9501677126  -0.0002481565
0.8856780037  -0.9500754047  -0.0003152930
0.8856116053  -0.9499712865  -0.0003903338
0.8855369398  -0.9498552286  -0.0004734407
0.8854538785  -0.9497271006  -0.0005647754
0.8853622933  -0.9495867704  -0.0006644996
0.8852620551  -0.9494341036  -0.0007727750
0.8851530346  -0.9492689634  -0.0008897629
0.8850351012  -0.9490912101  -0.0010156251
0.8849081233  -0.9489007015  -0.0011505227
0.8847719682  -0.9486972924  -0.0012946173
0.8846265016  -0.9484808344  -0.0014480700
0.8844715881  -0.9482511765  -0.0016110422
0.8843070908  -0.9480081644  -0.0017836950
0.8841328714  -0.9477516410  -0.0019661895
0.8839487900  -0.9474814462  -0.0021586867
0.8837547053  -0.9471974167  -0.0023613477
0.8835504743  -0.9468993866  -0.0025743334
0.8833359527  -0.9465871867  -0.0027978046
0.8831109944  -0.9462606452  -0.0030319221
0.8828754518  -0.9459195874  -0.0032768466
0.8826291757  -0.9455638355  -0.0035327389
0.8823720113  -0.9451930546  -0.0038001551
0.8821038105  -0.9448072062  -0.0040788893
0.8818244246  -0.9444063122  -0.0043689658
0.8815336940  -0.9439900703  -0.0046705382
0.8812314595  -0.9435582332  -0.0049837599
0.8809175616  -0.9431105911  -0.0053087893
0.8805918394  -0.9426469382  -0.0056457862
0.8802541303  -0.9421670685  -0.0059949131
0.8799042702  -0.9416707748  -0.0063563343
0.8795420932  -0.9411578482  -0.0067302162
0.8791674319  -0.9406280781  -0.0071167271
0.8787801172  -0.9400812520  -0.0075160370
0.8783799783  -0.9395171560  -0.0079283178
0.8779668428  -0.9389355747  -0.0083537431
0.8775405364  -0.9383362911  -0.0087924882
0.8771008836  -0.9377190871  -0.0092447303
0.8766477068  -0.9370837433  -0.0097106481
0.8761808269  -0.9364300393  -0.0101904222
0.8757000632  -0.9357577539  -0.0106842349
0.8752052332  -0.9350666649  -0.0111922702
0.8746961528  -0.9343565496  -0.0117147137
0.8741726362  -0.9336271847  -0.0122517531
0.8736344960  -0.9328783465  -0.0128035773
0.8730815431  -0.9321098110  -0.0133703775
0.8725135868  -0.9313213541  -0.0139523462
0.8719304347  -0.9305127516  -0.0145496779
0.8713318926  -0.9296837795  -0.0151625687
0.8707177645  -0.9288342139  -0.0157912165
0.8700878522  -0.9279638309  -0.0164358210
0.8694419557  -0.9270724069  -0.0170965835
0.8687798735  -0.9261597190  -0.0177737076
0.8681014024  -0.9252254993  -0.0184673991
0.8674063372  -0.9242695101  -0.0191778657
0.8666944712  -0.9232916253  -0.0199053168
0.8659655962  -0.9222916708  -0.0206499635
0.8652195022  -0.9212693952  -0.0214120186
0.8644559772  -0.9202245645  -0.0221916970
0.8636748077  -0.9191569578  -0.0229892148
0.8628757781  -0.9180663573  -0.0238047903
0.8620586712  -0.9169525459  -0.0246386430
0.8612232683  -0.9158153077  -0.0254909945
0.8603693486  -0.9146544278  -0.0263620676
0.8594966896  -0.9134696932  -0.0272520869
0.8586050674  -0.9122608920  -0.0281612787
0.8576942560  -0.9110278137  -0.0290898707
0.8567640278  -0.9097702483  -0.0300380922
0.8558141535  -0.9084879872  -0.0310061741
0.8548444022  -0.9071808223  -0.0319943485
0.8538545411  -0.9058485468  -0.0330028492
0.8528443358  -0.9044909551  -0.0340319112
0.8518135502  -0.9031078423  -0.0350817711
0.8507619466  -0.9016990058  -0.0361526669
0.8496892857  -0.9002642454  -0.0372448377
0.8485953264  -0.8988033627  -0.0383585238
0.8474798260  -0.8973161590  -0.0394939666
0.8463425403  -0.8958024345  -0.0406514086
0.8451832235  -0.8942619906  -0.0418310933
0.8440016284  -0.8926946313  -0.0430332650
0.8427975059  -0.8911001634  -0.0442581691
0.8415706057  -0.8894783969  -0.0455060518
0.8403206760  -0.8878291447  -0.0467771599
0.8390474659  -0.8861522252  -0.0480717413
0.8377507394  -0.8844474775  -0.0493900442
0.8364302642  -0.8827147475  -0.0507323177
0.8350857951  -0.8809538734  -0.0520988118
0.8337170832  -0.8791646994  -0.0534897772
0.8323238792  -0.8773470772  -0.0549054649
0.8309059333  -0.8755008780  -0.0563461264
0.8294629950  -0.8736260056  -0.0578120131
0.8279948134  -0.8717223280  -0.0593033770
0.8265011374  -0.8697895704  -0.0608204708
0.8249817151  -0.8678273714  -0.0623635480
0.8234362941  -0.8658354758  -0.0639328622
0.8218646218  -0.8638138056  -0.0655286661
0.8202664457  -0.8617623764  -0.0671512114
0.8186415141  -0.8596812143  -0.0688007500
0.8169895754  -0.8575703322  -0.0704775337
0.8153103780  -0.8554297285  -0.0721818139
0.8136036708  -0.8532593878  -0.0739138414
0.8118692027  -0.8510592808  -0.0756738668
0.8101067232  -0.8488293638  -0.0774621399
0.8083159845  -0.8465695854  -0.0792789102
0.8064967433  -0.8442798861  -0.0811244263
0.8046487549  -0.8419601761  -0.0829989364
0.8027717713  -0.8396103384  -0.0849026881
0.8008655453  -0.8372302667  -0.0868359283
0.7989298304  -0.8348198797  -0.0887989035
0.7969643814  -0.8323790913  -0.0907918599
0.7949689537  -0.8299077851  -0.0928150421
0.7929433036  -0.8274058258  -0.0948686927
0.7908871886  -0.8248730756  -0.0969530534
0.7888003674  -0.8223093986  -0.0990683648
0.7866826003  -0.8197146607  -0.1012148659
0.7845336490  -0.8170887325  -0.1033927922
0.7823532766  -0.8144314906  -0.1056023761
0.7801412533  -0.8117428290  -0.1078438460
0.7778973599  -0.8090226654  -0.1101174277
0.7756213762  -0.8062709133  -0.1124233438
0.7733130770  -0.8034874609  -0.1147618116
0.7709722365  -0.8006719457  -0.1171330314
0.7685986276  -0.7978238700  -0.1195371855
0.7661920376  -0.7949439418  -0.1219744892
0.7637522830  -0.7920342759  -0.1244452313
0.7612791866  -0.7890959716  -0.1269497103
0.7587725421  -0.7861279791  -0.1294881564
0.7562321183  -0.7831287457  -0.1320607387
0.7536577014  -0.7800975318  -0.1346676068
0.7510491027  -0.7770342773  -0.1373089076
0.7484061355  -0.7739391553  -0.1399847836
0.7457286135  -0.7708124073  -0.1426953718
0.7430163565  -0.7676543266  -0.1454408044
0.7402691897  -0.7644652542  -0.1482212068
0.7374869455  -0.7612455771  -0.1510367078
0.7346694639  -0.7579957260  -0.1538874412
0.7318165891  -0.7547161756  -0.1567734766
0.7289281812  -0.7514074761  -0.1596947489
0.7260041087  -0.7480702096  -0.1626511772
0.7230442573  -0.7447049541  -0.1656428592
0.7200485413  -0.7413123207  -0.1686700120
0.7170168666  -0.7378929460  -0.1717328097
0.7139491232  -0.7344474804  -0.1748313891
0.7108452071  -0.7309765916  -0.1779658850
0.7077050576  -0.7274810183  -0.1811364211
0.7045286274  -0.7239615145  -0.1843431044
0.7013158404  -0.7204187717  -0.1875860199
0.6980666145  -0.7168534556  -0.1908652219
0.6947808684  -0.7132662150  -0.1941807207
0.6914585242  -0.7096576836  -0.1975324563
0.6880995435  -0.7060285408  -0.2009202525
0.6847038833  -0.7023794288  -0.2043437200
0.6812714100  -0.6987107772  -0.2078019729
0.6778013556  -0.6950225525  -0.2112893151
0.6742930333  -0.6913147646  -0.2148018324
0.6707484732  -0.6875891208  -0.2183503176
0.6671709117  -0.6838484627  -0.2219487594
0.6635606489  -0.6800942636  -0.2256013398
0.6599157135  -0.6763263485  -0.2293068938
0.6562345986  -0.6725442442  -0.2330637379
0.6525168174  -0.6687477766  -0.2368705369
0.6487622681  -0.6649367905  -0.2407259500
0.6449708642  -0.6611109597  -0.2446285131
0.6411425950  -0.6572699630  -0.2485766436
0.6372774677  -0.6534134046  -0.2525686472
0.6333753842  -0.6495406184  -0.2566027259
0.6294369421  -0.6456515330  -0.2606769857
0.6254623310  -0.6417456412  -0.2647894441
0.6214479991  -0.6378185980  -0.2689380387
0.6173880757  -0.6338635720  -0.2731206349
0.6132832053  -0.6298802303  -0.2773350319
0.6091403412  -0.6258746601  -0.2815789672
0.6049619040  -0.6218483190  -0.2858501236
0.6007468391  -0.6177990241  -0.2901461383
0.5964951526  -0.6137256141  -0.2944646104
0.5922068223  -0.6096268980  -0.2988031067
0.5878816766  -0.6055015269  -0.3031591681
0.5835192731  -0.6013478698  -0.3075303167
0.5791188344  -0.5971639883  -0.3119140634
0.5746790669  -0.5929474595  -0.3163079149
0.5701977854  -0.5886950170  -0.3207093805
0.5656712319  -0.5844018971  -0.3251159790
0.5610928696  -0.5800606786  -0.3295252459
0.5564502854  -0.5756582560  -0.3339347452
0.5517164982  -0.5711674031  -0.3383421094
0.5466021875  -0.5663001995  -0.3427450606
0.5413327262  -0.5612859624  -0.3471412822
0.5365018214  -0.5567154447  -0.3515282854
0.5320764213  -0.5525461991  -0.3559035374
0.5278172226  -0.5485338482  -0.3602646668
0.5236028091  -0.5445555048  -0.3646094838
0.5194106508  -0.5405879017  -0.3689359106
0.5152395781  -0.5366289932  -0.3732419536
0.5110893325  -0.5326776670  -0.3775257119
0.5069598080  -0.5287330632  -0.3817853868
0.5028509213  -0.5247944558  -0.3860192892
0.4987626126  -0.5208612516  -0.3902258485
0.4946948418  -0.5169329874  -0.3944036087
0.4906475846  -0.5130093251  -0.3985512296
0.4866208514  -0.5090900570  -0.4026675714
0.4826147165  -0.5051751150  -0.4067518048
0.4786292874  -0.5012645543  -0.4108033298
0.4746646193  -0.4973585128  -0.4148215687
0.4707207106  -0.4934571982  -0.4188059876
0.4667975839  -0.4895609089  -0.4227562496
0.4628953080  -0.4856700385  -0.4266722254
0.4590139626  -0.4817850569  -0.4305539690
0.4551536268  -0.4779064978  -0.4344017330
0.4513143821  -0.4740349520  -0.4382159835
0.4474963124  -0.4701710598  -0.4419974175
0.4436995042  -0.4663155022  -0.4457469857
0.4399240476  -0.4624689951  -0.4494659263
0.4361700424  -0.4586322843  -0.4531558194
0.4324376083  -0.4548061443  -0.4568186772
0.4287269110  -0.4509913879  -0.4604571173
0.4250382349  -0.4471889302  -0.4640747972
0.4213730361  -0.4434002125  -0.4676816953
0.4177329359  -0.4396266982  -0.4712882508
0.4141152815  -0.4358680008  -0.4748899260
0.4105147654  -0.4321224385  -0.4784755304
0.4069296864  -0.4283895209  -0.4820407268
0.4033616878  -0.4246700453  -0.4855856486
0.3998122052  -0.4209648296  -0.4891109129
0.3962816490  -0.4172743435  -0.4926167588
0.3927699828  -0.4135988745  -0.4961033219
0.3892770969  -0.4099386545  -0.4995707394
0.3858028784  -0.4062938868  -0.5030191530
0.3823472143  -0.4026647471  -0.5064487093
0.3789099915  -0.3990513849  -0.5098595585
0.3754910972  -0.3954539244  -0.5132518546
0.3720904182  -0.3918724643  -0.5166257541
0.3687078414  -0.3883070756  -0.5199814144
0.3653432531  -0.3847578024  -0.5233189919
0.3619965395  -0.3812246706  -0.5266386418
0.3586675873  -0.3777076947  -0.5299405196
0.3553562842  -0.3742068752  -0.5332247806
0.3520625179  -0.3707221931  -0.5364915779
0.3487861763  -0.3672536123  -0.5397410615
0.3455271474  -0.3638010831  -0.5429733769
0.3422853198  -0.3603645448  -0.5461886651
0.3390605826  -0.3569439266  -0.5493870613
0.3358528252  -0.3535391494  -0.5525686938
0.3326619378  -0.3501501269  -0.5557336835
0.3294878110  -0.3467767667  -0.5588821428
0.3263303360  -0.3434189708  -0.5620141734
0.3231894044  -0.3400766344  -0.5651298650
0.3200649075  -0.3367496418  -0.5682292899
0.3169567335  -0.3334377975  -0.5713124781
0.3138647642  -0.3301408196  -0.5743793969
0.3107888890  -0.3268586705  -0.5774300321
0.3077290268  -0.3235917513  -0.5804644949
0.3046851145  -0.3203404482  -0.5834829787
0.3016570725  -0.3171047525  -0.5864856467
0.2986447985  -0.3138844567  -0.5894726109
0.2956481848  -0.3106794120  -0.5924439665
0.2926671301  -0.3074895537  -0.5953998089
0.2897015377  -0.3043148513  -0.5983402343
0.2867513129  -0.3011552825  -0.6012653386
0.2838163619  -0.2980108287  -0.6041752170
0.2808965916  -0.2948814744  -0.6070699636
0.2779919094  -0.2917672069  -0.6099496720
0.2751022234  -0.2886680160  -0.6128144348
0.2722274425  -0.2855838937  -0.6156643439
0.2693674760  -0.2825148330  -0.6184994905
0.2665222339  -0.2794608276  -0.6213199650
0.2636916268  -0.2764218719  -0.6241258573
0.2608755657  -0.2733979610  -0.6269172564
0.2580739625  -0.2703890901  -0.6296942508
0.2552867294  -0.2673952538  -0.6324569284
0.2525137792  -0.2644164454  -0.6352053765
0.2497550254  -0.2614526566  -0.6379396817
0.2470103817  -0.2585038770  -0.6406599302
0.2442797627  -0.2555700934  -0.6433662077
0.2415630833  -0.2526512896  -0.6460585995
0.2388602587  -0.2497474454  -0.6487371902
0.2361712050  -0.2468585367  -0.6514020642
0.2334958385  -0.2439845343  -0.6540533055
0.2308340760  -0.2411254028  -0.6566909978
0.2281858347  -0.2382810971  -0.6593152244
0.2255510322  -0.2354515554  -0.6619260688
0.2229295867  -0.2326367078  -0.6645236145
0.2203214167  -0.2298365000  -0.6671079442
0.2177264412  -0.2270509015  -0.6696791394
0.2151445799  -0.2242798887  -0.6722372806
0.2125757526  -0.2215234293  -0.6747824476
0.2100198798  -0.2187814834  -0.6773147204
0.2074768824  -0.2160540083  -0.6798341784
0.2049466817  -0.2133409604  -0.6823409009
0.2024291996  -0.2106422951  -0.6848349666
0.1999243581  -0.2079579671  -0.6873164537
0.1974320798  -0.2052879301  -0.6897854401
0.1949522878  -0.2026321366  -0.6922420032
0.1924849055  -0.1999905386  -0.6946862201
0.1900298566  -0.1973630868  -0.6971181674
0.1875870654  -0.1947497258  -0.6995379212
0.1851564564  -0.1921503890  -0.7019455573
0.1827379547  -0.1895650211  -0.7043411513
0.1803314857  -0.1869935950  -0.7067247778
0.1779369756  -0.1844360799  -0.7090965116
0.1755543505  -0.1818924219  -0.7114564265
0.1731835371  -0.1793625614  -0.7138045965
0.1708244623  -0.1768464410  -0.7161410949
0.1684770535  -0.1743440021  -0.7184659946
0.1661412385  -0.1718551851  -0.7207793681
0.1638169454  -0.1693799293  -0.7230812878
0.1615041028  -0.1669181736  -0.7253718252
0.1592026395  -0.1644698557  -0.7276510518
0.1569124849  -0.1620349133  -0.7299190385
0.1546335686  -0.1596132831  -0.7321758561
0.1523658206  -0.1572049017  -0.7344215746
0.1501091714  -0.1548097055  -0.7366562638
0.1478635517  -0.1524276302  -0.7388799934
0.1456288927  -0.1500586116  -0.7410928321
0.1434051259  -0.1477025854  -0.7432948489
0.1411921833  -0.1453594869  -0.7454861119
0.1389899971  -0.1430292516  -0.7476666891
0.1367984998  -0.1407118146  -0.7498366479
0.1346176247  -0.1384071113  -0.7519960556
0.1324473049  -0.1361150767  -0.7541449789
0.1302874743  -0.1338356461  -0.7562834842
0.1281380669  -0.1315687544  -0.7584116375
0.1259990172  -0.1293143368  -0.7605295044
0.1238702601  -0.1270723280  -0.7626371503
0.1217517306  -0.1248426630  -0.7647346400
0.1196433644  -0.1226252766  -0.7668220381
0.1175450973  -0.1204201032  -0.7688994087
0.1154568662  -0.1182271396  -0.7709668232
0.1133786089  -0.1160464008  -0.7730243610
0.1113102612  -0.1138776714  -0.7750720799
0.1092517576  -0.1117206978  -0.7771100173
0.1072030355  -0.1095754899  -0.7791382267
0.1051640344  -0.1074420808  -0.7811567711
0.1031346931  -0.1053204110  -0.7831657097
0.1011149507  -0.1032104196  -0.7851651017
0.0991047463  -0.1011120446  -0.7871550069
0.0971040194  -0.0990252233  -0.7891354849
0.0951127101  -0.0969498919  -0.7911065958
0.0931307584  -0.0948859856  -0.7930684003
0.0911581051  -0.0928334384  -0.7950209590
0.0891946910  -0.0907921836  -0.7969643333
0.0872404573  -0.0887621532  -0.7988985848
0.0852953455  -0.0867432786  -0.8008237755
0.0833592974  -0.0847354901  -0.8027399678
0.0814322553  -0.0827387173  -0.8046472246
0.0795141615  -0.0807528890  -0.8065456089
0.0776049588  -0.0787779336  -0.8084351842
0.0757045903  -0.0768137786  -0.8103160141
0.0738129993  -0.0748603514  -0.8121881623
0.0719301297  -0.0729175786  -0.8140516929
0.0700559252  -0.0709853870  -0.8159066698
0.0681903304  -0.0690637028  -0.8177531567
0.0663332897  -0.0671524524  -0.8195912174
0.0644847482  -0.0652515619  -0.8214209150
0.0626446512  -0.0633609577  -0.8232423126
0.0608129441  -0.0614805661  -0.8250554723
0.0589895730  -0.0596103140  -0.8268604558
0.0571744840  -0.0577501281  -0.8286573235
0.0553676238  -0.0558999359  -0.8304461352
0.0535694055  -0.0540597057  -0.8322525041
0.0517800804  -0.0522293857  -0.8340891437
0.0499983868  -0.0504087971  -0.8359124532
0.0482239179  -0.0485978438  -0.8377337479
0.0464572485  -0.0467965130  -0.8395522972
0.0446983169  -0.0450047361  -0.8413672638
0.0429470646  -0.0432224452  -0.8431777036
0.0412034358  -0.0414495729  -0.8449825659
0.0394673778  -0.0396860527  -0.8467806934
0.0377388412  -0.0379318187  -0.8485708219
0.0360177800  -0.0361868054  -0.8503515807
0.0343041519  -0.0344509479  -0.8521214925
0.0325979181  -0.0327241816  -0.8538789729
0.0308990437  -0.0310064425  -0.8556223313
0.0292074975  -0.0292976665  -0.8573497701
0.0275232525  -0.0275977899  -0.8590593851
0.0258462856  -0.0259067492  -0.8607491656
0.0241765776  -0.0242244809  -0.8624169939
0.0225141136  -0.0225509216  -0.8640606457
0.0208588824  -0.0208860077  -0.8656777902
0.0192108769  -0.0192296758  -0.8672659898
0.0175700937  -0.0175818623  -0.8688227002
0.0159365331  -0.0159425036  -0.8703452703
0.0143101988  -0.0143115362  -0.8718309426
0.0126910979  -0.0126888964  -0.8732768527
0.0110792403  -0.0110745207  -0.8746800295
0.0094746384  -0.0094683457  -0.8760373953
0.0078773070  -0.0078703081  -0.8773457658
0.0062872623  -0.0062803452  -0.8786018498
0.0047045220  -0.0046983945  -0.8798022496
0.0031291041  -0.0031243941  -0.8809434607
0.0015610266  -0.0015582828  -0.8820218720
0.0015603803  -0.0015582826  -0.8820218720
