0.142222
1.4433787118  -1.7338349969   0.0000556823
1.4433787118  -1.7338349969   0.0000556823
1.4433846033  -1.7338385188   0.0000472347
1.4433826328  -1.7338180798   0.0000245842
1.4433685289  -1.7337692199  -0.0000126629
1.4433396388  -1.7336878343  -0.0000648969
1.4432949345  -1.7335724546  -0.0001325048
1.4432338204  -1.7334222990  -0.0002158703
1.4431558642  -1.7332368422  -0.0003153735
1.4430607078  -1.7330156716  -0.0004313914
1.4429480305  -1.7327584282  -0.0005642975
1.4428175318  -1.7324647794  -0.0007144621
1.4426689229  -1.7321344042  -0.0008822518
1.4425019215  -1.7317669861  -0.0010680302
1.4423162492  -1.7313622081  -0.0012721574
1.4421116296  -1.7309197500  -0.0014949900
1.4418877873  -1.7304392869  -0.0017368814
1.4416444470  -1.7299204881  -0.0019981817
1.4413813334  -1.7293630167  -0.0022792374
1.4410981705  -1.7287665291  -0.0025803918
1.4407946816  -1.7281306747  -0.0029019849
1.4404705893  -1.7274550967  -0.0032443532
1.4401256150  -1.7267394312  -0.0036078299
1.4397594794  -1.7259833082  -0.0039927448
1.4393719019  -1.7251863513  -0.0043994243
1.4389626009  -1.7243481782  -0.0048281916
1.4385312940  -1.7234684011  -0.0052793664
1.4380776976  -1.7225466270  -0.0057532651
1.4376015277  -1.7215824581  -0.0062502006
1.4371024990  -1.7205754925  -0.0067704827
1.4365803258  -1.7195253239  -0.0073144177
1.4360347216  -1.7184315429  -0.0078823083
1.4354653922  -1.7172931844  -0.0084753063
1.4348720588  -1.7161103386  -0.0090929409
1.4342544426  -1.7148832909  -0.0097352313
1.4336122469  -1.7136112152  -0.0104024396
1.4329451792  -1.7122935221  -0.0110948338
1.4322529500  -1.7109297415  -0.0118126974
1.4315352699  -1.7095194228  -0.0125563139
1.4307918499  -1.7080621272  -0.0133259682
1.4300224011  -1.7065574220  -0.0141219461
1.4292266349  -1.7050048794  -0.0149445337
1.4284042630  -1.7034040761  -0.0157940174
1.4275549980  -1.7017545944  -0.0166706831
1.4266785526  -1.7000560226  -0.0175748167
1.4257746407  -1.6983079555  -0.0185067031
1.4248429767  -1.6965099944  -0.0194666268
1.4238832761  -1.6946617481  -0.0204548710
1.4228952553  -1.6927628338  -0.0214717179
1.4218786318  -1.6908128777  -0.0225174479
1.4208331246  -1.6888115160  -0.0235923401
1.4197584538  -1.6867583944  -0.0246966724
1.4186543411  -1.6846531697  -0.0258307210
1.4175205099  -1.6824955094  -0.0269947608
1.4163566852  -1.6802850926  -0.0281890650
1.4151625937  -1.6780216108  -0.0294139049
1.4139379641  -1.6757047677  -0.0306695501
1.4126825274  -1.6733342796  -0.0319562682
1.4113960163  -1.6709098762  -0.0332743244
1.4100781661  -1.6684313009  -0.0346239821
1.4087287139  -1.6658983110  -0.0360055021
1.4073473946  -1.6633106757  -0.0374191428
1.4059339447  -1.6606681785  -0.0388651600
1.4044881071  -1.6579704756  -0.0403438070
1.4030096278  -1.6552173338  -0.0418553338
1.4014982563  -1.6524088814  -0.0433999868
1.3999537468  -1.6495451059  -0.0449780090
1.3983758561  -1.6466257741  -0.0465896397
1.3967643437  -1.6436507261  -0.0482351149
1.3951189724  -1.6406198531  -0.0499146669
1.3934395084  -1.6375330692  -0.0516285242
1.3917257217  -1.6343903072  -0.0533769116
1.3899773861  -1.6311915168  -0.0551600502
1.3881942788  -1.6279366658  -0.0569781574
1.3863761812  -1.6246257412  -0.0588314471
1.3845228785  -1.6212587500  -0.0607201316
1.3826341600  -1.6178357177  -0.0626444218
1.3807098191  -1.6143566877  -0.0646045246
1.3787496529  -1.6108217198  -0.0666006422
1.3767534615  -1.6072308887  -0.0686329720
1.3747210345  -1.6035842755  -0.0707017068
1.3726521624  -1.5998819751  -0.0728070349
1.3705466524  -1.5961241086  -0.0749491399
1.3684043198  -1.5923108185  -0.0771282012
1.3662249852  -1.5884422673  -0.0793443939
1.3640084736  -1.5845186395  -0.0815978897
1.3617546155  -1.5805401416  -0.0838888598
1.3594632463  -1.5765070004  -0.0862174739
1.3571342062  -1.5724194612  -0.0885838985
1.3547673400  -1.5682777873  -0.0909882969
1.3523624973  -1.5640822609  -0.0934308288
1.3499195325  -1.5598331852  -0.0959116507
1.3474383046  -1.5555308849  -0.0984309157
1.3449186774  -1.5511757021  -0.1009887736
1.3423605210  -1.5467679928  -0.1035853713
1.3397637055  -1.5423081242  -0.1062208521
1.3371280930  -1.5377964718  -0.1088953565
1.3344535408  -1.5332334292  -0.1116090209
1.3317399079  -1.5286194065  -0.1143619778
1.3289870552  -1.5239548251  -0.1171543556
1.3261948452  -1.5192401259  -0.1199862787
1.3233631425  -1.5144757964  -0.1228578671
1.3204918132  -1.5096623763  -0.1257692342
1.3175807254  -1.5048003000  -0.1287204848
1.3146297493  -1.4998897414  -0.1317117212
1.3116387579  -1.4949308342  -0.1347430505
1.3086076508  -1.4899240475  -0.1378145839
1.3055364174  -1.4848702420  -0.1409264337
1.3024250367  -1.4797703263  -0.1440787128
1.2992734063  -1.4746250751  -0.1472715330
1.2960814136  -1.4694352225  -0.1505049967
1.2928489434  -1.4642014753  -0.1537791882
1.2895758783  -1.4589245122  -0.1570941727
1.2862621000  -1.4536049830  -0.1604499978
1.2829074907  -1.4482435084  -0.1638466943
1.2795119335  -1.4428406807  -0.1672842767
1.2760753131  -1.4373970658  -0.1707627507
1.2725975853  -1.4319132892  -0.1742821252
1.2690787935  -1.4263900583  -0.1778424124
1.2655189578  -1.4208280255  -0.1814436192
1.2619180572  -1.4152277714  -0.1850857455
1.2582760761  -1.4095898654  -0.1887687855
1.2545930052  -1.4039148676  -0.1924927282
1.2508688421  -1.3982033223  -0.1962575572
1.2471035905  -1.3924557692  -0.2000632497
1.2432972606  -1.3866727735  -0.2039097773
1.2394498794  -1.3808549495  -0.2077971076
1.2355614926  -1.3750029406  -0.2117252028
1.2316321436  -1.3691173634  -0.2156940203
1.2276618699  -1.3631988125  -0.2197035130
1.2236507143  -1.3572478964  -0.2237536269
1.2195987259  -1.3512652369  -0.2278443004
1.2155059590  -1.3452514628  -0.2319754625
1.2113724712  -1.3392071230  -0.2361470172
1.2071981895  -1.3331326957  -0.2403588513
1.2029829956  -1.3270291452  -0.2446109314
1.1987271023  -1.3208980299  -0.2489033319
1.1944309658  -1.3147405624  -0.2532360845
1.1900950333  -1.3085574450  -0.2576090867
1.1857197685  -1.3023495508  -0.2620221728
1.1813056908  -1.2961180847  -0.2664751766
1.1768532781  -1.2898643443  -0.2709679348
1.1723626508  -1.2835893482  -0.2755002812
1.1678336149  -1.2772937773  -0.2800720447
1.1632659217  -1.2709782204  -0.2846830527
1.1586592839  -1.2646432461  -0.2893331331
1.1540133745  -1.2582894015  -0.2940221132
1.1493278284  -1.2519172126  -0.2987498213
1.1446026377  -1.2455276449  -0.3035160832
1.1398382534  -1.2391222039  -0.3083207182
1.1350350110  -1.2327022456  -0.3131635430
1.1301930462  -1.2262688813  -0.3180443763
1.1253124992  -1.2198232215  -0.3229630357
1.1203935198  -1.2133663810  -0.3279193558
1.1154362937  -1.2068995512  -0.3329130824
1.1104409910  -1.2004239414  -0.3379437352
1.1054077540  -1.1939406538  -0.3430109161
1.1003368035  -1.1874507769  -0.3481145363
1.0952283896  -1.1809554129  -0.3532545289
1.0900827231  -1.1744556606  -0.3584307293
1.0849000593  -1.1679527048  -0.3636429339
1.0796806405  -1.1614476465  -0.3688908619
1.0744246292  -1.1549413878  -0.3741740940
1.0691321372  -1.1484347118  -0.3794919324
1.0638032008  -1.1419282377  -0.3848429820
1.0584368695  -1.1354218346  -0.3902208673
1.0530330966  -1.1289160373  -0.3956247355
1.0475966120  -1.1224149661  -0.4010698791
1.0421318014  -1.1159232262  -0.4065672583
1.0366368958  -1.1094414188  -0.4121153664
1.0311085577  -1.1029680926  -0.4177116902
1.0255456942  -1.0965024290  -0.4233547550
1.0199483381  -1.0900442590  -0.4290430845
1.0143166997  -1.0835934915  -0.4347750859
1.0086509075  -1.0771497311  -0.4405490657
1.0029510775  -1.0707124201  -0.4463632411
0.9972174641  -1.0642811014  -0.4522157490
0.9914502985  -1.0578551283  -0.4581046560
0.9856497926  -1.0514336875  -0.4640279686
0.9798162449  -1.0450160414  -0.4699836355
0.9739497400  -1.0386010901  -0.4759695423
0.9680503797  -1.0321876949  -0.4819835160
0.9621184457  -1.0257748517  -0.4880233389
0.9561542264  -1.0193614800  -0.4940867570
0.9501579252  -1.0129463962  -0.5001714852
0.9441308726  -1.0065294886  -0.5062752135
0.9380673984  -1.0001036432  -0.5123956149
0.9319576424  -0.9936574938  -0.5185303533
0.9258085518  -0.9871967200  -0.5246770851
0.9196286918  -0.9807287762  -0.5308334602
0.9134164617  -0.9742507498  -0.5369971312
0.9071706371  -0.9677600612  -0.5431657606
0.9008889155  -0.9612531185  -0.5493370269
0.8945670801  -0.9547245077  -0.5555086326
0.8881971979  -0.9481652347  -0.5616783132
0.8817630239  -0.9415582075  -0.5678438499
0.8752239300  -0.9348620666  -0.5740031232
0.8682848035  -0.9277846348  -0.5801541131
0.8613967277  -0.9207819806  -0.5862946591
0.8551200649  -0.9144087967  -0.5924223337
0.8491099315  -0.9083094171  -0.5985347575
0.8431432625  -0.9022554031  -0.6046298447
0.8371987994  -0.8962223938  -0.6107056976
0.8312760197  -0.8902078171  -0.6167604968
0.8253747594  -0.8842099246  -0.6227925034
0.8194948703  -0.8782271397  -0.6288000762
0.8136362309  -0.8722580391  -0.6347816812
0.8077987465  -0.8663013533  -0.6407358947
0.8019823467  -0.8603559674  -0.6466614077
0.7961869848  -0.8544209196  -0.6525570336
0.7904126370  -0.8484953999  -0.6584217120
0.7846593011  -0.8425787466  -0.6642545175
0.7789269962  -0.8366704434  -0.6700546686
0.7732157598  -0.8307701145  -0.6758215288
0.7675256432  -0.8248775205  -0.6815546102
0.7618567109  -0.8189925517  -0.6872535811
0.7562090338  -0.8131152222  -0.6929182511
0.7505827177  -0.8072456705  -0.6985486937
0.7449779719  -0.8013841656  -0.7041454452
0.7393950151  -0.7955310845  -0.7097092364
0.7338339096  -0.7896868727  -0.7152407198
0.7282946542  -0.7838520375  -0.7207407125
0.7227773274  -0.7780271586  -0.7262103312
0.7172820554  -0.7722128827  -0.7316509643
0.7118089799  -0.7664099147  -0.7370643387
0.7063582834  -0.7606190168  -0.7424526320
0.7009302391  -0.7548410213  -0.7478187049
0.6955253577  -0.7490769261  -0.7531667223
0.6901457933  -0.7433280985  -0.7585074833
0.6847927802  -0.7375956649  -0.7638480669
0.6794607196  -0.7318793596  -0.7691777300
0.6741430477  -0.7261782291  -0.7744860061
0.6688404782  -0.7204921291  -0.7797730027
0.6635562492  -0.7148215268  -0.7850399179
0.6582913773  -0.7091668071  -0.7902869865
0.6530458419  -0.7035282204  -0.7955143372
0.6478195339  -0.6979059711  -0.8007221026
0.6426123443  -0.6923002355  -0.8059104208
0.6374241653  -0.6867111635  -0.8110794343
0.6322548902  -0.6811388779  -0.8162292901
0.6271044130  -0.6755834751  -0.8213601384
0.6219726286  -0.6700450252  -0.8264721320
0.6168594326  -0.6645235736  -0.8315654259
0.6117647211  -0.6590191415  -0.8366401756
0.6066883908  -0.6535317273  -0.8416965371
0.6016303392  -0.6480613084  -0.8467346653
0.5965904644  -0.6426078423  -0.8517547133
0.5915686652  -0.6371712683  -0.8567568317
0.5865648412  -0.6317515093  -0.8617411667
0.5815788921  -0.6263484731  -0.8667078576
0.5766107175  -0.6209620545  -0.8716570337
0.5716602180  -0.6155921374  -0.8765888166
0.5667272969  -0.6102385988  -0.8815033225
0.5618118592  -0.6049013096  -0.8864006601
0.5569138110  -0.5995801356  -0.8912809272
0.5520330585  -0.5942749393  -0.8961442098
0.5471695087  -0.5889855817  -0.9009905794
0.5423230690  -0.5837119235  -0.9058200902
0.5374936460  -0.5784538232  -0.9106327714
0.5326811382  -0.5732111140  -0.9154285908
0.5278854335  -0.5679836175  -0.9202074448
0.5231064478  -0.5627712963  -0.9249693047
0.5183441628  -0.5575742918  -0.9297143321
0.5135985752  -0.5523926714  -0.9344427376
0.5088696265  -0.5472263114  -0.9391546373
0.5041572192  -0.5420750623  -0.9438500932
0.4994612651  -0.5369388463  -0.9485291694
0.4947816917  -0.5318176267  -0.9531919335
0.4901184319  -0.5267113826  -0.9578384522
0.4854714205  -0.5216201049  -0.9624687907
0.4808405933  -0.5165437957  -0.9670830127
0.4762258874  -0.5114824681  -0.9716811804
0.4716272413  -0.5064361456  -0.9762633545
0.4670445944  -0.5014048616  -0.9808295946
0.4624778875  -0.4963886587  -0.9853799587
0.4579270624  -0.4913875876  -0.9899145034
0.4533920621  -0.4864017067  -0.9944332843
0.4488728307  -0.4814310803  -0.9989363555
0.4443693132  -0.4764757786  -1.0034237702
0.4398814559  -0.4715358757  -1.0078955803
0.4354092060  -0.4666114480  -1.0123518367
0.4309525116  -0.4617025717  -1.0167925893
0.4265113218  -0.4568093218  -1.0212178871
0.4220855868  -0.4519317732  -1.0256277784
0.4176752574  -0.4470699996  -1.0300223105
0.4132802855  -0.4422240720  -1.0344015300
0.4089006237  -0.4373940565  -1.0387654828
0.4045362256  -0.4325800130  -1.0431142142
0.4001870452  -0.4277819933  -1.0474477691
0.3958530378  -0.4230000380  -1.0517661919
0.3915341589  -0.4182341646  -1.0560695269
0.3872303651  -0.4134843559  -1.0603578189
0.3829416137  -0.4087505923  -1.0646311125
0.3786678622  -0.4040329142  -1.0688894513
0.3744090685  -0.3993314189  -1.0731328759
0.3701651909  -0.3946461993  -1.0773614258
0.3659361884  -0.3899773213  -1.0815751402
0.3617220211  -0.3853248417  -1.0857740588
0.3575226496  -0.3806888189  -1.0899582206
0.3533380349  -0.3760693120  -1.0941276643
0.3491681382  -0.3714663804  -1.0982824281
0.3450129215  -0.3668800835  -1.1024225499
0.3408723469  -0.3623104810  -1.1065480671
0.3367463769  -0.3577576322  -1.1106590167
0.3326349747  -0.3532215667  -1.1147554354
0.3285381032  -0.3487022554  -1.1188373599
0.3244557262  -0.3441997353  -1.1229048264
0.3203878077  -0.3397142060  -1.1269578705
0.3163343120  -0.3352458525  -1.1309965275
0.3122952037  -0.3307947340  -1.1350208326
0.3082704473  -0.3263608826  -1.1390308209
0.3042600077  -0.3219443447  -1.1430265276
0.3002638500  -0.3175451641  -1.1470079876
0.2962819393  -0.3131633814  -1.1509752357
0.2923142410  -0.3087990347  -1.1549283066
0.2883607206  -0.3044521601  -1.1588672350
0.2844213434  -0.3001227923  -1.1627920553
0.2804960751  -0.2958109646  -1.1667028022
0.2765848813  -0.2915167095  -1.1705995100
0.2726877278  -0.2872400593  -1.1744822133
0.2688045800  -0.2829810458  -1.1783509464
0.2649354039  -0.2787397011  -1.1822057439
0.2610801649  -0.2745160575  -1.1860466401
0.2572388287  -0.2703101479  -1.1898736696
0.2534113609  -0.2661220054  -1.1936868668
0.2495977269  -0.2619516637  -1.1974862663
0.2457978921  -0.2577991573  -1.2012719030
0.2420118218  -0.2536645210  -1.2050438114
0.2382394812  -0.2495477901  -1.2088020266
0.2344808352  -0.2454490003  -1.2125465835
0.2307358488  -0.2413681874  -1.2162775174
0.2270044865  -0.2373053873  -1.2199948636
0.2232867130  -0.2332606357  -1.2236986576
0.2195824925  -0.2292339680  -1.2273889351
0.2158917892  -0.2252254185  -1.2310657322
0.2122145668  -0.2212350211  -1.2347290849
0.2085507917  -0.2172631758  -1.2383790568
0.2049004331  -0.2133103990  -1.2420157425
0.2012634504  -0.2093758411  -1.2456391595
0.1976397919  -0.2054584068  -1.2492492539
0.1940294162  -0.2015585601  -1.2528460314
0.1904322925  -0.1976769140  -1.2564295338
0.1868483871  -0.1938135316  -1.2599997905
0.1832776624  -0.1899684677  -1.2635568332
0.1797200807  -0.1861417704  -1.2671006960
0.1761756041  -0.1823334809  -1.2706314154
0.1726441941  -0.1785436327  -1.2741490311
0.1691258120  -0.1747722514  -1.2776535852
0.1656204185  -0.1710193544  -1.2811451231
0.1621279740  -0.1672849509  -1.2846236933
0.1586484382  -0.1635690416  -1.2880893471
0.1551817703  -0.1598716191  -1.2915421391
0.1517279290  -0.1561926680  -1.2949821269
0.1482868725  -0.1525321650  -1.2984093708
0.1448585582  -0.1488900796  -1.3018239342
0.1414429431  -0.1452663739  -1.3052258831
0.1380399834  -0.1416610035  -1.3086152859
0.1346496350  -0.1380739179  -1.3119922134
0.1312718531  -0.1345050609  -1.3153567382
0.1279065923  -0.1309543711  -1.3187089345
0.1245538067  -0.1274217823  -1.3220488781
0.1212134500  -0.1239072244  -1.3253766455
0.1178854753  -0.1204106237  -1.3286923137
0.1145698352  -0.1169319035  -1.3319959598
0.1112664818  -0.1134709843  -1.3352876604
0.1079753669  -0.1100277849  -1.3385674910
0.1046964416  -0.1066022221  -1.3418355258
0.1014296569  -0.1031942127  -1.3450918364
0.0981766003  -0.0998039629  -1.3483840437
0.0949382865  -0.0964315402  -1.3517357754
0.0917104182  -0.0930760875  -1.3550658156
0.0884917017  -0.0897373302  -1.3583951756
0.0852842869  -0.0864155950  -1.3617224432
0.0820880882  -0.0831108029  -1.3650460075
0.0789030284  -0.0798228771  -1.3683640580
0.0757290390  -0.0765517430  -1.3716745856
0.0725660610  -0.0732973272  -1.3749753818
0.0694140452  -0.0700595576  -1.3782640394
0.0662729528  -0.0668383628  -1.3815379520
0.0631427561  -0.0636336719  -1.3847943139
0.0600234385  -0.0604454133  -1.3880301208
0.0569149951  -0.0572735151  -1.3912421689
0.0538174332  -0.0541179039  -1.3944270557
0.0507307720  -0.0509785042  -1.3975811794
0.0476550433  -0.0478552385  -1.4007007394
0.0445902914  -0.0447480261  -1.4037817358
0.0415365730  -0.0416567831  -1.4068199698
0.0384939571  -0.0385814219  -1.4098110434
0.0354625251  -0.0355218507  -1.4127503597
0.0324423698  -0.0324779738  -1.4156331227
0.0294335955  -0.0294496909  -1.4184543374
0.0264363173  -0.0264368976  -1.4212088095
0.0234506601  -0.0234394858  -1.4238911460
0.0204767575  -0.0204573432  -1.4264957546
0.0175147512  -0.0174903547  -1.4290168441
0.0145647892  -0.0145384028  -1.4314484241
0.0116270246  -0.0116013681  -1.4337843052
0.0087016133  -0.0086791305  -1.4360180990
0.0057887126  -0.0057715702  -1.4381432180
0.0028884788  -0.0028785686  -1.4401528757
0.0028862373  -0.0028785511  -1.4401528757
