0.107772
1.7958894054  -2.2292989441   0.0000896014
1.7958894054  -2.2292989441   0.0000896014
1.7958974011  -2.2292963811   0.0000736589
1.7958919731  -2.2292473414   0.0000335034
1.7958663081  -2.2291462168  -0.0000315926
1.7958153755  -2.2289841337  -0.0001223440
1.7957372947  -2.2287582180  -0.0002394538
1.7956309968  -2.2284670907  -0.0003836123
1.7954957199  -2.2281099253  -0.0005554980
1.7953308427  -2.2276861369  -0.0007557767
1.7951358161  -2.2271952556  -0.0009851021
1.7949101321  -2.2266368677  -0.0012441156
1.7946533072  -2.2260105850  -0.0015334464
1.7943648739  -2.2253160288  -0.0018537112
1.7940443754  -2.2245528204  -0.0022055147
1.7936913625  -2.2237205761  -0.0025894491
1.7933053919  -2.2228189035  -0.0030060944
1.7928860248  -2.2218474009  -0.0034560182
1.7924328263  -2.2208056557  -0.0039397762
1.7919453653  -2.2196932448  -0.0044579112
1.7914232137  -2.2185097350  -0.0050109544
1.7908659467  -2.2172546832  -0.0055994241
1.7902731430  -2.2159276378  -0.0062238268
1.7896443845  -2.2145281389  -0.0068846565
1.7889792565  -2.2130557204  -0.0075823948
1.7882773482  -2.2115099103  -0.0083175113
1.7875382527  -2.2098902324  -0.0090904632
1.7867615671  -2.2081962077  -0.0099016952
1.7859468928  -2.2064273555  -0.0107516401
1.7850938362  -2.2045831950  -0.0116407181
1.7842020083  -2.2026632468  -0.0125693374
1.7832710253  -2.2006670342  -0.0135378937
1.7823005048  -2.1985929310  -0.0145481902
1.7812900843  -2.1964415486  -0.0155993412
1.7802394028  -2.1942138579  -0.0166912690
1.7791480884  -2.1919085347  -0.0178242579
1.7780157832  -2.1895248193  -0.0189986069
1.7768421409  -2.1870621811  -0.0202146450
1.7756268231  -2.1845201417  -0.0214726921
1.7743694986  -2.1818982636  -0.0227730635
1.7730698443  -2.1791961357  -0.0241160683
1.7717275454  -2.1764133713  -0.0255020085
1.7703422957  -2.1735496088  -0.0269311785
1.7689137977  -2.1706045122  -0.0284038635
1.7674417631  -2.1675777723  -0.0299203395
1.7659259095  -2.1644691037  -0.0314808733
1.7643659624  -2.1612782473  -0.0330857229
1.7627616597  -2.1580049767  -0.0347351362
1.7611127510  -2.1546490980  -0.0364293515
1.7594189965  -2.1512104493  -0.0381685971
1.7576801668  -2.1476889024  -0.0399530907
1.7558960435  -2.1440843637  -0.0417830395
1.7540664194  -2.1403967745  -0.0436586402
1.7521910981  -2.1366261112  -0.0455800775
1.7502698948  -2.1327723860  -0.0475475241
1.7483026363  -2.1288356478  -0.0495611413
1.7462891609  -2.1248159823  -0.0516210795
1.7442293187  -2.1207135131  -0.0537274779
1.7421229718  -2.1165284022  -0.0558804643
1.7399699941  -2.1122608508  -0.0580801550
1.7377702717  -2.1079110985  -0.0603266551
1.7355237014  -2.1034794228  -0.0626200579
1.7332301805  -2.0989661272  -0.0649604443
1.7308896151  -2.0943712673  -0.0673478824
1.7285019324  -2.0896951309  -0.0697824277
1.7260670770  -2.0849387081  -0.0722641246
1.7235850094  -2.0801027097  -0.0747930063
1.7210557007  -2.0751874373  -0.0773690950
1.7184791321  -2.0701933452  -0.0799924021
1.7158552977  -2.0651209817  -0.0826629275
1.7131842037  -2.0599709412  -0.0853806598
1.7104658682  -2.0547438565  -0.0881455752
1.7077003211  -2.0494403922  -0.0909576371
1.7048876037  -2.0440612424  -0.0938167982
1.7020277577  -2.0386071202  -0.0967230014
1.6991208168  -2.0330787501  -0.0996761797
1.6961668355  -2.0274768956  -0.1026762561
1.6931658971  -2.0218023657  -0.1057231442
1.6901180971  -2.0160559978  -0.1088167476
1.6870235414  -2.0102386551  -0.1119569580
1.6838823467  -2.0043512261  -0.1151436559
1.6806946403  -1.9983946238  -0.1183767129
1.6774605597  -1.9923697847  -0.1216559925
1.6741802528  -1.9862776702  -0.1249813507
1.6708538726  -1.9801192632  -0.1283526354
1.6674815453  -1.9738955392  -0.1317696871
1.6640634005  -1.9676074884  -0.1352323389
1.6605996098  -1.9612561479  -0.1387404156
1.6570903620  -1.9548425790  -0.1422937322
1.6535358542  -1.9483678585  -0.1458920934
1.6499362914  -1.9418330799  -0.1495352940
1.6462918867  -1.9352393546  -0.1532231202
1.6426028607  -1.9285878139  -0.1569553501
1.6388694405  -1.9218796111  -0.1607317564
1.6350918174  -1.9151158736  -0.1645521116
1.6312701653  -1.9082977003  -0.1684161885
1.6274047045  -1.9014262465  -0.1723237534
1.6234956840  -1.8945027343  -0.1762745645
1.6195433593  -1.8875284035  -0.1802683735
1.6155479914  -1.8805044965  -0.1843049270
1.6115098471  -1.8734322701  -0.1883839683
1.6074291989  -1.8663130216  -0.1925052426
1.6033063038  -1.8591480926  -0.1966685001
1.5991413564  -1.8519387134  -0.2008734924
1.5949345677  -1.8446858663  -0.2051199719
1.5906862141  -1.8373904432  -0.2094076924
1.5863965811  -1.8300535773  -0.2137364094
1.5820659593  -1.8226767315  -0.2181058793
1.5776946437  -1.8152614870  -0.2225158600
1.5732829323  -1.8078093955  -0.2269661108
1.5688310928  -1.8003219490  -0.2314563922
1.5643393090  -1.7928005517  -0.2359864659
1.5598077894  -1.7852465822  -0.2405560946
1.5552368229  -1.7776614305  -0.2451650366
1.5506267042  -1.7700464526  -0.2498130482
1.5459777322  -1.7624029701  -0.2544998998
1.5412902113  -1.7547322734  -0.2592253828
1.5365644487  -1.7470356216  -0.2639893064
1.5318007490  -1.7393142788  -0.2687914910
1.5269993577  -1.7315694420  -0.2736317509
1.5221604356  -1.7238021488  -0.2785098785
1.5172841085  -1.7160133397  -0.2834256419
1.5123704909  -1.7082039113  -0.2883787896
1.5074196898  -1.7003747233  -0.2933690544
1.5024318088  -1.6925266075  -0.2983961696
1.4974070367  -1.6846604840  -0.3034598831
1.4923457807  -1.6767775382  -0.3085599502
1.4872483612  -1.6688788453  -0.3136961279
1.4821148625  -1.6609651771  -0.3188681753
1.4769453421  -1.6530372690  -0.3240758533
1.4717398475  -1.6450958483  -0.3293189227
1.4664984170  -1.6371416365  -0.3345971420
1.4612211486  -1.6291754452  -0.3399102645
1.4559083754  -1.6211984619  -0.3452580265
1.4505604749  -1.6132119625  -0.3506401481
1.4451777065  -1.6052166160  -0.3560564088
1.4397603500  -1.5972125989  -0.3615067022
1.4343086883  -1.5892006601  -0.3669909260
1.4288229654  -1.5811825448  -0.3725088623
1.4233034249  -1.5731601171  -0.3780602133
1.4177503298  -1.5651347490  -0.3836446744
1.4121639359  -1.5571074987  -0.3892619491
1.4065445000  -1.5490793774  -0.3949117445
1.4008922828  -1.5410514011  -0.4005937685
1.3952075088  -1.5330245551  -0.4063077292
1.3894901198  -1.5249995941  -0.4120533356
1.3837403219  -1.5169775275  -0.4178302955
1.3779589710  -1.5089599556  -0.4236383159
1.3721470999  -1.5009486521  -0.4294771043
1.3663057904  -1.4929454383  -0.4353463677
1.3604359655  -1.4849520245  -0.4412458127
1.3545378466  -1.4769694511  -0.4471751443
1.3486110688  -1.4689980587  -0.4531340692
1.3426551659  -1.4610379791  -0.4591223015
1.3366696095  -1.4530892614  -0.4651395632
1.3306539531  -1.4451520428  -0.4711855852
1.3246085061  -1.4372273351  -0.4772599449
1.3185338805  -1.4293164668  -0.4833620845
1.3124303742  -1.4214203096  -0.4894916660
1.3062983159  -1.4135396990  -0.4956485281
1.3001380257  -1.4056754834  -0.5018324474
1.2939498227  -1.3978285780  -0.5080431321
1.2877339706  -1.3899997757  -0.5142802096
1.2814906189  -1.3821896173  -0.5205431370
1.2752198188  -1.3743984132  -0.5268309619
1.2689208652  -1.3666258804  -0.5331393294
1.2625933250  -1.3588720352  -0.5394654698
1.2562406941  -1.3511399169  -0.5458186884
1.2498678782  -1.3434341357  -0.5522101552
1.2434747193  -1.3357561394  -0.5586409239
1.2370578795  -1.3281044829  -0.5651084417
1.2306156744  -1.3204778631  -0.5716113458
1.2241479896  -1.3128757468  -0.5781484297
1.2176550414  -1.3052978649  -0.5847184043
1.2111370251  -1.2977437654  -0.5913199017
1.2045940521  -1.2902127124  -0.5979514830
1.1980263667  -1.2827040846  -0.6046116496
1.1914342096  -1.2752171326  -0.6112988497
1.1848177228  -1.2677508349  -0.6180114665
1.1781771654  -1.2603042874  -0.6247478126
1.1715127733  -1.2528764410  -0.6315061327
1.1648247985  -1.2454661850  -0.6382846095
1.1581134354  -1.2380723195  -0.6450813822
1.1513787059  -1.2306933775  -0.6518945705
1.1446207972  -1.2233280416  -0.6587222865
1.1378400038  -1.2159750740  -0.6655626424
1.1310366206  -1.2086332044  -0.6724137561
1.1242110343  -1.2013012482  -0.6792737443
1.1173538131  -1.1939681750  -0.6861407146
1.1104619185  -1.1866294650  -0.6930127742
1.1035448120  -1.1792933500  -0.6998880354
1.0966045558  -1.1719606546  -0.7067646172
1.0896391819  -1.1646280475  -0.7136406531
1.0826458892  -1.1572913883  -0.7205142972
1.0756194565  -1.1499442078  -0.7273837332
1.0685494986  -1.1425749997  -0.7342471839
1.0614119377  -1.1351583642  -0.7411029531
1.0540039668  -1.1274914167  -0.7479494462
1.0465041728  -1.1197589735  -0.7547849978
1.0394236299  -1.1124722258  -0.7616076952
1.0326769393  -1.1055362252  -0.7684155719
1.0259903463  -1.0986702033  -0.7752068941
1.0193244952  -1.0918302110  -0.7819801398
1.0126788037  -1.0850128329  -0.7887338708
1.0060530839  -1.0782160655  -0.7954667101
0.9994471519  -1.0714381358  -0.8021773587
0.9928608465  -1.0646774113  -0.8088646055
0.9862940303  -1.0579324019  -0.8155273304
0.9797465877  -1.0512017636  -0.8221645071
0.9732184247  -1.0444842966  -0.8287752100
0.9667094681  -1.0377789424  -0.8353586181
0.9602196638  -1.0310847826  -0.8419140175
0.9537489750  -1.0244010376  -0.8484408066
0.9472973817  -1.0177270665  -0.8549385012
0.9408648804  -1.0110623661  -0.8614067427
0.9344514828  -1.0044065681  -0.8678453018
0.9280572105  -0.9977594334  -0.8742540780
0.9216820929  -0.9911208433  -0.8806331030
0.9153261655  -0.9844907949  -0.8869825436
0.9089895269  -0.9778694018  -0.8933028932
0.9026723636  -0.9712568908  -0.8995950081
0.8963747875  -0.9646535776  -0.9058597532
0.8900967723  -0.9580598427  -0.9120980011
0.8838383123  -0.9514761281  -0.9183108638
0.8775994826  -0.9449029407  -0.9244997285
0.8713804014  -0.9383408519  -0.9306663088
0.8651812492  -0.9317905018  -0.9368127937
0.8590023624  -0.9252526739  -0.9429422076
0.8528453067  -0.9187284237  -0.9490620988
0.8467117285  -0.9122187932  -0.9551800251
0.8405982088  -0.9057240360  -0.9612909466
0.8344983497  -0.8992435539  -0.9673849058
0.8284108949  -0.8927768033  -0.9734598792
0.8223386654  -0.8863237617  -0.9795172423
0.8162831858  -0.8798846186  -0.9855573430
0.8102445152  -0.8734595168  -0.9915803224
0.8042225288  -0.8670485496  -0.9975863239
0.7982171028  -0.8606517843  -1.0035754951
0.7922281150  -0.8542692657  -1.0095479873
0.7862554450  -0.8479010156  -1.0155039546
0.7802989738  -0.8415470331  -1.0214435540
0.7743585837  -0.8352072953  -1.0273669439
0.7684341584  -0.8288817585  -1.0332742842
0.7625255827  -0.8225703591  -1.0391657351
0.7566327427  -0.8162730152  -1.0450414565
0.7507555257  -0.8099896273  -1.0509016072
0.7448938199  -0.8037200799  -1.0567463439
0.7390475151  -0.7974642421  -1.0625758204
0.7332165021  -0.7912219683  -1.0683901868
0.7274006730  -0.7849930999  -1.0741895888
0.7215999212  -0.7787774701  -1.0799741654
0.7158141403  -0.7725749104  -1.0857440461
0.7100432247  -0.7663852455  -1.0914993495
0.7042870708  -0.7602082854  -1.0972401871
0.6985455787  -0.7540438318  -1.1029666631
0.6928186499  -0.7478916896  -1.1086788713
0.6871061869  -0.7417516686  -1.1143768924
0.6814080926  -0.7356235852  -1.1200607916
0.6757242702  -0.7295072673  -1.1257306139
0.6700546166  -0.7234025919  -1.1313863561
0.6643990163  -0.7173094827  -1.1370279455
0.6587573714  -0.7112277391  -1.1426553352
0.6531296479  -0.7051569749  -1.1482686353
0.6475158490  -0.6990968757  -1.1538680447
0.6419159354  -0.6930473340  -1.1594537001
0.6363298162  -0.6870082949  -1.1650256696
0.6307573984  -0.6809796619  -1.1705840129
0.6251986080  -0.6749613322  -1.1761287942
0.6196533806  -0.6689532192  -1.1816600764
0.6141216543  -0.6629552522  -1.1871779205
0.6086033692  -0.6569673761  -1.1926823849
0.6030984677  -0.6509895509  -1.1981735261
0.5976068940  -0.6450217518  -1.2036513983
0.5921285940  -0.6390639685  -1.2091160533
0.5866635161  -0.6331162042  -1.2145675411
0.5812116101  -0.6271784756  -1.2200059092
0.5757728281  -0.6212508111  -1.2254312033
0.5703471241  -0.6153332500  -1.2308434669
0.5649344538  -0.6094258419  -1.2362427414
0.5595347748  -0.6035286446  -1.2416290663
0.5541480469  -0.5976417235  -1.2470024791
0.5487742313  -0.5917651496  -1.2523630155
0.5434132914  -0.5858989962  -1.2577107093
0.5380651921  -0.5800433368  -1.2630455925
0.5327299006  -0.5741982454  -1.2683676957
0.5274073853  -0.5683637964  -1.2736770474
0.5220976166  -0.5625400635  -1.2789736748
0.5168005668  -0.5567271165  -1.2842576035
0.5115162097  -0.5509250188  -1.2895288575
0.5062445208  -0.5451338239  -1.2947874597
0.5009854773  -0.5393535625  -1.3000334317
0.4957390581  -0.5335842241  -1.3052667947
0.4905052441  -0.5278257818  -1.3104875691
0.4852840171  -0.5220782720  -1.3156957735
0.4800753603  -0.5163418194  -1.3208914230
0.4748792577  -0.5106165690  -1.3260745298
0.4696956955  -0.5049026353  -1.3312451048
0.4645246614  -0.4992001163  -1.3364031583
0.4593661452  -0.4935091137  -1.3415486996
0.4542201378  -0.4878297352  -1.3466817364
0.4490866314  -0.4821620926  -1.3518022750
0.4439656196  -0.4765063015  -1.3569103204
0.4388570972  -0.4708624819  -1.3620058763
0.4337610607  -0.4652307571  -1.3670889452
0.4286775073  -0.4596111860  -1.3721595282
0.4236064358  -0.4540036965  -1.3772176259
0.4185478462  -0.4484083699  -1.3822632372
0.4135017398  -0.4428256678  -1.3872963593
0.4084681192  -0.4372560263  -1.3923169878
0.4034469877  -0.4316995961  -1.3973251177
0.3984383501  -0.4261564686  -1.4023207433
0.3934422120  -0.4206267737  -1.4073038583
0.3884585803  -0.4151106396  -1.4122744553
0.3834874625  -0.4096081914  -1.4172325259
0.3785288671  -0.4041195530  -1.4221780609
0.3735828035  -0.3986448478  -1.4271110505
0.3686492822  -0.3931841999  -1.4320314838
0.3637283141  -0.3877377347  -1.4369393493
0.3588199111  -0.3823055806  -1.4418346348
0.3539240858  -0.3768878690  -1.4467173272
0.3490408516  -0.3714847358  -1.4515874129
0.3441702223  -0.3660963214  -1.4564448776
0.3393122125  -0.3607227718  -1.4612897062
0.3344668373  -0.3553642385  -1.4661218834
0.3296341124  -0.3500208793  -1.4709413929
0.3248140538  -0.3446928580  -1.4757482182
0.3200066782  -0.3393803446  -1.4805423423
0.3152120024  -0.3340835154  -1.4853237477
0.3104300437  -0.3288025530  -1.4900924167
0.3056608197  -0.3235376456  -1.4948483313
0.3009043483  -0.3182889871  -1.4995914731
0.2961606474  -0.3130567765  -1.5043218237
0.2914297352  -0.3078412172  -1.5090393645
0.2867116301  -0.3026425167  -1.5137440767
0.2820063502  -0.2974608856  -1.5184359418
0.2773139139  -0.2922965373  -1.5231149410
0.2726343460  -0.2871505782  -1.5277811047
0.2679676788  -0.2820244134  -1.5324345194
0.2633139218  -0.2769161403  -1.5370751316
0.2586730572  -0.2718232321  -1.5417027583
0.2540450923  -0.2667469464  -1.5463173246
0.2494300617  -0.2616889249  -1.5509188205
0.2448279925  -0.2566494823  -1.5555072136
0.2402389036  -0.2516289185  -1.5600824755
0.2356628134  -0.2466275220  -1.5646445820
0.2310997400  -0.2416455682  -1.5691935136
0.2265497009  -0.2366833170  -1.5737292560
0.2220127129  -0.2317410124  -1.5782518001
0.2174887917  -0.2268188807  -1.5827611421
0.2129779524  -0.2219171303  -1.5872572840
0.2084802085  -0.2170359510  -1.5917402333
0.2039955726  -0.2121755140  -1.5962100034
0.1995240558  -0.2073359719  -1.6006666131
0.1950656680  -0.2025174588  -1.6051100869
0.1906204174  -0.1977200911  -1.6095404544
0.1861883109  -0.1929439681  -1.6139577505
0.1817693538  -0.1881891726  -1.6183620147
0.1773635499  -0.1834557721  -1.6227532910
0.1729709016  -0.1787438198  -1.6271316272
0.1685914098  -0.1740533556  -1.6314970745
0.1642250736  -0.1693844075  -1.6358496869
0.1598718911  -0.1647369926  -1.6401895207
0.1555318586  -0.1601111188  -1.6445166332
0.1512049711  -0.1555067854  -1.6488310829
0.1468912220  -0.1509239850  -1.6531329276
0.1425906036  -0.1463627042  -1.6574222242
0.1383031065  -0.1418229252  -1.6616990276
0.1340287197  -0.1373046289  -1.6659633893
0.1297703933  -0.1328085849  -1.6702786235
0.1255300335  -0.1283351940  -1.6746761317
0.1212999400  -0.1238823281  -1.6790477734
0.1170778525  -0.1194494350  -1.6834214575
0.1128677371  -0.1150376069  -1.6877952509
0.1086695144  -0.1106468319  -1.6921669548
0.1044831194  -0.1062771044  -1.6965341054
0.1003085022  -0.1019284235  -1.7008939734
0.0961456286  -0.0976007927  -1.7052435642
0.0919944816  -0.0932942185  -1.7095796178
0.0878550618  -0.0890087095  -1.7138986091
0.0837273883  -0.0847442742  -1.7181967473
0.0796114992  -0.0805009206  -1.7224699764
0.0755074523  -0.0762786535  -1.7267139753
0.0714153256  -0.0720774733  -1.7309241572
0.0673352174  -0.0678973743  -1.7350956702
0.0632672468  -0.0637383426  -1.7392233968
0.0592115538  -0.0596003547  -1.7433019546
0.0551682990  -0.0554833761  -1.7473256954
0.0511376634  -0.0513873594  -1.7512887060
0.0471198483  -0.0473122438  -1.7551848076
0.0431150741  -0.0432579539  -1.7590075563
0.0391235801  -0.0392243993  -1.7627502426
0.0351456228  -0.0352114748  -1.7664058919
0.0311814749  -0.0312190603  -1.7699672641
0.0272314237  -0.0272470220  -1.7734268539
0.0232957689  -0.0232952139  -1.7767768906
0.0193748204  -0.0193634794  -1.7800093380
0.0154688961  -0.0154516537  -1.7831158949
0.0115783184  -0.0115595664  -1.7860879943
0.0077034110  -0.0076870448  -1.7889168044
0.0038444955  -0.0038339172  -1.7915932276
0.0038405233  -0.0038338892  -1.7915932276
