0.0967657
1.8633411095  -2.1374243776   0.0000877039
1.8633411095  -2.1374243776   0.0000877039
1.8633483205  -2.1374184887   0.0000718701
1.8633424535  -2.1373707571   0.0000322459
1.8633169751  -2.1372776697  -0.0000318696
1.8632667969  -2.1371313138  -0.0001211670
1.8631900364  -2.1369291759  -0.0002363265
1.8630856290  -2.1366700683  -0.0003780180
1.8629528187  -2.1363532913  -0.0005469012
1.8627909898  -2.1359783589  -0.0007436254
1.8625995987  -2.1355448862  -0.0009688297
1.8623781423  -2.1350525373  -0.0012231427
1.8621261414  -2.1345009980  -0.0015071827
1.8618431317  -2.1338899617  -0.0018215580
1.8615286589  -2.1332191208  -0.0021668662
1.8611822751  -2.1324881618  -0.0025436948
1.8608035373  -2.1316967627  -0.0029526209
1.8603920060  -2.1308445912  -0.0033942114
1.8599472444  -2.1299313046  -0.0038690227
1.8594688178  -2.1289565489  -0.0043776011
1.8589562937  -2.1279199594  -0.0049204825
1.8584092415  -2.1268211610  -0.0054981924
1.8578272324  -2.1256597690  -0.0061112461
1.8572098393  -2.1244353896  -0.0067601486
1.8565566375  -2.1231476210  -0.0074453945
1.8558672040  -2.1217960545  -0.0081674681
1.8551411182  -2.1203802749  -0.0089268435
1.8543779621  -2.1188998624  -0.0097239843
1.8535773200  -2.1173543933  -0.0105593440
1.8527387794  -2.1157434409  -0.0114333656
1.8518619306  -2.1140665775  -0.0123464819
1.8509463674  -2.1123233749  -0.0132991154
1.8499916799  -2.1105123020  -0.0142930615
1.8489974814  -2.1086339482  -0.0153275011
1.8479633860  -2.1066892568  -0.0164024038
1.8468889895  -2.1046769944  -0.0175180807
1.8457739005  -2.1025964507  -0.0186748638
1.8446177375  -2.1004471220  -0.0198731195
1.8434201246  -2.0982285521  -0.0211132072
1.8421806910  -2.0959403214  -0.0223954834
1.8408990718  -2.0935820323  -0.0237203011
1.8395749083  -2.0911533069  -0.0250880081
1.8382078478  -2.0886537865  -0.0264989470
1.8367975444  -2.0860831325  -0.0279534542
1.8353436588  -2.0834410271  -0.0294518596
1.8338458587  -2.0807271746  -0.0309944862
1.8323038191  -2.0779413023  -0.0325816497
1.8307172225  -2.0750831614  -0.0342136585
1.8290857592  -2.0721525281  -0.0358908131
1.8274091272  -2.0691492047  -0.0376134060
1.8256870328  -2.0660730200  -0.0393817216
1.8239191906  -2.0629238307  -0.0411960356
1.8221053239  -2.0597015221  -0.0430566154
1.8202451644  -2.0564060086  -0.0449637191
1.8183384532  -2.0530372345  -0.0469175965
1.8163849402  -2.0495951745  -0.0489184890
1.8143843850  -2.0460798350  -0.0509666300
1.8123365564  -2.0424912549  -0.0530622427
1.8102412328  -2.0388295049  -0.0552055400
1.8080982023  -2.0350946874  -0.0573967245
1.8059072628  -2.0312869365  -0.0596359881
1.8036682225  -2.0274064189  -0.0619235122
1.8013808993  -2.0234533340  -0.0642594673
1.7990451215  -2.0194276366  -0.0666440134
1.7966607261  -2.0153294926  -0.0690772992
1.7942275618  -2.0111597484  -0.0715594622
1.7917454914  -2.0069189810  -0.0740906291
1.7892143867  -2.0026073651  -0.0766709159
1.7866341281  -1.9982252154  -0.0793004275
1.7840046067  -1.9937729332  -0.0819792580
1.7813257246  -1.9892509612  -0.0847074902
1.7785973949  -1.9846597767  -0.0874851965
1.7758195412  -1.9799998870  -0.0903124380
1.7729920981  -1.9752718269  -0.0931892653
1.7701150106  -1.9704761591  -0.0961157181
1.7671882348  -1.9656134750  -0.0990918258
1.7642117373  -1.9606843934  -0.1021176071
1.7611854954  -1.9556895596  -0.1051930704
1.7581094971  -1.9506296438  -0.1083182142
1.7549837409  -1.9455053409  -0.1114930268
1.7518082360  -1.9403173703  -0.1147174865
1.7485830018  -1.9350664755  -0.1179915622
1.7453080684  -1.9297534234  -0.1213152130
1.7419834760  -1.9243790034  -0.1246883886
1.7386092752  -1.9189440274  -0.1281110295
1.7351855264  -1.9134493288  -0.1315830673
1.7317123216  -1.9078958050  -0.1351044245
1.7281898030  -1.9022844587  -0.1386750173
1.7246181036  -1.8966162760  -0.1422947581
1.7209973256  -1.8908921797  -0.1459635537
1.7173275758  -1.8851131041  -0.1496813013
1.7136089678  -1.8792799973  -0.1534478889
1.7098416218  -1.8733938200  -0.1572631953
1.7060256648  -1.8674555438  -0.1611270905
1.7021612306  -1.8614661388  -0.1650394358
1.6982484595  -1.8554265681  -0.1690000838
1.6942874981  -1.8493378230  -0.1730088785
1.6902784999  -1.8432009370  -0.1770656554
1.6862216246  -1.8370169518  -0.1811702413
1.6821170383  -1.8307869042  -0.1853224550
1.6779649132  -1.8245118373  -0.1895221066
1.6737654279  -1.8181928214  -0.1937689985
1.6695187670  -1.8118309595  -0.1980629247
1.6652251213  -1.8054272761  -0.2024036719
1.6608846872  -1.7989825960  -0.2067910195
1.6564976659  -1.7924976961  -0.2112247402
1.6520642644  -1.7859735699  -0.2157045988
1.6475846969  -1.7794114259  -0.2202303521
1.6430591849  -1.7728125189  -0.2248017493
1.6384879563  -1.7661780720  -0.2294185328
1.6338712453  -1.7595092780  -0.2340804395
1.6292092924  -1.7528073001  -0.2387872015
1.6245023443  -1.7460732718  -0.2435385456
1.6197506533  -1.7393082968  -0.2483341925
1.6149544774  -1.7325134493  -0.2531738566
1.6101140808  -1.7256897740  -0.2580572463
1.6052297337  -1.7188382861  -0.2629840637
1.6003017124  -1.7119599736  -0.2679540048
1.5953303011  -1.7050558011  -0.2729667578
1.5903159228  -1.6981269329  -0.2780220033
1.5852591002  -1.6911746640  -0.2831194148
1.5801602516  -1.6842000701  -0.2882586594
1.5750197221  -1.6772040662  -0.2934393973
1.5698378592  -1.6701875398  -0.2986612819
1.5646150133  -1.6631513578  -0.3039239604
1.5593515384  -1.6560963690  -0.3092270736
1.5540477919  -1.6490234070  -0.3145702559
1.5487041346  -1.6419332924  -0.3199531375
1.5433209314  -1.6348268362  -0.3253753455
1.5378985499  -1.6277048414  -0.3308364984
1.5324373587  -1.6205681070  -0.3363362032
1.5269377285  -1.6134174307  -0.3418740556
1.5214000324  -1.6062536141  -0.3474496398
1.5158246446  -1.5990775064  -0.3530625163
1.5102119404  -1.5918899555  -0.3587122279
1.5045623128  -1.5846915127  -0.3643983716
1.4988761817  -1.5774825299  -0.3701206245
1.4931539628  -1.5702638405  -0.3758786318
1.4873960362  -1.5630368018  -0.3816719336
1.4816027690  -1.5558026574  -0.3875000209
1.4757745483  -1.5485623520  -0.3933623952
1.4699117876  -1.5413167478  -0.3992585783
1.4640149572  -1.5340668890  -0.4051880983
1.4580845585  -1.5268138910  -0.4111504793
1.4521210673  -1.5195587077  -0.4171452433
1.4461249490  -1.5123022293  -0.4231719120
1.4400966727  -1.5050453439  -0.4292300072
1.4340367122  -1.4977889391  -0.4353190518
1.4279455449  -1.4905339005  -0.4414385706
1.4218236543  -1.4832811125  -0.4475880987
1.4156715313  -1.4760314582  -0.4537671882
1.4094896697  -1.4687858168  -0.4599753944
1.4032785592  -1.4615450566  -0.4662122642
1.3970386875  -1.4543100330  -0.4724773387
1.3907705439  -1.4470815864  -0.4787701543
1.3844746221  -1.4398605439  -0.4850902526
1.3781514252  -1.4326477204  -0.4914371954
1.3718014594  -1.4254439133  -0.4978105441
1.3654252313  -1.4182499175  -0.5042098249
1.3590233766  -1.4110668211  -0.5106345360
1.3525965096  -1.4038956837  -0.5170841760
1.3461450335  -1.3967371076  -0.5235582048
1.3396692616  -1.3895914976  -0.5300559967
1.3331694604  -1.3824591559  -0.5365767836
1.3266458128  -1.3753401779  -0.5431194837
1.3200977455  -1.3682339432  -0.5496801659
1.3135252872  -1.3611404408  -0.5562577912
1.3069320218  -1.3540628160  -0.5628609764
1.3003214514  -1.3470045641  -0.5694964268
1.2936923483  -1.3399654476  -0.5761631110
1.2870420533  -1.3329434436  -0.5828589783
1.2803697143  -1.3259374043  -0.5895827177
1.2736759296  -1.3189475203  -0.5963330519
1.2669616045  -1.3119742491  -0.6031086473
1.2602271908  -1.3050172515  -0.6099081168
1.2534729715  -1.2980758382  -0.6167300259
1.2466992235  -1.2911492210  -0.6235728988
1.2399062191  -1.2842365273  -0.6304352236
1.2330942232  -1.2773368077  -0.6373154564
1.2262634892  -1.2704490419  -0.6442120268
1.2194142674  -1.2635721640  -0.6511233418
1.2125472868  -1.2567057867  -0.6580477900
1.2056635317  -1.2498498155  -0.6649837459
1.1987635030  -1.2430033467  -0.6719295740
1.1918473999  -1.2361650118  -0.6788836332
1.1849153511  -1.2293333614  -0.6858442809
1.1779673987  -1.2225068712  -0.6928098766
1.1710041768  -1.2156848784  -0.6997787851
1.1640267623  -1.2088673387  -0.7067493797
1.1570350836  -1.2020527118  -0.7137200464
1.1500278213  -1.1952379860  -0.7206891846
1.1430041538  -1.1884210103  -0.7276552093
1.1359638561  -1.1816005146  -0.7346165586
1.1289040012  -1.1747722033  -0.7415717018
1.1218202297  -1.1679305717  -0.7485191455
1.1147037377  -1.1610658690  -0.7554574411
1.1075359760  -1.1541582609  -0.7623852222
1.1001458267  -1.1470373341  -0.7693012076
1.0927790434  -1.1399522186  -0.7762040371
1.0857870880  -1.1332525375  -0.7830921711
1.0789840079  -1.1267457704  -0.7899641087
1.0722156093  -1.1202729137  -0.7968185768
1.0654664719  -1.1138152851  -0.8036544611
1.0587362227  -1.1073705815  -0.8104707088
1.0520246819  -1.1009372840  -0.8172663168
1.0453316747  -1.0945140293  -0.8240403503
1.0386570485  -1.0880995765  -0.8307919564
1.0320006735  -1.0816928088  -0.8375203678
1.0253624390  -1.0752927352  -0.8442249052
1.0187422511  -1.0688984891  -0.8509049812
1.0121400322  -1.0625093275  -0.8575601038
1.0055557195  -1.0561246284  -0.8641898804
0.9989892608  -1.0497438881  -0.8707940117
0.9924406083  -1.0433667161  -0.8773722829
0.9859097203  -1.0369928312  -0.8839245725
0.9793965688  -1.0306220561  -0.8904508680
0.9729011396  -1.0242543139  -0.8969512713
0.9664234283  -1.0178896228  -0.9034260029
0.9599634332  -1.0115280891  -0.9098753951
0.9535211469  -1.0051698992  -0.9162998773
0.9470965606  -0.9988153127  -0.9226999960
0.9406896828  -0.9924646573  -0.9290764586
0.9343005407  -0.9861183229  -0.9354301419
0.9279291600  -0.9797767547  -0.9417620738
0.9215755705  -0.9734404484  -0.9480734870
0.9152398367  -0.9671099495  -0.9543658968
0.9089220821  -0.9607858617  -0.9606412105
0.9026225534  -0.9544689170  -0.9669020001
0.8963425517  -0.9481601206  -0.9731546192
0.8900829020  -0.9418603126  -0.9794035882
0.8838399029  -0.9355692870  -0.9856428210
0.8776088661  -0.9292862090  -0.9918656678
0.8713899759  -0.9230107776  -0.9980719623
0.8651854651  -0.9167432255  -1.0042625890
0.8589960936  -0.9104837844  -1.0104377722
0.8528218038  -0.9042325798  -1.0165976580
0.8466624666  -0.8979896934  -1.0227423939
0.8405179541  -0.8917551843  -1.0288721302
0.8343881403  -0.8855290923  -1.0349870193
0.8282729007  -0.8793114370  -1.0410872147
0.8221721126  -0.8731022184  -1.0471728710
0.8160856545  -0.8669014171  -1.0532441429
0.8100134065  -0.8607089950  -1.0593011849
0.8039552501  -0.8545248959  -1.0653441505
0.7979110682  -0.8483490457  -1.0713731920
0.7918807455  -0.8421813540  -1.0773884595
0.7858641681  -0.8360217154  -1.0833901006
0.7798612233  -0.8298700121  -1.0893782597
0.7738718002  -0.8237261149  -1.0953530765
0.7678957892  -0.8175898847  -1.1013146861
0.7619330822  -0.8114611727  -1.1072632182
0.7559835732  -0.8053398224  -1.1131987963
0.7500471575  -0.7992256728  -1.1191215373
0.7441237323  -0.7931185610  -1.1250315501
0.7382131960  -0.7870183236  -1.1309289344
0.7323154488  -0.7809247971  -1.1368137805
0.7264303925  -0.7748378221  -1.1426861674
0.7205579301  -0.7687572466  -1.1485461604
0.7146979648  -0.7626829312  -1.1543938071
0.7088503950  -0.7566147892  -1.1602291141
0.7030151108  -0.7505527654  -1.1660520385
0.6971920253  -0.7444966419  -1.1718625828
0.6913811072  -0.7384460310  -1.1776608782
0.6855823425  -0.7324006773  -1.1834470954
0.6797956729  -0.7263605309  -1.1892213409
0.6740210057  -0.7203255605  -1.1949836786
0.6682582553  -0.7142956902  -1.2007341713
0.6625073510  -0.7082708412  -1.2064728837
0.6567682286  -0.7022509494  -1.2121998784
0.6510408265  -0.6962359647  -1.2179152157
0.6453250849  -0.6902258510  -1.2236189535
0.6396209464  -0.6842205858  -1.2293111474
0.6339283559  -0.6782201597  -1.2349918506
0.6282472601  -0.6722245760  -1.2406611140
0.6225776080  -0.6662338501  -1.2463189861
0.6169193509  -0.6602480090  -1.2519655134
0.6112724421  -0.6542670907  -1.2576007398
0.6056368370  -0.6482911428  -1.2632247070
0.6000124932  -0.6423202215  -1.2688374545
0.5943993704  -0.6363543907  -1.2744390198
0.5887974305  -0.6303937202  -1.2800294378
0.5832066374  -0.6244382854  -1.2856087418
0.5776269572  -0.6184881658  -1.2911769625
0.5720583578  -0.6125434439  -1.2967341289
0.5665008097  -0.6066042036  -1.3022802678
0.5609542850  -0.6006705287  -1.3078154041
0.5554187582  -0.5947425014  -1.3133395607
0.5498942056  -0.5888202007  -1.3188527586
0.5443806057  -0.5829037003  -1.3243550172
0.5388779389  -0.5769930649  -1.3298463541
0.5333861878  -0.5710883382  -1.3353267853
0.5279053370  -0.5651895290  -1.3407963259
0.5224353731  -0.5592966449  -1.3462549893
0.5169762844  -0.5534097654  -1.3517027866
0.5115280606  -0.5475290434  -1.3571397254
0.5060906933  -0.5416546356  -1.3625658104
0.5006641760  -0.5357866704  -1.3679810446
0.4952485049  -0.5299252692  -1.3733854302
0.4898436779  -0.5240705598  -1.3787789673
0.4844496947  -0.5182226764  -1.3841616544
0.4790665569  -0.5123817588  -1.3895334878
0.4736942677  -0.5065479520  -1.3948944625
0.4683328323  -0.5007214063  -1.4002445713
0.4629822576  -0.4949022773  -1.4055838055
0.4576425521  -0.4890906375  -1.4109121547
0.4523137261  -0.4832863897  -1.4162296072
0.4469957916  -0.4774896350  -1.4215361496
0.4416887627  -0.4717009670  -1.4268317657
0.4363926546  -0.4659209497  -1.4321164372
0.4311074845  -0.4601497784  -1.4373901448
0.4258332711  -0.4543875724  -1.4426528683
0.4205700347  -0.4486345018  -1.4479045862
0.4153177972  -0.4428907344  -1.4531452754
0.4100765817  -0.4371564356  -1.4583749115
0.4048464129  -0.4314317694  -1.4635934688
0.3996273168  -0.4257169001  -1.4688009201
0.3944193208  -0.4200119937  -1.4739972372
0.3892224536  -0.4143172191  -1.4791823904
0.3840367453  -0.4086327499  -1.4843563486
0.3788622272  -0.4029587648  -1.4895190800
0.3736989315  -0.3972954493  -1.4946705509
0.3685468921  -0.3916429964  -1.4998107271
0.3634061435  -0.3860016075  -1.5049395727
0.3582767216  -0.3803714927  -1.5100570511
0.3531586631  -0.3747528718  -1.5151631244
0.3480520059  -0.3691459742  -1.5202577538
0.3429567886  -0.3635510392  -1.5253408997
0.3378730507  -0.3579683159  -1.5304125214
0.3328008327  -0.3523980634  -1.5354725775
0.3277401756  -0.3468405507  -1.5405210257
0.3226911212  -0.3412960556  -1.5455578233
0.3176537120  -0.3357648649  -1.5505829268
0.3126279910  -0.3302472735  -1.5555962922
0.3076140017  -0.3247435834  -1.5605978749
0.3026117880  -0.3192541031  -1.5655876301
0.2976213945  -0.3137791467  -1.5705655128
0.2926428738  -0.3083202209  -1.5755315354
0.2876762896  -0.3028792379  -1.5804857763
0.2827216759  -0.2974537043  -1.5854281480
0.2777790319  -0.2920402813  -1.5903584095
0.2728483889  -0.2866406751  -1.5952764474
0.2679298149  -0.2812571140  -1.6001822250
0.2630233682  -0.2758900609  -1.6050756787
0.2581290968  -0.2705399625  -1.6099567493
0.2532470486  -0.2652072522  -1.6148253826
0.2483772712  -0.2598923483  -1.6196815296
0.2435198120  -0.2545956506  -1.6245251471
0.2386747174  -0.2493175391  -1.6293561979
0.2338420333  -0.2440583723  -1.6341746512
0.2290218044  -0.2388184857  -1.6389804824
0.2242140740  -0.2335981915  -1.6437736735
0.2194188843  -0.2283977780  -1.6485542132
0.2146362759  -0.2232175096  -1.6533220966
0.2098662878  -0.2180576266  -1.6580773250
0.2051089572  -0.2129183465  -1.6628199062
0.2003643198  -0.2077998640  -1.6675498537
0.1956324094  -0.2027023524  -1.6722671865
0.1909132578  -0.1976259648  -1.6769719287
0.1862068953  -0.1925708352  -1.6816641090
0.1815133502  -0.1875370800  -1.6863437602
0.1768326490  -0.1825247996  -1.6910109183
0.1721648164  -0.1775340803  -1.6956656216
0.1675098755  -0.1725649954  -1.7003079107
0.1628678473  -0.1676176073  -1.7049378264
0.1582387513  -0.1626919692  -1.7095554100
0.1536226050  -0.1577881263  -1.7141607011
0.1490194242  -0.1529061179  -1.7187537375
0.1444292226  -0.1480459817  -1.7233345531
0.1398555180  -0.1432088709  -1.7279715093
0.1353005882  -0.1383954233  -1.7326985034
0.1307553451  -0.1336026970  -1.7373987031
0.1262171433  -0.1288299709  -1.7421022306
0.1216907036  -0.1240788522  -1.7468069734
0.1171759586  -0.1193493879  -1.7515105328
0.1126728576  -0.1146416343  -1.7562102232
0.1081813673  -0.1099556550  -1.7609030721
0.1037014729  -0.1052915199  -1.7655858207
0.0992331795  -0.1006493033  -1.7702549231
0.0947765122  -0.0960290829  -1.7749065470
0.0903315174  -0.0914309368  -1.7795365732
0.0858982635  -0.0868549420  -1.7841405958
0.0814768413  -0.0823011716  -1.7887139223
0.0770673646  -0.0777696927  -1.7932515736
0.0726699706  -0.0732605631  -1.7977482835
0.0682848197  -0.0687738296  -1.8021984994
0.0639120964  -0.0643095248  -1.8065963820
0.0595520080  -0.0598676653  -1.8109358052
0.0552047855  -0.0554482492  -1.8152103562
0.0508706821  -0.0510512548  -1.8194133355
0.0465499730  -0.0466766390  -1.8235377570
0.0422429541  -0.0423243366  -1.8275763477
0.0379499408  -0.0379942600  -1.8315215480
0.0336712667  -0.0336862999  -1.8353655116
0.0294072812  -0.0294003262  -1.8391001056
0.0251583477  -0.0251361898  -1.8427169101
0.0209248407  -0.0208937256  -1.8462072188
0.0167071435  -0.0166727552  -1.8495620385
0.0125056438  -0.0124730915  -1.8527720894
0.0083207308  -0.0082945422  -1.8558278049
0.0041527908  -0.0041369154  -1.8587193319
0.0041481555  -0.0041368713  -1.8587193319
