0.154776
1.2988039024  -1.4112806968   0.0000486580
1.2988039024  -1.4112806968   0.0000486580
1.2988089686  -1.4112820624   0.0000414224
1.2988072574  -1.4112665601   0.0000218743
1.2987950828  -1.4112317338  -0.0000103175
1.2987701430  -1.4111750024  -0.0000554826
1.2987315468  -1.4110954458  -0.0001139485
1.2986787780  -1.4109925745  -0.0001860407
1.2986114618  -1.4108660589  -0.0002720831
1.2985292874  -1.4107156392  -0.0003723975
1.2984319761  -1.4105410884  -0.0004873041
1.2983192666  -1.4103421947  -0.0006171210
1.2981909070  -1.4101187527  -0.0007621645
1.2980466507  -1.4098705582  -0.0009227489
1.2978862540  -1.4095974055  -0.0010991869
1.2977094743  -1.4092990855  -0.0012917892
1.2975160694  -1.4089753844  -0.0015008644
1.2973057968  -1.4086260836  -0.0017267196
1.2970784130  -1.4082509588  -0.0019696598
1.2968336736  -1.4078497800  -0.0022299883
1.2965713329  -1.4074223110  -0.0025080062
1.2962911435  -1.4069683100  -0.0028040132
1.2959928569  -1.4064875292  -0.0031183066
1.2956762226  -1.4059797146  -0.0034511823
1.2953409886  -1.4054446069  -0.0038029340
1.2949869014  -1.4048819409  -0.0041738537
1.2946137056  -1.4042914461  -0.0045642316
1.2942211443  -1.4036728466  -0.0049743557
1.2938089588  -1.4030258614  -0.0054045125
1.2933768889  -1.4023502048  -0.0058549863
1.2929246728  -1.4016455862  -0.0063260598
1.2924520469  -1.4009117107  -0.0068180138
1.2919587390  -1.4001478561  -0.0073318638
1.2914444910  -1.3993541016  -0.0078672226
1.2909090450  -1.3985306841  -0.0084241278
1.2903521237  -1.3976769903  -0.0090028273
1.2897734527  -1.3967925741  -0.0096035755
1.2891727591  -1.3958770785  -0.0102266415
1.2885497693  -1.3949301601  -0.0108722956
1.2879042084  -1.3939514823  -0.0115408104
1.2872358004  -1.3929407102  -0.0122324605
1.2865442687  -1.3918975099  -0.0129475221
1.2858293353  -1.3908215480  -0.0136862727
1.2850907215  -1.3897124922  -0.0144489910
1.2843281478  -1.3885700114  -0.0152359564
1.2835413339  -1.3873937759  -0.0160474493
1.2827299987  -1.3861834584  -0.0168837506
1.2818938606  -1.3849387335  -0.0177451419
1.2810326375  -1.3836592789  -0.0186319051
1.2801460468  -1.3823447752  -0.0195443226
1.2792338053  -1.3809949067  -0.0204826771
1.2782956298  -1.3796093617  -0.0214472512
1.2773312367  -1.3781878325  -0.0224383280
1.2763403424  -1.3767300164  -0.0234561901
1.2753226631  -1.3752356159  -0.0245011205
1.2742779152  -1.3737043391  -0.0255734016
1.2732058151  -1.3721358999  -0.0266733156
1.2721060796  -1.3705300185  -0.0278011445
1.2709784258  -1.3688864217  -0.0289571696
1.2698225712  -1.3672048430  -0.0301416716
1.2686382338  -1.3654850234  -0.0313549306
1.2674251326  -1.3637267115  -0.0325972259
1.2661829913  -1.3619296709  -0.0338688359
1.2649115372  -1.3600935604  -0.0351700381
1.2636104941  -1.3582181149  -0.0365011088
1.2622795858  -1.3563033538  -0.0378623230
1.2609185382  -1.3543491829  -0.0392539542
1.2595270785  -1.3523553236  -0.0406762747
1.2581049342  -1.3503215482  -0.0421295554
1.2566518345  -1.3482476652  -0.0436140654
1.2551675100  -1.3461334970  -0.0451300724
1.2536516931  -1.3439788764  -0.0466778419
1.2521041180  -1.3417836449  -0.0482576377
1.2505245207  -1.3395476532  -0.0498697215
1.2489126394  -1.3372707619  -0.0515143526
1.2472682141  -1.3349528422  -0.0531917883
1.2455909875  -1.3325937752  -0.0549022833
1.2438807042  -1.3301934515  -0.0566460899
1.2421371115  -1.3277517711  -0.0584234580
1.2403599594  -1.3252686433  -0.0602346344
1.2385490004  -1.3227439869  -0.0620798634
1.2367039900  -1.3201777302  -0.0639593861
1.2348246867  -1.3175698112  -0.0658734409
1.2329108519  -1.3149201780  -0.0678222626
1.2309622504  -1.3122287883  -0.0698060829
1.2289786501  -1.3094956097  -0.0718251301
1.2269598227  -1.3067206197  -0.0738796291
1.2249055432  -1.3039038060  -0.0759698017
1.2228155903  -1.3010451671  -0.0780958658
1.2206897468  -1.2981447119  -0.0802580357
1.2185277992  -1.2952024601  -0.0824565216
1.2163295379  -1.2922184425  -0.0846915294
1.2140947579  -1.2891927014  -0.0869632609
1.2118232581  -1.2861252910  -0.0892719131
1.2095148422  -1.2830162721  -0.0916176785
1.2071693180  -1.2798657106  -0.0940007447
1.2047864984  -1.2766736902  -0.0964212942
1.2023662008  -1.2734403188  -0.0988795048
1.1999082476  -1.2701657171  -0.1013755487
1.1974124665  -1.2668500152  -0.1039095930
1.1948786900  -1.2634933713  -0.1064817993
1.1923067563  -1.2600959870  -0.1090923234
1.1896965089  -1.2566580314  -0.1117413156
1.1870477973  -1.2531795164  -0.1144289209
1.1843604756  -1.2496603665  -0.1171552793
1.1816344031  -1.2461006500  -0.1199205244
1.1788694447  -1.2425006505  -0.1227247823
1.1760654728  -1.2388607494  -0.1255681716
1.1732223663  -1.2351813295  -0.1284508043
1.1703400108  -1.2314627590  -0.1313727854
1.1674182980  -1.2277053943  -0.1343342136
1.1644571265  -1.2239095803  -0.1373351806
1.1614564014  -1.2200756503  -0.1403757713
1.1584160342  -1.2162039260  -0.1434560644
1.1553359439  -1.2122947175  -0.1465761336
1.1522160561  -1.2083483212  -0.1497360464
1.1490563030  -1.2043650209  -0.1529358606
1.1458566240  -1.2003450938  -0.1561756245
1.1426169784  -1.1962888619  -0.1594553767
1.1393373402  -1.1921966615  -0.1627751464
1.1360176822  -1.1880687792  -0.1661349535
1.1326579807  -1.1839054831  -0.1695348083
1.1292582200  -1.1797070407  -0.1729747119
1.1258183923  -1.1754737169  -0.1764546556
1.1223384978  -1.1712057771  -0.1799746214
1.1188185450  -1.1669034937  -0.1835345814
1.1152585507  -1.1625671529  -0.1871344986
1.1116585407  -1.1581970544  -0.1907743269
1.1080185489  -1.1537935068  -0.1944540108
1.1043386182  -1.1493568308  -0.1981734853
1.1006188001  -1.1448873619  -0.2019326757
1.0968591551  -1.1403854458  -0.2057314990
1.0930597515  -1.1358513079  -0.2095698601
1.0892206646  -1.1312851223  -0.2134476509
1.0853419905  -1.1266877729  -0.2173648016
1.0814238627  -1.1220609269  -0.2213213236
1.0774664245  -1.1174055971  -0.2253172288
1.0734697864  -1.1127215622  -0.2293524329
1.0694340349  -1.1080084409  -0.2334267757
1.0653592726  -1.1032664085  -0.2375400773
1.0612456312  -1.0984960105  -0.2416921545
1.0570932624  -1.0936979035  -0.2458828172
1.0529023303  -1.0888727893  -0.2501118671
1.0486730107  -1.0840214087  -0.2543790995
1.0444054918  -1.0791445406  -0.2586843123
1.0401000254  -1.0742431117  -0.2630273098
1.0357569257  -1.0693182138  -0.2674078910
1.0313764415  -1.0643708292  -0.2718258434
1.0269587501  -1.0594017980  -0.2762809450
1.0225040290  -1.0544119641  -0.2807729645
1.0180124577  -1.0494021773  -0.2853016608
1.0134842186  -1.0443732894  -0.2898667859
1.0089194998  -1.0393261529  -0.2944681013
1.0043184964  -1.0342616188  -0.2991053801
0.9996814025  -1.0291805284  -0.3037783785
0.9950084040  -1.0240837046  -0.3084868185
0.9902996828  -1.0189719477  -0.3132303900
0.9855554254  -1.0138460368  -0.3180087785
0.9807758291  -1.0087067307  -0.3228216780
0.9759610863  -1.0035547549  -0.3276687297
0.9711113723  -0.9983907873  -0.3325494988
0.9662268527  -0.9932154534  -0.3374634797
0.9613076717  -0.9880293081  -0.3424099986
0.9563540413  -0.9828329224  -0.3473880942
0.9513658856  -0.9776267981  -0.3523933237
0.9463432368  -0.9724114973  -0.3574227658
0.9412889783  -0.9671896662  -0.3624851308
0.9362072032  -0.9619652441  -0.3675910806
0.9310981547  -0.9567395041  -0.3727423670
0.9259594171  -0.9515112747  -0.3779367263
0.9207895728  -0.9462794917  -0.3831723516
0.9155884791  -0.9410437391  -0.3884477958
0.9103563247  -0.9358037375  -0.3937615248
0.9050933140  -0.9305591189  -0.3991119171
0.8997996556  -0.9253094125  -0.4044972703
0.8944756519  -0.9200541882  -0.4099158079
0.8891220743  -0.9147936072  -0.4153656846
0.8837397050  -0.9095277114  -0.4208449915
0.8783288982  -0.9042557894  -0.4263517630
0.8728899290  -0.8989769395  -0.4318839860
0.8674230568  -0.8936901811  -0.4374396068
0.8619285199  -0.8883944627  -0.4430165375
0.8564065270  -0.8830886657  -0.4486126617
0.8508574225  -0.8777718463  -0.4542258410
0.8452823956  -0.8724441802  -0.4598539205
0.8396824239  -0.8671055182  -0.4654947347
0.8340573297  -0.8617541744  -0.4711461143
0.8284065054  -0.8563879980  -0.4768058924
0.8227291079  -0.8510046860  -0.4824719104
0.8170256914  -0.8456037697  -0.4881420229
0.8112965325  -0.8401844795  -0.4938141041
0.8055389267  -0.8347426192  -0.4994860538
0.7997501129  -0.8292743181  -0.5051558046
0.7939258446  -0.8237744645  -0.5108213289
0.7880560464  -0.8182320836  -0.5164806448
0.7821247858  -0.8126305478  -0.5221318447
0.7759208334  -0.8067593960  -0.5277731127
0.7696285260  -0.8008064359  -0.5334025926
0.7637262552  -0.7952476247  -0.5390182451
0.7581540767  -0.7900147662  -0.5446179965
0.7526803330  -0.7848714789  -0.5501999730
0.7472298250  -0.7797405472  -0.5557625023
0.7418008639  -0.7746188759  -0.5613040180
0.7363931758  -0.7695050288  -0.5668230341
0.7310066428  -0.7643978810  -0.5723181578
0.7256411667  -0.7592964409  -0.5777880983
0.7202966711  -0.7541998509  -0.5832316708
0.7149730971  -0.7491073855  -0.5886477913
0.7096703994  -0.7440184484  -0.5940354745
0.7043885499  -0.7389325705  -0.5993938483
0.6991275411  -0.7338494078  -0.6047221641
0.6938873841  -0.7287687375  -0.6100198017
0.6886681042  -0.7236904536  -0.6152862735
0.6834697398  -0.7186145610  -0.6205212308
0.6782923394  -0.7135411700  -0.6257244662
0.6731359539  -0.7084704871  -0.6308959003
0.6680006317  -0.7034028072  -0.6360355769
0.6628864281  -0.6983385081  -0.6411436952
0.6577934151  -0.6932780461  -0.6462206362
0.6527216782  -0.6882219484  -0.6512669743
0.6476713007  -0.6831708028  -0.6562834593
0.6426423528  -0.6781252457  -0.6612710075
0.6376349101  -0.6730859593  -0.6662307745
0.6326490751  -0.6680536693  -0.6711642068
0.6276849690  -0.6630291406  -0.6760730711
0.6227427538  -0.6580131798  -0.6809596068
0.6178226845  -0.6530066900  -0.6858267468
0.6129260806  -0.6480109493  -0.6906819977
0.6080543697  -0.6430272294  -0.6955329252
0.6032047214  -0.6380554393  -0.7003750059
0.5983717912  -0.6330944521  -0.7051988480
0.5935542662  -0.6281439431  -0.7100017222
0.5887542523  -0.6232045481  -0.7147844910
0.5839731801  -0.6182769020  -0.7195476660
0.5792112643  -0.6133613777  -0.7242913713
0.5744684089  -0.6084582450  -0.7290157287
0.5697445131  -0.6035677437  -0.7337208634
0.5650394762  -0.5986900876  -0.7384069041
0.5603531988  -0.5938254650  -0.7430739826
0.5556855821  -0.5889740393  -0.7477222336
0.5510365278  -0.5841359500  -0.7523517937
0.5464059387  -0.5793113128  -0.7569628007
0.5417937179  -0.5745002211  -0.7615553933
0.5371997690  -0.5697027466  -0.7661297096
0.5326239963  -0.5649189413  -0.7706858869
0.5280663046  -0.5601488384  -0.7752240605
0.5235265994  -0.5553924540  -0.7797443633
0.5190047871  -0.5506497896  -0.7842469252
0.5145007748  -0.5459208329  -0.7887318722
0.5100144703  -0.5412055595  -0.7931993256
0.5055457822  -0.5365039334  -0.7976494008
0.5010946198  -0.5318159102  -0.8020822062
0.4966608932  -0.5271414389  -0.8064978431
0.4922445137  -0.5224804636  -0.8108964046
0.4878453933  -0.5178329243  -0.8152779744
0.4834634447  -0.5131987570  -0.8196426252
0.4790985812  -0.5085778956  -0.8239904164
0.4747507161  -0.5039702696  -0.8283213914
0.4704197589  -0.4993757665  -0.8326355538
0.4661056105  -0.4947942278  -0.8369328476
0.4618081828  -0.4902256572  -0.8412132381
0.4575274301  -0.4856703490  -0.8454768210
0.4532633319  -0.4811285816  -0.8497237717
0.4490158410  -0.4766003533  -0.8539542225
0.4447848756  -0.4720855375  -0.8581682490
0.4405703495  -0.4675840751  -0.8623659145
0.4363721877  -0.4630959752  -0.8665472857
0.4321903218  -0.4586212697  -0.8707124299
0.4280246856  -0.4541599987  -0.8748614134
0.4238752136  -0.4497122095  -0.8789943012
0.4197418415  -0.4452779563  -0.8831111575
0.4156245057  -0.4408572999  -0.8872120453
0.4115231434  -0.4364503073  -0.8912970266
0.4074376927  -0.4320570510  -0.8953661624
0.4033680927  -0.4276776084  -0.8994195129
0.3993142830  -0.4233120609  -0.9034571372
0.3952762042  -0.4189604934  -0.9074790936
0.3912537975  -0.4146229934  -0.9114854396
0.3872470049  -0.4102996501  -0.9154762321
0.3832557689  -0.4059905538  -0.9194515270
0.3792800331  -0.4016957951  -0.9234113797
0.3753197412  -0.3974154637  -0.9273558449
0.3713748380  -0.3931496475  -0.9312849766
0.3674452685  -0.3888984316  -0.9351988284
0.3635309787  -0.3846618979  -0.9390974536
0.3596319147  -0.3804401237  -0.9429809046
0.3557480234  -0.3762331809  -0.9468492340
0.3518792522  -0.3720411347  -0.9507024936
0.3480255489  -0.3678640422  -0.9545407352
0.3441868617  -0.3637019457  -0.9583640106
0.3403631393  -0.3595548637  -0.9621723718
0.3365543310  -0.3554228030  -0.9659658710
0.3327603862  -0.3513057989  -0.9697445598
0.3289812545  -0.3472039292  -0.9735084882
0.3252168857  -0.3431172810  -0.9772577051
0.3214672301  -0.3390459251  -0.9809922589
0.3177322385  -0.3349899200  -0.9847121983
0.3140118619  -0.3309493218  -0.9884175720
0.3103060519  -0.3269241864  -0.9921084285
0.3066147600  -0.3229145690  -0.9957848158
0.3029379381  -0.3189205233  -0.9994467821
0.2992755383  -0.3149421020  -1.0030943749
0.2956275127  -0.3109793569  -1.0067276420
0.2919938139  -0.3070323381  -1.0103466305
0.2883743944  -0.3031010740  -1.0139513879
0.2847692070  -0.2991855514  -1.0175419614
0.2811782044  -0.2952858016  -1.0211183979
0.2776013400  -0.2914019674  -1.0246807443
0.2740385670  -0.2875341799  -1.0282290470
0.2704898386  -0.2836824820  -1.0317633526
0.2669551081  -0.2798468968  -1.0352837078
0.2634343291  -0.2760274565  -1.0387901592
0.2599274548  -0.2722241899  -1.0422827534
0.2564344389  -0.2684371228  -1.0457615368
0.2529552348  -0.2646662782  -1.0492265562
0.2494897960  -0.2609116768  -1.0526778580
0.2460380760  -0.2571733370  -1.0561154887
0.2426000285  -0.2534512757  -1.0595394950
0.2391756067  -0.2497455083  -1.0629499235
0.2357647643  -0.2460560488  -1.0663468208
0.2323674547  -0.2423829103  -1.0697302336
0.2289836312  -0.2387261050  -1.0731002085
0.2256132471  -0.2350856445  -1.0764567924
0.2222562558  -0.2314615396  -1.0798000320
0.2189126103  -0.2278538008  -1.0831299743
0.2155822639  -0.2242624380  -1.0864466661
0.2122651696  -0.2206874606  -1.0897501545
0.2089612802  -0.2171288777  -1.0930404867
0.2056705485  -0.2135866978  -1.0963177099
0.2023929274  -0.2100609289  -1.0995818713
0.1991283693  -0.2065515784  -1.1028330185
0.1958768269  -0.2030586527  -1.1060711989
0.1926382523  -0.1995821578  -1.1092964602
0.1894125978  -0.1961220984  -1.1125088503
0.1861998155  -0.1926784781  -1.1157084170
0.1829998574  -0.1892512992  -1.1188952085
0.1798126768  -0.1858408140  -1.1220692928
0.1766382293  -0.1824473522  -1.1252307606
0.1734764638  -0.1790703092  -1.1283796463
0.1703273224  -0.1757089155  -1.1315159318
0.1671907537  -0.1723634677  -1.1346396427
0.1640667133  -0.1690343609  -1.1377508311
0.1609551546  -0.1657216137  -1.1408495395
0.1578560290  -0.1624252382  -1.1439358125
0.1547692874  -0.1591452418  -1.1470096960
0.1516948808  -0.1558816267  -1.1500712378
0.1486327601  -0.1526343893  -1.1531204879
0.1455828758  -0.1494035205  -1.1561574979
0.1425451781  -0.1461890052  -1.1591823219
0.1395196173  -0.1429908226  -1.1621950159
0.1365061431  -0.1398089459  -1.1651956380
0.1335047049  -0.1366433428  -1.1681842486
0.1305152522  -0.1334939753  -1.1711609102
0.1275377338  -0.1303608002  -1.1741256871
0.1245720983  -0.1272437691  -1.1770786459
0.1216182942  -0.1241428289  -1.1800198546
0.1186762694  -0.1210579219  -1.1829493834
0.1157459719  -0.1179889866  -1.1858673034
0.1128273491  -0.1149359573  -1.1887736876
0.1099203484  -0.1118987653  -1.1916686098
0.1070249167  -0.1088773385  -1.1945521444
0.1041410009  -0.1058716025  -1.1974243667
0.1012685476  -0.1028814803  -1.2002853521
0.0984075032  -0.0999068932  -1.2031351757
0.0955578140  -0.0969477606  -1.2059739123
0.0927194260  -0.0940040010  -1.2088016357
0.0898922851  -0.0910755316  -1.2116184185
0.0870763370  -0.0881622697  -1.2144243312
0.0842727254  -0.0852643299  -1.2172601455
0.0814821746  -0.0823817318  -1.2201460926
0.0787015228  -0.0795138666  -1.2230126755
0.0759298058  -0.0766605227  -1.2258778898
0.0731685791  -0.0738218964  -1.2287405394
0.0704177628  -0.0709979086  -1.2315992583
0.0676772832  -0.0681884818  -1.2344525101
0.0649470730  -0.0653935395  -1.2372985883
0.0622270722  -0.0626130066  -1.2401356163
0.0595172282  -0.0598468088  -1.2429615470
0.0568174961  -0.0570948723  -1.2457741635
0.0541278392  -0.0543571237  -1.2485710784
0.0514482292  -0.0516334895  -1.2513497342
0.0487786465  -0.0489238960  -1.2541074033
0.0461190807  -0.0462282685  -1.2568411878
0.0434695304  -0.0435465316  -1.2595480196
0.0408300033  -0.0408786085  -1.2622246603
0.0382005167  -0.0382244206  -1.2648677017
0.0355810970  -0.0355838876  -1.2674735649
0.0329717801  -0.0329569268  -1.2700385011
0.0303726108  -0.0303434535  -1.2725585914
0.0277836427  -0.0277433805  -1.2750297463
0.0252049380  -0.0251566181  -1.2774477065
0.0226365667  -0.0225830743  -1.2798080424
0.0200786065  -0.0200226549  -1.2821061540
0.0175311416  -0.0174752637  -1.2843372715
0.0149942620  -0.0149408030  -1.2864964544
0.0124680628  -0.0124191735  -1.2885785924
0.0099526427  -0.0099102755  -1.2905784050
0.0074481028  -0.0074140091  -1.2924904411
0.0049545451  -0.0049302746  -1.2943090800
0.0024720710  -0.0024589737  -1.2960285302
0.0024704295  -0.0024589551  -1.2960285302
