0.142042
1.4031112932  -1.5448873014   0.0000543875
1.4031112932  -1.5448873014   0.0000543875
1.4031167139  -1.5448880752   0.0000459966
1.4031144729  -1.5448686748   0.0000236729
1.4031004742  -1.5448263997  -0.0000129635
1.4030720378  -1.5447580092  -0.0000642903
1.4030281357  -1.5446623705  -0.0001306821
1.4029681751  -1.5445388917  -0.0002125113
1.4028917277  -1.5443871820  -0.0003101473
1.4027984397  -1.5442069383  -0.0004239571
1.4026879944  -1.5439978987  -0.0005543050
1.4025600956  -1.5437598214  -0.0007015526
1.4024144583  -1.5434924724  -0.0008660591
1.4022508040  -1.5431956203  -0.0010481809
1.4020688576  -1.5428690319  -0.0012482717
1.4018683461  -1.5425124706  -0.0014666828
1.4016489967  -1.5421256945  -0.0017037626
1.4014105368  -1.5417084561  -0.0019598571
1.4011526932  -1.5412605016  -0.0022353095
1.4008751917  -1.5407815705  -0.0025304605
1.4005777569  -1.5402713957  -0.0028456482
1.4002601122  -1.5397297035  -0.0031812079
1.3999219797  -1.5391562133  -0.0035374725
1.3995630798  -1.5385506382  -0.0039147719
1.3991831318  -1.5379126848  -0.0043134338
1.3987818530  -1.5372420538  -0.0047337831
1.3983589597  -1.5365384398  -0.0051761419
1.3979141664  -1.5358015318  -0.0056408300
1.3974471862  -1.5350310134  -0.0061281642
1.3969577310  -1.5342265633  -0.0066384591
1.3964455111  -1.5333878553  -0.0071720263
1.3959102355  -1.5325145589  -0.0077291750
1.3953516041  -1.5316058274  -0.0083110400
1.3947693329  -1.5306617840  -0.0089171809
1.3941631381  -1.5296827394  -0.0095476343
1.3935327151  -1.5286679809  -0.0102026673
1.3928777632  -1.5276170051  -0.0108825555
1.3921979839  -1.5265294136  -0.0115875925
1.3914930784  -1.5254048255  -0.0123180723
1.3907627470  -1.5242428696  -0.0130742911
1.3900066898  -1.5230431788  -0.0138565468
1.3892246060  -1.5218053882  -0.0146651388
1.3884161946  -1.5205291356  -0.0155003670
1.3875811541  -1.5192140614  -0.0163625322
1.3867191828  -1.5178598094  -0.0172519358
1.3858299788  -1.5164660270  -0.0181688791
1.3849132401  -1.5150323657  -0.0191136639
1.3839686645  -1.5135584817  -0.0200865918
1.3829959503  -1.5120440362  -0.0210879643
1.3819947955  -1.5104886962  -0.0221180827
1.3809648989  -1.5088921347  -0.0231772480
1.3799059593  -1.5072540312  -0.0242657606
1.3788176761  -1.5055740724  -0.0253839206
1.3776997495  -1.5038519524  -0.0265320274
1.3765518802  -1.5020873732  -0.0277103807
1.3753737699  -1.5002800449  -0.0289192793
1.3741651212  -1.4984296871  -0.0301590206
1.3729256375  -1.4965360286  -0.0314299010
1.3716550239  -1.4945988080  -0.0327322151
1.3703529862  -1.4926177740  -0.0340662562
1.3690192321  -1.4905926858  -0.0354323156
1.3676534705  -1.4885233131  -0.0368306828
1.3662554122  -1.4864094370  -0.0382616454
1.3648247696  -1.4842507113  -0.0397254888
1.3633612565  -1.4820468886  -0.0412224960
1.3618645887  -1.4797980635  -0.0427529475
1.3603344861  -1.4775041958  -0.0443171209
1.3587706705  -1.4751650303  -0.0459152914
1.3571728652  -1.4727803742  -0.0475477314
1.3555407959  -1.4703500783  -0.0492147102
1.3538741914  -1.4678740110  -0.0509164942
1.3521727831  -1.4653520547  -0.0526533461
1.3504363055  -1.4627841032  -0.0544255257
1.3486644962  -1.4601700617  -0.0562332888
1.3468570960  -1.4575098479  -0.0580768876
1.3450138491  -1.4548033933  -0.0599565708
1.3431345034  -1.4520506421  -0.0618725826
1.3412188102  -1.4492515513  -0.0638251638
1.3392665249  -1.4464060899  -0.0658145504
1.3372774068  -1.4435142393  -0.0678409746
1.3352512192  -1.4405759932  -0.0699046639
1.3331877299  -1.4375913577  -0.0720058412
1.3310867111  -1.4345603515  -0.0741447248
1.3289479396  -1.4314830057  -0.0763215283
1.3267711985  -1.4283593667  -0.0785364602
1.3245562982  -1.4251895318  -0.0807897239
1.3223030621  -1.4219736251  -0.0830815177
1.3200113001  -1.4187117520  -0.0854120347
1.3176808204  -1.4154040188  -0.0877814625
1.3153114365  -1.4120505434  -0.0901899832
1.3129029667  -1.4086514559  -0.0926377733
1.3104552349  -1.4052068984  -0.0951250036
1.3079680702  -1.4017170264  -0.0976518390
1.3054413075  -1.3981820090  -0.1002184388
1.3028747873  -1.3946020233  -0.1028249568
1.3002683558  -1.3909772520  -0.1054715414
1.2976218652  -1.3873078988  -0.1081583352
1.2949351735  -1.3835941958  -0.1108854744
1.2922081451  -1.3798363900  -0.1136530890
1.2894406502  -1.3760347384  -0.1164613024
1.2866325654  -1.3721895230  -0.1193102318
1.2837837740  -1.3683010686  -0.1221999875
1.2808941655  -1.3643696902  -0.1251306731
1.2779636364  -1.3603955661  -0.1281023863
1.2749920890  -1.3563787540  -0.1311152188
1.2719794318  -1.3523194123  -0.1341692555
1.2689255799  -1.3482179302  -0.1372645733
1.2658304562  -1.3440748290  -0.1404012407
1.2626939915  -1.3398906411  -0.1435793186
1.2595161242  -1.3356658808  -0.1467988607
1.2562967995  -1.3314010495  -0.1500599132
1.2530359703  -1.3270966357  -0.1533625152
1.2497335963  -1.3227531144  -0.1567066981
1.2463896447  -1.3183709466  -0.1600924859
1.2430040901  -1.3139505806  -0.1635198951
1.2395769143  -1.3094924523  -0.1669889345
1.2361081067  -1.3049969844  -0.1704996048
1.2325976641  -1.3004645857  -0.1740518989
1.2290455909  -1.2958956538  -0.1776458036
1.2254518995  -1.2912905779  -0.1812812975
1.2218166095  -1.2866497416  -0.1849583483
1.2181397475  -1.2819735258  -0.1886769121
1.2144213478  -1.2772623120  -0.1924369340
1.2106614529  -1.2725164822  -0.1962383483
1.2068601134  -1.2677364172  -0.2000810780
1.2030173970  -1.2629225369  -0.2039650352
1.1991334011  -1.2580753474  -0.2078901207
1.1952082308  -1.2531953432  -0.2118562249
1.1912419859  -1.2482829608  -0.2158632277
1.1872347740  -1.2433386420  -0.2199109980
1.1831867120  -1.2383628402  -0.2239993938
1.1790979261  -1.2333560199  -0.2281282617
1.1749685493  -1.2283185818  -0.2322974285
1.1707987204  -1.2232508621  -0.2365066946
1.1665885965  -1.2181535965  -0.2407558887
1.1623383741  -1.2130281791  -0.2450449349
1.1580482708  -1.2078757891  -0.2493737908
1.1537184773  -1.2026966703  -0.2537423269
1.1493491523  -1.1974907389  -0.2581503215
1.1449404626  -1.1922582933  -0.2625975244
1.1404926043  -1.1869999654  -0.2670836836
1.1360057954  -1.1817164937  -0.2716085407
1.1314802667  -1.1764086564  -0.2761718292
1.1269162596  -1.1710772654  -0.2807732749
1.1223140260  -1.1657231642  -0.2854125968
1.1176738296  -1.1603472264  -0.2900895135
1.1129959474  -1.1549503541  -0.2948037523
1.1082806684  -1.1495334759  -0.2995550429
1.1035282885  -1.1440975412  -0.3043431063
1.0987391803  -1.1386436751  -0.3091676529
1.0939137746  -1.1331731527  -0.3140283847
1.0890524078  -1.1276870610  -0.3189249948
1.0841553353  -1.1221863069  -0.3238571708
1.0792228141  -1.1166717846  -0.3288246119
1.0742551056  -1.1111443775  -0.3338270303
1.0692524660  -1.1056049502  -0.3388641190
1.0642151389  -1.1000543380  -0.3439355338
1.0591433609  -1.0944933451  -0.3490409015
1.0540373735  -1.0889227483  -0.3541798511
1.0488974236  -1.0833432943  -0.3593520041
1.0437237428  -1.0777556822  -0.3645569057
1.0385165413  -1.0721605509  -0.3697940219
1.0332760109  -1.0665584693  -0.3750626960
1.0280022932  -1.0609498634  -0.3803619987
1.0226949973  -1.0553346162  -0.3856885273
1.0173535712  -1.0497125043  -0.3910385683
1.0119804573  -1.0440860865  -0.3964177520
1.0065804645  -1.0384601923  -0.4018372091
1.0011550580  -1.0328371063  -0.4073005111
0.9957019548  -1.0272158375  -0.4128053560
0.9902193288  -1.0215950529  -0.4183498083
0.9847069386  -1.0159742336  -0.4239324356
0.9791649987  -1.0103530905  -0.4295517298
0.9735937451  -1.0047312541  -0.4352061014
0.9679934173  -0.9991082505  -0.4408938846
0.9623642565  -0.9934835061  -0.4466133445
0.9567065049  -0.9878563573  -0.4523626834
0.9510207794  -0.9822266152  -0.4581400472
0.9453080156  -0.9765944478  -0.4639435310
0.9395688140  -0.9709593962  -0.4697711855
0.9338034754  -0.9653204815  -0.4756210220
0.9280122707  -0.9596766380  -0.4814910156
0.9221954392  -0.9540267285  -0.4873791123
0.9163531794  -0.9483695472  -0.4932832380
0.9104858460  -0.9427041061  -0.4992013039
0.9045946748  -0.9370305984  -0.5051312119
0.8986805958  -0.9313487791  -0.5110708601
0.8927432579  -0.9256567243  -0.5170181491
0.8867818125  -0.9199519976  -0.5229709883
0.8807955482  -0.9142325090  -0.5289273007
0.8747851007  -0.9084979229  -0.5348850284
0.8687496193  -0.9027461829  -0.5408421382
0.8626854156  -0.8969721419  -0.5467966283
0.8565891790  -0.8911715866  -0.5527465354
0.8504528210  -0.8853355376  -0.5586899421
0.8442609196  -0.8794476613  -0.5646250074
0.8378645679  -0.8733590587  -0.5705499970
0.8313067124  -0.8671162861  -0.5764631754
0.8250360893  -0.8611676620  -0.5823626272
0.8191508465  -0.8556035999  -0.5882463399
0.8133880705  -0.8501554778  -0.5941124657
0.8076493530  -0.8447222416  -0.5999593795
0.8019319799  -0.8392994468  -0.6057855762
0.7962356510  -0.8338854898  -0.6115896256
0.7905602382  -0.8284791450  -0.6173701856
0.7849056313  -0.8230793205  -0.6231260119
0.7792717427  -0.8176850590  -0.6288559632
0.7736585058  -0.8122955372  -0.6345590066
0.7680658721  -0.8069100639  -0.6402342155
0.7624938056  -0.8015280768  -0.6458807622
0.7569422828  -0.7961491394  -0.6514979254
0.7514112982  -0.7907729382  -0.6570851048
0.7459008648  -0.7853992786  -0.6626418281
0.7404110104  -0.7800280810  -0.6681677549
0.7349417741  -0.7746593748  -0.6736626823
0.7294932044  -0.7692932919  -0.6791265472
0.7240653504  -0.7639300587  -0.6845594109
0.7186582568  -0.7585699872  -0.6899614566
0.7132719757  -0.7532134698  -0.6953330237
0.7079065776  -0.7478609743  -0.7006746380
0.7025621455  -0.7425130367  -0.7059870164
0.6972387563  -0.7371702501  -0.7112710444
0.6919364769  -0.7318332553  -0.7165277922
0.6866553926  -0.7265027389  -0.7217586040
0.6813956195  -0.7211794320  -0.7269651354
0.6761573070  -0.7158641093  -0.7321494444
0.6709406892  -0.7105576324  -0.7373142299
0.6657467992  -0.7052611510  -0.7424655391
0.6605771759  -0.6999759384  -0.7476111994
0.6554301176  -0.6947023028  -0.7527498214
0.6503003696  -0.6894393437  -0.7578720658
0.6451854045  -0.6841864711  -0.7629736076
0.6400870403  -0.6789441032  -0.7680553111
0.6350070990  -0.6737128615  -0.7731178095
0.6299459157  -0.6684931197  -0.7781612330
0.6249033980  -0.6632851351  -0.7831857040
0.6198794436  -0.6580891330  -0.7881913477
0.6148739515  -0.6529053135  -0.7931782931
0.6098868212  -0.6477338519  -0.7981466720
0.6049179536  -0.6425748985  -0.8030966183
0.5999672503  -0.6374285799  -0.8080282679
0.5950346139  -0.6322949997  -0.8129417580
0.5901199477  -0.6271742392  -0.8178372263
0.5852231559  -0.6220663585  -0.8227148103
0.5803441435  -0.6169713981  -0.8275746464
0.5754828160  -0.6118893800  -0.8324168691
0.5706390800  -0.6068203093  -0.8372416102
0.5658128428  -0.6017641758  -0.8420489983
0.5610040126  -0.5967209562  -0.8468391579
0.5562124990  -0.5916906150  -0.8516122092
0.5514382122  -0.5866731068  -0.8563682664
0.5466810633  -0.5816683769  -0.8611074370
0.5419409645  -0.5766763640  -0.8658298208
0.5372178290  -0.5716970022  -0.8705355095
0.5325115712  -0.5667302224  -0.8752245856
0.5278221062  -0.5617759532  -0.8798971207
0.5231493502  -0.5568341214  -0.8845531734
0.5184932193  -0.5519046523  -0.8891927863
0.5138536268  -0.5469874499  -0.8938159686
0.5092304778  -0.5420823831  -0.8984226718
0.5046236831  -0.5371893999  -0.9030128448
0.5000331927  -0.5323086649  -0.9075865489
0.4954589923  -0.5274404078  -0.9121439494
0.4909010505  -0.5225846687  -0.9166851897
0.4863592949  -0.5177413448  -0.9212103471
0.4818336414  -0.5129103696  -0.9257194787
0.4773240176  -0.5080917442  -0.9302126451
0.4728303601  -0.5032854956  -0.9346899080
0.4683526081  -0.4984916611  -0.9391513278
0.4638907023  -0.4937102869  -0.9435969635
0.4594445842  -0.4889414275  -0.9480268731
0.4550141965  -0.4841851456  -0.9524411130
0.4505994831  -0.4794415116  -0.9568397386
0.4462003888  -0.4747106032  -0.9612228040
0.4418168595  -0.4699925044  -0.9655903621
0.4374488421  -0.4652873052  -0.9699424647
0.4330962843  -0.4605951002  -0.9742791627
0.4287591350  -0.4559159881  -0.9786005058
0.4244373440  -0.4512500706  -0.9829065427
0.4201308619  -0.4465974518  -0.9871973212
0.4158396400  -0.4419582369  -0.9914728884
0.4115636309  -0.4373325318  -0.9957332902
0.4073027875  -0.4327204414  -0.9999785721
0.4030570639  -0.4281220688  -1.0042087786
0.3988264148  -0.4235375142  -1.0084239536
0.3946107954  -0.4189668742  -1.0126241407
0.3904101621  -0.4144102404  -1.0168093824
0.3862244715  -0.4098676979  -1.0209797212
0.3820536811  -0.4053393241  -1.0251351990
0.3778977491  -0.4008251824  -1.0292758575
0.3737566340  -0.3963253117  -1.0334017386
0.3696302952  -0.3918397339  -1.0375128842
0.3655186925  -0.3873684940  -1.0416093358
0.3614217859  -0.3829116869  -1.0456911331
0.3573395358  -0.3784694292  -1.0497583145
0.3532719029  -0.3740418224  -1.0538109173
0.3492188487  -0.3696289518  -1.0578489794
0.3451803355  -0.3652308995  -1.0618725382
0.3411563257  -0.3608477484  -1.0658816312
0.3371467820  -0.3564795810  -1.0698762952
0.3331516676  -0.3521264797  -1.0738565668
0.3291709459  -0.3477885262  -1.0778224823
0.3252045807  -0.3434658015  -1.0817740778
0.3212525359  -0.3391583862  -1.0857113889
0.3173147759  -0.3348663319  -1.0896344512
0.3133912649  -0.3305896356  -1.0935433003
0.3094819676  -0.3263283547  -1.0974379714
0.3055868492  -0.3220826980  -1.1013184992
0.3017058749  -0.3178528599  -1.1051849182
0.2978390098  -0.3136389168  -1.1090372630
0.2939862193  -0.3094409196  -1.1128755682
0.2901474690  -0.3052589319  -1.1166998684
0.2863227242  -0.3010930139  -1.1205101980
0.2825119507  -0.2969432225  -1.1243065916
0.2787151140  -0.2928096115  -1.1280890836
0.2749321799  -0.2886922325  -1.1318577085
0.2711631138  -0.2845911348  -1.1356125007
0.2674078816  -0.2805063664  -1.1393534948
0.2636664488  -0.2764379736  -1.1430807253
0.2599387810  -0.2723860021  -1.1467942268
0.2562248437  -0.2683504966  -1.1504940340
0.2525246023  -0.2643315016  -1.1541801816
0.2488380222  -0.2603290613  -1.1578527044
0.2451650686  -0.2563432196  -1.1615116374
0.2415057066  -0.2523740204  -1.1651570155
0.2378599011  -0.2484215077  -1.1687888740
0.2342276171  -0.2444857254  -1.1724072481
0.2306088191  -0.2405667173  -1.1760121733
0.2270034716  -0.2366645273  -1.1796036853
0.2234115388  -0.2327791990  -1.1831818199
0.2198329850  -0.2289107759  -1.1867466132
0.2162677738  -0.2250593008  -1.1902981013
0.2127158690  -0.2212248159  -1.1938363207
0.2091772339  -0.2174073627  -1.1973613082
0.2056518317  -0.2136069815  -1.2008731007
0.2021396252  -0.2098237112  -1.2043717354
0.1986405793  -0.2060579328  -1.2078572744
0.1951546617  -0.2023101354  -1.2113298080
0.1916818308  -0.1985795301  -1.2147893567
0.1882220358  -0.1948651000  -1.2182358761
0.1847752343  -0.1911672858  -1.2216693763
0.1813413940  -0.1874866656  -1.2250898999
0.1779204792  -0.1838233028  -1.2284974784
0.1745124510  -0.1801772526  -1.2318921453
0.1711172706  -0.1765485642  -1.2352739363
0.1677348984  -0.1729372793  -1.2386428897
0.1643652949  -0.1693434325  -1.2419990461
0.1610084198  -0.1657670506  -1.2453424489
0.1576642327  -0.1622081524  -1.2486731442
0.1543326924  -0.1586667487  -1.2519911809
0.1510137575  -0.1551428424  -1.2552966107
0.1477073859  -0.1516364284  -1.2585894881
0.1444135350  -0.1481474940  -1.2618698703
0.1411321617  -0.1446760189  -1.2651378174
0.1378632223  -0.1412219759  -1.2683933916
0.1346066725  -0.1377853308  -1.2716366582
0.1313624677  -0.1343660432  -1.2748676841
0.1281305624  -0.1309640668  -1.2780865386
0.1249109109  -0.1275793498  -1.2812932927
0.1217034668  -0.1242118355  -1.2844880190
0.1185081833  -0.1208614629  -1.2876707911
0.1153250132  -0.1175281668  -1.2908416836
0.1121539087  -0.1142118788  -1.2940007714
0.1089948216  -0.1109125275  -1.2971481296
0.1058477033  -0.1076300389  -1.3002838328
0.1027125049  -0.1043643372  -1.3034079546
0.0995891768  -0.1011153448  -1.3065205673
0.0964776694  -0.0978829838  -1.3096217411
0.0933794161  -0.0946674530  -1.3127567287
0.0902953300  -0.0914688184  -1.3159479830
0.0872215122  -0.0882862634  -1.3191183376
0.0841567861  -0.0851195270  -1.3222877603
0.0811030947  -0.0819689220  -1.3254549131
0.0780603555  -0.0788343739  -1.3286182687
0.0750284933  -0.0757158101  -1.3317761108
0.0720074412  -0.0726131600  -1.3349265343
0.0689971407  -0.0695263540  -1.3380674447
0.0659975422  -0.0664553236  -1.3411965588
0.0630086055  -0.0634000011  -1.3443114043
0.0600303004  -0.0603603188  -1.3474093198
0.0570626068  -0.0573362087  -1.3504874550
0.0541055152  -0.0543276023  -1.3535427705
0.0511590269  -0.0513344295  -1.3565720379
0.0482231544  -0.0483566188  -1.3595718397
0.0452979211  -0.0453940961  -1.3625385697
0.0423833620  -0.0424467851  -1.3654684322
0.0394795232  -0.0395146059  -1.3683574429
0.0365864619  -0.0365974756  -1.3712014282
0.0337042464  -0.0336953075  -1.3739960256
0.0308329556  -0.0308080110  -1.3767366837
0.0279726785  -0.0279354916  -1.3794186618
0.0251235139  -0.0250776512  -1.3820370305
0.0222855695  -0.0222343878  -1.3845866710
0.0194589610  -0.0194055963  -1.3870622759
0.0166438111  -0.0165911686  -1.3894583485
0.0138402484  -0.0137909945  -1.3917692032
0.0110484061  -0.0110049623  -1.3939889653
0.0082684200  -0.0082329594  -1.3961115711
0.0055004270  -0.0054748737  -1.3981307680
0.0027445630  -0.0027305941  -1.4000401142
0.0027425394  -0.0027305718  -1.4000401142
