0.128117
1.6192575677  -2.0193707202   0.0000754252
1.6192575677  -2.0193707202   0.0000754252
1.6192650571  -2.0193728960   0.0000629577
1.6192615168  -2.0193383624   0.0000306480
1.6192411459  -2.0192612749  -0.0000220838
1.6192000496  -2.0191349743  -0.0000958094
1.6191367434  -2.0189571915  -0.0001910929
1.6190503744  -2.0187267791  -0.0003084899
1.6189403290  -2.0184430068  -0.0004485483
1.6188061028  -2.0181053278  -0.0006118081
1.6186472470  -2.0177132828  -0.0007988010
1.6184633441  -2.0172664561  -0.0010100510
1.6182539947  -2.0167644517  -0.0012460739
1.6180188108  -2.0162068815  -0.0015073777
1.6177574118  -2.0155933580  -0.0017944623
1.6174694216  -2.0149234899  -0.0021078195
1.6171544676  -2.0141968799  -0.0024479334
1.6168121797  -2.0134131231  -0.0028152798
1.6164421893  -2.0125718067  -0.0032103267
1.6160441292  -2.0116725094  -0.0036335341
1.6156176336  -2.0107148014  -0.0040853539
1.6151623377  -2.0096982451  -0.0045662301
1.6146778776  -2.0086223953  -0.0050765987
1.6141638906  -2.0074867998  -0.0056168877
1.6136200150  -2.0062909996  -0.0061875170
1.6130458900  -2.0050345302  -0.0067888987
1.6124411565  -2.0037169226  -0.0074214369
1.6118054569  -2.0023377037  -0.0080855275
1.6111384354  -2.0008963975  -0.0087815585
1.6104397380  -1.9993925260  -0.0095099101
1.6097090126  -1.9978256100  -0.0102709543
1.6089459094  -1.9961951702  -0.0110650551
1.6081500748  -1.9944998535  -0.0118937509
1.6073211737  -1.9927399890  -0.0127563375
1.6064588721  -1.9909161964  -0.0136527851
1.6055628206  -1.9890273510  -0.0145833841
1.6046326792  -1.9870727337  -0.0155484331
1.6036681151  -1.9850518098  -0.0165482527
1.6026687996  -1.9829640829  -0.0175831585
1.6016344079  -1.9808090844  -0.0186534643
1.6005646196  -1.9785863629  -0.0197594814
1.5994591185  -1.9762954820  -0.0209015178
1.5983175931  -1.9739360200  -0.0220798779
1.5971397368  -1.9715075717  -0.0232948612
1.5959252481  -1.9690097504  -0.0245467630
1.5946738304  -1.9664421881  -0.0258358733
1.5933851930  -1.9638045370  -0.0271624769
1.5920590504  -1.9610964693  -0.0285268532
1.5906951232  -1.9583176778  -0.0299292754
1.5892931379  -1.9554678769  -0.0313700103
1.5878528272  -1.9525468022  -0.0328493165
1.5863739300  -1.9495542112  -0.0343674464
1.5848561897  -1.9464898811  -0.0359246469
1.5832993520  -1.9433536080  -0.0375211593
1.5817031710  -1.9401452146  -0.0391572187
1.5800674119  -1.9368645531  -0.0408330542
1.5783918472  -1.9335115026  -0.0425488883
1.5766762570  -1.9300859694  -0.0443049368
1.5749204292  -1.9265878880  -0.0461014085
1.5731241593  -1.9230172214  -0.0479385053
1.5712872509  -1.9193739620  -0.0498164213
1.5694095154  -1.9156581321  -0.0517353416
1.5674907723  -1.9118697845  -0.0536954397
1.5655308489  -1.9080087826  -0.0556968778
1.5635295797  -1.9040751617  -0.0577398064
1.5614868084  -1.9000695049  -0.0598243648
1.5594023898  -1.8959921842  -0.0619506814
1.5572761861  -1.8918432507  -0.0641188744
1.5551080617  -1.8876228682  -0.0663290516
1.5528978765  -1.8833312657  -0.0685813121
1.5506455026  -1.8789687163  -0.0708757511
1.5483508337  -1.8745355457  -0.0732124621
1.5460137736  -1.8700321167  -0.0755915334
1.5436342350  -1.8654588220  -0.0780130460
1.5412121396  -1.8608160793  -0.0804770743
1.5387474177  -1.8561043278  -0.0829836863
1.5362400087  -1.8513240276  -0.0855329427
1.5336898609  -1.8464756650  -0.0881248978
1.5310969309  -1.8415597572  -0.0907595991
1.5284611846  -1.8365768527  -0.0934370876
1.5257825937  -1.8315275290  -0.0961573979
1.5230610861  -1.8264123491  -0.0989205584
1.5202965858  -1.8212318990  -0.1017265914
1.5174890872  -1.8159868525  -0.1045755133
1.5146386210  -1.8106779350  -0.1074673349
1.5117452307  -1.8053058992  -0.1104020608
1.5088089717  -1.7998715239  -0.1133796901
1.5058299108  -1.7943756149  -0.1164002161
1.5028081259  -1.7888190026  -0.1194636260
1.4997437049  -1.7832025413  -0.1225699014
1.4966367454  -1.7775271073  -0.1257190175
1.4934873588  -1.7717936050  -0.1289109437
1.4902956545  -1.7660029574  -0.1321456434
1.4870616696  -1.7601560223  -0.1354230741
1.4837853701  -1.7542535725  -0.1387431875
1.4804667086  -1.7482963577  -0.1421059297
1.4771056294  -1.7422851413  -0.1455112408
1.4737020704  -1.7362207132  -0.1489590549
1.4702559635  -1.7301038639  -0.1524493000
1.4667672352  -1.7239353750  -0.1559818940
1.4632358062  -1.7177160284  -0.1595567331
1.4596616653  -1.7114467183  -0.1631737031
1.4560450255  -1.7051286441  -0.1668327137
1.4523861362  -1.6987629587  -0.1705337069
1.4486851294  -1.6923503801  -0.1742766479
1.4449421342  -1.6858914767  -0.1780615160
1.4411572805  -1.6793870897  -0.1818882720
1.4373306957  -1.6728384006  -0.1857568229
1.4334625071  -1.6662466914  -0.1896670253
1.4295528490  -1.6596132052  -0.1936186987
1.4256018646  -1.6529391451  -0.1976116281
1.4216097036  -1.6462256799  -0.2016455657
1.4175765219  -1.6394739392  -0.2057202428
1.4135024885  -1.6326850198  -0.2098354009
1.4093877880  -1.6258599923  -0.2139908040
1.4052326137  -1.6189998995  -0.2181862177
1.4010371609  -1.6121057531  -0.2224213988
1.3968016291  -1.6051785359  -0.2266961000
1.3925262316  -1.5982192144  -0.2310100706
1.3882111902  -1.5912287347  -0.2353630575
1.3838567257  -1.5842080115  -0.2397548053
1.3794630615  -1.5771579364  -0.2441850553
1.3750304260  -1.5700793840  -0.2486535439
1.3705590525  -1.5629732165  -0.2531600035
1.3660491802  -1.5558402894  -0.2577041656
1.3615010609  -1.5486814632  -0.2622857647
1.3569149576  -1.5414976036  -0.2669045380
1.3522911363  -1.5342895747  -0.2715602246
1.3476298656  -1.5270582431  -0.2762525664
1.3429314195  -1.5198044854  -0.2809813101
1.3381960781  -1.5125291904  -0.2857462089
1.3334238759  -1.5052330200  -0.2905470216
1.3286142593  -1.4979160756  -0.2953835085
1.3237674993  -1.4905792904  -0.3002554086
1.3188851604  -1.4832249076  -0.3051624359
1.3139690162  -1.4758552427  -0.3101043814
1.3090209588  -1.4684725462  -0.3150811758
1.3040427047  -1.4610792043  -0.3200927479
1.2990344433  -1.4536766012  -0.3251388960
1.2939952018  -1.4462648992  -0.3302193443
1.2889241571  -1.4388440566  -0.3353338199
1.2838204840  -1.4314139199  -0.3404820629
1.2786832767  -1.4239742581  -0.3456638211
1.2735115408  -1.4165247671  -0.3508788460
1.2683046897  -1.4090656296  -0.3561268916
1.2630634380  -1.4015985043  -0.3614077187
1.2577886685  -1.3941252511  -0.3667210951
1.2524805700  -1.3866469500  -0.3720667953
1.2471393028  -1.3791646397  -0.3774446010
1.2417650308  -1.3716793679  -0.3828542974
1.2363579389  -1.3641922282  -0.3882956743
1.2309182704  -1.3567044377  -0.3937685291
1.2254462656  -1.3492171899  -0.3992726670
1.2199421128  -1.3417315549  -0.4048078670
1.2144059854  -1.3342485729  -0.4103738648
1.2088380714  -1.3267692806  -0.4159704356
1.2032386415  -1.3192948343  -0.4215974225
1.1976080006  -1.3118264389  -0.4272546636
1.1919463907  -1.3043651558  -0.4329419696
1.1862540189  -1.2969119471  -0.4386591325
1.1805310904  -1.2894677381  -0.4444059093
1.1747778656  -1.2820335380  -0.4501819958
1.1689946105  -1.2746103417  -0.4559869806
1.1631814840  -1.2671989061  -0.4618202471
1.1573385002  -1.2597996592  -0.4676806464
1.1514645490  -1.2524121549  -0.4735620421
1.1455589719  -1.2450364097  -0.4794609389
1.1396261514  -1.2376760078  -0.4853897619
1.1336716474  -1.2303359150  -0.4913615195
1.1276947335  -1.2230174559  -0.4973766515
1.1216916337  -1.2157193144  -0.5034323181
1.1156607455  -1.2084405665  -0.5095270516
1.1096019673  -1.2011808202  -0.5156595325
1.1035155006  -1.1939398997  -0.5218283667
1.0974015807  -1.1867175680  -0.5280320960
1.0912602928  -1.1795132162  -0.5342692031
1.0850917498  -1.1723261720  -0.5405380905
1.0788962126  -1.1651558676  -0.5468370695
1.0726739176  -1.1580015347  -0.5531643821
1.0664251358  -1.1508623678  -0.5595182175
1.0601501322  -1.1437375043  -0.5658967150
1.0538490316  -1.1366257944  -0.5722979694
1.0475220755  -1.1295262012  -0.5787200361
1.0411695792  -1.1224376828  -0.5851609362
1.0347918752  -1.1153591743  -0.5916186634
1.0283872944  -1.1082875850  -0.5980911914
1.0219541559  -1.1012197610  -0.6045764790
1.0154946370  -1.0941564890  -0.6110724730
1.0090103493  -1.0870979932  -0.6175771111
1.0025007068  -1.0800422710  -0.6240883289
0.9959650163  -1.0729872149  -0.6306040670
0.9894021133  -1.0659302749  -0.6371222766
0.9828099000  -1.0588680315  -0.6436409237
0.9761846904  -1.0517955647  -0.6501579936
0.9695197144  -1.0447049844  -0.6566714999
0.9628014382  -1.0375818108  -0.6631794968
0.9559977124  -1.0303927868  -0.6696801365
0.9488122265  -1.0228426392  -0.6761716948
0.9415307640  -1.0152250382  -0.6826523451
0.9347874186  -1.0081729355  -0.6891199567
0.9284032793  -1.0014957139  -0.6955723548
0.9220794329  -0.9948874654  -0.7020076378
0.9157778564  -0.9883060875  -0.7084241223
0.9094979391  -0.9817484359  -0.7148202052
0.9032394980  -0.9752126139  -0.7211943483
0.8970023572  -0.9686969288  -0.7275450953
0.8907863640  -0.9621998315  -0.7338710818
0.8845913922  -0.9557199156  -0.7401710429
0.8784173387  -0.9492559157  -0.7464438142
0.8722641219  -0.9428067076  -0.7526883360
0.8661316810  -0.9363713102  -0.7589036582
0.8600199750  -0.9299488861  -0.7650889449
0.8539289821  -0.9235387380  -0.7712434820
0.8478586989  -0.9171403048  -0.7773666820
0.8418091365  -0.9107531577  -0.7834580848
0.8357803184  -0.9043769953  -0.7895173616
0.8297722905  -0.8980116403  -0.7955443584
0.8237851327  -0.8916570355  -0.8015391317
0.8178189258  -0.8853132335  -0.8075018758
0.8118737188  -0.8789803843  -0.8134328848
0.8059495582  -0.8726587273  -0.8193326225
0.8000465171  -0.8663485865  -0.8252017550
0.7941646848  -0.8600503641  -0.8310411575
0.7883041611  -0.8537645326  -0.8368519473
0.7824650658  -0.8474916298  -0.8426355366
0.7766475569  -0.8412322564  -0.8483937266
0.7708518724  -0.8349870847  -0.8541288982
0.7650784475  -0.8287569516  -0.8598444958
0.7593294099  -0.8225430390  -0.8655504490
0.7536068847  -0.8163465119  -0.8712561379
0.7479064845  -0.8101675738  -0.8769542170
0.7422207892  -0.8040055256  -0.8826329133
0.7365489213  -0.7978598793  -0.8882905737
0.7308941823  -0.7917307302  -0.8939287090
0.7252581140  -0.7856183305  -0.8995476495
0.7196407673  -0.7795228604  -0.9051475273
0.7140420256  -0.7734444523  -0.9107284767
0.7084617727  -0.7673832130  -0.9162906371
0.7028998943  -0.7613392257  -0.9218341518
0.6973562773  -0.7553125505  -0.9273591676
0.6918308101  -0.7493032246  -0.9328658346
0.6863233821  -0.7433112633  -0.9383543048
0.6808338840  -0.7373366602  -0.9438247322
0.6753622073  -0.7313793880  -0.9492772717
0.6699082447  -0.7254393999  -0.9547120780
0.6644718897  -0.7195166301  -0.9601293055
0.6590530369  -0.7136109955  -0.9655291068
0.6536515820  -0.7077223975  -0.9709116320
0.6482674212  -0.7018507236  -0.9762770270
0.6429004519  -0.6959958489  -0.9816254328
0.6375505725  -0.6901576363  -0.9869569848
0.6322176831  -0.6843359385  -0.9922718130
0.6269016851  -0.6785306013  -0.9975700407
0.6216024811  -0.6727414653  -1.0028517826
0.6163199746  -0.6669683676  -1.0081171436
0.6110540704  -0.6612111437  -1.0133662179
0.6058046741  -0.6554696295  -1.0185990865
0.6005716920  -0.6497436635  -1.0238158142
0.5953550300  -0.6440330891  -1.0290164436
0.5901545855  -0.6383377613  -1.0342009577
0.5849702405  -0.6326575427  -1.0393692523
0.5798018969  -0.6269922929  -1.0445212611
0.5746495284  -0.6213418998  -1.0496571085
0.5695131437  -0.6157062870  -1.0547770110
0.5643927018  -0.6100853604  -1.0598811057
0.5592881091  -0.6044790011  -1.0649694579
0.5541992732  -0.5988871079  -1.0700421274
0.5491261206  -0.5933096079  -1.0750991793
0.5440685862  -0.5877464457  -1.0801406777
0.5390266070  -0.5821975795  -1.0851666853
0.5340001216  -0.5766629803  -1.0901772625
0.5289890703  -0.5711426318  -1.0951724685
0.5239933947  -0.5656365302  -1.1001523602
0.5190130383  -0.5601446834  -1.1051169932
0.5140479456  -0.5546671107  -1.1100664212
0.5090980630  -0.5492038416  -1.1150006963
0.5041633380  -0.5437549153  -1.1199198691
0.4992437199  -0.5383203794  -1.1248239884
0.4943391591  -0.5329002894  -1.1297131018
0.4894496074  -0.5274947068  -1.1345872551
0.4845750181  -0.5221036979  -1.1394464930
0.4797153457  -0.5167273327  -1.1442908587
0.4748705460  -0.5113656841  -1.1491203940
0.4700405762  -0.5060188267  -1.1539351397
0.4652253946  -0.5006868354  -1.1587351353
0.4604249607  -0.4953697837  -1.1635204192
0.4556392352  -0.4900677424  -1.1682910287
0.4508681800  -0.4847807774  -1.1730470002
0.4461117582  -0.4795089482  -1.1777883694
0.4413699337  -0.4742523041  -1.1825151709
0.4366426719  -0.4690108708  -1.1872274392
0.4319299389  -0.4637846314  -1.1919252088
0.4272317021  -0.4585735525  -1.1966085143
0.4225479297  -0.4533776610  -1.2012773887
0.4178785903  -0.4481970623  -1.2059318624
0.4132236529  -0.4430318728  -1.2105719633
0.4085830879  -0.4378821786  -1.2151977189
0.4039568669  -0.4327480514  -1.2198091565
0.3993449624  -0.4276295647  -1.2244063031
0.3947473476  -0.4225267952  -1.2289891849
0.3901639965  -0.4174398210  -1.2335578272
0.3855948838  -0.4123687219  -1.2381122548
0.3810399846  -0.4073135789  -1.2426524916
0.3764992751  -0.4022744746  -1.2471785610
0.3719727318  -0.3972514504  -1.2516904858
0.3674603318  -0.3922444666  -1.2561882886
0.3629620529  -0.3872535775  -1.2606719911
0.3584778737  -0.3822790690  -1.2651416143
0.3540077733  -0.3773212084  -1.2695971781
0.3495517309  -0.3723800869  -1.2740387026
0.3451097265  -0.3674557582  -1.2784662076
0.3406817405  -0.3625482982  -1.2828797126
0.3362677534  -0.3576577804  -1.2872792368
0.3318677464  -0.3527842751  -1.2916647988
0.3274817007  -0.3479278504  -1.2960364173
0.3231095980  -0.3430885730  -1.3003941107
0.3187514203  -0.3382665086  -1.3047378968
0.3144071496  -0.3334617225  -1.3090677937
0.3100767685  -0.3286742801  -1.3133838190
0.3057602594  -0.3239042476  -1.3176859901
0.3014576050  -0.3191516921  -1.3219743243
0.2971687883  -0.3144166823  -1.3262488390
0.2928937921  -0.3096992885  -1.3305095512
0.2886325994  -0.3049995828  -1.3347564779
0.2843851934  -0.3003176396  -1.3389896361
0.2801515570  -0.2956535349  -1.3432090426
0.2759316734  -0.2910073474  -1.3474147144
0.2717255256  -0.2863791573  -1.3516066686
0.2675330965  -0.2817690470  -1.3557849221
0.2633543690  -0.2771771007  -1.3599494921
0.2591893258  -0.2726034040  -1.3641003958
0.2550379496  -0.2680480439  -1.3682376506
0.2509002227  -0.2635111084  -1.3723612740
0.2467761274  -0.2589926858  -1.3764712839
0.2426656456  -0.2544928649  -1.3805676982
0.2385687592  -0.2500117341  -1.3846505353
0.2344854534  -0.2455499095  -1.3887198486
0.2304157179  -0.2411081783  -1.3927757318
0.2263595283  -0.2366853658  -1.3968181789
0.2223168439  -0.2322799369  -1.4008470920
0.2182876386  -0.2278925989  -1.4048624501
0.2142719026  -0.2235242781  -1.4088642790
0.2102696215  -0.2191751124  -1.4128525881
0.2062807752  -0.2148452284  -1.4168273901
0.2023053438  -0.2105347445  -1.4207887006
0.1983433065  -0.2062437697  -1.4247365390
0.1943946424  -0.2019724027  -1.4286709280
0.1904593297  -0.1977207314  -1.4325918944
0.1865373460  -0.1934888324  -1.4364994686
0.1826286683  -0.1892767707  -1.4403936854
0.1787332726  -0.1850845998  -1.4442745834
0.1748511342  -0.1809123613  -1.4481422054
0.1709822275  -0.1767600855  -1.4519965981
0.1671265261  -0.1726277916  -1.4558378123
0.1632840024  -0.1685154880  -1.4596659024
0.1594546281  -0.1644231728  -1.4634809264
0.1556383739  -0.1603508344  -1.4672829458
0.1518352096  -0.1562984522  -1.4710720250
0.1480451039  -0.1522659970  -1.4748482310
0.1442680249  -0.1482534321  -1.4786116334
0.1405039396  -0.1442607139  -1.4823623034
0.1367528141  -0.1402877925  -1.4861003136
0.1330146137  -0.1363346127  -1.4898257377
0.1292893030  -0.1324011145  -1.4935386494
0.1255768456  -0.1284872340  -1.4972391221
0.1218772044  -0.1245929040  -1.5009272280
0.1181903413  -0.1207180550  -1.5046030377
0.1145162177  -0.1168626166  -1.5082666193
0.1108569051  -0.1130269505  -1.5119718703
0.1072137347  -0.1092112131  -1.5157455292
0.1035811891  -0.1054141783  -1.5194956246
0.0999576248  -0.1016354871  -1.5232459289
0.0963458379  -0.0978756798  -1.5269948262
0.0927457416  -0.0941346911  -1.5307404752
0.0891572597  -0.0904124588  -1.5344808088
0.0855803270  -0.0867089238  -1.5382135347
0.0820148901  -0.0830240287  -1.5419361348
0.0784609082  -0.0793577182  -1.5456458656
0.0749183535  -0.0757099377  -1.5493397582
0.0713872119  -0.0720806328  -1.5530146179
0.0678674837  -0.0684697487  -1.5566670246
0.0643591835  -0.0648772291  -1.5602933327
0.0608623414  -0.0613030154  -1.5638896711
0.0573770026  -0.0577470460  -1.5674519430
0.0539032278  -0.0542092551  -1.5709758262
0.0504410935  -0.0506895722  -1.5744567730
0.0469906918  -0.0471879211  -1.5778900102
0.0435521301  -0.0437042194  -1.5812705388
0.0401255312  -0.0402383782  -1.5845931346
0.0367110326  -0.0367903015  -1.5878523477
0.0333087858  -0.0333598858  -1.5910425028
0.0299189556  -0.0299470207  -1.5941576988
0.0265417195  -0.0265515889  -1.5971918093
0.0231772656  -0.0231734668  -1.6001384824
0.0198257920  -0.0198125249  -1.6029911406
0.0164875048  -0.0164686294  -1.6057429808
0.0131626159  -0.0131416431  -1.6083869744
0.0098513414  -0.0098314269  -1.6109158673
0.0065538983  -0.0065378411  -1.6133221799
0.0032705025  -0.0032607477  -1.6155982071
0.0032676285  -0.0032607273  -1.6155982071
