0.105621
1.8672856025  -2.3503995749   0.0001057059
1.8672856025  -2.3503995749   0.0001057059
1.8672946696  -2.3503941986   0.0000862625
1.8672876736  -2.3503317875   0.0000378686
1.8672565729  -2.3502061423  -0.0000403670
1.8671952242  -2.3500061497  -0.0001493177
1.8671013466  -2.3497282977  -0.0002898390
1.8669736489  -2.3493709518  -0.0004627685
1.8668112147  -2.3489331691  -0.0006689260
1.8666132997  -2.3484143091  -0.0009091132
1.8663792492  -2.3478138752  -0.0011841140
1.8661084603  -2.3471314411  -0.0014946947
1.8658003618  -2.3463666130  -0.0018416032
1.8654544036  -2.3455190098  -0.0022255700
1.8650700508  -2.3445882515  -0.0026473074
1.8646467800  -2.3435739531  -0.0031075099
1.8641840769  -2.3424757208  -0.0036068542
1.8636814351  -2.3412931511  -0.0041459990
1.8631383555  -2.3400258295  -0.0047255851
1.8625543457  -2.3386733310  -0.0053462356
1.8619289199  -2.3372352211  -0.0060085556
1.8612615986  -2.3357110567  -0.0067131322
1.8605519093  -2.3341003872  -0.0074605347
1.8597993861  -2.3324027566  -0.0082513146
1.8590035705  -2.3306177047  -0.0090860055
1.8581640111  -2.3287447691  -0.0099651229
1.8572802642  -2.3267834870  -0.0108891648
1.8563518943  -2.3247333972  -0.0118586108
1.8553784743  -2.3225940420  -0.0128739232
1.8543595859  -2.3203649694  -0.0139355459
1.8532948197  -2.3180457346  -0.0150439052
1.8521837763  -2.3156359029  -0.0161994095
1.8510260659  -2.3131336401  -0.0174041304
1.8498213147  -2.3105398802  -0.0186569509
1.8485691503  -2.3078559737  -0.0199577097
1.8472692023  -2.3050804530  -0.0213066637
1.8459211202  -2.3022125738  -0.0227040871
1.8445245703  -2.2992518728  -0.0241502887
1.8430792317  -2.2961979586  -0.0256455630
1.8415847958  -2.2930504984  -0.0271901954
1.8400409671  -2.2898091995  -0.0287844605
1.8384474638  -2.2864738061  -0.0304286210
1.8368040179  -2.2830440988  -0.0321229263
1.8351103759  -2.2795198954  -0.0338676113
1.8333662986  -2.2759010503  -0.0356628973
1.8315715616  -2.2721874549  -0.0375089913
1.8297259557  -2.2683790396  -0.0394060861
1.8278292869  -2.2644757764  -0.0413543595
1.8258813767  -2.2604776817  -0.0433539746
1.8238820624  -2.2563848193  -0.0454050790
1.8218311957  -2.2521973008  -0.0475078050
1.8197286357  -2.2479152770  -0.0496622684
1.8175742566  -2.2435389445  -0.0518685682
1.8153679561  -2.2390685555  -0.0541267878
1.8131096504  -2.2345044097  -0.0564369953
1.8107992724  -2.2298468524  -0.0587992430
1.8084367718  -2.2250962751  -0.0612135682
1.8060221149  -2.2202531155  -0.0636799920
1.8035552847  -2.2153178580  -0.0661985202
1.8010362808  -2.2102910337  -0.0687691415
1.7984651191  -2.2051732197  -0.0713918275
1.7958418318  -2.1999650392  -0.0740665341
1.7931664675  -2.1946671608  -0.0767932024
1.7904390813  -2.1892799502  -0.0795717589
1.7876597270  -2.1838040243  -0.0824021152
1.7848284838  -2.1782408384  -0.0852841683
1.7819454650  -2.1725915233  -0.0882178000
1.7790107975  -2.1668567264  -0.0912028743
1.7760246203  -2.1610372803  -0.0942392395
1.7729870890  -2.1551341261  -0.0973267328
1.7698983750  -2.1491482562  -0.1004651828
1.7667586647  -2.1430807064  -0.1036544073
1.7635681585  -2.1369325502  -0.1068942140
1.7603270634  -2.1307048872  -0.1101844002
1.7570355690  -2.1243988144  -0.1135247514
1.7536938790  -2.1180154618  -0.1169150373
1.7503022366  -2.1115560275  -0.1203550072
1.7468609007  -2.1050217514  -0.1238443900
1.7433701419  -2.0984139038  -0.1273828968
1.7398302431  -2.0917337751  -0.1309702219
1.7362414983  -2.0849826693  -0.1346060446
1.7326042131  -2.0781619036  -0.1382900363
1.7289186948  -2.0712728044  -0.1420218700
1.7251852186  -2.0643166789  -0.1458012179
1.7214040731  -2.0572948637  -0.1496277469
1.7175755967  -2.0502087637  -0.1535011186
1.7137001417  -2.0430598181  -0.1574209911
1.7097780695  -2.0358494908  -0.1613870194
1.7058097492  -2.0285792635  -0.1653988560
1.7017955571  -2.0212506312  -0.1694561510
1.6977358686  -2.0138650945  -0.1735585520
1.6936310060  -2.0064241113  -0.1777057047
1.6894812908  -1.9989291417  -0.1818972534
1.6852871050  -1.9913817060  -0.1861328411
1.6810488490  -1.9837833280  -0.1904121100
1.6767669283  -1.9761355138  -0.1947347027
1.6724417522  -1.9684397992  -0.1991002623
1.6680737332  -1.9606977686  -0.2035084313
1.6636632168  -1.9529109452  -0.2079588522
1.6592104330  -1.9450807265  -0.2124511678
1.6547157305  -1.9372086142  -0.2169850213
1.6501796325  -1.9292963001  -0.2215600565
1.6456026780  -1.9213455471  -0.2261759175
1.6409854127  -1.9133580563  -0.2308322490
1.6363283860  -1.9053352431  -0.2355286967
1.6316321534  -1.8972783336  -0.2402649003
1.6268972168  -1.8891887219  -0.2450404828
1.6221238453  -1.8810679039  -0.2498550748
1.6173121157  -1.8729172788  -0.2547083554
1.6124620766  -1.8647381709  -0.2596000538
1.6075737572  -1.8565318334  -0.2645299306
1.6026471578  -1.8482994468  -0.2694977356
1.5976822646  -1.8400421293  -0.2745031621
1.5926794099  -1.8317613268  -0.2795458486
1.5876391870  -1.8234587231  -0.2846253969
1.5825620232  -1.8151357667  -0.2897413750
1.5774482589  -1.8067937471  -0.2948933255
1.5722982459  -1.7984339074  -0.3000807986
1.5671123537  -1.7900574584  -0.3053033770
1.5618909615  -1.7816655788  -0.3105606560
1.5566344454  -1.7732594117  -0.3158522291
1.5513431753  -1.7648400575  -0.3211776919
1.5460175190  -1.7564085749  -0.3265366450
1.5406578464  -1.7479659936  -0.3319286958
1.5352645290  -1.7395133165  -0.3373534569
1.5298379396  -1.7310515206  -0.3428105446
1.5243784626  -1.7225815782  -0.3482995793
1.5188864866  -1.7141044546  -0.3538201856
1.5133623905  -1.7056210918  -0.3593719934
1.5078065501  -1.6971324187  -0.3649546377
1.5022193422  -1.6886393623  -0.3705677605
1.4966011448  -1.6801428544  -0.3762110100
1.4909523446  -1.6716438543  -0.3818840348
1.4852733288  -1.6631434608  -0.3875864671
1.4795644729  -1.6546428644  -0.3933179139
1.4738261606  -1.6461425901  -0.3990780330
1.4680588071  -1.6376422858  -0.4048666084
1.4622623234  -1.6291418433  -0.4106834460
1.4564362220  -1.6206423970  -0.4165282370
1.4505814576  -1.6121467297  -0.4224005930
1.4447003828  -1.6036582489  -0.4283001317
1.4387954812  -1.5951801011  -0.4342264945
1.4328689926  -1.5867151573  -0.4401793377
1.4269212360  -1.5782644136  -0.4461583361
1.4209509920  -1.5698272171  -0.4521631795
1.4149571384  -1.5614028676  -0.4581935601
1.4089385277  -1.5529906342  -0.4642491757
1.4028939180  -1.5445896960  -0.4703297384
1.3968223079  -1.5361995214  -0.4764349734
1.3907242399  -1.5278213202  -0.4825646172
1.3846008040  -1.5194569198  -0.4887184149
1.3784522981  -1.5111072472  -0.4948961197
1.3722789131  -1.5027730843  -0.5010974965
1.3660808417  -1.4944552058  -0.5073223202
1.3598583182  -1.4861544824  -0.5135703404
1.3536115968  -1.4778718302  -0.5198412791
1.3473409034  -1.4696080559  -0.5261349092
1.3410464626  -1.4613639057  -0.5324510590
1.3347284930  -1.4531401067  -0.5387895450
1.3283872449  -1.4449374682  -0.5451501616
1.3220229925  -1.4367568290  -0.5515326829
1.3156359551  -1.4285988727  -0.5579368397
1.3092263042  -1.4204641585  -0.5643622812
1.3027941923  -1.4123531999  -0.5708084905
1.2963397481  -1.4042664396  -0.5772745536
1.2898621772  -1.3962034990  -0.5837560414
1.2833605898  -1.3881638674  -0.5902491765
1.2768382350  -1.3801500967  -0.5967624243
1.2703006235  -1.3721669852  -0.6033078742
1.2637481081  -1.3642163791  -0.6098874598
1.2571770645  -1.3562968203  -0.6164987201
1.2505855409  -1.3484070294  -0.6231404287
1.2439734198  -1.3405466327  -0.6298114947
1.2373407859  -1.3327152345  -0.6365106845
1.2306876858  -1.3249122149  -0.6432366575
1.2240143055  -1.3171370514  -0.6499880219
1.2173208115  -1.3093890669  -0.6567633519
1.2106072445  -1.3016672686  -0.6635611886
1.2038738020  -1.2939708079  -0.6703800530
1.1971207587  -1.2862988146  -0.6772184537
1.1903483554  -1.2786502711  -0.6840748631
1.1835568400  -1.2710241698  -0.6909476942
1.1767463226  -1.2634192619  -0.6978353195
1.1699169726  -1.2558343297  -0.7047360898
1.1630690714  -1.2482682168  -0.7116483364
1.1562027731  -1.2407196045  -0.7185703740
1.1493162317  -1.2331851618  -0.7255005055
1.1424084067  -1.2256623347  -0.7324370262
1.1354814442  -1.2181518561  -0.7393782278
1.1285362271  -1.2106531864  -0.7463224028
1.1215719502  -1.2031640623  -0.7532678481
1.1145876898  -1.1956821369  -0.7602128694
1.1075818245  -1.1882044086  -0.7671557861
1.1005514524  -1.1807266589  -0.7740949373
1.0934913639  -1.1732424598  -0.7810286879
1.0863912819  -1.1657404385  -0.7879554364
1.0792274862  -1.1581954982  -0.7948736580
1.0717896878  -1.1503969043  -0.8017819417
1.0642035113  -1.1424773079  -0.8086788226
1.0570120592  -1.1349814270  -0.8155625679
1.0501863870  -1.1278710487  -0.8224313464
1.0434274553  -1.1208398938  -0.8292835478
1.0366894738  -1.1138373366  -0.8361177833
1.0299718285  -1.1068597808  -0.8429327433
1.0232743217  -1.0999052060  -0.8497271702
1.0165967574  -1.0929718315  -0.8564998790
1.0099389599  -1.0860580130  -0.8632497624
1.0033007747  -1.0791622526  -0.8699757938
0.9966820689  -1.0722831965  -0.8766770343
0.9900827305  -1.0654196316  -0.8833526366
0.9835026658  -1.0585704836  -0.8900018442
0.9769417973  -1.0517348134  -0.8966239962
0.9704000645  -1.0449118095  -0.9032185315
0.9638774231  -1.0381007849  -0.9097849951
0.9573738444  -1.0313011785  -0.9163230425
0.9508893118  -1.0245125541  -0.9228324405
0.9444238193  -1.0177345955  -0.9293130716
0.9379773831  -1.0109671025  -0.9357649787
0.9315500486  -1.0042099855  -0.9421883848
0.9251418544  -0.9974632568  -0.9485836191
0.9187528099  -0.9907270185  -0.9549511043
0.9123829303  -0.9840014564  -0.9612914232
0.9060322569  -0.9772868344  -0.9676053412
0.8997008467  -0.9705834894  -0.9738938203
0.8933887734  -0.9638918258  -0.9801580622
0.8870961428  -0.9572123133  -0.9863995803
0.8808231259  -0.9505454930  -0.9926203434
0.8745700492  -0.9438920544  -0.9988231291
0.8683385174  -0.9372529749  -1.0050153591
0.8621305727  -0.9306292919  -1.0112055877
0.8559432915  -0.9240213642  -1.0173899573
0.8497699615  -0.9174286623  -1.0235580269
0.8436086941  -0.9108505491  -1.0297071622
0.8374622888  -0.9042868605  -1.0358388383
0.8313324526  -0.8977377049  -1.0419534399
0.8252192717  -0.8912031781  -1.0480511093
0.8191226174  -0.8846833315  -1.0541319903
0.8130423615  -0.8781781955  -1.0601962303
0.8069783782  -0.8716877823  -1.0662439803
0.8009305433  -0.8652120845  -1.0722753935
0.7948987343  -0.8587510754  -1.0782906255
0.7888828303  -0.8523047085  -1.0842898336
0.7828827116  -0.8458729173  -1.0902731761
0.7768982603  -0.8394556168  -1.0962408115
0.7709293596  -0.8330527046  -1.1021928983
0.7649758941  -0.8266640627  -1.1081295939
0.7590377496  -0.8202895584  -1.1140510539
0.7531148135  -0.8139290448  -1.1199574313
0.7472069743  -0.8075823635  -1.1258488759
0.7413141218  -0.8012493468  -1.1317255321
0.7354361469  -0.7949298184  -1.1375875390
0.7295729422  -0.7886235913  -1.1434350295
0.7237244022  -0.7823304704  -1.1492681308
0.7178904229  -0.7760502575  -1.1550869623
0.7120709018  -0.7697827534  -1.1608916343
0.7062657378  -0.7635277593  -1.1666822472
0.7004748309  -0.7572850794  -1.1724588894
0.6946980821  -0.7510545245  -1.1782216345
0.6889353927  -0.7448359185  -1.1839705371
0.6831866571  -0.7386291444  -1.1897056035
0.6774517555  -0.7324341541  -1.1954267627
0.6717305807  -0.7262507612  -1.2011339550
0.6660230911  -0.7200785229  -1.2068272764
0.6603292908  -0.7139170446  -1.2125069293
0.6546491455  -0.7077661969  -1.2181730600
0.6489825645  -0.7016259378  -1.2238257407
0.6433294511  -0.6954961701  -1.2294650320
0.6376897283  -0.6893767773  -1.2350909996
0.6320633295  -0.6832676573  -1.2407037085
0.6264501912  -0.6771687238  -1.2463032211
0.6208502517  -0.6710799055  -1.2518895978
0.6152634516  -0.6650011458  -1.2574628965
0.6096897334  -0.6589324030  -1.2630231731
0.6041290418  -0.6528736496  -1.2685704812
0.5985813231  -0.6468248720  -1.2741048720
0.5930465262  -0.6407860695  -1.2796263947
0.5875246015  -0.6347572534  -1.2851350963
0.5820155016  -0.6287384466  -1.2906310216
0.5765191811  -0.6227296820  -1.2961142135
0.5710355966  -0.6167310016  -1.3015847125
0.5655647064  -0.6107424552  -1.3070425573
0.5601064710  -0.6047640980  -1.3124877847
0.5546608526  -0.5987959905  -1.3179204293
0.5492278155  -0.5928381970  -1.3233405241
0.5438073257  -0.5868907849  -1.3287481001
0.5383993512  -0.5809538220  -1.3341431866
0.5330038618  -0.5750273756  -1.3395258110
0.5276208290  -0.5691115099  -1.3448959993
0.5222502263  -0.5632062841  -1.3502537759
0.5168920290  -0.5573117485  -1.3555991636
0.5115462139  -0.5514279312  -1.3609321840
0.5062127600  -0.5455548152  -1.3662528582
0.5008916478  -0.5396923589  -1.3715612065
0.4955828596  -0.5338405798  -1.3768572476
0.4902863787  -0.5279995914  -1.3821409965
0.4850021894  -0.5221695364  -1.3874124651
0.4797302780  -0.5163505262  -1.3926716636
0.4744706329  -0.5105426535  -1.3979186018
0.4692232443  -0.5047460143  -1.4031532881
0.4639881039  -0.4989607116  -1.4083757295
0.4587652047  -0.4931868524  -1.4135859313
0.4535545412  -0.4874245485  -1.4187838975
0.4483561094  -0.4816739161  -1.4239696307
0.4431699067  -0.4759350757  -1.4291431319
0.4379959318  -0.4702080787  -1.4343044010
0.4328341848  -0.4644928380  -1.4394534369
0.4276846671  -0.4587894294  -1.4445902371
0.4225473818  -0.4530983340  -1.4497147969
0.4174223331  -0.4474200067  -1.4548271098
0.4123095264  -0.4417545981  -1.4599271688
0.4072089682  -0.4361021962  -1.4650149663
0.4021206665  -0.4304629305  -1.4700904935
0.3970446303  -0.4248369286  -1.4751537407
0.3919808694  -0.4192243157  -1.4802046969
0.3869293950  -0.4136252155  -1.4852433505
0.3818902191  -0.4080397516  -1.4902696888
0.3768633548  -0.4024680486  -1.4952836980
0.3718488159  -0.3969102332  -1.5002853638
0.3668466174  -0.3913664350  -1.5052746707
0.3618567750  -0.3858367875  -1.5102516026
0.3568793052  -0.3803214294  -1.5152161424
0.3519142252  -0.3748205043  -1.5201682722
0.3469615532  -0.3693341623  -1.5251079736
0.3420213078  -0.3638625599  -1.5300352273
0.3370935084  -0.3584058604  -1.5349500134
0.3321781749  -0.3529642343  -1.5398523113
0.3272753278  -0.3475378590  -1.5447420998
0.3223849881  -0.3421269191  -1.5496193575
0.3175071773  -0.3367316062  -1.5544840622
0.3126419172  -0.3313521186  -1.5593361915
0.3077892300  -0.3259886611  -1.5641757225
0.3029491383  -0.3206414443  -1.5690026322
0.2981216647  -0.3153106844  -1.5738168971
0.2933068324  -0.3099966020  -1.5786184938
0.2885046643  -0.3046994219  -1.5834073986
0.2837151837  -0.2994193721  -1.5881835881
0.2789384206  -0.2941576354  -1.5929470898
0.2741744138  -0.2889157149  -1.5976979907
0.2694231770  -0.2836915816  -1.6024362301
0.2646846952  -0.2784825362  -1.6071616112
0.2599589800  -0.2732899227  -1.6118740505
0.2552460726  -0.2681154976  -1.6165735333
0.2505460065  -0.2629596008  -1.6212600207
0.2458588060  -0.2578225570  -1.6259334782
0.2411844954  -0.2527046795  -1.6305938756
0.2365230986  -0.2476062676  -1.6352411876
0.2318746387  -0.2425276051  -1.6398753942
0.2272391385  -0.2374689587  -1.6444964809
0.2226166197  -0.2324305772  -1.6491044388
0.2180071029  -0.2274126900  -1.6536992648
0.2134106078  -0.2224155073  -1.6582809619
0.2088271527  -0.2174392196  -1.6628495389
0.2042567545  -0.2124839977  -1.6674050104
0.1996994288  -0.2075499931  -1.6719473968
0.1951551896  -0.2026373383  -1.6764767241
0.1906240494  -0.1977461477  -1.6809930237
0.1861060192  -0.1928765184  -1.6854963317
0.1816011084  -0.1880285309  -1.6899866889
0.1771093248  -0.1832022508  -1.6944641404
0.1726306747  -0.1783977295  -1.6989287344
0.1681651627  -0.1736150057  -1.7033805223
0.1637127921  -0.1688541067  -1.7078195578
0.1592735644  -0.1641150496  -1.7122458959
0.1548474799  -0.1593978428  -1.7166595923
0.1504345370  -0.1547024873  -1.7210607026
0.1460347330  -0.1500289781  -1.7254492810
0.1416480635  -0.1453773052  -1.7298253798
0.1372745224  -0.1407474576  -1.7341890478
0.1329172183  -0.1361402734  -1.7386051731
0.1285781619  -0.1315561953  -1.7431059369
0.1242492578  -0.1269929407  -1.7475804948
0.1199281336  -0.1224499231  -1.7520574472
0.1156189672  -0.1179283290  -1.7565348075
0.1113216803  -0.1134281554  -1.7610103169
0.1070362099  -0.1089494061  -1.7654814447
0.1027625086  -0.1044920903  -1.7699453883
0.0985005461  -0.1000562221  -1.7743990728
0.0942503095  -0.0956418189  -1.7788391513
0.0900118048  -0.0912489004  -1.7832620050
0.0857850570  -0.0868774866  -1.7876637430
0.0815701113  -0.0825275967  -1.7920402024
0.0773670334  -0.0781992466  -1.7963869481
0.0731759103  -0.0738924478  -1.8006992731
0.0689968501  -0.0696072048  -1.8049721983
0.0648299829  -0.0653435135  -1.8092004727
0.0606754603  -0.0611013592  -1.8133785731
0.0565334556  -0.0568807153  -1.8175007044
0.0524041637  -0.0526815413  -1.8215607992
0.0482878003  -0.0485037818  -1.8255525183
0.0441846014  -0.0443473656  -1.8294692505
0.0400948224  -0.0402122049  -1.8333041123
0.0360187368  -0.0360981958  -1.8370499485
0.0319566352  -0.0320052179  -1.8406993316
0.0279088232  -0.0279331360  -1.8442445621
0.0238756192  -0.0238818010  -1.8476776685
0.0198573526  -0.0198510523  -1.8509904073
0.0158543608  -0.0158407201  -1.8541742630
0.0118669860  -0.0118506284  -1.8572204479
0.0078955717  -0.0078805984  -1.8601199024
0.0039404590  -0.0039304522  -1.8628632947
0.0039362860  -0.0039304242  -1.8628632947
