0.206063
1.0070257474  -1.1284254826   0.0000321380
1.0070257474  -1.1284254826   0.0000321380
1.0070298179  -1.1284294221   0.0000281269
1.0070296138  -1.1284233979   0.0000164028
1.0070225954  -1.1284047491  -0.0000032343
1.0070075219  -1.1283720567  -0.0000309835
1.0069838900  -1.1283247615  -0.0000670439
1.0069514004  -1.1282625391  -0.0001116137
1.0069098307  -1.1281851526  -0.0001648908
1.0068589934  -1.1280924030  -0.0002270727
1.0067987178  -1.1279841090  -0.0002983561
1.0067288426  -1.1278600973  -0.0003789375
1.0066492110  -1.1277201975  -0.0004690127
1.0065596687  -1.1275642398  -0.0005687772
1.0064600627  -1.1273920530  -0.0006784258
1.0063502400  -1.1272034638  -0.0007981529
1.0062300472  -1.1269982960  -0.0009281525
1.0060993303  -1.1267763702  -0.0010686180
1.0059579345  -1.1265375037  -0.0012197422
1.0058057037  -1.1262815100  -0.0013817177
1.0056424805  -1.1260081989  -0.0015547363
1.0054681064  -1.1257173767  -0.0017389894
1.0052824212  -1.1254088455  -0.0019346681
1.0050852636  -1.1250824039  -0.0021419627
1.0048764705  -1.1247378467  -0.0023610633
1.0046558774  -1.1243749648  -0.0025921592
1.0044233183  -1.1239935457  -0.0028354394
1.0041786256  -1.1235933729  -0.0030910924
1.0039216301  -1.1231742267  -0.0033593062
1.0036521611  -1.1227358836  -0.0036402682
1.0033700463  -1.1222781169  -0.0039341654
1.0030751118  -1.1218006963  -0.0042411843
1.0027671782  -1.1213031890  -0.0045619865
1.0024460730  -1.1207855476  -0.0048963205
1.0021116232  -1.1202477995  -0.0052442095
1.0017636447  -1.1196895528  -0.0056058299
1.0014019536  -1.1191104905  -0.0059813572
1.0010263664  -1.1185103438  -0.0063709729
1.0006366981  -1.1178888493  -0.0067748598
1.0002327623  -1.1172457440  -0.0071932028
0.9998143711  -1.1165807639  -0.0076261891
0.9993813352  -1.1158936435  -0.0080740072
0.9989334639  -1.1151841156  -0.0085368476
0.9984705651  -1.1144519116  -0.0090149021
0.9979924452  -1.1136967617  -0.0095083641
0.9974989093  -1.1129183948  -0.0100174286
0.9969897611  -1.1121165391  -0.0105422918
0.9964648029  -1.1112909221  -0.0110831515
0.9959238358  -1.1104412708  -0.0116402069
0.9953666596  -1.1095673119  -0.0122136587
0.9947930727  -1.1086687720  -0.0128037089
0.9942028723  -1.1077453782  -0.0134105611
0.9935958545  -1.1067968577  -0.0140344201
0.9929718139  -1.1058229385  -0.0146754925
0.9923305442  -1.1048233494  -0.0153339862
0.9916718379  -1.1037978204  -0.0160101105
0.9909954862  -1.1027460830  -0.0167040763
0.9903012795  -1.1016678701  -0.0174160961
0.9895890067  -1.1005629164  -0.0181463839
0.9888584561  -1.0994309590  -0.0188951551
0.9881094145  -1.0982717370  -0.0196626270
0.9873416682  -1.0970849923  -0.0204490184
0.9865550020  -1.0958704693  -0.0212545496
0.9857492002  -1.0946278578  -0.0220794442
0.9849240456  -1.0933568882  -0.0229239290
0.9840793199  -1.0920574335  -0.0237882336
0.9832147956  -1.0907293007  -0.0246725891
0.9823302375  -1.0893721952  -0.0255772287
0.9814254129  -1.0879858508  -0.0265023871
0.9805000907  -1.0865700226  -0.0274483012
0.9795540378  -1.0851244709  -0.0284152094
0.9785870190  -1.0836489591  -0.0294033521
0.9775987976  -1.0821432527  -0.0304129711
0.9765891346  -1.0806071201  -0.0314443101
0.9755577892  -1.0790403331  -0.0324976142
0.9745045184  -1.0774426673  -0.0335731302
0.9734290773  -1.0758139014  -0.0346711063
0.9723312189  -1.0741538168  -0.0357917922
0.9712106939  -1.0724621975  -0.0369354388
0.9700672512  -1.0707388302  -0.0381022985
0.9689006372  -1.0689835043  -0.0392926249
0.9677105962  -1.0671960118  -0.0405066730
0.9664968705  -1.0653761478  -0.0417446989
0.9652591999  -1.0635237103  -0.0430069597
0.9639973220  -1.0616385007  -0.0442937136
0.9627109721  -1.0597203230  -0.0456052194
0.9613998833  -1.0577689829  -0.0469417365
0.9600637863  -1.0557842888  -0.0483035250
0.9587024094  -1.0537660520  -0.0496908455
0.9573154787  -1.0517140876  -0.0511039587
0.9559027181  -1.0496282141  -0.0525431257
0.9544638490  -1.0475082537  -0.0540086077
0.9529985906  -1.0453540320  -0.0555006659
0.9515066598  -1.0431653783  -0.0570195610
0.9499877764  -1.0409421289  -0.0585655539
0.9484417164  -1.0386841862  -0.0601389052
0.9468682786  -1.0363914880  -0.0617398751
0.9452672207  -1.0340639388  -0.0633687230
0.9436382869  -1.0317014356  -0.0650257080
0.9419812218  -1.0293038842  -0.0667110883
0.9402957700  -1.0268712236  -0.0684251212
0.9385816767  -1.0244034421  -0.0701680627
0.9368386879  -1.0219004577  -0.0719401679
0.9350665509  -1.0193619700  -0.0737416914
0.9332650133  -1.0167876033  -0.0755728877
0.9314338222  -1.0141771918  -0.0774340098
0.9295727253  -1.0115308015  -0.0793253086
0.9276814719  -1.0088485712  -0.0812470324
0.9257598128  -1.0061306283  -0.0831994274
0.9238075001  -1.0033770837  -0.0851827382
0.9218242872  -1.0005880357  -0.0871972072
0.9198099292  -0.9977635688  -0.0892430750
0.9177641831  -0.9949037553  -0.0913205802
0.9156868134  -0.9920086661  -0.0934299599
0.9135775879  -0.9890783590  -0.0955714494
0.9114362710  -0.9861128628  -0.0977452827
0.9092626274  -0.9831121917  -0.0999516913
0.9070564235  -0.9800763572  -0.1021909047
0.9048174279  -0.9770053667  -0.1044631503
0.9025454112  -0.9738992163  -0.1067686533
0.9002401461  -0.9707578896  -0.1091076364
0.8979014079  -0.9675813633  -0.1114803210
0.8955289741  -0.9643696126  -0.1138869262
0.8931226250  -0.9611226135  -0.1163276691
0.8906821436  -0.9578403454  -0.1188027632
0.8882073154  -0.9545227925  -0.1213124193
0.8856979369  -0.9511699632  -0.1238568442
0.8831538143  -0.9477818895  -0.1264362400
0.8805747508  -0.9443585979  -0.1290508046
0.8779605470  -0.9409001105  -0.1317007303
0.8753110067  -0.9374064521  -0.1343862020
0.8726259368  -0.9338776319  -0.1371073961
0.8699051438  -0.9303133380  -0.1398644637
0.8671484334  -0.9267131996  -0.1426575333
0.8643556341  -0.9230784750  -0.1454867976
0.8615266128  -0.9194117260  -0.1483525548
0.8586612389  -0.9157137038  -0.1512550846
0.8557593554  -0.9119829890  -0.1541945556
0.8528207822  -0.9082183366  -0.1571710738
0.8498453393  -0.9044194922  -0.1601847341
0.8468328658  -0.9005866785  -0.1632356281
0.8437832134  -0.8967202494  -0.1663238433
0.8406962418  -0.8928206138  -0.1694494610
0.8375718171  -0.8888882310  -0.1726125557
0.8344098129  -0.8849236081  -0.1758132002
0.8312101262  -0.8809273287  -0.1790514569
0.8279726794  -0.8769000576  -0.1823273500
0.8246973863  -0.8728424690  -0.1856408733
0.8213841557  -0.8687552370  -0.1889920401
0.8180329149  -0.8646390717  -0.1923809076
0.8146436017  -0.8604947148  -0.1958075436
0.8112161545  -0.8563229314  -0.1992719958
0.8077505266  -0.8521245305  -0.2027742987
0.8042467096  -0.8479003972  -0.2063144791
0.8007046943  -0.8436514075  -0.2098925519
0.7971244498  -0.8393783845  -0.2135085196
0.7935059494  -0.8350821472  -0.2171623670
0.7898491698  -0.8307635083  -0.2208540506
0.7861541077  -0.8264232969  -0.2245834909
0.7824208124  -0.8220624143  -0.2283505529
0.7786493114  -0.8176817059  -0.2321550091
0.7748395599  -0.8132818733  -0.2359964731
0.7709914693  -0.8088635329  -0.2398742403
0.7671048652  -0.8044271074  -0.2437869053
0.7631786075  -0.7999724371  -0.2477259999
0.7592121156  -0.7954997266  -0.2516882853
0.7552091969  -0.7910118133  -0.2556913721
0.7511740984  -0.7865124516  -0.2597502968
0.7471058494  -0.7820028243  -0.2638654229
0.7430015711  -0.7774824119  -0.2680344353
0.7388599697  -0.7729508058  -0.2722557415
0.7346807206  -0.7684078035  -0.2765280315
0.7304637878  -0.7638533067  -0.2808498681
0.7262092419  -0.7592872457  -0.2852196885
0.7219171030  -0.7547093339  -0.2896358109
0.7175873982  -0.7501191349  -0.2940964435
0.7132204620  -0.7455164804  -0.2985996919
0.7088159457  -0.7409004192  -0.3031435667
0.7043723518  -0.7362686880  -0.3077259920
0.6998888337  -0.7316196231  -0.3123448132
0.6953664912  -0.7269534561  -0.3169978040
0.6908070013  -0.7222709519  -0.3216826736
0.6862107104  -0.7175714770  -0.3263970735
0.6815773656  -0.7128536937  -0.3311386061
0.6769069621  -0.7081164900  -0.3359048304
0.6721993794  -0.7033586181  -0.3406932690
0.6674543940  -0.6985786929  -0.3455014158
0.6626717099  -0.6937752713  -0.3503267431
0.6578505991  -0.6889464818  -0.3551667086
0.6529898499  -0.6840899759  -0.3600187621
0.6480876631  -0.6792028757  -0.3648803515
0.6431408886  -0.6742810150  -0.3697489292
0.6381441788  -0.6693181228  -0.3746219621
0.6330880386  -0.6643039366  -0.3794969415
0.6279534382  -0.6592189134  -0.3843713952
0.6226992572  -0.6540219619  -0.3892429459
0.6169018116  -0.6482933287  -0.3941093287
0.6110572364  -0.6425339880  -0.3989681688
0.6059094402  -0.6374812615  -0.4038168244
0.6011271203  -0.6327926300  -0.4086526533
0.5964393295  -0.6281928395  -0.4134732685
0.5917758615  -0.6236103671  -0.4182764738
0.5871348378  -0.6190421933  -0.4230601648
0.5825158903  -0.6144868364  -0.4278223207
0.5779188792  -0.6099431504  -0.4325610167
0.5733436878  -0.6054101253  -0.4372744333
0.5687902244  -0.6008868883  -0.4419608650
0.5642584206  -0.5963727027  -0.4466187206
0.5597482310  -0.5918669667  -0.4512465396
0.5552596422  -0.5873692142  -0.4558430322
0.5507926735  -0.5828791115  -0.4604070899
0.5463473552  -0.5783964479  -0.4649377447
0.5419237119  -0.5739211244  -0.4694341413
0.5375217726  -0.5694531498  -0.4738955679
0.5331415883  -0.5649926399  -0.4783214919
0.5287832294  -0.5605398108  -0.4827115638
0.5244467760  -0.5560949698  -0.4870656197
0.5201323141  -0.5516585067  -0.4913836940
0.5158399354  -0.5472308859  -0.4956660291
0.5115697359  -0.5428126383  -0.4999130924
0.5073218170  -0.5384043533  -0.5041256005
0.5030962864  -0.5340066717  -0.5083045455
0.4988932605  -0.5296202788  -0.5124512403
0.4947128740  -0.5252459013  -0.5165673933
0.4905552983  -0.5208843083  -0.5206552363
0.4864207848  -0.5165363258  -0.5247177915
0.4823097753  -0.5122029296  -0.5287594728
0.4782245420  -0.5078857522  -0.5327938602
0.4741669831  -0.5035862483  -0.5368320320
0.4701321485  -0.4993035568  -0.5408628570
0.4661131534  -0.4950358581  -0.5448729779
0.4621098207  -0.4907830969  -0.5488610181
0.4581250758  -0.4865462444  -0.5528280919
0.4541601835  -0.4823259436  -0.5567746910
0.4502152740  -0.4781225292  -0.5607009523
0.4462902356  -0.4739362399  -0.5646070121
0.4423849515  -0.4697672842  -0.5684930112
0.4384993047  -0.4656158433  -0.5723590961
0.4346331787  -0.4614820717  -0.5762054179
0.4307864572  -0.4573660977  -0.5800321320
0.4269590243  -0.4532680233  -0.5838393969
0.4231507639  -0.4491879249  -0.5876273735
0.4193615599  -0.4451258549  -0.5913962237
0.4155912968  -0.4410818448  -0.5951461104
0.4118398590  -0.4370559068  -0.5988771973
0.4081071315  -0.4330480335  -0.6025896474
0.4043929996  -0.4290581991  -0.6062836221
0.4006973487  -0.4250863604  -0.6099592802
0.3970200646  -0.4211324596  -0.6136167768
0.3933610336  -0.4171964257  -0.6172562626
0.3897201424  -0.4132781762  -0.6208778830
0.3860972783  -0.4093776183  -0.6244817768
0.3824923293  -0.4054946509  -0.6280680752
0.3789051839  -0.4016291657  -0.6316369009
0.3753357310  -0.3977810479  -0.6351883662
0.3717838601  -0.3939501765  -0.6387225713
0.3682494610  -0.3901364222  -0.6422396010
0.3647324227  -0.3863396408  -0.6457395185
0.3612326282  -0.3825595821  -0.6492223260
0.3577499502  -0.3787959139  -0.6526879415
0.3542842775  -0.3750486744  -0.6561363368
0.3508355466  -0.3713183892  -0.6595676730
0.3474037114  -0.3676053920  -0.6629821818
0.3439886899  -0.3639095225  -0.6663800163
0.3405903697  -0.3602305212  -0.6697612716
0.3372086406  -0.3565682595  -0.6731260382
0.3338434029  -0.3529226835  -0.6764744103
0.3304945618  -0.3492937581  -0.6798064825
0.3271620237  -0.3456814539  -0.6831223485
0.3238456958  -0.3420857460  -0.6864221012
0.3205454860  -0.3385066140  -0.6897058323
0.3172613029  -0.3349440415  -0.6929736331
0.3139930558  -0.3313980157  -0.6962255937
0.3107406547  -0.3278685268  -0.6994618036
0.3075040102  -0.3243555678  -0.7026823512
0.3042830335  -0.3208591341  -0.7058873244
0.3010776367  -0.3173792227  -0.7090768105
0.2978877321  -0.3139158322  -0.7122508956
0.2947132329  -0.3104689614  -0.7154096656
0.2915540530  -0.3070386093  -0.7185532055
0.2884101065  -0.3036247742  -0.7216815997
0.2852813083  -0.3002274529  -0.7247949323
0.2821675739  -0.2968466403  -0.7278932864
0.2790688192  -0.2934823286  -0.7309767450
0.2759849607  -0.2901345067  -0.7340453905
0.2729159154  -0.2868031596  -0.7370993048
0.2698616008  -0.2834882673  -0.7401385696
0.2668219349  -0.2801898040  -0.7431632660
0.2637968363  -0.2769077365  -0.7461734750
0.2607862237  -0.2736420175  -0.7491692777
0.2577900167  -0.2703925762  -0.7521507552
0.2548081352  -0.2671593345  -0.7551179889
0.2518404994  -0.2639422444  -0.7580710595
0.2488870299  -0.2607412913  -0.7610100456
0.2459476475  -0.2575564614  -0.7639350249
0.2430222738  -0.2543877250  -0.7668460748
0.2401108306  -0.2512350449  -0.7697432728
0.2372132405  -0.2480983825  -0.7726266960
0.2343294262  -0.2449776989  -0.7754964214
0.2314593109  -0.2418729542  -0.7783525254
0.2286028182  -0.2387841075  -0.7811950840
0.2257598719  -0.2357111170  -0.7840241729
0.2229303964  -0.2326539400  -0.7868398673
0.2201143164  -0.2296125327  -0.7896422423
0.2173115569  -0.2265868427  -0.7924313724
0.2145220433  -0.2235768014  -0.7952073319
0.2117457013  -0.2205823572  -0.7979701946
0.2089824571  -0.2176034995  -0.8007200341
0.2062322372  -0.2146402128  -0.8034569235
0.2034949685  -0.2116924481  -0.8061809355
0.2007705781  -0.2087601487  -0.8088921427
0.1980589934  -0.2058432609  -0.8115906173
0.1953601424  -0.2029417298  -0.8142764311
0.1926739530  -0.2000554989  -0.8169496558
0.1900003538  -0.1971845106  -0.8196103624
0.1873392736  -0.1943287063  -0.8222586221
0.1846906414  -0.1914880266  -0.8248945053
0.1820543867  -0.1886624111  -0.8275180823
0.1794304391  -0.1858517991  -0.8301294232
0.1768187288  -0.1830561292  -0.8327285976
0.1742191860  -0.1802753396  -0.8353156749
0.1716317414  -0.1775093682  -0.8378907241
0.1690563259  -0.1747581525  -0.8404538139
0.1664928709  -0.1720216300  -0.8430050128
0.1639413078  -0.1692997380  -0.8455443889
0.1614015686  -0.1665924134  -0.8480720101
0.1588735853  -0.1638995932  -0.8505879438
0.1563572905  -0.1612212143  -0.8530922574
0.1538526168  -0.1585572134  -0.8555850177
0.1513594974  -0.1559075273  -0.8580662913
0.1488778654  -0.1532720923  -0.8605361447
0.1464076546  -0.1506508450  -0.8629946439
0.1439487989  -0.1480437214  -0.8654418546
0.1415012324  -0.1454506576  -0.8678778423
0.1390648896  -0.1428715894  -0.8703026721
0.1366397054  -0.1403064522  -0.8727164091
0.1342256153  -0.1377552720  -0.8751191283
0.1318225562  -0.1352181024  -0.8775109169
0.1294304627  -0.1326946593  -0.8798918314
0.1270492672  -0.1301846014  -0.8822618996
0.1246789050  -0.1276879733  -0.8846211726
0.1223193142  -0.1252048538  -0.8869697150
0.1199704326  -0.1227351862  -0.8893075864
0.1176321974  -0.1202789115  -0.8916348465
0.1153045462  -0.1178359693  -0.8939515559
0.1129874167  -0.1154062975  -0.8962577755
0.1106807472  -0.1129898325  -0.8985535670
0.1083844758  -0.1105865089  -0.9008389929
0.1060985414  -0.1081962597  -0.9031141163
0.1038228826  -0.1058190162  -0.9053790011
0.1015574387  -0.1034547080  -0.9076337121
0.0993021491  -0.1011032632  -0.9098783147
0.0970569532  -0.0987646084  -0.9121128753
0.0948217909  -0.0964386687  -0.9143374607
0.0925966023  -0.0941253680  -0.9165521387
0.0903813277  -0.0918246291  -0.9187569776
0.0881759076  -0.0895363734  -0.9209520463
0.0859802827  -0.0872605218  -0.9231374140
0.0837943942  -0.0849969941  -0.9253131503
0.0816181831  -0.0827457096  -0.9274793252
0.0794515910  -0.0805065869  -0.9296360087
0.0772945596  -0.0782795443  -0.9317832704
0.0751470310  -0.0760644998  -0.9339211802
0.0730089473  -0.0738613712  -0.9360498072
0.0708802511  -0.0716700764  -0.9381692200
0.0687608851  -0.0694905332  -0.9402794863
0.0666507924  -0.0673226597  -0.9423806728
0.0645499162  -0.0651663742  -0.9444728448
0.0624588433  -0.0630216600  -0.9465861006
0.0603779368  -0.0608884690  -0.9487353787
0.0583054733  -0.0587665503  -0.9508694243
0.0562409078  -0.0566557831  -0.9530015307
0.0541850491  -0.0545561793  -0.9551308324
0.0521378284  -0.0524676614  -0.9572563382
0.0500991804  -0.0503901533  -0.9593769319
0.0480690440  -0.0483235794  -0.9614913713
0.0460473619  -0.0462678651  -0.9635982890
0.0440340813  -0.0442229364  -0.9656961921
0.0420291542  -0.0421887201  -0.9677834621
0.0400325368  -0.0401651433  -0.9698583550
0.0380441907  -0.0381521338  -0.9719190015
0.0360640824  -0.0361496195  -0.9739634067
0.0340921837  -0.0341575286  -0.9759894500
0.0321284715  -0.0321757895  -0.9779948857
0.0301729282  -0.0302043305  -0.9799773423
0.0282255418  -0.0282430798  -0.9819343230
0.0262863054  -0.0262919658  -0.9838632054
0.0243552177  -0.0243509162  -0.9857612417
0.0224322826  -0.0224198588  -0.9876255584
0.0205175090  -0.0204987211  -0.9894531568
0.0186109109  -0.0185874301  -0.9912409125
0.0167125069  -0.0166859129  -0.9929855757
0.0148223199  -0.0147940961  -0.9946837712
0.0129403767  -0.0129119062  -0.9963319980
0.0110667077  -0.0110392700  -0.9979266300
0.0092013461  -0.0091761141  -0.9994639153
0.0073443273  -0.0073223655  -1.0009399768
0.0054956882  -0.0054779517  -1.0023508115
0.0036554666  -0.0036428007  -1.0036922914
0.0018236998  -0.0018168414  -1.0049601626
0.0018228067  -0.0018168342  -1.0049601626
