0.136851
1.5353444329  -1.8991902082   0.0000671103
1.5353444329  -1.8991902082   0.0000671103
1.5353513770  -1.8991936731   0.0000564718
1.5353486591  -1.8991659968   0.0000284415
1.5353311071  -1.8991016903  -0.0000174783
1.5352954011  -1.8989952565  -0.0000817795
1.5352402639  -1.8988447751  -0.0001649479
1.5351649581  -1.8986492505  -0.0002674640
1.5350689507  -1.8984080313  -0.0003898019
1.5349518019  -1.8981206177  -0.0005324304
1.5348131189  -1.8977865828  -0.0006958122
1.5346525350  -1.8974055351  -0.0008804043
1.5344696989  -1.8969770995  -0.0010866578
1.5342642681  -1.8965009075  -0.0013150181
1.5340359057  -1.8959765906  -0.0015659247
1.5337842784  -1.8954037771  -0.0018398114
1.5335090551  -1.8947820899  -0.0021371061
1.5332099057  -1.8941111451  -0.0024582308
1.5328865012  -1.8933905518  -0.0028036020
1.5325385128  -1.8926199113  -0.0031736300
1.5321656119  -1.8917988176  -0.0035687196
1.5317674701  -1.8909268570  -0.0039892696
1.5313437592  -1.8900036087  -0.0044356731
1.5308941507  -1.8890286454  -0.0049083173
1.5304183164  -1.8880015332  -0.0054075837
1.5299159283  -1.8869218327  -0.0059338480
1.5293866583  -1.8857890991  -0.0064874798
1.5288301790  -1.8846028832  -0.0070688433
1.5282461631  -1.8833627318  -0.0076782967
1.5276342840  -1.8820681885  -0.0083161923
1.5269942156  -1.8807187945  -0.0089828767
1.5263256329  -1.8793140891  -0.0096786907
1.5256282044  -1.8778528791  -0.0104050121
1.5249016162  -1.8763353712  -0.0111612381
1.5241455556  -1.8747620264  -0.0119473625
1.5233596925  -1.8731318449  -0.0127636691
1.5225437036  -1.8714441526  -0.0136104482
1.5216972710  -1.8696984306  -0.0144880085
1.5208200789  -1.8678941891  -0.0153966554
1.5199118139  -1.8660309574  -0.0163366942
1.5189721646  -1.8641082763  -0.0173084298
1.5180008220  -1.8621256977  -0.0183121659
1.5169974800  -1.8600827847  -0.0193482043
1.5159618351  -1.8579791122  -0.0204168450
1.5148935866  -1.8558142673  -0.0215183852
1.5137924371  -1.8535878499  -0.0226531197
1.5126580925  -1.8512994731  -0.0238213403
1.5114902619  -1.8489487637  -0.0250233355
1.5102886580  -1.8465353627  -0.0262593905
1.5090529973  -1.8440589258  -0.0275297869
1.5077829970  -1.8415191214  -0.0288348025
1.5064783769  -1.8389156338  -0.0301747109
1.5051388637  -1.8362481672  -0.0315497807
1.5037641893  -1.8335164458  -0.0329602745
1.5023540905  -1.8307202135  -0.0344064482
1.5009083083  -1.8278592343  -0.0358885513
1.4994265892  -1.8249332928  -0.0374068270
1.4979086843  -1.8219421957  -0.0389615117
1.4963543500  -1.8188857715  -0.0405528356
1.4947633483  -1.8157638721  -0.0421810223
1.4931354463  -1.8125763729  -0.0438462888
1.4914704170  -1.8093231737  -0.0455488460
1.4897680392  -1.8060041991  -0.0472888995
1.4880280975  -1.8026192104  -0.0490666524
1.4862503820  -1.7991681129  -0.0508823063
1.4844346894  -1.7956512799  -0.0527360582
1.4825808246  -1.7920689092  -0.0546280999
1.4806885980  -1.7884209277  -0.0565586186
1.4787578197  -1.7847073647  -0.0585277967
1.4767882813  -1.7809282992  -0.0605358121
1.4747797847  -1.7770838469  -0.0625828377
1.4727321660  -1.7731741735  -0.0646690415
1.4706452731  -1.7691994690  -0.0667945860
1.4685189625  -1.7651599416  -0.0689596286
1.4663530996  -1.7610558231  -0.0711643205
1.4641475582  -1.7568873752  -0.0734088077
1.4619022208  -1.7526548910  -0.0756932301
1.4596169785  -1.7483586935  -0.0780177222
1.4572917309  -1.7439991355  -0.0803824129
1.4549263859  -1.7395766019  -0.0827874254
1.4525208598  -1.7350915103  -0.0852328776
1.4500750767  -1.7305443057  -0.0877188819
1.4475889725  -1.7259354612  -0.0902455453
1.4450624859  -1.7212654722  -0.0928129693
1.4424955231  -1.7165348156  -0.0954212494
1.4398879600  -1.7117439469  -0.0980704753
1.4372396688  -1.7068933307  -0.1007607305
1.4345505195  -1.7019834426  -0.1034920926
1.4318203803  -1.6970147684  -0.1062646330
1.4290491181  -1.6919878038  -0.1090784169
1.4262365986  -1.6869030553  -0.1119335034
1.4233826865  -1.6817610388  -0.1148299454
1.4204872468  -1.6765622787  -0.1177677891
1.4175501444  -1.6713073066  -0.1207470746
1.4145712974  -1.6659967105  -0.1237678351
1.4115507638  -1.6606312289  -0.1268300970
1.4084886107  -1.6552116314  -0.1299338732
1.4053848267  -1.6497386322  -0.1330791551
1.4022394052  -1.6442129544  -0.1362659289
1.3990523520  -1.6386353311  -0.1394942018
1.3958236865  -1.6330065175  -0.1427640042
1.3925534373  -1.6273273233  -0.1460753823
1.3892416406  -1.6215986314  -0.1494283929
1.3858883372  -1.6158212316  -0.1528230809
1.3824935675  -1.6099956039  -0.1562594488
1.3790573701  -1.6041221062  -0.1597374541
1.3755797869  -1.5982013853  -0.1632570184
1.3720608673  -1.5922344181  -0.1668180298
1.3685006701  -1.5862222733  -0.1704203443
1.3648992622  -1.5801659843  -0.1740637881
1.3612567203  -1.5740665511  -0.1777481744
1.3575731351  -1.5679249512  -0.1814733296
1.3538486102  -1.5617421404  -0.1852390919
1.3500832595  -1.5555190562  -0.1890452937
1.3462772061  -1.5492566185  -0.1928917589
1.3424305757  -1.5429557186  -0.1967783059
1.3385434968  -1.5366172177  -0.2007047505
1.3346161053  -1.5302419554  -0.2046709067
1.3306485439  -1.5238307515  -0.2086765887
1.3266409626  -1.5173844098  -0.2127216092
1.3225935177  -1.5109037209  -0.2168057807
1.3185063758  -1.5043894686  -0.2209289155
1.3143797154  -1.4978424348  -0.2250908268
1.3102137202  -1.4912633967  -0.2292913314
1.3060085788  -1.4846531313  -0.2335302509
1.3017644861  -1.4780124186  -0.2378074096
1.2974816426  -1.4713420417  -0.2421226309
1.2931602534  -1.4646427897  -0.2464757362
1.2888001273  -1.4579150729  -0.2508665483
1.2844007939  -1.4511590296  -0.2552948930
1.2799627084  -1.4443757014  -0.2597605960
1.2754871863  -1.4375670016  -0.2642634808
1.2709756424  -1.4307349740  -0.2688033675
1.2664295650  -1.4238817265  -0.2733800546
1.2618504316  -1.4170093769  -0.2779933190
1.2572386831  -1.4101191586  -0.2826430209
1.2525936867  -1.4032112566  -0.2873291602
1.2479147814  -1.3962857205  -0.2920517248
1.2432013015  -1.3893426128  -0.2968105672
1.2384524726  -1.3823819091  -0.3016054683
1.2336674552  -1.3754034949  -0.3064362134
1.2288453568  -1.3684071998  -0.3113025999
1.2239860616  -1.3613937520  -0.3162044278
1.2190903917  -1.3543649570  -0.3211414961
1.2141588890  -1.3473223219  -0.3261136069
1.2091916772  -1.3402668877  -0.3311205678
1.2041888808  -1.3331997025  -0.3361621904
1.1991506306  -1.3261218353  -0.3412382912
1.1940770753  -1.3190343994  -0.3463486897
1.1889684195  -1.3119386341  -0.3514932069
1.1838248710  -1.3048357784  -0.3566716678
1.1786465978  -1.2977269705  -0.3618839058
1.1734337659  -1.2906133344  -0.3671297487
1.1681865331  -1.2834959810  -0.3724089755
1.1629050794  -1.2763760620  -0.3777213495
1.1575896642  -1.2692548453  -0.3830667030
1.1522405543  -1.2621335551  -0.3884449063
1.1468579610  -1.2550132846  -0.3938558051
1.1414420792  -1.2478950854  -0.3992992215
1.1359931202  -1.2407800106  -0.4047749633
1.1305113641  -1.2336692164  -0.4102828168
1.1249970699  -1.2265637818  -0.4158225043
1.1194503963  -1.2194645615  -0.4213935980
1.1138714329  -1.2123722718  -0.4269953822
1.1082601886  -1.2052874413  -0.4326264805
1.1026155195  -1.1982097528  -0.4382799573
1.0969368223  -1.1911392473  -0.4439526088
1.0912287996  -1.1840796505  -0.4496585589
1.0854969699  -1.1770360196  -0.4554108809
1.0797402636  -1.1700096278  -0.4612093452
1.0739548841  -1.1629990993  -0.4670511657
1.0681393263  -1.1560034867  -0.4729349029
1.0622936106  -1.1490226339  -0.4788592385
1.0564179661  -1.1420564813  -0.4848227672
1.0505124830  -1.1351046221  -0.4908239751
1.0445772135  -1.1281664700  -0.4968612437
1.0386123863  -1.1212415777  -0.5029328720
1.0326182608  -1.1143293661  -0.5090370869
1.0265950648  -1.1074290788  -0.5151720482
1.0205430918  -1.1005400102  -0.5213358551
1.0144624988  -1.0936611721  -0.5275265515
1.0083534799  -1.0867915527  -0.5337421322
1.0022162888  -1.0799301586  -0.5399805495
0.9960514215  -1.0730761407  -0.5462397206
0.9898584787  -1.0662277525  -0.5525175341
0.9836350430  -1.0593811658  -0.5588118558
0.9773812569  -1.0525351028  -0.5651205324
0.9710997659  -1.0456908782  -0.5714413955
0.9647911071  -1.0388476601  -0.5777722679
0.9584546121  -1.0320033549  -0.5841109715
0.9520895498  -1.0251558511  -0.5904553324
0.9456946560  -1.0183025442  -0.5968031850
0.9392676028  -1.0114398274  -0.6031523769
0.9328043164  -1.0045624300  -0.6095007778
0.9262973247  -0.9976618137  -0.6158462888
0.9197315789  -0.9907220495  -0.6221868538
0.9130705100  -0.9837055939  -0.6285205194
0.9059853178  -0.9762855154  -0.6348454566
0.8988400217  -0.9688335648  -0.6411597161
0.8922907028  -0.9620031591  -0.6474610356
0.8860836502  -0.9555284391  -0.6537471328
0.8799322521  -0.9491162251  -0.6600160150
0.8738034553  -0.9427297659  -0.6662659035
0.8676966621  -0.9363661349  -0.6724950967
0.8616116937  -0.9300235007  -0.6787019609
0.8555483809  -0.9237002172  -0.6848849512
0.8495065810  -0.9173947789  -0.6910426223
0.8434861769  -0.9111058236  -0.6971736304
0.8374870746  -0.9048321362  -0.7032767363
0.8315092022  -0.8985726485  -0.7093508114
0.8255525094  -0.8923264373  -0.7153948422
0.8196169670  -0.8860927224  -0.7214079374
0.8137025658  -0.8798708640  -0.7273893344
0.8078093142  -0.8736603591  -0.7333384020
0.8019372344  -0.8674608366  -0.7392546409
0.7960863642  -0.8612720535  -0.7451377019
0.7902567735  -0.8550938922  -0.7509874442
0.7844485578  -0.8489263531  -0.7568039212
0.7786617929  -0.8427695424  -0.7625872955
0.7728965299  -0.8366236613  -0.7683378600
0.7671528351  -0.8304890003  -0.7740561038
0.7614307993  -0.8243659335  -0.7797427244
0.7557305235  -0.8182549110  -0.7853986413
0.7500521193  -0.8121564506  -0.7910250326
0.7443957204  -0.8060711329  -0.7966233942
0.7387615009  -0.7999996009  -0.8021956422
0.7331497209  -0.7939425709  -0.8077443264
0.7275608591  -0.7879009324  -0.8132731835
0.7219972293  -0.7818759541  -0.8187931501
0.7164608896  -0.7758688397  -0.8243136349
0.7109468303  -0.7698796628  -0.8298256557
0.7054475202  -0.7639076121  -0.8353171973
0.6999626150  -0.7579522846  -0.8407872022
0.6944955510  -0.7520139003  -0.8462371433
0.6890477351  -0.7460927613  -0.8516673216
0.6836191946  -0.7401890705  -0.8570778669
0.6782098151  -0.7343029831  -0.8624689127
0.6728194830  -0.7284346282  -0.8678405970
0.6674480857  -0.7225841114  -0.8731930625
0.6620955124  -0.7167515139  -0.8785264555
0.6567616530  -0.7109368936  -0.8838409257
0.6514463987  -0.7051402847  -0.8891366254
0.6461496415  -0.6993616990  -0.8944137087
0.6408712744  -0.6936011265  -0.8996723307
0.6356111910  -0.6878585366  -0.9049126469
0.6303692861  -0.6821338793  -0.9101348122
0.6251454551  -0.6764270865  -0.9153389799
0.6199395942  -0.6707380737  -0.9205253005
0.6147516004  -0.6650667417  -0.9256939205
0.6095813713  -0.6594129777  -0.9308449811
0.6044288060  -0.6537766567  -0.9359786188
0.5992938050  -0.6481576440  -0.9410949645
0.5941762698  -0.6425557971  -0.9461941418
0.5890761029  -0.6369709675  -0.9512762657
0.5839932077  -0.6314030028  -0.9563414414
0.5789274886  -0.6258517481  -0.9613897629
0.5738788511  -0.6203170478  -0.9664213108
0.5688472009  -0.6147987476  -0.9714361489
0.5638324431  -0.6092966941  -0.9764343177
0.5588344738  -0.6038107255  -0.9814157939
0.5538531740  -0.5983406693  -0.9863804650
0.5488884474  -0.5928864176  -0.9913282701
0.5439402705  -0.5874479840  -0.9962593494
0.5390086491  -0.5820253803  -1.0011739250
0.5340935355  -0.5766185014  -1.0060721304
0.5291948329  -0.5712272010  -1.0109540304
0.5243124483  -0.5658513785  -1.0158196877
0.5194463071  -0.5604909720  -1.0206691698
0.5145963419  -0.5551459370  -1.0255025434
0.5097624874  -0.5498162414  -1.0303198736
0.5049446795  -0.5445018649  -1.0351212238
0.5001428558  -0.5392027988  -1.0399066560
0.4953569550  -0.5339190459  -1.0446762305
0.4905869171  -0.5286506195  -1.0494300060
0.4858326837  -0.5233975432  -1.0541680399
0.4810941973  -0.5181598497  -1.0588903880
0.4763714020  -0.5129375803  -1.0635971046
0.4716642430  -0.5077307837  -1.0682882429
0.4669726666  -0.5025395150  -1.0729638544
0.4622966206  -0.4973638346  -1.0776239898
0.4576360536  -0.4922038063  -1.0822686981
0.4529909156  -0.4870594972  -1.0868980275
0.4483611576  -0.4819309763  -1.0915120250
0.4437467315  -0.4768183135  -1.0961107364
0.4391475906  -0.4717215780  -1.1006942068
0.4345636890  -0.4666408370  -1.1052624801
0.4299949818  -0.4615761543  -1.1098155995
0.4254414250  -0.4565275884  -1.1143536076
0.4209029757  -0.4514951907  -1.1188765460
0.4163795917  -0.4464790023  -1.1233844560
0.4118712319  -0.4414790405  -1.1278773785
0.4073778559  -0.4364952814  -1.1323553550
0.4028994244  -0.4315276882  -1.1368184268
0.3984358985  -0.4265762845  -1.1412666343
0.3939872395  -0.4216411647  -1.1457000148
0.3895534095  -0.4167224285  -1.1501186038
0.3851343713  -0.4118201460  -1.1545224365
0.3807300887  -0.4069343745  -1.1589115482
0.3763405265  -0.4020651730  -1.1632859739
0.3719656499  -0.3972126024  -1.1676457479
0.3676054245  -0.3923767244  -1.1719909041
0.3632598167  -0.3875576015  -1.1763214757
0.3589287931  -0.3827552967  -1.1806374953
0.3546123210  -0.3779698737  -1.1849389954
0.3503103682  -0.3732013622  -1.1892260078
0.3460229027  -0.3684497246  -1.1934985640
0.3417498930  -0.3637150004  -1.1977566953
0.3374913085  -0.3589974174  -1.2020004321
0.3332471186  -0.3542971875  -1.2062298043
0.3290172930  -0.3496143778  -1.2104448416
0.3248018018  -0.3449490245  -1.2146455739
0.3206006154  -0.3403011813  -1.2188320306
0.3164137044  -0.3356708990  -1.2230042410
0.3122410395  -0.3310582258  -1.2271622344
0.3080825918  -0.3264632072  -1.2313060396
0.3039383325  -0.3218858873  -1.2354356854
0.2998082329  -0.3173263084  -1.2395512005
0.2956922647  -0.3127845125  -1.2436526135
0.2915903993  -0.3082605410  -1.2477399529
0.2875026085  -0.3037544351  -1.2518132471
0.2834288641  -0.2992662368  -1.2558725243
0.2793691379  -0.2947959882  -1.2599178129
0.2753234016  -0.2903437326  -1.2639491410
0.2712916272  -0.2859095142  -1.2679665371
0.2672737864  -0.2814933783  -1.2719700292
0.2632698511  -0.2770953713  -1.2759596456
0.2592797929  -0.2727155408  -1.2799354147
0.2553035835  -0.2683539356  -1.2838973649
0.2513411943  -0.2640106053  -1.2878455248
0.2473925968  -0.2596856007  -1.2917799229
0.2434577622  -0.2553789731  -1.2957005880
0.2395366617  -0.2510907743  -1.2996075491
0.2356292660  -0.2468210565  -1.3035008352
0.2317355459  -0.2425698717  -1.3073804758
0.2278554720  -0.2383372718  -1.3112465003
0.2239890143  -0.2341233077  -1.3150989385
0.2201361461  -0.2299284567  -1.3189378509
0.2162968440  -0.2257533325  -1.3227633329
0.2124710730  -0.2215969623  -1.3265753933
0.2086587851  -0.2174580855  -1.3303739607
0.2048599442  -0.2133372532  -1.3341590308
0.2010745272  -0.2092351918  -1.3379306396
0.1973025071  -0.2051519892  -1.3416888095
0.1935438528  -0.2010877240  -1.3454335651
0.1897985328  -0.1970424678  -1.3491649339
0.1860665152  -0.1930162841  -1.3528829464
0.1823477678  -0.1890092277  -1.3565876362
0.1786422579  -0.1850213446  -1.3602790400
0.1749499521  -0.1810526715  -1.3639571981
0.1712708166  -0.1771032355  -1.3676221543
0.1676048171  -0.1731730541  -1.3712739557
0.1639519183  -0.1692621356  -1.3749126530
0.1603120844  -0.1653704788  -1.3785383002
0.1566852789  -0.1614980735  -1.3821509549
0.1530714647  -0.1576449011  -1.3857506776
0.1494706037  -0.1538109344  -1.3893375322
0.1458826574  -0.1499961388  -1.3929115851
0.1423075863  -0.1462004721  -1.3964729054
0.1387453503  -0.1424238859  -1.4000215646
0.1351959088  -0.1386663253  -1.4035576360
0.1316592202  -0.1349277301  -1.4070811944
0.1281352425  -0.1312080355  -1.4105923158
0.1246239330  -0.1275071720  -1.4140910767
0.1211252483  -0.1238250669  -1.4175775537
0.1176391446  -0.1201616441  -1.4210518232
0.1141655772  -0.1165168254  -1.4245139603
0.1107045011  -0.1128905304  -1.4279640385
0.1072558705  -0.1092826782  -1.4314021290
0.1038214770  -0.1056935284  -1.4348786434
0.1004024683  -0.1021231778  -1.4384185933
0.0969940305  -0.0985706363  -1.4419359831
0.0935947207  -0.0950355976  -1.4454530524
0.0902069613  -0.0915184621  -1.4489682996
0.0868306653  -0.0880191540  -1.4524800121
0.0834657550  -0.0845375997  -1.4559862666
0.0801121624  -0.0810737283  -1.4594849289
0.0767698300  -0.0776274703  -1.4629736541
0.0734387115  -0.0741987577  -1.4664498862
0.0701187720  -0.0707875234  -1.4699108587
0.0668099887  -0.0673937004  -1.4733535940
0.0635123515  -0.0640172216  -1.4767749039
0.0602258633  -0.0606580187  -1.4801713890
0.0569505402  -0.0573160218  -1.4835394395
0.0536864120  -0.0539911588  -1.4868752345
0.0504335222  -0.0506833544  -1.4901747424
0.0471919284  -0.0473925300  -1.4934337206
0.0439617018  -0.0441186027  -1.4966477158
0.0407429274  -0.0408614849  -1.4998120640
0.0375357038  -0.0376210843  -1.5029218899
0.0343401426  -0.0343973033  -1.5059721080
0.0311563679  -0.0311900388  -1.5089574214
0.0279845158  -0.0279991827  -1.5118723227
0.0248247332  -0.0248246217  -1.5147110936
0.0216771771  -0.0216662379  -1.5174678049
0.0185420129  -0.0185239097  -1.5201363167
0.0154194135  -0.0153975119  -1.5227102780
0.0123095569  -0.0122869172  -1.5251831273
0.0092126247  -0.0091919973  -1.5275480921
0.0061287996  -0.0061126237  -1.5297981891
0.0030582633  -0.0030486694  -1.5319262240
0.0030557504  -0.0030486511  -1.5319262240
