0.193732
1.0899667575  -1.2450966212   0.0000362632
1.0899667575  -1.2450966212   0.0000362632
1.0899711942  -1.2451007907   0.0000315707
1.0899707612  -1.2450929328   0.0000180836
1.0899626171  -1.2450700316  -0.0000044280
1.0899453023  -1.2450303041  -0.0000361930
1.0899182305  -1.2449730574  -0.0000774399
1.0898810543  -1.2448978940  -0.0001283963
1.0898335170  -1.2448045268  -0.0001892890
1.0897754029  -1.2446927170  -0.0002603442
1.0897065166  -1.2445622486  -0.0003417872
1.0896266732  -1.2444129161  -0.0004338427
1.0895356937  -1.2442445187  -0.0005367345
1.0894334022  -1.2440568565  -0.0006506858
1.0893196239  -1.2438497288  -0.0007759189
1.0891941849  -1.2436229327  -0.0009126555
1.0890569106  -1.2433762622  -0.0010611164
1.0889076261  -1.2431095082  -0.0012215219
1.0887461553  -1.2428224577  -0.0013940912
1.0885723211  -1.2425148938  -0.0015790431
1.0883859450  -1.2421865954  -0.0017765954
1.0881868474  -1.2418373377  -0.0019869653
1.0879748468  -1.2414668913  -0.0022103691
1.0877497604  -1.2410750230  -0.0024470226
1.0875114040  -1.2406614953  -0.0026971406
1.0872595916  -1.2402260667  -0.0029609374
1.0869941356  -1.2397684919  -0.0032386262
1.0867148468  -1.2392885214  -0.0035304199
1.0864215344  -1.2387859021  -0.0038365302
1.0861140060  -1.2382603770  -0.0041571684
1.0857920676  -1.2377116855  -0.0044925449
1.0854555234  -1.2371395637  -0.0048428693
1.0851041713  -1.2365434899  -0.0052088896
1.0847378179  -1.2359234232  -0.0055903202
1.0843562691  -1.2352794208  -0.0059871875
1.0839593179  -1.2346110218  -0.0063996875
1.0835467581  -1.2339178606  -0.0068280167
1.0831183840  -1.2331996310  -0.0072723790
1.0826739885  -1.2324560337  -0.0077329799
1.0822133631  -1.2316867720  -0.0082100274
1.0817362977  -1.2308915486  -0.0087037311
1.0812425810  -1.2300700658  -0.0092143022
1.0807320001  -1.2292220252  -0.0097419527
1.0802043407  -1.2283471275  -0.0102868969
1.0796593874  -1.2274450728  -0.0108493508
1.0790969231  -1.2265155608  -0.0114295322
1.0785167296  -1.2255582911  -0.0120276608
1.0779185873  -1.2245729636  -0.0126439581
1.0773022754  -1.2235592790  -0.0132786472
1.0766675719  -1.2225169388  -0.0139319528
1.0760142535  -1.2214456449  -0.0146041013
1.0753420958  -1.2203450993  -0.0152953207
1.0746508734  -1.2192150050  -0.0160058404
1.0739403595  -1.2180550657  -0.0167358910
1.0732103265  -1.2168649867  -0.0174857049
1.0724605455  -1.2156444745  -0.0182555151
1.0716907871  -1.2143932374  -0.0190455563
1.0709008203  -1.2131109855  -0.0198560638
1.0700904138  -1.2117974308  -0.0206872740
1.0692593351  -1.2104522878  -0.0215394239
1.0684073510  -1.2090752733  -0.0224127514
1.0675342275  -1.2076661069  -0.0233074936
1.0666397298  -1.2062245113  -0.0242238856
1.0657236225  -1.2047501421  -0.0251621606
1.0647856691  -1.2032427030  -0.0261225510
1.0638256326  -1.2017020705  -0.0271052875
1.0628432765  -1.2001280491  -0.0281106001
1.0618383635  -1.1985203269  -0.0291387177
1.0608106557  -1.1968786219  -0.0301898680
1.0597599148  -1.1952026746  -0.0312642774
1.0586859023  -1.1934922325  -0.0323621716
1.0575883794  -1.1917470475  -0.0334837749
1.0564670963  -1.1899668649  -0.0346293107
1.0553217813  -1.1881514133  -0.0357990015
1.0541521752  -1.1863004382  -0.0369930689
1.0529580430  -1.1844137143  -0.0382117338
1.0517391529  -1.1824910245  -0.0394552165
1.0504952762  -1.1805321602  -0.0407237367
1.0492261870  -1.1785369203  -0.0420175145
1.0479316625  -1.1765051124  -0.0433367734
1.0466114837  -1.1744365524  -0.0446817425
1.0452654348  -1.1723310661  -0.0460526531
1.0438933035  -1.1701884895  -0.0474497372
1.0424948809  -1.1680086692  -0.0488732275
1.0410699619  -1.1657914625  -0.0503233578
1.0396183452  -1.1635367382  -0.0518003630
1.0381398335  -1.1612443764  -0.0533044790
1.0366342334  -1.1589142688  -0.0548359428
1.0351013555  -1.1565463180  -0.0563949921
1.0335410147  -1.1541404384  -0.0579818661
1.0319530296  -1.1516965575  -0.0595968045
1.0303372234  -1.1492146154  -0.0612400481
1.0286934220  -1.1466945651  -0.0629118389
1.0270213979  -1.1441363210  -0.0646124198
1.0253208662  -1.1415397503  -0.0663420350
1.0235915580  -1.1389047372  -0.0681009292
1.0218332212  -1.1362311943  -0.0698893475
1.0200455985  -1.1335190466  -0.0717075358
1.0182284272  -1.1307682250  -0.0735557405
1.0163814392  -1.1279786663  -0.0754342082
1.0145043606  -1.1251503367  -0.0773431859
1.0125969119  -1.1222832538  -0.0792829207
1.0106588081  -1.1193773840  -0.0812536599
1.0086897588  -1.1164324730  -0.0832556524
1.0066894679  -1.1134481333  -0.0852891493
1.0046576317  -1.1104241465  -0.0873544023
1.0025939402  -1.1073605575  -0.0894516620
1.0004980775  -1.1042575238  -0.0915811773
0.9983697223  -1.1011151959  -0.0937431960
0.9962085471  -1.0979336977  -0.0959379653
0.9940142514  -1.0947131682  -0.0981657313
0.9917867024  -1.0914539181  -0.1004267392
0.9895258035  -1.0881562826  -0.1027212331
0.9872313425  -1.0848204505  -0.1050494557
0.9849030910  -1.0814465751  -0.1074116472
0.9825408230  -1.0780347959  -0.1098080445
0.9801443150  -1.0745852364  -0.1122388814
0.9777133462  -1.0710980052  -0.1147043876
0.9752476988  -1.0675732048  -0.1172047888
0.9727471576  -1.0640109386  -0.1197403074
0.9702115111  -1.0604113063  -0.1223111621
0.9676405506  -1.0567743969  -0.1249175658
0.9650340702  -1.0531002915  -0.1275597245
0.9623918685  -1.0493890725  -0.1302378373
0.9597137591  -1.0456408505  -0.1329520963
0.9569995627  -1.0418557478  -0.1357026896
0.9542490942  -1.0380338693  -0.1384898011
0.9514621690  -1.0341753211  -0.1413136083
0.9486386060  -1.0302802192  -0.1441742814
0.9457782283  -1.0263486895  -0.1470719834
0.9428808629  -1.0223808644  -0.1500068700
0.9399463413  -1.0183768692  -0.1529790895
0.9369744957  -1.0143365758  -0.1559887650
0.9339651573  -1.0102597143  -0.1590359873
0.9309181832  -1.0061472509  -0.1621208941
0.9278334866  -1.0020015767  -0.1652437360
0.9247109856  -0.9978239759  -0.1684047774
0.9215505456  -0.9936135855  -0.1716041754
0.9183520010  -0.9893692357  -0.1748420030
0.9151151973  -0.9850906478  -0.1781183168
0.9118400056  -0.9807781209  -0.1814331764
0.9085263129  -0.9764321155  -0.1847866371
0.9051740148  -0.9720531488  -0.1881787438
0.9017830350  -0.9676418318  -0.1916095315
0.8983533198  -0.9631988522  -0.1950790282
0.8948848034  -0.9587248996  -0.1985872564
0.8913774141  -0.9542206747  -0.2021342369
0.8878310864  -0.9496869134  -0.2057199741
0.8842457552  -0.9451243806  -0.2093444256
0.8806213599  -0.9405338684  -0.2130075272
0.8769578742  -0.9359162301  -0.2167092575
0.8732553297  -0.9312724203  -0.2204496370
0.8695137552  -0.9266033934  -0.2242286759
0.8657331458  -0.9219100513  -0.2280463631
0.8619134987  -0.9171932989  -0.2319026773
0.8580548177  -0.9124540447  -0.2357975833
0.8541571205  -0.9076932109  -0.2397310302
0.8502204751  -0.9029118017  -0.2437029447
0.8462449563  -0.8981108108  -0.2477132184
0.8422306001  -0.8932911260  -0.2517616942
0.8381774322  -0.8884535889  -0.2558481366
0.8340854678  -0.8835989972  -0.2599721733
0.8299547491  -0.8787281767  -0.2641331737
0.8257852690  -0.8738418189  -0.2683299089
0.8215759815  -0.8689397923  -0.2725550244
0.8173259075  -0.8640219486  -0.2768033910
0.8130381809  -0.8590907518  -0.2810886433
0.8087177014  -0.8541504564  -0.2854276001
0.8043647170  -0.8492030982  -0.2898235060
0.7999762050  -0.8442481754  -0.2942738064
0.7955503080  -0.8392850153  -0.2987766457
0.7910867138  -0.8343135643  -0.3033306914
0.7865854878  -0.8293338739  -0.3079344885
0.7820466068  -0.8243457107  -0.3125864569
0.7774700547  -0.8193487211  -0.3172848982
0.7728559535  -0.8143426381  -0.3220280035
0.7682044035  -0.8093270290  -0.3268138614
0.7635155165  -0.8043013050  -0.3316404671
0.7587896654  -0.7992651185  -0.3365057299
0.7540262202  -0.7942170214  -0.3414074819
0.7492233526  -0.7891542226  -0.3463434859
0.7443807860  -0.7840754573  -0.3513114420
0.7395005371  -0.7789817280  -0.3563089930
0.7345839201  -0.7738733094  -0.3613337311
0.7296307647  -0.7687488915  -0.3663832064
0.7246409755  -0.7636071920  -0.3714549352
0.7196144041  -0.7584468756  -0.3765464058
0.7145507259  -0.7532663982  -0.3816550865
0.7094495174  -0.7480641546  -0.3867784304
0.7043097991  -0.7428379938  -0.3919138821
0.6991299383  -0.7375851361  -0.3970588858
0.6939073528  -0.7323019192  -0.4022108924
0.6886375009  -0.7269828176  -0.4073673678
0.6833123467  -0.7216189441  -0.4125258001
0.6779164850  -0.7161942608  -0.4176837101
0.6724145188  -0.7106731075  -0.4228387073
0.6664396461  -0.7046905922  -0.4279885278
0.6602821792  -0.6985441085  -0.4331308437
0.6546994526  -0.6929883563  -0.4382630573
0.6495923842  -0.6879115176  -0.4433824948
0.6446197211  -0.6829659769  -0.4484867109
0.6396724813  -0.6780407269  -0.4535734901
0.6347480349  -0.6731317493  -0.4586407254
0.6298459633  -0.6682373550  -0.4636863874
0.6249661178  -0.6633562589  -0.4687085414
0.6201083741  -0.6584873154  -0.4737053615
0.6152726340  -0.6536295210  -0.4786751336
0.6104588238  -0.6487820134  -0.4836162622
0.6056668933  -0.6439440701  -0.4885272774
0.6008968137  -0.6391151057  -0.4934068367
0.5961485801  -0.6342946703  -0.4982537471
0.5914222213  -0.6294824495  -0.5030670113
0.5867177950  -0.6246782584  -0.5078458211
0.5820353577  -0.6198820291  -0.5125894960
0.5773749533  -0.6150938002  -0.5172974783
0.5727366372  -0.6103137151  -0.5219693844
0.5681204881  -0.6055420182  -0.5266050249
0.5635265981  -0.6007790462  -0.5312044045
0.5589550647  -0.5960252187  -0.5357677334
0.5544059905  -0.5912810297  -0.5402954398
0.5498794824  -0.5865470395  -0.5447881896
0.5453756540  -0.5818238669  -0.5492469158
0.5408946281  -0.5771121825  -0.5536728555
0.5364365431  -0.5724127032  -0.5580676126
0.5320015697  -0.5677261920  -0.5624332691
0.5275899465  -0.5630534669  -0.5667725978
0.5232020799  -0.5583954835  -0.5710895865
0.5188400475  -0.5537537576  -0.5753961870
0.5145061969  -0.5491298586  -0.5797049027
0.5101968011  -0.5445235414  -0.5840090477
0.5059045470  -0.5399332208  -0.5882944132
0.5016276548  -0.5353584168  -0.5925570281
0.4973689171  -0.5307998711  -0.5967981249
0.4931301930  -0.5262582865  -0.6010184005
0.4889117714  -0.5217340328  -0.6052179928
0.4847135456  -0.5172273578  -0.6093970363
0.4805354003  -0.5127384771  -0.6135556697
0.4763772204  -0.5082675785  -0.6176940376
0.4722388914  -0.5038148228  -0.6218122894
0.4681202989  -0.4993803436  -0.6259105790
0.4640213290  -0.4949642487  -0.6299890640
0.4599418680  -0.4905666203  -0.6340479049
0.4558818024  -0.4861875158  -0.6380872638
0.4518410185  -0.4818269684  -0.6421073035
0.4478194032  -0.4774849892  -0.6461081865
0.4438168431  -0.4731615712  -0.6500900750
0.4398332260  -0.4688566895  -0.6540531299
0.4358684398  -0.4645703015  -0.6579975100
0.4319223726  -0.4603023487  -0.6619233705
0.4279949132  -0.4560527581  -0.6658308620
0.4240859507  -0.4518214449  -0.6697201297
0.4201953747  -0.4476083137  -0.6735913123
0.4163230757  -0.4434132603  -0.6774445410
0.4124689446  -0.4392361731  -0.6812799381
0.4086328728  -0.4350769342  -0.6850976158
0.4048147523  -0.4309354202  -0.6888976739
0.4010144755  -0.4268115007  -0.6926801975
0.3972319342  -0.4227050337  -0.6964452510
0.3934670141  -0.4186157915  -0.7001928420
0.3897195894  -0.4145434503  -0.7039228885
0.3859895451  -0.4104879515  -0.7076353318
0.3822768154  -0.4064497158  -0.7113302928
0.3785813641  -0.4024291289  -0.7150080023
0.3749031248  -0.3984261254  -0.7186686337
0.3712419920  -0.3944404479  -0.7223122866
0.3675978552  -0.3904719397  -0.7259390456
0.3639706159  -0.3865205400  -0.7295490005
0.3603601825  -0.3825862148  -0.7331422422
0.3567664653  -0.3786689372  -0.7367188605
0.3531893755  -0.3747686861  -0.7402789444
0.3496288248  -0.3708854458  -0.7438225820
0.3460847259  -0.3670192057  -0.7473498603
0.3425569921  -0.3631699603  -0.7508608656
0.3390455374  -0.3593377079  -0.7543556833
0.3355502765  -0.3555224506  -0.7578343977
0.3320711248  -0.3517241935  -0.7612970927
0.3286079984  -0.3479429440  -0.7647438512
0.3251608139  -0.3441787115  -0.7681747553
0.3217294887  -0.3404315068  -0.7715898866
0.3183139406  -0.3367013412  -0.7749893259
0.3149140881  -0.3329882259  -0.7783731533
0.3115298504  -0.3292921709  -0.7817414486
0.3081611471  -0.3256131845  -0.7850942907
0.3048078983  -0.3219512725  -0.7884317582
0.3014700247  -0.3183064376  -0.7917539293
0.2981474476  -0.3146786781  -0.7950608815
0.2948400888  -0.3110679875  -0.7983526922
0.2915478702  -0.3074743534  -0.8016294384
0.2882707148  -0.3038977553  -0.8048911969
0.2850085455  -0.3003381583  -0.8081380444
0.2817612859  -0.2967955019  -0.8113700580
0.2785288602  -0.2932697116  -0.8145873151
0.2753111926  -0.2897607403  -0.8177898926
0.2721082079  -0.2862685817  -0.8209778655
0.2689198309  -0.2827932389  -0.8241513074
0.2657459869  -0.2793346985  -0.8273102916
0.2625866019  -0.2758929358  -0.8304548915
0.2594416023  -0.2724679240  -0.8335851804
0.2563109147  -0.2690596358  -0.8367012314
0.2531944662  -0.2656680431  -0.8398031170
0.2500921842  -0.2622931168  -0.8428909097
0.2470039963  -0.2589348268  -0.8459646813
0.2439298305  -0.2555931419  -0.8490245035
0.2408696153  -0.2522680300  -0.8520704476
0.2378232791  -0.2489594478  -0.8551025846
0.2347907510  -0.2456673313  -0.8581209854
0.2317719602  -0.2423916382  -0.8611257205
0.2287668362  -0.2391323804  -0.8641168598
0.2257753091  -0.2358895632  -0.8670944733
0.2227973090  -0.2326631486  -0.8700586303
0.2198327662  -0.2294530887  -0.8730094002
0.2168816114  -0.2262593397  -0.8759468522
0.2139437756  -0.2230818561  -0.8788710551
0.2110191899  -0.2199205905  -0.8817820773
0.2081077857  -0.2167754943  -0.8846799873
0.2052094949  -0.2136465175  -0.8875648532
0.2023242493  -0.2105336090  -0.8904367427
0.1994519810  -0.2074367166  -0.8932957235
0.1965926226  -0.2043557876  -0.8961418629
0.1937461066  -0.2012907685  -0.8989752281
0.1909123660  -0.1982416052  -0.9017958860
0.1880913339  -0.1952082432  -0.9046039032
0.1852829437  -0.1921906277  -0.9073993461
0.1824871288  -0.1891887036  -0.9101822810
0.1797038232  -0.1862024155  -0.9129527737
0.1769329608  -0.1832317078  -0.9157108901
0.1741744759  -0.1802765247  -0.9184566956
0.1714283029  -0.1773368103  -0.9211902555
0.1686943765  -0.1744125083  -0.9239116350
0.1659726316  -0.1715035626  -0.9266208988
0.1632630032  -0.1686099165  -0.9293181117
0.1605654267  -0.1657315133  -0.9320033380
0.1578798376  -0.1628682957  -0.9346766421
0.1552061716  -0.1600202065  -0.9373380878
0.1525443646  -0.1571871876  -0.9399877390
0.1498943527  -0.1543691808  -0.9426256593
0.1472560732  -0.1515662464  -0.9452519249
0.1446294644  -0.1487784807  -0.9478666268
0.1420144619  -0.1460055378  -0.9504698185
0.1394109978  -0.1432469957  -0.9530615196
0.1368190081  -0.1405029377  -0.9556417774
0.1342384323  -0.1377734931  -0.9582106561
0.1316692094  -0.1350586127  -0.9607682138
0.1291112774  -0.1323582446  -0.9633145091
0.1265645744  -0.1296723349  -0.9658496014
0.1240290390  -0.1270008273  -0.9683735511
0.1215046099  -0.1243436633  -0.9708864194
0.1189912257  -0.1217007821  -0.9733882687
0.1164888255  -0.1190721203  -0.9758791623
0.1139973486  -0.1164576123  -0.9783591645
0.1115167341  -0.1138571900  -0.9808283409
0.1090469215  -0.1112707833  -0.9832867581
0.1065878506  -0.1086983198  -0.9857344837
0.1041394609  -0.1061397249  -0.9881715863
0.1017016925  -0.1035949222  -0.9905981356
0.0992744853  -0.1010638337  -0.9930142022
0.0968577796  -0.0985463795  -0.9954198572
0.0944515156  -0.0960424785  -0.9978151728
0.0920556339  -0.0935520482  -1.0002002215
0.0896700751  -0.0910750049  -1.0025750761
0.0872947800  -0.0886112643  -1.0049398100
0.0849296896  -0.0861607410  -1.0072944962
0.0825747450  -0.0837233492  -1.0096392078
0.0802298875  -0.0812990027  -1.0119740176
0.0778950588  -0.0788876148  -1.0142989974
0.0755702004  -0.0764890990  -1.0166142185
0.0732552543  -0.0741033687  -1.0189197508
0.0709501625  -0.0717303375  -1.0212156627
0.0686556475  -0.0693700046  -1.0235350762
0.0663721600  -0.0670223280  -1.0258944300
0.0640976203  -0.0646869963  -1.0282373064
0.0618313781  -0.0623638703  -1.0305783315
0.0595744244  -0.0600529863  -1.0329165482
0.0573266860  -0.0577542627  -1.0352508608
0.0550880939  -0.0554676186  -1.0375800359
0.0528585839  -0.0531929742  -1.0399027016
0.0506380965  -0.0509302507  -1.0422173479
0.0484265773  -0.0486793700  -1.0445223267
0.0462239776  -0.0464402545  -1.0468158517
0.0440302540  -0.0442128274  -1.0490959985
0.0418453692  -0.0419970122  -1.0513607045
0.0396692919  -0.0397927325  -1.0536077688
0.0375019968  -0.0375999121  -1.0558348525
0.0353434652  -0.0354184748  -1.0580394785
0.0331936848  -0.0332483443  -1.0602190315
0.0310526494  -0.0310894438  -1.0623707580
0.0289203597  -0.0289416963  -1.0644917666
0.0267968225  -0.0268050242  -1.0665790273
0.0246820511  -0.0246793495  -1.0686293722
0.0225760645  -0.0225645934  -1.0706394953
0.0204788881  -0.0204606767  -1.0726059523
0.0183905526  -0.0183675197  -1.0745251607
0.0163110936  -0.0162850420  -1.0763934000
0.0142405519  -0.0142131631  -1.0782068114
0.0121789719  -0.0121518020  -1.0799613979
0.0101264019  -0.0101008778  -1.0816530245
0.0080828923  -0.0080603098  -1.0832774179
0.0060484958  -0.0060300177  -1.0848301667
0.0040232655  -0.0040099217  -1.0863067213
0.0020072544  -0.0019999431  -1.0877023940
0.0020061723  -0.0019999346  -1.0877023940
