0.11379
1.7841767126  -2.0157477080   0.0000661306
1.7841767126  -2.0157477080   0.0000661306
1.7841821421  -2.0157439249   0.0000546121
1.7841779224  -2.0157099819   0.0000254216
1.7841591956  -2.0156432151  -0.0000219415
1.7841222109  -2.0155379260  -0.0000879725
1.7840655774  -2.0153922594  -0.0001731614
1.7839885070  -2.0152053067  -0.0002779929
1.7838904387  -2.0149765091  -0.0004029465
1.7837709144  -2.0147054603  -0.0005484965
1.7836295281  -2.0143918263  -0.0007151117
1.7834659029  -2.0140353080  -0.0009032560
1.7832796784  -2.0136356212  -0.0011133876
1.7830705038  -2.0131924865  -0.0013459599
1.7828380347  -2.0127056230  -0.0016014206
1.7825819301  -2.0121747444  -0.0018802124
1.7823018509  -2.0115995570  -0.0021827727
1.7819974595  -2.0109797586  -0.0025095336
1.7816684185  -2.0103150372  -0.0028609219
1.7813143907  -2.0096050714  -0.0032373592
1.7809350387  -2.0088495297  -0.0036392619
1.7805300249  -2.0080480709  -0.0040670410
1.7800990109  -2.0072003443  -0.0045211022
1.7796416581  -2.0063059897  -0.0050018462
1.7791576272  -2.0053646385  -0.0055096681
1.7786465787  -2.0043759137  -0.0060449580
1.7781081729  -2.0033394303  -0.0066081006
1.7775420694  -2.0022547966  -0.0071994753
1.7769479279  -2.0011216139  -0.0078194564
1.7763254080  -1.9999394776  -0.0084684129
1.7756741691  -1.9987079780  -0.0091467083
1.7749938709  -1.9974267006  -0.0098547011
1.7742841640  -1.9960944331  -0.0105937706
1.7735447206  -1.9947114798  -0.0113633546
1.7727752136  -1.9932784058  -0.0121634797
1.7719752928  -1.9917942049  -0.0129944296
1.7711446153  -1.9902582290  -0.0138565056
1.7702828432  -1.9886699770  -0.0147500371
1.7693896404  -1.9870289758  -0.0156753511
1.7684646719  -1.9853347729  -0.0166327754
1.7675076044  -1.9835869258  -0.0176226376
1.7665181064  -1.9817849995  -0.0186452651
1.7654958480  -1.9799285670  -0.0197009837
1.7644405014  -1.9780172096  -0.0207901176
1.7633517406  -1.9760505178  -0.0219129889
1.7622292423  -1.9740280916  -0.0230699170
1.7610726854  -1.9719495413  -0.0242612192
1.7598817512  -1.9698144884  -0.0254872105
1.7586561240  -1.9676225670  -0.0267482030
1.7573954910  -1.9653734247  -0.0280445061
1.7560995422  -1.9630667232  -0.0293764263
1.7547679709  -1.9607021386  -0.0307442669
1.7534004737  -1.9582793615  -0.0321483279
1.7519967509  -1.9557980984  -0.0335889057
1.7505565061  -1.9532580718  -0.0350662932
1.7490794468  -1.9506590212  -0.0365807794
1.7475652845  -1.9480007029  -0.0381326495
1.7460137304  -1.9452828880  -0.0397221842
1.7444244977  -1.9425053645  -0.0413496589
1.7427973075  -1.9396679428  -0.0430153445
1.7411318873  -1.9367704538  -0.0447195074
1.7394279692  -1.9338127477  -0.0464624097
1.7376852906  -1.9307946944  -0.0482443089
1.7359035936  -1.9277159777  -0.0500654579
1.7340826246  -1.9245764346  -0.0519261047
1.7322221357  -1.9213764082  -0.0538264919
1.7303218871  -1.9181160409  -0.0557668572
1.7283816436  -1.9147951696  -0.0577474334
1.7264011741  -1.9114137311  -0.0597684477
1.7243802534  -1.9079717248  -0.0618301222
1.7223186623  -1.9044691799  -0.0639326731
1.7202161871  -1.9009061506  -0.0660763103
1.7180726203  -1.8972827118  -0.0682612367
1.7158877601  -1.8935989579  -0.0704876488
1.7136614110  -1.8898550034  -0.0727557361
1.7113933749  -1.8860509806  -0.0750656816
1.7090834489  -1.8821870386  -0.0774176618
1.7067314430  -1.8782633541  -0.0798118468
1.7043371837  -1.8742801317  -0.0822484003
1.7019005047  -1.8702375957  -0.0847274803
1.6994212463  -1.8661359884  -0.0872492416
1.6968992560  -1.8619755696  -0.0898138358
1.6943343881  -1.8577566164  -0.0924214077
1.6917265030  -1.8534794255  -0.0950720939
1.6890754677  -1.8491443154  -0.0977660241
1.6863811558  -1.8447516266  -0.1005033206
1.6836434479  -1.8403017231  -0.1032840993
1.6808622312  -1.8357949940  -0.1061084693
1.6780373994  -1.8312318529  -0.1089765338
1.6751688333  -1.8266127223  -0.1118883923
1.6722564011  -1.8219380312  -0.1148441432
1.6692999956  -1.8172082400  -0.1178438820
1.6662995333  -1.8124238451  -0.1208876999
1.6632549379  -1.8075853648  -0.1239756835
1.6601661399  -1.8026933230  -0.1271079147
1.6570330767  -1.7977482437  -0.1302844716
1.6538556921  -1.7927506817  -0.1335054277
1.6506339368  -1.7877012378  -0.1367708523
1.6473677677  -1.7826005362  -0.1400808110
1.6440571481  -1.7774492152  -0.1434353651
1.6407020476  -1.7722479372  -0.1468345713
1.6373024425  -1.7669974393  -0.1502784814
1.6338582983  -1.7616985138  -0.1537671422
1.6303695624  -1.7563518050  -0.1573005959
1.6268361781  -1.7509576496  -0.1608788800
1.6232580874  -1.7455163127  -0.1645020227
1.6196352327  -1.7400283794  -0.1681700452
1.6159675600  -1.7344947573  -0.1718829709
1.6122550208  -1.7289164339  -0.1756408301
1.6084975697  -1.7232943647  -0.1794436573
1.6046951633  -1.7176294743  -0.1832914900
1.6008478000  -1.7119227105  -0.1871843654
1.5969555967  -1.7061751398  -0.1911223094
1.5930186355  -1.7003877579  -0.1951053266
1.5890368793  -1.6945613768  -0.1991333992
1.5850102790  -1.6886967540  -0.2032064894
1.5809387837  -1.6827946073  -0.2073245406
1.5768223420  -1.6768556174  -0.2114874800
1.5726609038  -1.6708804329  -0.2156952310
1.5684544239  -1.6648696758  -0.2199477239
1.5642028646  -1.6588239520  -0.2242448890
1.5599063058  -1.6527439927  -0.2285866499
1.5555649119  -1.6466306107  -0.2329729248
1.5511787880  -1.6404845128  -0.2374036258
1.5467480090  -1.6343063420  -0.2418786594
1.5422726565  -1.6280967475  -0.2463979278
1.5377528199  -1.6218563977  -0.2509613303
1.5331885954  -1.6155859633  -0.2555687605
1.5285800857  -1.6092861097  -0.2602201055
1.5239274121  -1.6029575356  -0.2649152464
1.5192307171  -1.5966009868  -0.2696540593
1.5144901370  -1.5902171947  -0.2744364116
1.5097057986  -1.5838068686  -0.2792621595
1.5048778303  -1.5773706975  -0.2841311311
1.5000063636  -1.5709093955  -0.2890431349
1.4950915574  -1.5644238519  -0.2939980604
1.4901335494  -1.5579150157  -0.2989959132
1.4851322717  -1.5513835989  -0.3040366606
1.4800878293  -1.5448304670  -0.3091201323
1.4750007221  -1.5382568816  -0.3142460916
1.4698715550  -1.5316642150  -0.3194143002
1.4647009957  -1.5250539097  -0.3246245229
1.4594897597  -1.5184274770  -0.3298765232
1.4542384581  -1.5117863908  -0.3351700579
1.4489472486  -1.5051317290  -0.3405048767
1.4436159294  -1.4984641572  -0.3458807289
1.4382442433  -1.4917842346  -0.3512973647
1.4328318887  -1.4850924866  -0.3567545349
1.4273785203  -1.4783894037  -0.3622519927
1.4218838477  -1.4716755582  -0.3677894888
1.4163481934  -1.4649522485  -0.3733667745
1.4107721493  -1.4582210746  -0.3789836071
1.4051559857  -1.4514832363  -0.3846397460
1.3994999115  -1.4447398448  -0.3903349612
1.3938041320  -1.4379919920  -0.3960689905
1.3880688340  -1.4312407594  -0.4018413636
1.3822942431  -1.4244873030  -0.4076515669
1.3764806667  -1.4177328069  -0.4134993847
1.3706284286  -1.4109783995  -0.4193847096
1.3647377887  -1.4042251344  -0.4253073446
1.3588089764  -1.3974740271  -0.4312670472
1.3528422919  -1.3907261872  -0.4372635085
1.3468380132  -1.3839826204  -0.4432962980
1.3407963055  -1.3772440626  -0.4493647430
1.3347172005  -1.3705109054  -0.4554675732
1.3285997134  -1.3637824680  -0.4615989428
1.3224437546  -1.3570591304  -0.4677574944
1.3162541876  -1.3503464030  -0.4739568111
1.3100358103  -1.3436504126  -0.4802075920
1.3037870143  -1.3369713677  -0.4865088669
1.2975042745  -1.3303066935  -0.4928581511
1.2911863776  -1.3236550188  -0.4992540077
1.2848332750  -1.3170157669  -0.5056950307
1.2784451741  -1.3103885831  -0.5121796998
1.2720223039  -1.3037729835  -0.5187063856
1.2655647765  -1.2971681158  -0.5252733654
1.2590728032  -1.2905731562  -0.5318788427
1.2525466763  -1.2839872649  -0.5385209579
1.2459866078  -1.2774093119  -0.5451977966
1.2393929166  -1.2708382346  -0.5519073998
1.2327658469  -1.2642728099  -0.5586477712
1.2261054521  -1.2577114780  -0.5654168735
1.2194119845  -1.2511528739  -0.5722126220
1.2126857656  -1.2445956118  -0.5790328954
1.2059270595  -1.2380382186  -0.5858755488
1.1991368381  -1.2314798803  -0.5927384182
1.1923130970  -1.2249167657  -0.5996193283
1.1854449486  -1.2183360934  -0.6065160996
1.1785342815  -1.2117380170  -0.6134265490
1.1715914429  -1.2051314403  -0.6203484899
1.1646164708  -1.1985148425  -0.6272797397
1.1576081181  -1.1918852903  -0.6342181294
1.1505643787  -1.1852391142  -0.6411615086
1.1434815686  -1.1785710572  -0.6481077502
1.1363527307  -1.1718726970  -0.6550547600
1.1291637117  -1.1651285535  -0.6620004904
1.1218796367  -1.1583021352  -0.6689429966
1.1142288427  -1.1511229782  -0.6758804394
1.1065925538  -1.1439782965  -0.6828108374
1.0995091304  -1.1374045365  -0.6897319167
1.0926961347  -1.1311094592  -0.6966414285
1.0859253390  -1.1248576187  -0.7035374238
1.0791723872  -1.1186198402  -0.7104181541
1.0724367452  -1.1123927840  -0.7172819489
1.0657182274  -1.1061743029  -0.7241272140
1.0590166606  -1.0999624633  -0.7309524460
1.0523318978  -1.0937554957  -0.7377562423
1.0456638198  -1.0875518000  -0.7445373069
1.0390123333  -1.0813499492  -0.7512944519
1.0323773692  -1.0751486907  -0.7580266042
1.0257588821  -1.0689469447  -0.7647328102
1.0191568490  -1.0627438039  -0.7714122402
1.0125712694  -1.0565385303  -0.7780641988
1.0060021638  -1.0503305504  -0.7846881290
0.9994495690  -1.0441194500  -0.7912836122
0.9929135354  -1.0379049697  -0.7978503746
0.9863941226  -1.0316870005  -0.8043882794
0.9798914106  -1.0254655838  -0.8108973773
0.9734055768  -1.0192409250  -0.8173781318
0.9669368652  -1.0130133791  -0.8238313094
0.9604853844  -1.0067833952  -0.8302576158
0.9540511209  -1.0005514953  -0.8366578311
0.9476341237  -0.9943182952  -0.8430330092
0.9412345126  -0.9880845060  -0.8493844622
0.9348524317  -0.9818509233  -0.8557138081
0.9284880669  -0.9756184256  -0.8620230706
0.9221416966  -0.9693879918  -0.8683148812
0.9158138370  -0.9631608304  -0.8745930102
0.9095067448  -0.9569386581  -0.8808672930
0.9032219299  -0.9507229310  -0.8871447955
0.8969537288  -0.9445132923  -0.8934162639
0.8906949101  -0.9383083762  -0.8996715992
0.8844458100  -0.9321078265  -0.9059104807
0.8782099134  -0.9259121755  -0.9121341307
0.8719884545  -0.9197219024  -0.9183428155
0.8657814282  -0.9135373006  -0.9245366784
0.8595887117  -0.9073585972  -0.9307158669
0.8534101824  -0.9011859873  -0.9368805337
0.8472457197  -0.8950196361  -0.9430308363
0.8410952039  -0.8888596791  -0.9491669365
0.8349585164  -0.8827062218  -0.9552889993
0.8288355396  -0.8765593393  -0.9613971928
0.8227261566  -0.8704190775  -0.9674916865
0.8166302514  -0.8642854535  -0.9735726512
0.8105477088  -0.8581584572  -0.9796402575
0.8044784143  -0.8520380527  -0.9856946750
0.7984222541  -0.8459241796  -0.9917360712
0.7923791156  -0.8398167545  -0.9977646108
0.7863488869  -0.8337156733  -1.0037804542
0.7803314567  -0.8276208193  -1.0097837549
0.7743267135  -0.8215320688  -1.0157746556
0.7683345462  -0.8154492788  -1.0217532894
0.7623548468  -0.8093722797  -1.0277197825
0.7563875102  -0.8033008885  -1.0336742536
0.7504324326  -0.7972349221  -1.0396168103
0.7444895109  -0.7911741971  -1.0455475465
0.7385586426  -0.7851185312  -1.0514665407
0.7326397255  -0.7790677493  -1.0573738524
0.7267326569  -0.7730216931  -1.0632695148
0.7208373234  -0.7669802914  -1.0691534959
0.7149535965  -0.7609435227  -1.0750256838
0.7090813817  -0.7549110915  -1.0808860368
0.7032206725  -0.7488824127  -1.0867347158
0.6973714893  -0.7428571072  -1.0925719445
0.6915337818  -0.7368351285  -1.0983978490
0.6857074448  -0.7308164582  -1.1042124920
0.6798923826  -0.7248010014  -1.1100159355
0.6740885215  -0.7187886535  -1.1158082451
0.6682957965  -0.7127793281  -1.1215894846
0.6625141454  -0.7067729577  -1.1273597153
0.6567435081  -0.7007694932  -1.1331189960
0.6509838265  -0.6947689039  -1.1388673832
0.6452350451  -0.6887711774  -1.1446049307
0.6394971103  -0.6827763187  -1.1503316897
0.6337699707  -0.6767843496  -1.1560477091
0.6280535773  -0.6707953082  -1.1617530354
0.6223478831  -0.6648092472  -1.1674477124
0.6166528435  -0.6588262327  -1.1731317817
0.6109684160  -0.6528463423  -1.1788052824
0.6052945602  -0.6468696639  -1.1844682514
0.5996312381  -0.6408962929  -1.1901207232
0.5939784139  -0.6349263280  -1.1957627300
0.5883360538  -0.6289598692  -1.2013943020
0.5827041263  -0.6229970185  -1.2070154673
0.5770826022  -0.6170378801  -1.2126262516
0.5714714544  -0.6110825576  -1.2182266790
0.5658706578  -0.6051311503  -1.2238167711
0.5602801896  -0.5991837502  -1.2293965479
0.5547000291  -0.5932404386  -1.2349660276
0.5491301580  -0.5873012805  -1.2405252266
0.5435705598  -0.5813663030  -1.2460741600
0.5380212205  -0.5754354706  -1.2516128423
0.5324821282  -0.5695087405  -1.2571412866
0.5269532728  -0.5635861812  -1.2626595035
0.5214346453  -0.5576679769  -1.2681674984
0.5159262384  -0.5517543150  -1.2736652738
0.5104280473  -0.5458453359  -1.2791528305
0.5049400702  -0.5399411653  -1.2846301682
0.4994623070  -0.5340419367  -1.2900972851
0.4939947599  -0.5281477910  -1.2955541770
0.4885374327  -0.5222588747  -1.3010008379
0.4830903313  -0.5163753403  -1.3064372599
0.4776534633  -0.5104973460  -1.3118634331
0.4722268387  -0.5046250555  -1.3172793455
0.4668104688  -0.4987585424  -1.3226849837
0.4614043672  -0.4928976965  -1.3280803326
0.4560085493  -0.4870426220  -1.3334653753
0.4506230324  -0.4811939578  -1.3388400917
0.4452478358  -0.4753523111  -1.3442044595
0.4398829802  -0.4695178898  -1.3495584554
0.4345284886  -0.4636908196  -1.3549020548
0.4291843854  -0.4578712810  -1.3602352317
0.4238506971  -0.4520594527  -1.3655579584
0.4185274513  -0.4462555105  -1.3708702057
0.4132146777  -0.4404596289  -1.3761719429
0.4079124071  -0.4346719832  -1.3814631375
0.4026206724  -0.4288927506  -1.3867437559
0.3973395075  -0.4231221119  -1.3920137627
0.3920689482  -0.4173602530  -1.3972731212
0.3868090316  -0.4116073660  -1.4025217934
0.3815597960  -0.4058636506  -1.4077597394
0.3763212813  -0.4001293152  -1.4129869186
0.3710935287  -0.3944045777  -1.4182032884
0.3658765806  -0.3886896661  -1.4234088053
0.3606704805  -0.3829848195  -1.4286034243
0.3554752734  -0.3772902877  -1.4337870994
0.3502910052  -0.3716063319  -1.4389597833
0.3451177227  -0.3659332246  -1.4441214277
0.3399554742  -0.3602712500  -1.4492719833
0.3348043084  -0.3546207033  -1.4544113999
0.3296642753  -0.3489818906  -1.4595396261
0.3245354255  -0.3433551281  -1.4646566101
0.3194178104  -0.3377407417  -1.4697622992
0.3143114823  -0.3321390659  -1.4748566400
0.3092164937  -0.3265504430  -1.4799395787
0.3041328982  -0.3209752221  -1.4850110610
0.2990607583  -0.3154150599  -1.4900710931
0.2940001485  -0.3098720605  -1.4951197507
0.2889511114  -0.3043435013  -1.5001569342
0.2839136519  -0.2988257285  -1.5051823823
0.2788878099  -0.2933206169  -1.5101959678
0.2738736651  -0.2878306170  -1.5151976446
0.2688712871  -0.2823562463  -1.5201873381
0.2638807343  -0.2768980054  -1.5251649778
0.2589020651  -0.2714563817  -1.5301304988
0.2539353380  -0.2660318465  -1.5350838415
0.2489806110  -0.2606248520  -1.5400249521
0.2440379415  -0.2552358292  -1.5449537832
0.2391073864  -0.2498651860  -1.5498702939
0.2341890010  -0.2445133061  -1.5547744500
0.2292828400  -0.2391805479  -1.5596662239
0.2243889564  -0.2338672441  -1.5645455951
0.2195074016  -0.2285737015  -1.5694125497
0.2146382255  -0.2233002011  -1.5742670804
0.2097814763  -0.2180469988  -1.5791091864
0.2049372003  -0.2128143261  -1.5839388729
0.2001054420  -0.2076023909  -1.5887561512
0.1952862440  -0.2024113793  -1.5935610375
0.1904796469  -0.1972414564  -1.5983535530
0.1856856896  -0.1920927685  -1.6031337231
0.1809044089  -0.1869654441  -1.6079015764
0.1761358400  -0.1818595963  -1.6126571444
0.1713800158  -0.1767753241  -1.6174004603
0.1666369677  -0.1717127148  -1.6221315583
0.1619067251  -0.1666718453  -1.6268504724
0.1571893153  -0.1616527840  -1.6315572356
0.1524847640  -0.1566555928  -1.6362518782
0.1477930944  -0.1516803323  -1.6409344274
0.1431180245  -0.1467283013  -1.6456748809
0.1384619633  -0.1418002280  -1.6505079448
0.1338153363  -0.1368928651  -1.6553139643
0.1291753648  -0.1320054293  -1.6601237783
0.1245470353  -0.1271397239  -1.6649352150
0.1199302856  -0.1222958197  -1.6697458090
0.1153250711  -0.1174737984  -1.6745528014
0.1107313656  -0.1126737497  -1.6793531394
0.1061491621  -0.1078957707  -1.6841434769
0.1015784744  -0.1031399636  -1.6889201738
0.0970193373  -0.0984064341  -1.6936792966
0.0924718079  -0.0936952889  -1.6984166180
0.0879359661  -0.0890066334  -1.7031276171
0.0834119152  -0.0843405687  -1.7078074794
0.0788997823  -0.0796971891  -1.7124510967
0.0743997190  -0.0750765787  -1.7170530673
0.0699119012  -0.0704788090  -1.7216076955
0.0654365292  -0.0659039360  -1.7261089923
0.0609738276  -0.0613519970  -1.7305506750
0.0565240450  -0.0568230092  -1.7349261670
0.0520874535  -0.0523169667  -1.7392285985
0.0476643476  -0.0478338398  -1.7434508055
0.0432550432  -0.0433735736  -1.7475853309
0.0388598765  -0.0389360880  -1.7516244235
0.0344792023  -0.0345212779  -1.7555600388
0.0301133917  -0.0301290145  -1.7593838385
0.0257628301  -0.0257591477  -1.7630871905
0.0214279146  -0.0214115084  -1.7666611694
0.0171090506  -0.0170859128  -1.7700965559
0.0128066487  -0.0127821663  -1.7733838371
0.0085211204  -0.0085000686  -1.7765132064
0.0042528739  -0.0042394191  -1.7794745638
0.0042480123  -0.0042393786  -1.7794745638
