0.162001
1.3483369446  -1.4383142239   0.0000417941
1.3483369446  -1.4383142239   0.0000417941
1.3483409953  -1.4383146005   0.0000355086
1.3483392655  -1.4383002140   0.0000186243
1.3483286644  -1.4382691875  -0.0000091374
1.3483071442  -1.4382191526  -0.0000480541
1.3482739207  -1.4381492715  -0.0000984023
1.3482285420  -1.4380590982  -0.0001604576
1.3481706817  -1.4379483319  -0.0002344946
1.3481000699  -1.4378167358  -0.0003207870
1.3480164650  -1.4376641028  -0.0004196073
1.3479196406  -1.4374902399  -0.0005312272
1.3478093783  -1.4372949601  -0.0006559172
1.3476854648  -1.4370780775  -0.0007939472
1.3475476885  -1.4368394050  -0.0009455855
1.3473958390  -1.4365787527  -0.0011111001
1.3472297061  -1.4362959264  -0.0012907574
1.3470490786  -1.4359907276  -0.0014848232
1.3468537448  -1.4356629525  -0.0016935621
1.3466434914  -1.4353123922  -0.0019172378
1.3464181039  -1.4349388323  -0.0021561131
1.3461773661  -1.4345420531  -0.0024104495
1.3459210600  -1.4341218292  -0.0026805079
1.3456489662  -1.4336779298  -0.0029665479
1.3453608632  -1.4332101189  -0.0032688283
1.3450565280  -1.4327181553  -0.0035876067
1.3447357355  -1.4322017924  -0.0039231400
1.3443982588  -1.4316607785  -0.0042756838
1.3440438688  -1.4310948570  -0.0046454930
1.3436723349  -1.4305037665  -0.0050328212
1.3432834243  -1.4298872409  -0.0054379213
1.3428769024  -1.4292450097  -0.0058610450
1.3424525254  -1.4285764280  -0.0063030666
1.3420100632  -1.4278815581  -0.0067636711
1.3415492853  -1.4271605964  -0.0072429050
1.3410699422  -1.4264129879  -0.0077409892
1.3405717865  -1.4256383253  -0.0082581526
1.3400545714  -1.4248362769  -0.0087946390
1.3395180489  -1.4240065221  -0.0093506940
1.3389619694  -1.4231487449  -0.0099265661
1.3383860814  -1.4222626301  -0.0105225063
1.3377901320  -1.4213478617  -0.0111387680
1.3371738664  -1.4204041230  -0.0117756070
1.3365370284  -1.4194310972  -0.0124332808
1.3358793601  -1.4184284670  -0.0131120489
1.3352006020  -1.4173959156  -0.0138121724
1.3345004933  -1.4163331263  -0.0145339139
1.3337787713  -1.4152397830  -0.0152775376
1.3330351721  -1.4141155709  -0.0160433093
1.3322694303  -1.4129601771  -0.0168314959
1.3314812790  -1.4117732906  -0.0176423662
1.3306704502  -1.4105546030  -0.0184761897
1.3298366743  -1.4093038080  -0.0193332377
1.3289796804  -1.4080206024  -0.0202137823
1.3280991966  -1.4067046858  -0.0211180969
1.3271949496  -1.4053557611  -0.0220464561
1.3262666650  -1.4039735349  -0.0229991353
1.3253140673  -1.4025577178  -0.0239764111
1.3243368799  -1.4011080244  -0.0249785607
1.3233348251  -1.3996241734  -0.0260058625
1.3223076245  -1.3981058879  -0.0270585953
1.3212549985  -1.3965528956  -0.0281370388
1.3201766668  -1.3949649299  -0.0292414734
1.3190723484  -1.3933416270  -0.0303721800
1.3179417609  -1.3916826955  -0.0315294404
1.3167846212  -1.3899880985  -0.0327135363
1.3156006470  -1.3882576957  -0.0339247496
1.3143895553  -1.3864911825  -0.0351633628
1.3131510619  -1.3846882986  -0.0364296588
1.3118848823  -1.3828488152  -0.0377239203
1.3105907316  -1.3809725157  -0.0390464303
1.3092683249  -1.3790591918  -0.0403974718
1.3079173782  -1.3771086420  -0.0417773278
1.3065376139  -1.3751206778  -0.0431862808
1.3051287550  -1.3730951185  -0.0446246134
1.3036905199  -1.3710317856  -0.0460926077
1.3022226270  -1.3689305068  -0.0475905452
1.3007247947  -1.3667911166  -0.0491187070
1.2991967420  -1.3646134556  -0.0506773721
1.2976381885  -1.3623973712  -0.0522668179
1.2960488542  -1.3601427164  -0.0538873218
1.2944284602  -1.3578493503  -0.0555391622
1.2927767283  -1.3555171384  -0.0572226181
1.2910933815  -1.3531459530  -0.0589379686
1.2893781435  -1.3507356734  -0.0606854931
1.2876307394  -1.3482861858  -0.0624654706
1.2858508952  -1.3457973841  -0.0642781802
1.2840383383  -1.3432691696  -0.0661239001
1.2821927976  -1.3407014527  -0.0680029079
1.2803140033  -1.3380941534  -0.0699154798
1.2784016871  -1.3354471991  -0.0718618891
1.2764555822  -1.3327605196  -0.0738424038
1.2744754231  -1.3300340488  -0.0758572859
1.2724609463  -1.3272677288  -0.0779067923
1.2704118916  -1.3244615107  -0.0799911742
1.2683280030  -1.3216153553  -0.0821106772
1.2662090256  -1.3187292368  -0.0842655419
1.2640547047  -1.3158031457  -0.0864560031
1.2618647881  -1.3128370850  -0.0886822906
1.2596390261  -1.3098310681  -0.0909446290
1.2573771718  -1.3067851423  -0.0932432401
1.2550789814  -1.3036994109  -0.0955783471
1.2527442154  -1.3005739343  -0.0979501754
1.2503726375  -1.2974085559  -0.1003589489
1.2479640137  -1.2942029790  -0.1028048897
1.2455181121  -1.2909570839  -0.1052882168
1.2430347035  -1.2876710488  -0.1078091455
1.2405135632  -1.2843451974  -0.1103678874
1.2379544710  -1.2809798579  -0.1129646509
1.2353571967  -1.2775753248  -0.1155996423
1.2327214591  -1.2741318297  -0.1182730664
1.2300470070  -1.2706496116  -0.1209851258
1.2273336700  -1.2671289581  -0.1237360199
1.2245812979  -1.2635701535  -0.1265259454
1.2217897525  -1.2599734718  -0.1293550959
1.2189589070  -1.2563391775  -0.1322236619
1.2160886470  -1.2526675268  -0.1351318311
1.2131788696  -1.2489587681  -0.1380797894
1.2102294838  -1.2452131460  -0.1410677203
1.2072404105  -1.2414308967  -0.1440958043
1.2042115814  -1.2376122356  -0.1471642171
1.2011429284  -1.2337573680  -0.1502731300
1.1980343128  -1.2298664848  -0.1534227112
1.1948855225  -1.2259397346  -0.1566131283
1.1916963347  -1.2219772149  -0.1598445470
1.1884665195  -1.2179789815  -0.1631171287
1.1851958368  -1.2139450740  -0.1664310288
1.1818840376  -1.2098755289  -0.1697863971
1.1785308636  -1.2057703815  -0.1731833781
1.1751360476  -1.2016296655  -0.1766221117
1.1716993135  -1.1974534116  -0.1801027327
1.1682203756  -1.1932416342  -0.1836253671
1.1646990631  -1.1889942725  -0.1871901173
1.1611353902  -1.1847113619  -0.1907970577
1.1575293460  -1.1803939818  -0.1944463082
1.1538808537  -1.1760444216  -0.1981380988
1.1501898475  -1.1716640358  -0.2018726757
1.1464562192  -1.1672521128  -0.2056501762
1.1426798248  -1.1628075300  -0.2094706462
1.1388605316  -1.1583300430  -0.2133341098
1.1349982376  -1.1538200368  -0.2172405903
1.1310928857  -1.1492781320  -0.2211901076
1.1271444436  -1.1447050429  -0.2251826782
1.1231528639  -1.1401014888  -0.2292183108
1.1191180915  -1.1354682089  -0.2332970023
1.1150400789  -1.1308059885  -0.2374187418
1.1109187880  -1.1261156565  -0.2415835138
1.1067541892  -1.1213980821  -0.2457912958
1.1025462746  -1.1166541962  -0.2500420580
1.0982950876  -1.1118850422  -0.2543357664
1.0940006798  -1.1070916776  -0.2586723920
1.0896630630  -1.1022750927  -0.2630518087
1.0852822135  -1.0974362456  -0.2674736824
1.0808581285  -1.0925761084  -0.2719377429
1.0763909041  -1.0876957400  -0.2764439990
1.0718807174  -1.0827963321  -0.2809925020
1.0673277138  -1.0778790682  -0.2855832245
1.0627319698  -1.0729450057  -0.2902161171
1.0580935501  -1.0679951451  -0.2948911027
1.0534125192  -1.0630304538  -0.2996080606
1.0486889651  -1.0580519042  -0.3043668015
1.0439230313  -1.0530605234  -0.3091670218
1.0391148150  -1.0480572055  -0.3140081991
1.0342642774  -1.0430425011  -0.3188893236
1.0293705230  -1.0380160134  -0.3238048155
1.0244327698  -1.0329775005  -0.3287505376
1.0194541012  -1.0279305006  -0.3337373910
1.0144394575  -1.0228808171  -0.3387802380
1.0093893087  -1.0178306323  -0.3438826024
1.0043005738  -1.0127783947  -0.3490420115
0.9991712555  -1.0077226465  -0.3542565135
0.9940009786  -1.0026628744  -0.3595246890
0.9887897395  -0.9975986518  -0.3648450046
0.9835376410  -0.9925295600  -0.3702158074
0.9782448435  -0.9874551296  -0.3756353323
0.9729113573  -0.9823745279  -0.3811017112
0.9675371345  -0.9772867015  -0.3866129813
0.9621223295  -0.9721907480  -0.3921670927
0.9566671319  -0.9670856407  -0.3977619167
0.9511716973  -0.9619701844  -0.4033952530
0.9456362259  -0.9568431949  -0.4090648362
0.9400611233  -0.9517035469  -0.4147683425
0.9344472741  -0.9465505523  -0.4205033987
0.9287893393  -0.9413772609  -0.4262675917
0.9230787116  -0.9361732744  -0.4320584772
0.9173212200  -0.9309428091  -0.4378735803
0.9115252748  -0.9256928272  -0.4437103973
0.9056905196  -0.9204213320  -0.4495664036
0.8998164595  -0.9151260758  -0.4554390643
0.8939025273  -0.9098047562  -0.4613258422
0.8879476152  -0.9044545768  -0.4672242037
0.8819496379  -0.8990718185  -0.4731316255
0.8759050081  -0.8936513491  -0.4790456002
0.8698071668  -0.8881851842  -0.4849636447
0.8636432893  -0.8826592583  -0.4908833125
0.8573849066  -0.8770440393  -0.4968022453
0.8507588346  -0.8710666569  -0.5027182057
0.8439670602  -0.8649346006  -0.5086288965
0.8376446297  -0.8592815712  -0.5145317497
0.8317694287  -0.8540745408  -0.5204241047
0.8260263229  -0.8489912967  -0.5263035294
0.8203054506  -0.8439185872  -0.5321678407
0.8146038811  -0.8388512278  -0.5380149753
0.8089212196  -0.8337870384  -0.5438429506
0.8032573314  -0.8287243282  -0.5496498795
0.7976121066  -0.8236615764  -0.5554339812
0.7919854648  -0.8185974351  -0.5611935895
0.7863773565  -0.8135307313  -0.5669271644
0.7807877608  -0.8084604672  -0.5726332950
0.7752166819  -0.8033858186  -0.5783107026
0.7696641481  -0.7983061330  -0.5839582493
0.7641302110  -0.7932209265  -0.5895749434
0.7586149422  -0.7881298793  -0.5951599420
0.7531184276  -0.7830328304  -0.6007125444
0.7476407981  -0.7779297863  -0.6062323120
0.7421822897  -0.7728209364  -0.6117192356
0.7367431543  -0.7677066167  -0.6171735024
0.7313235035  -0.7625872481  -0.6225952427
0.7259233840  -0.7574633393  -0.6279847223
0.7205429140  -0.7523355179  -0.6333424725
0.7151822578  -0.7472045199  -0.6386692538
0.7098415831  -0.7420711695  -0.6439660753
0.7045210658  -0.7369363701  -0.6492342316
0.6992208989  -0.7318010978  -0.6544753550
0.6939413078  -0.7266664001  -0.6596915076
0.6886825880  -0.7215334065  -0.6648853622
0.6834452034  -0.7164034238  -0.6700606220
0.6782311533  -0.7112783765  -0.6752270207
0.6730427522  -0.7061602592  -0.6803950500
0.6678764327  -0.7010490246  -0.6855598504
0.6627245606  -0.6959429006  -0.6907089065
0.6575848064  -0.6908412327  -0.6958379435
0.6524600864  -0.6857449358  -0.7009480156
0.6473526370  -0.6806550075  -0.7060398002
0.6422628754  -0.6755720338  -0.7111134157
0.6371907248  -0.6704964344  -0.7161689751
0.6321360970  -0.6654285864  -0.7212065969
0.6270989042  -0.6603688323  -0.7262264058
0.6220790589  -0.6553174798  -0.7312285322
0.6170764745  -0.6502748020  -0.7362131110
0.6120910643  -0.6452410376  -0.7411802811
0.6071227421  -0.6402163920  -0.7461301847
0.6021714219  -0.6352010380  -0.7510629660
0.5972370179  -0.6301951169  -0.7559787702
0.5923194444  -0.6251987403  -0.7608777431
0.5874186161  -0.6202119911  -0.7657600289
0.5825344473  -0.6152349235  -0.7706257673
0.5776668515  -0.6102675652  -0.7754750908
0.5728157430  -0.6053099235  -0.7803081265
0.5679810379  -0.6003619899  -0.7851249982
0.5631626542  -0.5954237394  -0.7899258245
0.5583605104  -0.5904951299  -0.7947107157
0.5535745252  -0.5855761056  -0.7994797726
0.5488046178  -0.5806666002  -0.8042330853
0.5440507084  -0.5757665395  -0.8089707316
0.5393127178  -0.5708758424  -0.8136927750
0.5345905669  -0.5659944226  -0.8183992615
0.5298841765  -0.5611221861  -0.8230902138
0.5251934596  -0.5562589898  -0.8277655979
0.5205183145  -0.5514046325  -0.8324252910
0.5158586537  -0.5465590815  -0.8370691896
0.5112144556  -0.5417226452  -0.8416973726
0.5065857428  -0.5368956538  -0.8463100441
0.5019725001  -0.5320781254  -0.8509073556
0.4973746551  -0.5272699104  -0.8554893745
0.4927921249  -0.5224709298  -0.8600561480
0.4882248436  -0.5176811926  -0.8646077284
0.4836727564  -0.5129007408  -0.8691441689
0.4791358114  -0.5081296303  -0.8736655215
0.4746139579  -0.5033679295  -0.8781718367
0.4701071467  -0.4986157188  -0.8826631637
0.4656153294  -0.4938730905  -0.8871395500
0.4611384589  -0.4891401478  -0.8916010419
0.4566764891  -0.4844170046  -0.8960476843
0.4522293753  -0.4797037842  -0.9004795209
0.4477970734  -0.4750006190  -0.9048965939
0.4433795406  -0.4703076488  -0.9092989445
0.4389767352  -0.4656250184  -0.9136866128
0.4345886164  -0.4609528759  -0.9180596376
0.4302151443  -0.4562913706  -0.9224180569
0.4258562799  -0.4516406546  -0.9267619076
0.4215119854  -0.4470008816  -0.9310912260
0.4171822236  -0.4423722051  -0.9354060471
0.4128669581  -0.4377547763  -0.9397064054
0.4085661536  -0.4331487423  -0.9439923347
0.4042797753  -0.4285542449  -0.9482638680
0.4000077894  -0.4239714189  -0.9525210379
0.3957501627  -0.4194003893  -0.9567638766
0.3915068628  -0.4148412690  -0.9609924158
0.3872778577  -0.4102941468  -0.9652066872
0.3830631165  -0.4057590691  -0.9694067231
0.3788626088  -0.4012360590  -0.9735925561
0.3746763047  -0.3967251869  -0.9777642182
0.3705041742  -0.3922265998  -0.9819217387
0.3663461879  -0.3877404681  -0.9860651451
0.3622023166  -0.3832669362  -0.9901944642
0.3580725324  -0.3788061274  -0.9943097233
0.3539568079  -0.3743581621  -0.9984109494
0.3498551159  -0.3699231617  -1.0024981696
0.3457674297  -0.3655012478  -1.0065714101
0.3416937230  -0.3610925413  -1.0106306972
0.3376339697  -0.3566971630  -1.0146760565
0.3335881441  -0.3523152332  -1.0187075135
0.3295562206  -0.3479468715  -1.0227250934
0.3255381742  -0.3435921645  -1.0267288213
0.3215339796  -0.3392511343  -1.0307187220
0.3175436123  -0.3349238746  -1.0346948203
0.3135670478  -0.3306106553  -1.0386571403
0.3096042620  -0.3263117299  -1.0426057059
0.3056552306  -0.3220272151  -1.0465405412
0.3017199297  -0.3177571977  -1.0504616701
0.2977983351  -0.3135017797  -1.0543691168
0.2938904231  -0.3092610590  -1.0582629053
0.2899961697  -0.3050351298  -1.0621430595
0.2861155510  -0.3008240832  -1.0660096035
0.2822485432  -0.2966280075  -1.0698625613
0.2783951223  -0.2924469886  -1.0737019571
0.2745552645  -0.2882811109  -1.0775278150
0.2707289457  -0.2841304572  -1.0813401593
0.2669161418  -0.2799951095  -1.0851390143
0.2631168286  -0.2758751491  -1.0889244044
0.2593309817  -0.2717706569  -1.0926963543
0.2555585767  -0.2676817137  -1.0964548886
0.2517995890  -0.2636084001  -1.1002000322
0.2480539936  -0.2595507969  -1.1039318102
0.2443217656  -0.2555089848  -1.1076502478
0.2406028797  -0.2514830448  -1.1113553705
0.2368973103  -0.2474730578  -1.1150472040
0.2332050319  -0.2434791049  -1.1187257742
0.2295260182  -0.2395012670  -1.1223911073
0.2258602431  -0.2355396248  -1.1260432300
0.2222076798  -0.2315942585  -1.1296821688
0.2185683014  -0.2276652477  -1.1333079511
0.2149420807  -0.2237526709  -1.1369206043
0.2113289900  -0.2198566054  -1.1405201562
0.2077290013  -0.2159771272  -1.1441066350
0.2041420889  -0.2121147163  -1.1476800955
0.2005682298  -0.2082699809  -1.1512406227
0.1970073911  -0.2044420194  -1.1547882273
0.1934595287  -0.2006296586  -1.1583228507
0.1899246087  -0.1968334488  -1.1618444926
0.1864026078  -0.1930541025  -1.1653531875
0.1828934991  -0.1892917244  -1.1688489583
0.1793972520  -0.1855464095  -1.1723318301
0.1759138359  -0.1818182455  -1.1758018304
0.1724432193  -0.1781073116  -1.1792589896
0.1689853704  -0.1744136783  -1.1827033408
0.1655402568  -0.1707374067  -1.1861349200
0.1621078456  -0.1670785485  -1.1895537664
0.1586881031  -0.1634371456  -1.1929599221
0.1552809950  -0.1598132306  -1.1963534325
0.1518864864  -0.1562068263  -1.1997343460
0.1485045416  -0.1526179463  -1.2031027141
0.1451351242  -0.1490465952  -1.2064585912
0.1417781970  -0.1454927689  -1.2098020346
0.1384337222  -0.1419564551  -1.2131331044
0.1351016611  -0.1384376336  -1.2164518631
0.1317819745  -0.1349362772  -1.2197583755
0.1284746223  -0.1314523519  -1.2230527085
0.1251795639  -0.1279858176  -1.2263349307
0.1218967580  -0.1245366288  -1.2296051121
0.1186261625  -0.1211047349  -1.2328633236
0.1153677349  -0.1176900811  -1.2361096370
0.1121214320  -0.1142926089  -1.2393441239
0.1088872100  -0.1109122565  -1.2425668559
0.1056650246  -0.1075489595  -1.2457779035
0.1024548308  -0.1042026514  -1.2489773361
0.0992565831  -0.1008732649  -1.2521652210
0.0960718200  -0.0975610642  -1.2553881371
0.0929015225  -0.0942661538  -1.2586691934
0.0897415340  -0.0909875807  -1.2619289464
0.0865906068  -0.0877250579  -1.2651879466
0.0834508231  -0.0844789847  -1.2684448110
0.0803221021  -0.0812492966  -1.2716979623
0.0772043708  -0.0780359314  -1.2749456285
0.0740975646  -0.0748388284  -1.2781858431
0.0710016279  -0.0716579286  -1.2814164452
0.0679165143  -0.0684931736  -1.2846350793
0.0648421875  -0.0653445060  -1.2878391954
0.0617786213  -0.0622118679  -1.2910260489
0.0587258005  -0.0590952011  -1.2941927007
0.0556837205  -0.0559944463  -1.2973360173
0.0526523883  -0.0529095421  -1.3004526705
0.0496318225  -0.0498404251  -1.3035391378
0.0466220532  -0.0467870287  -1.3065917019
0.0436231223  -0.0437492828  -1.3096064513
0.0406350837  -0.0407271135  -1.3125792796
0.0376580025  -0.0377204423  -1.3155058863
0.0346919557  -0.0347291860  -1.3183817760
0.0317370311  -0.0317532565  -1.3212022591
0.0287933271  -0.0287925607  -1.3239624511
0.0258609524  -0.0258470006  -1.3266572734
0.0229400247  -0.0229164733  -1.3292814526
0.0200306704  -0.0200008718  -1.3318295209
0.0171330229  -0.0171000852  -1.3342958159
0.0142472217  -0.0142139996  -1.3366744806
0.0113734112  -0.0113424991  -1.3389594638
0.0085117383  -0.0084854665  -1.3411445195
0.0056623511  -0.0056427844  -1.3432232071
0.0028253966  -0.0028143369  -1.3451888919
0.0028232519  -0.0028143181  -1.3451888919
