0.100715
1.9340301960  -2.2057481558   0.0000775720
1.9340301960  -2.2057481558   0.0000775720
1.9340361487  -2.2057412330   0.0000633806
1.9340305644  -2.2056966334   0.0000280664
1.9340077518  -2.2056116749  -0.0000289850
1.9339630889  -2.2054789573  -0.0001083797
1.9338948801  -2.2052961476  -0.0002107159
1.9338021704  -2.2050621444  -0.0003365833
1.9336842831  -2.2047762987  -0.0004865637
1.9335406686  -2.2044381585  -0.0006612306
1.9333708417  -2.2040473651  -0.0008611495
1.9331743534  -2.2036036044  -0.0010868775
1.9329507757  -2.2031065816  -0.0013389639
1.9326996939  -2.2025560077  -0.0016179495
1.9324207013  -2.2019515917  -0.0019243672
1.9321133967  -2.2012930361  -0.0022587416
1.9317773827  -2.2005800340  -0.0026215891
1.9314122642  -2.1998122676  -0.0030134181
1.9310176480  -2.1989894076  -0.0034347289
1.9305931421  -2.1981111128  -0.0038860133
1.9301383558  -2.1971770301  -0.0043677553
1.9296528991  -2.1961867949  -0.0048804306
1.9291363829  -2.1951400315  -0.0054245068
1.9285884190  -2.1940363536  -0.0060004433
1.9280086203  -2.1928753652  -0.0066086913
1.9273966004  -2.1916566611  -0.0072496939
1.9267519742  -2.1903798279  -0.0079238862
1.9260743578  -2.1890444450  -0.0086316948
1.9253633688  -2.1876500851  -0.0093735384
1.9246186262  -2.1861963157  -0.0101498276
1.9238397509  -2.1846826995  -0.0109609646
1.9230263657  -2.1831087961  -0.0118073437
1.9221780867  -2.1814731549  -0.0126905718
1.9212945538  -2.1797762581  -0.0136099520
1.9203754083  -2.1780189047  -0.0145654835
1.9194202693  -2.1761999073  -0.0155574595
1.9184287669  -2.1743185535  -0.0165861956
1.9174005390  -2.1723743105  -0.0176520414
1.9163352275  -2.1703666840  -0.0187553414
1.9152324779  -2.1682952103  -0.0198964388
1.9140919399  -2.1661594423  -0.0210756749
1.9129132671  -2.1639589471  -0.0222933879
1.9116961179  -2.1616933054  -0.0235499122
1.9104401550  -2.1593621128  -0.0248455783
1.9091450456  -2.1569649793  -0.0261807122
1.9078104594  -2.1545015290  -0.0275556348
1.9064360709  -2.1519714027  -0.0289706619
1.9050215625  -2.1493742618  -0.0304261032
1.9035666225  -2.1467097863  -0.0319222625
1.9020709452  -2.1439776760  -0.0334594372
1.9005342310  -2.1411776508  -0.0350379191
1.8989561867  -2.1383094522  -0.0366579939
1.8973365258  -2.1353728451  -0.0383199408
1.8956749682  -2.1323676181  -0.0400240323
1.8939712412  -2.1292935853  -0.0417705344
1.8922250787  -2.1261505869  -0.0435597061
1.8904362223  -2.1229384897  -0.0453917994
1.8886044208  -2.1196571869  -0.0472670587
1.8867294306  -2.1163065969  -0.0491857210
1.8848110158  -2.1128866632  -0.0511480144
1.8828489484  -2.1093973558  -0.0531541586
1.8808430083  -2.1058386719  -0.0552043659
1.8787929836  -2.1022106362  -0.0572988409
1.8766986706  -2.0985130449  -0.0594377804
1.8745598685  -2.0947458846  -0.0616213734
1.8723763768  -2.0909097614  -0.0638498005
1.8701480085  -2.0870050329  -0.0661232341
1.8678745931  -2.0830316907  -0.0684418389
1.8655559674  -2.0789898541  -0.0708057707
1.8631919771  -2.0748797185  -0.0732151758
1.8607824773  -2.0707015165  -0.0756701904
1.8583273323  -2.0664555121  -0.0781709426
1.8558264157  -2.0621419952  -0.0807175527
1.8532796100  -2.0577612806  -0.0833101327
1.8506868072  -2.0533137079  -0.0859487864
1.8480479082  -2.0487996436  -0.0886336094
1.8453628227  -2.0442194807  -0.0913646889
1.8426314696  -2.0395736366  -0.0941421043
1.8398537708  -2.0348625478  -0.0969659264
1.8370296357  -2.0300866585  -0.0998362173
1.8341589842  -2.0252464406  -0.1027530289
1.8312417652  -2.0203424069  -0.1057164037
1.8282779385  -2.0153750946  -0.1087263741
1.8252674734  -2.0103450621  -0.1117829634
1.8222103480  -2.0052528860  -0.1148861857
1.8191065495  -2.0000991611  -0.1180360459
1.8159560739  -1.9948845015  -0.1212325413
1.8127589262  -1.9896095442  -0.1244756650
1.8095151207  -1.9842749500  -0.1277654062
1.8062246795  -1.9788814053  -0.1311017460
1.8028876069  -1.9734296047  -0.1344846555
1.7995038895  -1.9679202484  -0.1379140975
1.7960735446  -1.9623540745  -0.1413900267
1.7925966203  -1.9567318603  -0.1449123902
1.7890731736  -1.9510543907  -0.1484811289
1.7855032701  -1.9453224470  -0.1520961809
1.7818869840  -1.9395368425  -0.1557574849
1.7782243978  -1.9336984425  -0.1594649776
1.7745156004  -1.9278081368  -0.1632185914
1.7707606873  -1.9218668265  -0.1670182547
1.7669597365  -1.9158754211  -0.1708638930
1.7631127822  -1.9098348492  -0.1747554280
1.7592198838  -1.9037461152  -0.1786927789
1.7552811541  -1.8976101648  -0.1826758622
1.7512967141  -1.8914276625  -0.1867045926
1.7472666894  -1.8851991744  -0.1907788819
1.7431912107  -1.8789255645  -0.1948986386
1.7390704155  -1.8726080378  -0.1990637662
1.7349044474  -1.8662479013  -0.2032741625
1.7306934556  -1.8598464378  -0.2075297163
1.7264375875  -1.8534049246  -0.2118303131
1.7221369571  -1.8469245766  -0.2161758484
1.7177916459  -1.8404065078  -0.2205662300
1.7134017293  -1.8338517836  -0.2250013743
1.7089672789  -1.8272614294  -0.2294812035
1.7044883611  -1.8206364280  -0.2340056345
1.6999650346  -1.8139777160  -0.2385745648
1.6953973504  -1.8072861834  -0.2431878666
1.6907854144  -1.8005627517  -0.2478453909
1.6861295002  -1.7938085215  -0.2525469683
1.6814298308  -1.7870245069  -0.2572924147
1.6766864596  -1.7802114797  -0.2620815474
1.6718994275  -1.7733701653  -0.2669141952
1.6670687724  -1.7665012637  -0.2717901875
1.6621945254  -1.7596054484  -0.2767093470
1.6572767123  -1.7526833727  -0.2816714909
1.6523153917  -1.7457357238  -0.2866764361
1.6473108098  -1.7387634150  -0.2917240006
1.6422632724  -1.7317674211  -0.2968139989
1.6371729793  -1.7247485743  -0.3019462389
1.6320401173  -1.7177076872  -0.3071205228
1.6268648788  -1.7106455833  -0.3123366485
1.6216474620  -1.7035631040  -0.3175944094
1.6163880689  -1.6964611499  -0.3228935758
1.6110869249  -1.6893407028  -0.3282338954
1.6057442850  -1.6822025158  -0.3336151868
1.6003604192  -1.6750470647  -0.3390373890
1.5949355860  -1.6678752381  -0.3445004189
1.5894699955  -1.6606885178  -0.3500040579
1.5839638333  -1.6534883476  -0.3555480121
1.5784172110  -1.6462757744  -0.3611319864
1.5728300657  -1.6390515696  -0.3667556874
1.5672026785  -1.6318168211  -0.3724188184
1.5615358246  -1.6245730791  -0.3781210823
1.5558303625  -1.6173219958  -0.3838621810
1.5500871958  -1.6100652792  -0.3896418141
1.5443072047  -1.6028046445  -0.3954596834
1.5384908001  -1.5955414113  -0.4013154925
1.5326378335  -1.5882762913  -0.4072089481
1.5267479943  -1.5810097286  -0.4131397593
1.5208209213  -1.5737421005  -0.4191076299
1.5148561983  -1.5664737244  -0.4251122599
1.5088535841  -1.5592051286  -0.4311533546
1.5028135571  -1.5519376741  -0.4372306246
1.4967367634  -1.5446728827  -0.4433437995
1.4906234574  -1.5374117764  -0.4494925158
1.4844738106  -1.5301552503  -0.4556762195
1.4782880375  -1.5229042227  -0.4618944755
1.4720665466  -1.5156598668  -0.4681471165
1.4658097630  -1.5084233735  -0.4744339700
1.4595179560  -1.5011956800  -0.4807547736
1.4531913370  -1.4939776004  -0.4871092150
1.4468301230  -1.4867699192  -0.4934968789
1.4404345779  -1.4795734718  -0.4999171479
1.4340048564  -1.4723887728  -0.5063689147
1.4275400301  -1.4652150225  -0.5128470376
1.4210397474  -1.4580521174  -0.5193494711
1.4145084355  -1.4509051203  -0.5258876820
1.4079511770  -1.4437804453  -0.5324724001
1.4013669168  -1.4366786893  -0.5391035184
1.3947520177  -1.4295970427  -0.5457785319
1.3881051226  -1.4225340297  -0.5524960453
1.3814262810  -1.4154892100  -0.5592547639
1.3747156053  -1.4084619930  -0.5660533100
1.3679732933  -1.4014517961  -0.5728902119
1.3611996090  -1.3944580052  -0.5797639037
1.3543947108  -1.3874796753  -0.5866727309
1.3475587853  -1.3805157872  -0.5936149539
1.3406921188  -1.3735653617  -0.6005887623
1.3337949368  -1.3666271732  -0.6075922958
1.3268675519  -1.3597000392  -0.6146236594
1.3199101906  -1.3527826166  -0.6216809310
1.3129229238  -1.3458732932  -0.6287621703
1.3059060156  -1.3389706384  -0.6358654241
1.2988597956  -1.3320732268  -0.6429887176
1.2917844682  -1.3251794868  -0.6501300477
1.2846812194  -1.3182887985  -0.6572873974
1.2775437905  -1.3113930449  -0.6644587501
1.2703643024  -1.3044824797  -0.6716420932
1.2631501149  -1.2975628824  -0.6788354147
1.2559078653  -1.2906394762  -0.6860367030
1.2486357680  -1.2837088767  -0.6932439569
1.2413321427  -1.2767677515  -0.7004551965
1.2339937854  -1.2698112982  -0.7076684677
1.2266147557  -1.2628320804  -0.7148818477
1.2191831110  -1.2558167776  -0.7220934543
1.2116701569  -1.2487348815  -0.7293015005
1.2038356390  -1.2413461893  -0.7365043094
1.1959651991  -1.2339427844  -0.7437000913
1.1885794656  -1.2270456591  -0.7508867714
1.1814861004  -1.2204534005  -0.7580622623
1.1744401835  -1.2139133624  -0.7652247556
1.1674113367  -1.2073896921  -0.7723726518
1.1603990011  -1.2008787036  -0.7795044276
1.1534029755  -1.1943781782  -0.7866186292
1.1464230681  -1.1878861382  -0.7937138898
1.1394591111  -1.1814007596  -0.8007889341
1.1325109619  -1.1749203757  -0.8078425846
1.1255785032  -1.1684434810  -0.8148737683
1.1186616414  -1.1619687347  -0.8218815180
1.1117603047  -1.1554949640  -0.8288649782
1.1048744424  -1.1490211664  -0.8358234085
1.0980040234  -1.1425465084  -0.8427561888
1.0911490366  -1.1360703224  -0.8496628281
1.0843094888  -1.1295921020  -0.8565429680
1.0774854001  -1.1231114949  -0.8633963820
1.0706768022  -1.1166282943  -0.8702229829
1.0638837321  -1.1101424325  -0.8770228099
1.0571062705  -1.1036539909  -0.8837961609
1.0503446060  -1.0971632093  -0.8905437476
1.0435989179  -1.0906704531  -0.8972664157
1.0368692206  -1.0841761641  -0.9039649471
1.0301554823  -1.0776808588  -0.9106402947
1.0234577609  -1.0711851465  -0.9172936891
1.0167761678  -1.0646897260  -0.9239266320
1.0101108476  -1.0581953798  -0.9305409859
1.0034620254  -1.0517029873  -0.9371391433
0.9968301260  -1.0452136435  -0.9437244599
0.9902171429  -1.0387289138  -0.9503056279
0.9836247241  -1.0322502211  -0.9568898917
0.9770480989  -1.0257774235  -0.9634700115
0.9704801743  -1.0193092466  -0.9700361053
0.9639205234  -1.0128451099  -0.9765871360
0.9573724161  -1.0063853355  -0.9831243960
0.9508372479  -0.9999303218  -0.9896482014
0.9443150296  -0.9934803008  -0.9961587118
0.9378056208  -0.9870354327  -1.0026560904
0.9313088815  -0.9805958442  -1.0091405052
0.9248246734  -0.9741616342  -1.0156121289
0.9183528595  -0.9677328733  -1.0220711380
0.9118933039  -0.9613096051  -1.0285177121
0.9054458715  -0.9548918460  -1.0349520333
0.8990104283  -0.9484795855  -1.0413742854
0.8925868412  -0.9420727867  -1.0477846532
0.8861749778  -0.9356713875  -1.0541833213
0.8797747065  -0.9292753010  -1.0605704734
0.8733858967  -0.9228844173  -1.0669462912
0.8670084186  -0.9164986044  -1.0733109535
0.8606421434  -0.9101177098  -1.0796646353
0.8542869432  -0.9037415664  -1.0860075065
0.8479426903  -0.8973700043  -1.0923397276
0.8416092570  -0.8910028488  -1.0986614484
0.8352865169  -0.8846398982  -1.1049728098
0.8289743470  -0.8782809235  -1.1112739462
0.8226726269  -0.8719256918  -1.1175649825
0.8163812368  -0.8655739771  -1.1238460312
0.8101000575  -0.8592255581  -1.1301171898
0.8038289699  -0.8528802234  -1.1363785383
0.7975678548  -0.8465377855  -1.1426301326
0.7913165830  -0.8401981878  -1.1488719699
0.7850750097  -0.8338614737  -1.1551039688
0.7788430183  -0.8275272673  -1.1613260988
0.7726205773  -0.8211946463  -1.1675385164
0.7664076910  -0.8148629346  -1.1737414560
0.7602043005  -0.8085320497  -1.1799350680
0.7540102870  -0.8022020228  -1.1861194344
0.7478255359  -0.7958727372  -1.1922946331
0.7416499556  -0.7895440248  -1.1984607460
0.7354834647  -0.7832157321  -1.2046178531
0.7293259844  -0.7768877249  -1.2107660320
0.7231774384  -0.7705598882  -1.2169053577
0.7170377528  -0.7642321263  -1.2230359024
0.7109068558  -0.7579043624  -1.2291577359
0.7047846781  -0.7515765380  -1.2352709249
0.6986711529  -0.7452486123  -1.2413755339
0.6925662157  -0.7389205621  -1.2474716245
0.6864698042  -0.7325923802  -1.2535592556
0.6803818589  -0.7262640737  -1.2596384837
0.6743023223  -0.7199356618  -1.2657093624
0.6682311397  -0.7136071750  -1.2717719428
0.6621682586  -0.7072786528  -1.2778262736
0.6561136293  -0.7009501407  -1.2838724006
0.6500672042  -0.6946216853  -1.2899103675
0.6440289384  -0.6882933339  -1.2959402154
0.6379987896  -0.6819651354  -1.3019619829
0.6319767178  -0.6756371399  -1.3079757062
0.6259626856  -0.6693093940  -1.3139814194
0.6199566582  -0.6629819372  -1.3199791538
0.6139586031  -0.6566547984  -1.3259689388
0.6079684908  -0.6503279896  -1.3319508016
0.6019862940  -0.6440014843  -1.3379247676
0.5960119883  -0.6376751882  -1.3438908608
0.5900455521  -0.6313489902  -1.3498491039
0.5840869658  -0.6250228917  -1.3557995163
0.5781362115  -0.6186970279  -1.3617421122
0.5721932734  -0.6123715500  -1.3676769018
0.5662581388  -0.6060465586  -1.3736038929
0.5603307982  -0.5997221346  -1.3795230921
0.5544112453  -0.5933983672  -1.3854345032
0.5484994759  -0.5870753554  -1.3913381277
0.5425954883  -0.5807532058  -1.3972339641
0.5366992836  -0.5744320326  -1.4031220085
0.5308108655  -0.5681119575  -1.4090022544
0.5249302402  -0.5617931099  -1.4148746923
0.5190574166  -0.5554754949  -1.4207393107
0.5131924061  -0.5491588630  -1.4265960958
0.5073352231  -0.5428432585  -1.4324450310
0.5014858844  -0.5365294661  -1.4382860955
0.4956444093  -0.5302182310  -1.4441192648
0.4898108199  -0.5239097465  -1.4499445129
0.4839851411  -0.5176040916  -1.4557618122
0.4781674009  -0.5113014226  -1.4615711325
0.4723576294  -0.5050018941  -1.4673724413
0.4665558593  -0.4987056575  -1.4731657033
0.4607621259  -0.4924128633  -1.4789508811
0.4549764671  -0.4861236635  -1.4847279343
0.4491989233  -0.4798382138  -1.4904968205
0.4434295373  -0.4735566760  -1.4962574946
0.4376683548  -0.4672792200  -1.5020099088
0.4319154234  -0.4610060259  -1.5077540130
0.4261707937  -0.4547372857  -1.5134897545
0.4204345185  -0.4484732055  -1.5192170780
0.4147066530  -0.4422140063  -1.5249359258
0.4089872548  -0.4359599260  -1.5306462377
0.4032763839  -0.4297112200  -1.5363479509
0.3975741026  -0.4234681617  -1.5420410002
0.3918804754  -0.4172310433  -1.5477253182
0.3861955692  -0.4110001764  -1.5534008350
0.3805194530  -0.4047758918  -1.5590674788
0.3748521977  -0.3985585401  -1.5647251751
0.3691938768  -0.3923484908  -1.5703738478
0.3635445653  -0.3861461320  -1.5760134185
0.3579043405  -0.3799518694  -1.5816438069
0.3522732815  -0.3737661257  -1.5872649310
0.3466514691  -0.3675893392  -1.5928767070
0.3410389860  -0.3614219626  -1.5984790495
0.3354359293  -0.3552663127  -1.6040719510
0.3298424144  -0.3491253617  -1.6096554938
0.3242585121  -0.3429952264  -1.6152295302
0.3186842380  -0.3368706655  -1.6207937006
0.3131196593  -0.3307542973  -1.6263478195
0.3075649031  -0.3246495876  -1.6318918063
0.3020200832  -0.3185572642  -1.6374255417
0.2964852979  -0.3124780379  -1.6429489114
0.2909606468  -0.3064126076  -1.6484618069
0.2854462304  -0.3003616551  -1.6539641259
0.2799421499  -0.2943258412  -1.6594557728
0.2744485066  -0.2883058016  -1.6649366591
0.2689654019  -0.2823021446  -1.6704067040
0.2634929368  -0.2763154484  -1.6758658344
0.2580312113  -0.2703462595  -1.6813139852
0.2525803248  -0.2643950916  -1.6867510990
0.2471403753  -0.2584624247  -1.6921771266
0.2417114595  -0.2525487055  -1.6975920266
0.2362936724  -0.2466543475  -1.7029957648
0.2308871074  -0.2407797319  -1.7083883146
0.2254918563  -0.2349252087  -1.7137696558
0.2201080089  -0.2290910983  -1.7191397743
0.2147356531  -0.2232776935  -1.7244986619
0.2093748752  -0.2174852613  -1.7298463146
0.2040257592  -0.2117140455  -1.7351827327
0.1986883876  -0.2059642689  -1.7405079190
0.1933628406  -0.2002361360  -1.7458218785
0.1880491968  -0.1945298356  -1.7511246167
0.1827475325  -0.1888455434  -1.7564161385
0.1774579222  -0.1831834245  -1.7616964471
0.1721804380  -0.1775436361  -1.7669655425
0.1669151498  -0.1719263357  -1.7722234196
0.1616669469  -0.1663335563  -1.7775494296
0.1564390087  -0.1607664861  -1.7829829045
0.1512188850  -0.1552202806  -1.7883880770
0.1460029929  -0.1496938110  -1.7937998858
0.1407978785  -0.1441898792  -1.7992158248
0.1356035015  -0.1387086670  -1.8046330540
0.1304198449  -0.1332503747  -1.8100483997
0.1252469157  -0.1278152182  -1.8154583542
0.1200847463  -0.1224034268  -1.8208590762
0.1149333952  -0.1170152406  -1.8262463902
0.1097929486  -0.1116509073  -1.8316157872
0.1046635211  -0.1063106784  -1.8369624242
0.0995452563  -0.1009948056  -1.8422811244
0.0944383276  -0.0957035360  -1.8475663771
0.0893429387  -0.0904371075  -1.8528123379
0.0842593239  -0.0851957439  -1.8580128283
0.0791877481  -0.0799796503  -1.8631613363
0.0741285069  -0.0747890077  -1.8682510157
0.0690819261  -0.0696239692  -1.8732746869
0.0640483610  -0.0644846550  -1.8782248359
0.0590281961  -0.0593711497  -1.8830936154
0.0540218432  -0.0542834987  -1.8878728439
0.0490297407  -0.0492217067  -1.8925540063
0.0440523513  -0.0441857368  -1.8971282534
0.0390901602  -0.0391755106  -1.9015864024
0.0341436722  -0.0341909105  -1.9059189365
0.0292134094  -0.0292317817  -1.9101160052
0.0242999072  -0.0242979377  -1.9141674240
0.0194037108  -0.0193891654  -1.9180626747
0.0145253708  -0.0145052326  -1.9217909052
0.0096654386  -0.0096458954  -1.9253409295
0.0048244607  -0.0048109075  -1.9287012279
0.0048182035  -0.0048108556  -1.9287012279
