0.0485953
2.8546937049  -2.9570877536   0.0001186925
2.8546937049  -2.9570877536   0.0001186925
2.8546989823  -2.9570561209   0.0000930005
2.8546857575  -2.9569613941   0.0000327647
2.8546456764  -2.9568056206  -0.0000630748
2.8545700375  -2.9565745564  -0.0001955564
2.8544558107  -2.9562642924  -0.0003656976
2.8543013328  -2.9558732576  -0.0005744942
2.8541054520  -2.9554007215  -0.0008229210
2.8538672500  -2.9548463137  -0.0011119315
2.8535859301  -2.9542098302  -0.0014424579
2.8532607654  -2.9534911427  -0.0018154110
2.8528910715  -2.9526901537  -0.0022316806
2.8524761926  -2.9518067709  -0.0026921351
2.8520154925  -2.9508408947  -0.0031976215
2.8515083504  -2.9497924094  -0.0037489656
2.8509541569  -2.9486611801  -0.0043469722
2.8503523129  -2.9474470502  -0.0049924245
2.8497022280  -2.9461498410  -0.0056860846
2.8490033202  -2.9447693519  -0.0064286932
2.8482550154  -2.9433053615  -0.0072209698
2.8474567476  -2.9417576290  -0.0080636127
2.8466079583  -2.9401258955  -0.0089572988
2.8457080974  -2.9384098862  -0.0099026840
2.8447566232  -2.9366093123  -0.0109004024
2.8437530026  -2.9347238729  -0.0119510675
2.8426967115  -2.9327532577  -0.0130552710
2.8415872352  -2.9306971489  -0.0142135836
2.8404240691  -2.9285552235  -0.0154265546
2.8392067185  -2.9263271557  -0.0166947122
2.8379346998  -2.9240126195  -0.0180185631
2.8366075402  -2.9216112907  -0.0193985929
2.8352247785  -2.9191210536  -0.0208371670
2.8337859785  -2.9165433388  -0.0223330785
2.8322907037  -2.9138800202  -0.0238861983
2.8307385115  -2.9111294199  -0.0254967654
2.8291289837  -2.9082908285  -0.0271650778
2.8274617213  -2.9053637943  -0.0288915013
2.8257363415  -2.9023479451  -0.0306763834
2.8239524775  -2.8992429842  -0.0325200608
2.8221097778  -2.8960486562  -0.0344228586
2.8202079068  -2.8927647411  -0.0363850881
2.8182465455  -2.8893910538  -0.0384070464
2.8162253913  -2.8859274448  -0.0404890149
2.8141441589  -2.8823738017  -0.0426312590
2.8120025800  -2.8787300498  -0.0448340272
2.8098004041  -2.8749961534  -0.0470975500
2.8075373986  -2.8711721168  -0.0494220400
2.8052133489  -2.8672579847  -0.0518076921
2.8028280586  -2.8632538442  -0.0542546837
2.8003813502  -2.8591598261  -0.0567631747
2.7978730646  -2.8549761058  -0.0593333066
2.7953030618  -2.8507029034  -0.0619652030
2.7926712202  -2.8463404836  -0.0646589692
2.7899774290  -2.8418891477  -0.0674146917
2.7872215891  -2.8373492347  -0.0702324374
2.7844036276  -2.8327211384  -0.0731122535
2.7815234971  -2.8280053063  -0.0760541685
2.7785811701  -2.8232022334  -0.0790581932
2.7755766383  -2.8183124619  -0.0821243202
2.7725099130  -2.8133365807  -0.0852525244
2.7693810247  -2.8082752250  -0.0884427625
2.7661900229  -2.8031290762  -0.0916949736
2.7629369751  -2.7978984200  -0.0950090781
2.7596219647  -2.7925838821  -0.0983849769
2.7562450966  -2.7871871451  -0.1018225526
2.7528064983  -2.7817094281  -0.1053216720
2.7493062891  -2.7761513069  -0.1088821862
2.7457445961  -2.7705135705  -0.1125039304
2.7421215849  -2.7647971357  -0.1161867243
2.7384374450  -2.7590029810  -0.1199303722
2.7346923832  -2.7531321280  -0.1237346617
2.7308866223  -2.7471856307  -0.1275993633
2.7270204015  -2.7411645715  -0.1315242326
2.7230939755  -2.7350700610  -0.1355090123
2.7191076145  -2.7289032389  -0.1395534320
2.7150616030  -2.7226652721  -0.1436572089
2.7109562215  -2.7163573351  -0.1478200478
2.7067917332  -2.7099805946  -0.1520416409
2.7025684301  -2.7035362516  -0.1563216662
2.6982866449  -2.6970255540  -0.1606597882
2.6939467243  -2.6904497702  -0.1650556614
2.6895490278  -2.6838101884  -0.1695089313
2.6850939268  -2.6771081171  -0.1740192346
2.6805818034  -2.6703448827  -0.1785861994
2.6760130498  -2.6635218257  -0.1832094457
2.6713880530  -2.6566402853  -0.1878885862
2.6667071590  -2.6497015637  -0.1926232238
2.6619707298  -2.6427069757  -0.1974129513
2.6571791825  -2.6356578867  -0.2022573508
2.6523329470  -2.6285556781  -0.2071559961
2.6474324608  -2.6214017422  -0.2121084530
2.6424781689  -2.6141974845  -0.2171142811
2.6374705235  -2.6069443253  -0.2221730397
2.6324099811  -2.5996436703  -0.2272842900
2.6272969422  -2.5922968439  -0.2324475902
2.6221317857  -2.5849051746  -0.2376624912
2.6169149514  -2.5774700982  -0.2429285391
2.6116469094  -2.5699930842  -0.2482452763
2.6063281346  -2.5624755916  -0.2536122443
2.6009591061  -2.5549190845  -0.2590289885
2.5955403077  -2.5473250617  -0.2644950617
2.5900722177  -2.5396950667  -0.2700100216
2.5845552327  -2.5320305002  -0.2755734283
2.5789897320  -2.5243324752  -0.2811848459
2.5733761726  -2.5166020328  -0.2868438429
2.5677150350  -2.5088404769  -0.2925499917
2.5620068019  -2.5010494256  -0.2983028685
2.5562519570  -2.4932305951  -0.3041020531
2.5504509831  -2.4853856622  -0.3099471301
2.5446043110  -2.4775162236  -0.3158376896
2.5387122817  -2.4696237746  -0.3217733255
2.5327752775  -2.4617097853  -0.3277536313
2.5267937609  -2.4537757283  -0.3337782012
2.5207681978  -2.4458230385  -0.3398466454
2.5146990569  -2.4378531133  -0.3459585962
2.5085868061  -2.4298673087  -0.3521137042
2.5024319095  -2.4218669468  -0.3583116329
2.4962347981  -2.4138533262  -0.3645520449
2.4899958079  -2.4058275965  -0.3708345868
2.4837151986  -2.3977907246  -0.3771588867
2.4773932114  -2.3897436047  -0.3835245578
2.4710300774  -2.3816870807  -0.3899312017
2.4646260233  -2.3736219606  -0.3963784237
2.4581813042  -2.3655490725  -0.4028658452
2.4516964186  -2.3574695466  -0.4093930953
2.4451718762  -2.3493845079  -0.4159598060
2.4386079212  -2.3412947055  -0.4225656173
2.4320047242  -2.3332007806  -0.4292101765
2.4253624441  -2.3251033777  -0.4358931348
2.4186812300  -2.3170031392  -0.4426141446
2.4119612618  -2.3089007561  -0.4493728579
2.4052029569  -2.3007972410  -0.4561689261
2.3984068185  -2.2926939222  -0.4630019875
2.3915732128  -2.2845920176  -0.4698716679
2.3847024938  -2.2764915631  -0.4767776564
2.3777950432  -2.2683914782  -0.4837197510
2.3708512410  -2.2602921404  -0.4906977469
2.3638714498  -2.2521962157  -0.4977113301
2.3568560146  -2.2441063971  -0.5047601188
2.3498052627  -2.2360241715  -0.5118437307
2.3427195266  -2.2279504628  -0.5189617947
2.3355991456  -2.2198861270  -0.5261139443
2.3284444303  -2.2118319838  -0.5332998175
2.3212554184  -2.2037886180  -0.5405190563
2.3140323713  -2.1957568242  -0.5477713047
2.3067761632  -2.1877379531  -0.5550562078
2.2994878390  -2.1797335226  -0.5623734138
2.2921684736  -2.1717450791  -0.5697225726
2.2848189998  -2.1637740624  -0.5771033366
2.2774397035  -2.1558212912  -0.5845153609
2.2700303122  -2.1478869154  -0.5919583045
2.2625904591  -2.1399708827  -0.5994318347
2.2551197307  -2.1320730773  -0.6069356294
2.2476177682  -2.1241934502  -0.6144693828
2.2400849095  -2.1163327583  -0.6220327718
2.2325217985  -2.1084920685  -0.6296253169
2.2249287182  -2.1006719723  -0.6372465140
2.2173059739  -2.0928730762  -0.6448960956
2.2096539494  -2.0850960999  -0.6525738690
2.2019730252  -2.0773418084  -0.6602795730
2.1942635125  -2.0696108392  -0.6680129148
2.1865256301  -2.0619036092  -0.6757735379
2.1787595462  -2.0542204010  -0.6835609469
2.1709653955  -2.0465613256  -0.6913743071
2.1631425380  -2.0389253559  -0.6992099636
2.1552906474  -2.0313119646  -0.7070660396
2.1474132352  -2.0237259475  -0.7149504100
2.1395147905  -2.0161740422  -0.7228714170
2.1315948209  -2.0086569100  -0.7308293900
2.1236501651  -2.0011709724  -0.7388223062
2.1156793755  -1.9937138514  -0.7468490166
2.1076824542  -1.9862847399  -0.7549084836
2.0996596022  -1.9788829984  -0.7629996108
2.0916109310  -1.9715076961  -0.7711212467
2.0835366276  -1.9641579111  -0.7792721955
2.0754369339  -1.9568326920  -0.7874512226
2.0673119944  -1.9495308010  -0.7956570439
2.0591620015  -1.9422509888  -0.8038883187
2.0509871925  -1.9349919772  -0.8121436528
2.0427877505  -1.9277522868  -0.8204216031
2.0345639176  -1.9205304840  -0.8287206939
2.0263157923  -1.9133249069  -0.8370394388
2.0180434784  -1.9061338569  -0.8453763517
2.0097472244  -1.8989557576  -0.8537299523
2.0014272712  -1.8917890077  -0.8620987719
1.9930842713  -1.8846323991  -0.8704813451
1.9847166280  -1.8774824098  -0.8788762012
1.9763159584  -1.8703286639  -0.8872818751
1.9678842514  -1.8631713671  -0.8956969139
1.9594293091  -1.8560168587  -0.9041198734
1.9509504100  -1.8488628794  -0.9125493214
1.9424463480  -1.8417065587  -0.9209838451
1.9339148714  -1.8345439753  -0.9294220578
1.9253517705  -1.8273692925  -0.9378626046
1.9167486335  -1.8201724798  -0.9463041698
1.9080855915  -1.8129311275  -0.9547455161
1.8991944320  -1.8054751235  -0.9631855002
1.8902513108  -1.7979865486  -0.9716229025
1.8816501245  -1.7908647867  -0.9800562710
1.8732865526  -1.7840013282  -0.9884841226
1.8649608175  -1.7771879710  -0.9969051987
1.8566445348  -1.7703888133  -1.0053184275
1.8483371245  -1.7635993611  -1.0137228073
1.8400382926  -1.7568172192  -1.0221173895
1.8317477468  -1.7500403037  -1.0305012959
1.8234652134  -1.7432666732  -1.0388737240
1.8151904375  -1.7364945349  -1.0472339482
1.8069231819  -1.7297222454  -1.0555813245
1.7986632281  -1.7229483067  -1.0639152946
1.7904103738  -1.7161713654  -1.0722353873
1.7821644323  -1.7093902173  -1.0805412223
1.7739252315  -1.7026038127  -1.0888325131
1.7656926131  -1.6958112640  -1.0971090715
1.7574664327  -1.6890118494  -1.1053708135
1.7492465562  -1.6822050083  -1.1136177585
1.7410328573  -1.6753903317  -1.1218500306
1.7328252131  -1.6685675531  -1.1300678545
1.7246235155  -1.6617365463  -1.1382715947
1.7164277354  -1.6548973471  -1.1464619256
1.7082378924  -1.6480501402  -1.1546397359
1.7000538867  -1.6411951874  -1.1628058522
1.6918755226  -1.6343328083  -1.1709611656
1.6837026640  -1.6274634198  -1.1791067808
1.6755352353  -1.6205875437  -1.1872440028
1.6673731886  -1.6137057997  -1.1953743975
1.6592165368  -1.6068189224  -1.2034999104
1.6510654431  -1.5999279011  -1.2116231637
1.6429212659  -1.5930343573  -1.2197505190
1.6347852665  -1.5861398156  -1.2278877907
1.6266537821  -1.5792436727  -1.2360304667
1.6185208111  -1.5723436915  -1.2441711042
1.6103854038  -1.5654387330  -1.2523086666
1.6022500172  -1.5585290911  -1.2604443608
1.5941157676  -1.5516151347  -1.2685786408
1.5859825187  -1.5446969261  -1.2767118152
1.5778499783  -1.5377744126  -1.2848441973
1.5697178528  -1.5308475041  -1.2929761063
1.5615858481  -1.5239160833  -1.3011078666
1.5534536694  -1.5169800058  -1.3092398078
1.5453210205  -1.5100391010  -1.3173722641
1.5371876042  -1.5030931736  -1.3255055736
1.5290531219  -1.4961420038  -1.3336400779
1.5209172735  -1.4891853498  -1.3417761214
1.5127797573  -1.4822229485  -1.3499140506
1.5046402702  -1.4752545169  -1.3580542135
1.4964985072  -1.4682797518  -1.3661969588
1.4883541617  -1.4612983284  -1.3743426353
1.4802069256  -1.4543099007  -1.3824915909
1.4720564888  -1.4473141066  -1.3906441722
1.4639025391  -1.4403105975  -1.3988007220
1.4557447614  -1.4332990551  -1.4069615762
1.4475828381  -1.4262791315  -1.4151270652
1.4394164517  -1.4192504014  -1.4232975163
1.4312452845  -1.4122124179  -1.4314732530
1.4230690167  -1.4051647650  -1.4396545912
1.4148873257  -1.3981070527  -1.4478418384
1.4066998861  -1.3910389225  -1.4560352903
1.3985063684  -1.3839600893  -1.4642352269
1.3903064314  -1.3768706983  -1.4724418856
1.3820997149  -1.3697712890  -1.4806554428
1.3738858782  -1.3626609883  -1.4888761109
1.3656646568  -1.3555367109  -1.4971042533
1.3574358229  -1.3483959075  -1.5053403101
1.3491990902  -1.3412383087  -1.5135846622
1.3409541076  -1.3340643024  -1.5218376344
1.3327005209  -1.3268736680  -1.5300995486
1.3244379939  -1.3196658510  -1.5383707341
1.3161661974  -1.3124402743  -1.5466515228
1.3078848011  -1.3051963753  -1.5549422478
1.2995934732  -1.2979336062  -1.5632432439
1.2912918798  -1.2906514345  -1.5715548475
1.2829796853  -1.2833493399  -1.5798773968
1.2746565520  -1.2760268092  -1.5882112317
1.2663221407  -1.2686833392  -1.5965566939
1.2579761096  -1.2613184603  -1.6049141269
1.2496181148  -1.2539317411  -1.6132838756
1.2412478103  -1.2465227538  -1.6216662869
1.2328648481  -1.2390910494  -1.6300617098
1.2244688781  -1.2316361685  -1.6384704959
1.2160595480  -1.2241576541  -1.6468929988
1.2076365033  -1.2166550474  -1.6553295749
1.1991993869  -1.2091278789  -1.6637805829
1.1907478395  -1.2015756642  -1.6722463839
1.1822814990  -1.1939979077  -1.6807273419
1.1738000013  -1.1863941025  -1.6892238237
1.1653029791  -1.1787637247  -1.6977361987
1.1567900631  -1.1711062258  -1.7062648391
1.1482608809  -1.1634210261  -1.7148101205
1.1397150578  -1.1557075040  -1.7233724213
1.1311522164  -1.1479649585  -1.7319521236
1.1225719768  -1.1401925545  -1.7405496137
1.1139739566  -1.1323893971  -1.7491652819
1.1053577699  -1.1245547582  -1.7577995206
1.0967230262  -1.1166881403  -1.7664527234
1.0880693312  -1.1087890732  -1.7751252849
1.0793962883  -1.1008569725  -1.7838176033
1.0707034989  -1.0928911867  -1.7925300810
1.0619905617  -1.0848910590  -1.8012631237
1.0532570720  -1.0768559326  -1.8100171403
1.0445026220  -1.0687851432  -1.8187925431
1.0357268005  -1.0606780176  -1.8275897473
1.0269291932  -1.0525338723  -1.8364091717
1.0181093826  -1.0443520131  -1.8452512384
1.0092669500  -1.0361308674  -1.8541163747
1.0004014774  -1.0278670774  -1.8630050172
0.9915125421  -1.0195590850  -1.8719176062
0.9825997040  -1.0112102717  -1.8808545678
0.9736625141  -1.0028238501  -1.8898163184
0.9647005311  -0.9943992291  -1.8988032877
0.9557133221  -0.9859349071  -1.9078159213
0.9467004512  -0.9774298835  -1.9168546706
0.9376614766  -0.9688831067  -1.9259199904
0.9285959518  -0.9602934217  -1.9350123404
0.9195034280  -0.9516595827  -1.9441321850
0.9103834529  -0.9429802659  -1.9532799927
0.9012355719  -0.9342540830  -1.9624562358
0.8920593270  -0.9254795952  -1.9716613897
0.8828542577  -0.9166553276  -1.9808959325
0.8736199007  -0.9077797835  -1.9901603445
0.8643557901  -0.8988514589  -1.9994551071
0.8550614576  -0.8898688567  -2.0087807027
0.8457364326  -0.8808305010  -2.0181376139
0.8363802425  -0.8717349501  -2.0275263230
0.8269924129  -0.8625808092  -2.0369473115
0.8175724681  -0.8533667399  -2.0464010595
0.8081199313  -0.8440914719  -2.0558880458
0.7986343250  -0.8347538127  -2.0654087470
0.7891151714  -0.8253526583  -2.0749636377
0.7795619928  -0.8158869999  -2.0845531901
0.7699743123  -0.8063559303  -2.0941778736
0.7603516541  -0.7967586488  -2.1038381549
0.7506935439  -0.7870944640  -2.1135344977
0.7409995101  -0.7773627964  -2.1232673626
0.7312690837  -0.7675631786  -2.1330372068
0.7215017994  -0.7576952554  -2.1428444835
0.7116973095  -0.7477733904  -2.1526901606
0.7018554727  -0.7378180745  -2.1625758054
0.6919757517  -0.7277961351  -2.1725014946
0.6820569097  -0.7176610871  -2.1824659102
0.6720981416  -0.7074275055  -2.1924688572
0.6620993923  -0.6971182452  -2.2025108184
0.6520605071  -0.6867351950  -2.2125920210
0.6419811351  -0.6762803153  -2.2227127175
0.6318609467  -0.6657556380  -2.2328731881
0.6216996316  -0.6551632208  -2.2430737437
0.6114968960  -0.6445051065  -2.2533147270
0.6012524614  -0.6337832839  -2.2635965130
0.5909660621  -0.6229996523  -2.2739195096
0.5806374438  -0.6121559887  -2.2842841560
0.5702663621  -0.6012539200  -2.2946909211
0.5598525819  -0.5902948976  -2.3051403007
0.5493958774  -0.5792801774  -2.3156328132
0.5388960321  -0.5682108038  -2.3261689953
0.5283528408  -0.5570875986  -2.3367493955
0.5177661113  -0.5459111541  -2.3473745679
0.5071356672  -0.5346818321  -2.3580450636
0.4964613512  -0.5233997674  -2.3687614227
0.4857430299  -0.5120648762  -2.3795241643
0.4749805976  -0.5006768706  -2.3903337768
0.4641739818  -0.4892352779  -2.4011907069
0.4533231486  -0.4777394652  -2.4120953486
0.4424281081  -0.4661886697  -2.4230480320
0.4314889197  -0.4545820344  -2.4340490124
0.4205056979  -0.4429186487  -2.4450984589
0.4094786168  -0.4311975941  -2.4561964440
0.3984079150  -0.4194179951  -2.4673429343
0.3872938974  -0.4075791834  -2.4785377790
0.3761684189  -0.3957053072  -2.4899757603
0.3650528502  -0.3838123207  -2.5017534334
0.3538662112  -0.3718339486  -2.5135370665
0.3425847467  -0.3597510610  -2.5254116933
0.3312511694  -0.3475990587  -2.5373704373
0.3198654273  -0.3353786835  -2.5494055136
0.3084277646  -0.3230915731  -2.5615082283
0.2969386932  -0.3107401700  -2.5736689786
0.2853990053  -0.2983277645  -2.5858772532
0.2738097834  -0.2858585210  -2.5981216318
0.2621724085  -0.2733374868  -2.6103897852
0.2504885651  -0.2607705777  -2.6226684757
0.2387602430  -0.2481645405  -2.6349435565
0.2269897356  -0.2355268889  -2.6471999723
0.2151796344  -0.2228658118  -2.6594217587
0.2033328187  -0.2101900533  -2.6715920427
0.1914524418  -0.1975087663  -2.6836930424
0.1795419124  -0.1848313396  -2.6957060672
0.1676048713  -0.1721672052  -2.7076115177
0.1556451643  -0.1595256282  -2.7193888855
0.1436668116  -0.1469154879  -2.7310167536
0.1316739736  -0.1343450586  -2.7424727962
0.1196709146  -0.1218218003  -2.7537337786
0.1076619645  -0.1093521693  -2.7647755574
0.0956514815  -0.0969414623  -2.7755730804
0.0836438140  -0.0845937055  -2.7861003864
0.0716432655  -0.0723115992  -2.7963306057
0.0596540637  -0.0600965290  -2.8062359595
0.0476803332  -0.0479486507  -2.8157877606
0.0357260764  -0.0358670514  -2.8249564126
0.0237951609  -0.0238499872  -2.8337114104
0.0118913176  -0.0118951874  -2.8420213404
0.0118531540  -0.0118947917  -2.8420213404
