0.0852611
2.1977780117  -2.2847027988   0.0000736155
2.1977780117  -2.2847027988   0.0000736155
2.1977825109  -2.2846909933   0.0000594819
2.1977760675  -2.2846453990   0.0000249744
2.1977534797  -2.2845657161  -0.0000304893
2.1977099879  -2.2844450546  -0.0001074847
2.1976438872  -2.2842813403  -0.0002065808
2.1975542279  -2.2840736300  -0.0003283402
2.1974403431  -2.2838213930  -0.0004733186
2.1973016939  -2.2835242775  -0.0006420651
2.1971378066  -2.2831820154  -0.0008351226
2.1969482437  -2.2827943783  -0.0010530269
2.1967325885  -2.2823611538  -0.0012963075
2.1964904369  -2.2818821339  -0.0015654871
2.1962213927  -2.2813571068  -0.0018610822
2.1959250643  -2.2807858535  -0.0021836021
2.1956010635  -2.2801681444  -0.0025335501
2.1952490033  -2.2795037387  -0.0029114224
2.1948684982  -2.2787923828  -0.0033177089
2.1944591629  -2.2780338107  -0.0037528929
2.1940206125  -2.2772277431  -0.0042174509
2.1935524618  -2.2763738885  -0.0047118531
2.1930543256  -2.2754719425  -0.0052365627
2.1925258183  -2.2745215893  -0.0057920367
2.1919665546  -2.2735225016  -0.0063787252
2.1913761487  -2.2724743413  -0.0069970719
2.1907542152  -2.2713767604  -0.0076475138
2.1901003684  -2.2702294015  -0.0083304813
2.1894142231  -2.2690318985  -0.0090463983
2.1886953942  -2.2677838778  -0.0097956819
2.1879434971  -2.2664849584  -0.0105787429
2.1871581477  -2.2651347533  -0.0113959852
2.1863389516  -2.2637318931  -0.0122489572
2.1854855412  -2.2622768746  -0.0131370413
2.1845975498  -2.2607705001  -0.0140602782
2.1836745829  -2.2592116595  -0.0150189638
2.1827162556  -2.2575996962  -0.0160134255
2.1817221896  -2.2559341076  -0.0170440312
2.1806920092  -2.2542144258  -0.0181111448
2.1796253409  -2.2524402112  -0.0192151306
2.1785218133  -2.2506110366  -0.0203563524
2.1773810579  -2.2487264844  -0.0215351730
2.1762027086  -2.2467861462  -0.0227519527
2.1749864021  -2.2447896232  -0.0240070492
2.1737317785  -2.2427365270  -0.0253008172
2.1724384807  -2.2406264797  -0.0266336083
2.1711061554  -2.2384591160  -0.0280057713
2.1697344528  -2.2362340837  -0.0294176512
2.1683230267  -2.2339510457  -0.0308695895
2.1668715351  -2.2316096793  -0.0323619238
2.1653796401  -2.2292096771  -0.0338949875
2.1638470080  -2.2267507476  -0.0354691098
2.1622733097  -2.2242326166  -0.0370846152
2.1606582207  -2.2216550275  -0.0387418239
2.1590014215  -2.2190177418  -0.0404410507
2.1573025969  -2.2163205394  -0.0421826057
2.1555614319  -2.2135632158  -0.0439667929
2.1537776156  -2.2107455864  -0.0457939103
2.1519508472  -2.2078674912  -0.0476642500
2.1500808327  -2.2049287915  -0.0495780987
2.1481672842  -2.2019293694  -0.0515357376
2.1462099199  -2.1988691289  -0.0535374421
2.1442084644  -2.1957479964  -0.0555834814
2.1421626486  -2.1925656672  -0.0576741192
2.1400722086  -2.1893220216  -0.0598096126
2.1379368880  -2.1860175561  -0.0619902118
2.1357564405  -2.1826525200  -0.0642161607
2.1335306257  -2.1792267931  -0.0664876968
2.1312592083  -2.1757403720  -0.0688050511
2.1289419602  -2.1721933203  -0.0711684469
2.1265786605  -2.1685857358  -0.0735780996
2.1241690957  -2.1649177445  -0.0760342167
2.1217130595  -2.1611894943  -0.0785369977
2.1192103521  -2.1574011525  -0.0810866338
2.1166607664  -2.1535529003  -0.0836833086
2.1140640979  -2.1496449418  -0.0863271976
2.1114201627  -2.1456775152  -0.0890184689
2.1087287896  -2.1416508846  -0.0917572828
2.1059898157  -2.1375653340  -0.0945437940
2.1032030866  -2.1334211658  -0.0973781532
2.1003684562  -2.1292186998  -0.1002605054
2.0974857858  -2.1249582739  -0.1031909862
2.0945549447  -2.1206402461  -0.1061697227
2.0915758098  -2.1162649964  -0.1091968334
2.0885482661  -2.1118329275  -0.1122724285
2.0854722066  -2.1073444661  -0.1153966106
2.0823475324  -2.1028000645  -0.1185694745
2.0791741481  -2.0982001975  -0.1217911088
2.0759519362  -2.0935453416  -0.1250615981
2.0726807834  -2.0888359889  -0.1283810250
2.0693606125  -2.0840726689  -0.1317494677
2.0659913599  -2.0792559385  -0.1351669982
2.0625729702  -2.0743863789  -0.1386336832
2.0591053960  -2.0694645900  -0.1421495839
2.0555885978  -2.0644911722  -0.1457147561
2.0520225436  -2.0594667232  -0.1493292506
2.0484072089  -2.0543918755  -0.1529931128
2.0447425767  -2.0492673119  -0.1567063836
2.0410286369  -2.0440937382  -0.1604690984
2.0372653879  -2.0388718799  -0.1642812868
2.0334528292  -2.0336025007  -0.1681429728
2.0295909431  -2.0282863902  -0.1720541746
2.0256796988  -2.0229243566  -0.1760149044
2.0217190663  -2.0175170805  -0.1800251669
2.0177090164  -2.0120649347  -0.1840849569
2.0136495208  -2.0065682331  -0.1881942652
2.0095405545  -2.0010276325  -0.1923530865
2.0053820986  -1.9954441148  -0.1965614202
2.0011741389  -1.9898187331  -0.2008192676
1.9969166654  -1.9841525070  -0.2051266311
1.9926097756  -1.9784465530  -0.2094835107
1.9882536305  -1.9727020389  -0.2138898921
1.9838482861  -1.9669199665  -0.2183457382
1.9793937297  -1.9611012078  -0.2228509898
1.9748899452  -1.9552465865  -0.2274055676
1.9703369162  -1.9493568819  -0.2320093737
1.9657346266  -1.9434328311  -0.2366622942
1.9610830638  -1.9374751345  -0.2413642124
1.9563822210  -1.9314844621  -0.2461150182
1.9516321281  -1.9254614976  -0.2509146000
1.9468329561  -1.9194070703  -0.2557628394
1.9419849073  -1.9133220156  -0.2606596122
1.9370881037  -1.9072070349  -0.2656047885
1.9321426646  -1.9010627932  -0.2705982323
1.9271487161  -1.8948899424  -0.2756398018
1.9221063918  -1.8886891404  -0.2807293500
1.9170158328  -1.8824610529  -0.2858667260
1.9118771889  -1.8762063433  -0.2910517732
1.9066906350  -1.8699257170  -0.2962843289
1.9014563583  -1.8636198997  -0.3015642253
1.8961745335  -1.8572895838  -0.3068912867
1.8908453333  -1.8509354574  -0.3122653284
1.8854689357  -1.8445582245  -0.3176861551
1.8800455211  -1.8381586142  -0.3231535449
1.8745752735  -1.8317373794  -0.3286672573
1.8690582829  -1.8252950954  -0.3342271372
1.8634945576  -1.8188321822  -0.3398331461
1.8578844123  -1.8123496156  -0.3454852012
1.8522284498  -1.8058489985  -0.3511830783
1.8465272984  -1.7993319323  -0.3569264890
1.8407816436  -1.7927998820  -0.3627151458
1.8349922260  -1.7862543059  -0.3685487649
1.8291596181  -1.7796965618  -0.3744270561
1.8232839316  -1.7731275802  -0.3803497230
1.8173649900  -1.7665479345  -0.3863164693
1.8114025788  -1.7599581271  -0.3923270006
1.8053964438  -1.7533586320  -0.3983810235
1.7993462913  -1.7467498952  -0.4044782476
1.7932519206  -1.7401324898  -0.4106183836
1.7871137417  -1.7335077155  -0.4168011419
1.7809323709  -1.7268771034  -0.4230262371
1.7747080969  -1.7202417828  -0.4292933871
1.7684411651  -1.7136028201  -0.4356023090
1.7621318283  -1.7069612818  -0.4419527366
1.7557803523  -1.7003182557  -0.4483443264
1.7493870009  -1.6936748476  -0.4547765359
1.7429520318  -1.6870321094  -0.4612489031
1.7364757734  -1.6803911211  -0.4677612468
1.7299585827  -1.6737529955  -0.4743134067
1.7234007552  -1.6671187702  -0.4809051385
1.7168026282  -1.6604895477  -0.4875361662
1.7101645378  -1.6538663640  -0.4942061493
1.7034867325  -1.6472500231  -0.5009146311
1.6967694003  -1.6406411558  -0.5076609196
1.6900126365  -1.6340400852  -0.5144437319
1.6832154835  -1.6274457043  -0.5212575062
1.6763779395  -1.6208582730  -0.5281013585
1.6695051016  -1.6142848430  -0.5349883455
1.6626017481  -1.6077328508  -0.5419279664
1.6556660532  -1.6012017077  -0.5489188947
1.6486944292  -1.5946875019  -0.5559587993
1.6416856948  -1.5881882600  -0.5630462622
1.6346399084  -1.5817033224  -0.5701798760
1.6275573192  -1.5752321666  -0.5773581295
1.6204380968  -1.5687739534  -0.5845794227
1.6132824063  -1.5623276734  -0.5918420840
1.6060905442  -1.5558923872  -0.5991443809
1.5988627833  -1.5494669508  -0.6064845277
1.5915993854  -1.5430500554  -0.6138606951
1.5843006894  -1.5366404371  -0.6212710172
1.5769668363  -1.5302364754  -0.6287135868
1.5695979925  -1.5238365084  -0.6361864499
1.5621944840  -1.5174389767  -0.6436876179
1.5547566424  -1.5110422418  -0.6512150788
1.5472847275  -1.5046445697  -0.6587668020
1.5397800128  -1.4982451746  -0.6663407433
1.5322374365  -1.4918368831  -0.6739348527
1.5246483369  -1.4854088311  -0.6815470802
1.5170191857  -1.4789655857  -0.6891753763
1.5093577391  -1.4725132388  -0.6968176923
1.5016626592  -1.4660485944  -0.7044719883
1.4939329954  -1.4595687474  -0.7121362409
1.4861668724  -1.4530699060  -0.7198084470
1.4783607789  -1.4465467130  -0.7274866316
1.4705080330  -1.4399907202  -0.7351688560
1.4625948864  -1.4333864824  -0.7428532300
1.4545868962  -1.4266971706  -0.7505379685
1.4462305350  -1.4196696640  -0.7582213909
1.4379097423  -1.4126941052  -0.7659016619
1.4301117925  -1.4062586030  -0.7735766504
1.4225448092  -1.4000634034  -0.7812442652
1.4150107851  -1.3939018546  -0.7889027232
1.4074895448  -1.3877475166  -0.7965504377
1.3999805526  -1.3815965584  -0.8041858954
1.3924835777  -1.3754465596  -0.8118076562
1.3849984010  -1.3692953379  -0.8194143714
1.3775248294  -1.3631408860  -0.8270047908
1.3700626964  -1.3569813779  -0.8345777659
1.3626118597  -1.3508151715  -0.8421322532
1.3551722010  -1.3446408107  -0.8496673201
1.3477436254  -1.3384570260  -0.8571821483
1.3403260602  -1.3322627341  -0.8646760414
1.3329194554  -1.3260570337  -0.8721484315
1.3255237801  -1.3198392021  -0.8795988805
1.3181390186  -1.3136086943  -0.8870270822
1.3107651694  -1.3073651405  -0.8944328688
1.3034022384  -1.3011083397  -0.9018161967
1.2960502701  -1.2948382710  -0.9091772568
1.2887094226  -1.2885551146  -0.9165166498
1.2813798646  -1.2822592095  -0.9238351422
1.2740615953  -1.2759509774  -0.9311334224
1.2667545465  -1.2696309271  -0.9384123207
1.2594587386  -1.2632996932  -0.9456729269
1.2521742443  -1.2569580280  -0.9529165631
1.2449011544  -1.2506067872  -0.9601448404
1.2376396054  -1.2442469350  -0.9673597544
1.2303898322  -1.2378795712  -0.9745638822
1.2231523265  -1.2315061099  -0.9817609087
1.2159293584  -1.2251286944  -0.9889602102
1.2087222501  -1.2187490266  -0.9961680345
1.2015249228  -1.2123661051  -1.0033752587
1.1943301144  -1.2059776921  -1.0105728105
1.1871384308  -1.1995833147  -1.0177607736
1.1799533413  -1.1931837499  -1.0249402975
1.1727759292  -1.1867795638  -1.0321116917
1.1656061123  -1.1803710297  -1.0392751664
1.1584437024  -1.1739583315  -1.0464309363
1.1512885111  -1.1675416154  -1.0535792227
1.1441403511  -1.1611209952  -1.0607202520
1.1369990350  -1.1546965512  -1.0678542560
1.1298643759  -1.1482683296  -1.0749814702
1.1227361869  -1.1418363429  -1.0821021340
1.1156142810  -1.1354005704  -1.0892164891
1.1084984712  -1.1289609594  -1.0963247791
1.1013885704  -1.1225174269  -1.1034272483
1.0942843911  -1.1160698599  -1.1105241405
1.0871857460  -1.1096181170  -1.1176156986
1.0800924478  -1.1031620287  -1.1247021629
1.0730043089  -1.0967014041  -1.1317837704
1.0659211411  -1.0902360525  -1.1388607507
1.0588427548  -1.0837657826  -1.1459333233
1.0517689605  -1.0772903601  -1.1530017000
1.0446995716  -1.0708094963  -1.1600660874
1.0376344031  -1.0643228904  -1.1671266844
1.0305732701  -1.0578302511  -1.1741836789
1.0235159869  -1.0513312904  -1.1812372458
1.0164623679  -1.0448257259  -1.1882875450
1.0094122266  -1.0383132969  -1.1953347177
1.0023653743  -1.0317937972  -1.2023788784
0.9953216083  -1.0252673169  -1.2094200751
0.9882807078  -1.0187340992  -1.2164582776
0.9812424932  -1.0121933123  -1.2234935353
0.9742068872  -1.0056429502  -1.2305261046
0.9671738389  -0.9990817501  -1.2375562982
0.9601432114  -0.9925097556  -1.2445843267
0.9531148048  -0.9859271201  -1.2516103403
0.9460884313  -0.9793336301  -1.2586344910
0.9390639278  -0.9727289585  -1.2656569344
0.9320411397  -0.9661127889  -1.2726778249
0.9250199146  -0.9594848253  -1.2796973148
0.9180001014  -0.9528447924  -1.2867155548
0.9109815511  -0.9461924362  -1.2937326931
0.9039641160  -0.9395275229  -1.3007488762
0.8969476503  -0.9328498376  -1.3077642485
0.8899320099  -0.9261591849  -1.3147789521
0.8829170525  -0.9194553906  -1.3217931271
0.8759026375  -0.9127383022  -1.3288069117
0.8688886261  -0.9060077809  -1.3358204415
0.8618748816  -0.8992636966  -1.3428338504
0.8548612690  -0.8925059280  -1.3498472700
0.8478476555  -0.8857343597  -1.3568608300
0.8408339102  -0.8789488762  -1.3638746579
0.8338199041  -0.8721493602  -1.3708888792
0.8268055106  -0.8653356948  -1.3779036175
0.8197906049  -0.8585077625  -1.3849189940
0.8127750646  -0.8516654400  -1.3919351282
0.8057587694  -0.8448085924  -1.3989521372
0.7987416012  -0.8379370687  -1.4059701362
0.7917234444  -0.8310506957  -1.4129892385
0.7847041859  -0.8241492674  -1.4200095554
0.7776837149  -0.8172325077  -1.4270311967
0.7706619236  -0.8103000294  -1.4340542714
0.7636387068  -0.8033514313  -1.4410788869
0.7566139611  -0.7963865016  -1.4481051468
0.7495875843  -0.7894052192  -1.4551331491
0.7425594763  -0.7824075562  -1.4621629873
0.7355295408  -0.7753933960  -1.4691947529
0.7284976852  -0.7683625939  -1.4762285355
0.7214638203  -0.7613150157  -1.4832644221
0.7144278593  -0.7542505375  -1.4903024961
0.7073897186  -0.7471690414  -1.4973428382
0.7003493177  -0.7400704166  -1.5043855253
0.6933065794  -0.7329545585  -1.5114306312
0.6862614296  -0.7258213696  -1.5184782263
0.6792137983  -0.7186704610  -1.5255283776
0.6721636192  -0.7115008509  -1.5325811503
0.6651108298  -0.7043122003  -1.5396366055
0.6580553693  -0.6971058516  -1.5466947958
0.6509971797  -0.6898830721  -1.5537557669
0.6439362087  -0.6826438653  -1.5608195634
0.6368724102  -0.6753879575  -1.5678862283
0.6298057424  -0.6681152455  -1.5749558008
0.6227361670  -0.6608256142  -1.5820283156
0.6156636500  -0.6535189311  -1.5891038032
0.6085881619  -0.6461950506  -1.5961822896
0.6015096778  -0.6388538203  -1.6032637961
0.5944281777  -0.6314950860  -1.6103483390
0.5873436465  -0.6241186976  -1.6174359297
0.5802560741  -0.6167245144  -1.6245265738
0.5731654555  -0.6093124112  -1.6316202717
0.5660717911  -0.6018822828  -1.6387170177
0.5589750869  -0.5944340499  -1.6458167998
0.5518753542  -0.5869676637  -1.6529196000
0.5447726104  -0.5794831104  -1.6600253936
0.5376668787  -0.5719804148  -1.6671341490
0.5305581882  -0.5644596435  -1.6742458278
0.5234465746  -0.5569209077  -1.6813603846
0.5163320798  -0.5493643670  -1.6884777669
0.5092147524  -0.5417902318  -1.6955979148
0.5020946476  -0.5341987651  -1.7027207608
0.4949718276  -0.5265902836  -1.7098462302
0.4878463616  -0.5189651581  -1.7169742406
0.4807183259  -0.5113238144  -1.7241047018
0.4735878042  -0.5036667324  -1.7312375163
0.4664548878  -0.4959944455  -1.7383725786
0.4593196754  -0.4883075393  -1.7455097756
0.4521823060  -0.4806112962  -1.7526491514
0.4450429738  -0.4729127804  -1.7597909312
0.4379017636  -0.4652018967  -1.7669348580
0.4307586072  -0.4574648440  -1.7740802293
0.4236135703  -0.4497075061  -1.7812266985
0.4164668958  -0.4419381062  -1.7883741305
0.4093187992  -0.4341580669  -1.7955223042
0.4021694570  -0.4263688150  -1.8026710027
0.3950190558  -0.4185717887  -1.8098200144
0.3878677913  -0.4107684233  -1.8169691341
0.3807158673  -0.4029601395  -1.8241181638
0.3735634954  -0.3951483330  -1.8312669134
0.3664108944  -0.3873343647  -1.8384152011
0.3592582888  -0.3795195531  -1.8455628540
0.3521059091  -0.3717051679  -1.8527097080
0.3449539903  -0.3638924245  -1.8598556078
0.3378027724  -0.3560824808  -1.8670004066
0.3306524992  -0.3482764346  -1.8741439657
0.3235034184  -0.3404753225  -1.8812861540
0.3163557812  -0.3326801207  -1.8884268468
0.3092098426  -0.3248917460  -1.8955659251
0.3020658609  -0.3171110586  -1.9027032742
0.2949240980  -0.3093388660  -1.9098387827
0.2877848193  -0.3015759272  -1.9169723403
0.2806482940  -0.2938229587  -1.9241038369
0.2735147951  -0.2860806400  -1.9312331602
0.2663845991  -0.2783496211  -1.9383601938
0.2592579863  -0.2706305292  -1.9454848156
0.2521352409  -0.2629239763  -1.9526068951
0.2450166502  -0.2552305673  -1.9597262912
0.2379025045  -0.2475509071  -1.9668428503
0.2307930966  -0.2398856293  -1.9739564027
0.2236987314  -0.2322411855  -1.9811781530
0.2166261724  -0.2246216238  -1.9885631638
0.2095497392  -0.2170121760  -1.9959206392
0.2024621613  -0.2094094233  -2.0032994274
0.1953772011  -0.2018222805  -2.0106958030
0.1882949564  -0.1942515746  -2.0181055646
0.1812155806  -0.1866982331  -2.0255240345
0.1741392824  -0.1791632693  -2.0329460589
0.1670663270  -0.1716477770  -2.0403660078
0.1599970380  -0.1641529231  -2.0477777752
0.1529317984  -0.1566799372  -2.0551747787
0.1458710513  -0.1492300993  -2.0625499601
0.1388153007  -0.1418047250  -2.0698957846
0.1317651111  -0.1344051487  -2.0772042416
0.1247211074  -0.1270327048  -2.0844668444
0.1176839739  -0.1196887080  -2.0916746297
0.1106544535  -0.1123744319  -2.0988181585
0.1036333456  -0.1050910875  -2.1058875156
0.0966215040  -0.0978398023  -2.1128723093
0.0896198345  -0.0906215993  -2.1197616721
0.0826292919  -0.0834373787  -2.1265442603
0.0756508764  -0.0762879011  -2.1332082539
0.0686856293  -0.0691737750  -2.1397413569
0.0617346291  -0.0620954474  -2.1461307970
0.0547989863  -0.0550531999  -2.1523633259
0.0478798381  -0.0480471503  -2.1584252192
0.0409783425  -0.0410772596  -2.1643022760
0.0340956720  -0.0341433458  -2.1699798196
0.0272330070  -0.0272451046  -2.1754426970
0.0203915287  -0.0203821347  -2.1806752792
0.0135724109  -0.0135539697  -2.1856614607
0.0067768129  -0.0067601133  -2.1903846604
0.0067644622  -0.0067599745  -2.1903846604
