89
7.800288E+00 1.009991E+08 1.000000E+00 4.698969E+24
7.860195E+00 1.009991E+09 1.628417E+08 4.735057E+24
7.899722E+00 1.009991E+10 1.782721E+09 4.758868E+24
8.149850E+00 1.009991E+11 1.752235E+10 4.909548E+24
1.159976E+01 1.209980E+12 1.624242E+11 6.987809E+24
1.639975E+01 1.399978E+13 1.335187E+12 9.879368E+24
4.510024E+01 1.699989E+14 7.106444E+12 2.716882E+25
2.119974E+02 5.819826E+15 6.226324E+13 1.277093E+26
1.149971E+03 1.899978E+17 3.980655E+14 6.927536E+26
1.043991E+04 9.744115E+18 2.560826E+15 6.289091E+27
2.622021E+04 4.967972E+19 4.864185E+15 1.579525E+28
6.586704E+04 2.431005E+20 9.298708E+15 3.967869E+28
1.653995E+05 1.150977E+21 1.757810E+16 9.963705E+28
4.156016E+05 5.265985E+21 3.250281E+16 2.503569E+29
1.043991E+06 2.317995E+22 5.834421E+16 6.288850E+29
2.622021E+06 9.755216E+22 1.010304E+17 1.579418E+30
6.587939E+06 3.911023E+23 1.680753E+17 3.968158E+30
8.293133E+06 5.258991E+23 1.862541E+17 4.995180E+30
1.654983E+07 1.435002E+24 2.615947E+17 9.967836E+30
3.301998E+07 3.832981E+24 3.612008E+17 1.988613E+31
6.589174E+07 1.005995E+25 4.908442E+17 3.967889E+31
1.314994E+08 2.604018E+25 6.575823E+17 7.917600E+31
2.623997E+08 6.675732E+25 8.704947E+17 1.579638E+32
3.303975E+08 8.737788E+25 9.403093E+17 1.988850E+32
5.237001E+08 1.628996E+26 1.119494E+18 3.151983E+32
8.301162E+08 3.028974E+26 1.329045E+18 4.995338E+32
1.044979E+09 4.128996E+26 1.446725E+18 6.287693E+32
1.315982E+09 5.036023E+26 1.523921E+18 7.917542E+32
1.657021E+09 6.860012E+26 1.646990E+18 9.968367E+32
2.625973E+09 1.271980E+27 1.924203E+18 1.579379E+33
4.163983E+09 2.356017E+27 2.247681E+18 2.503733E+33
6.600909E+09 4.362011E+27 2.625200E+18 3.967768E+33
8.312278E+09 5.662188E+27 2.800118E+18 4.995603E+33
1.046029E+10 7.702042E+27 3.018010E+18 6.285401E+33
1.318020E+10 1.048013E+28 3.253649E+18 7.918187E+33
1.658997E+10 1.425011E+28 3.507555E+18 9.964545E+33
2.090020E+10 1.937999E+28 3.781892E+18 1.255055E+34
2.630976E+10 2.502997E+28 4.021948E+18 1.579519E+34
3.312992E+10 3.403974E+28 4.325811E+18 1.988466E+34
4.172012E+10 4.627997E+28 4.653606E+18 2.503366E+34
5.253985E+10 5.949156E+28 4.934718E+18 3.151686E+34
6.616966E+10 8.088920E+28 5.295990E+18 3.968094E+34
8.332042E+10 1.100022E+29 5.686273E+18 4.994972E+34
1.000018E+11 1.401976E+29 6.015909E+18 5.993349E+34
1.999974E+11 3.133992E+29 7.208089E+18 1.197263E+35
4.000010E+11 7.156971E+29 8.591258E+18 2.391472E+35
7.999773E+11 1.036023E+30 9.160680E+18 4.777143E+35
1.000018E+12 1.256994E+30 9.407026E+18 5.969816E+35
1.999974E+12 2.122002E+30 1.001313E+19 1.192862E+36
4.000010E+12 3.779973E+30 1.059157E+19 2.383918E+36
7.999773E+12 8.526864E+30 1.140859E+19 4.763996E+36
1.000018E+13 1.162022E+31 1.175295E+19 5.953625E+36
1.999974E+13 3.261989E+31 1.319210E+19 1.189403E+37
4.000010E+13 9.407192E+31 1.529645E+19 2.375179E+37
7.999773E+13 2.746003E+32 1.838445E+19 4.739596E+37
1.000018E+14 3.929007E+32 1.969765E+19 5.919373E+37
1.180975E+14 4.772812E+32 2.046954E+19 6.985374E+37
1.350629E+14 5.758769E+32 2.124576E+19 7.983937E+37
1.690001E+14 8.056171E+32 2.275403E+19 9.978859E+37
2.115280E+14 1.235679E+33 2.500960E+19 1.247350E+38
2.541671E+14 1.846803E+33 2.762389E+19 1.496786E+38
2.969421E+14 2.634103E+33 3.046315E+19 1.746259E+38
3.398529E+14 3.562000E+33 3.335182E+19 1.995730E+38
4.260822E+14 6.370448E+33 4.063806E+19 2.494097E+38
5.131700E+14 1.155972E+34 5.156665E+19 2.992167E+38
6.015115E+14 1.954818E+34 6.557776E+19 3.490389E+38
6.913414E+14 3.123723E+34 8.301094E+19 3.988175E+38
8.773008E+14 7.207481E+34 1.324638E+20 4.977589E+38
1.075489E+15 1.397979E+35 1.950149E+20 5.969349E+38
1.288684E+15 2.577597E+35 2.798046E+20 6.951803E+38
1.527572E+15 4.353907E+35 3.794061E+20 7.946664E+38
2.089526E+15 9.522090E+35 5.823885E+20 9.922980E+38
3.005303E+15 1.775255E+36 7.875824E+20 1.249083E+39
4.210117E+15 2.858070E+36 9.645330E+20 1.522163E+39
4.854687E+15 3.437371E+36 1.036768E+21 1.649627E+39
5.597939E+15 4.105362E+36 1.107792E+21 1.785344E+39
6.454984E+15 4.875623E+36 1.177798E+21 1.930027E+39
7.443243E+15 5.763811E+36 1.246946E+21 2.084432E+39
8.582804E+15 6.787980E+36 1.315365E+21 2.249357E+39
9.896831E+15 7.968950E+36 1.383164E+21 2.425650E+39
1.141204E+16 9.330727E+36 1.450436E+21 2.614218E+39
1.315922E+16 1.090099E+37 1.517256E+21 2.816023E+39
1.517390E+16 1.271166E+37 1.583690E+21 3.032097E+39
1.749702E+16 1.479955E+37 1.649792E+21 3.263541E+39
2.017582E+16 1.720709E+37 1.715609E+21 3.511533E+39
2.326474E+16 1.998323E+37 1.781181E+21 3.777335E+39
2.682657E+16 2.318439E+37 1.846542E+21 4.062299E+39
3.093372E+16 2.687565E+37 1.911721E+21 4.367873E+39
3.566967E+16 3.113204E+37 1.976742E+21 4.695610E+39
