0.0581593
2.5546216210  -2.5983204605   0.0001048040
2.5546216210  -2.5983204605   0.0001048040
2.5546271933  -2.5982981200   0.0000832213
2.5546167089  -2.5982250074   0.0000317744
2.5545827423  -2.5981021694  -0.0000504299
2.5545180391  -2.5979189335  -0.0001642701
2.5544200382  -2.5976722721  -0.0003106096
2.5542873241  -2.5973609161  -0.0004902972
2.5541189099  -2.5969842325  -0.0007041669
2.5539140039  -2.5965418629  -0.0009530379
2.5536719152  -2.5960335763  -0.0012377145
2.5533920093  -2.5954592013  -0.0015589863
2.5530736863  -2.5948185904  -0.0019176280
2.5527163678  -2.5941116017  -0.0023143996
2.5523194901  -2.5933380881  -0.0027500462
2.5518824999  -2.5924978910  -0.0032252983
2.5514048515  -2.5915908370  -0.0037408712
2.5508860052  -2.5906167362  -0.0042974659
2.5503254264  -2.5895753814  -0.0048957681
2.5497225848  -2.5884665479  -0.0055364492
2.5490769539  -2.5872899942  -0.0062201654
2.5483880105  -2.5860454624  -0.0069475582
2.5476552351  -2.5847326789  -0.0077192544
2.5468781122  -2.5833513568  -0.0085358659
2.5460561307  -2.5819011962  -0.0093979899
2.5451887836  -2.5803818862  -0.0103062088
2.5442755684  -2.5787931061  -0.0112610899
2.5433159872  -2.5771345268  -0.0122631861
2.5423095473  -2.5754058126  -0.0133130353
2.5412557610  -2.5736066228  -0.0144111605
2.5401541464  -2.5717366133  -0.0155580703
2.5390042275  -2.5697954384  -0.0167542579
2.5378055275  -2.5677812646  -0.0180018718
2.5365575987  -2.5656951334  -0.0192999236
2.5352599934  -2.5635385138  -0.0206483738
2.5339122443  -2.5613099700  -0.0220475286
2.5325139033  -2.5590088088  -0.0234977424
2.5310645370  -2.5566345623  -0.0249994275
2.5295637210  -2.5541868251  -0.0265529844
2.5280110396  -2.5516652471  -0.0281588081
2.5264060861  -2.5490695082  -0.0298172873
2.5247484635  -2.5463993131  -0.0315288028
2.5230377848  -2.5436543911  -0.0332937265
2.5212736731  -2.5408344963  -0.0351124208
2.5194557622  -2.5379394085  -0.0369852379
2.5175836966  -2.5349689349  -0.0389125196
2.5156571321  -2.5319229106  -0.0408945965
2.5136757356  -2.5288011999  -0.0429317879
2.5116391861  -2.5256036976  -0.0450244014
2.5095471742  -2.5223303299  -0.0471727328
2.5073994028  -2.5189810551  -0.0493770656
2.5051955871  -2.5155558650  -0.0516376707
2.5029354551  -2.5120547852  -0.0539548065
2.5006187475  -2.5084778762  -0.0563287184
2.4982452182  -2.5048252339  -0.0587596395
2.4958146342  -2.5010969905  -0.0612477915
2.4933267762  -2.4972933153  -0.0637933828
2.4907814382  -2.4934144142  -0.0663966081
2.4881784277  -2.4894605292  -0.0690576472
2.4855175660  -2.4854319389  -0.0717766656
2.4827986884  -2.4813289586  -0.0745538141
2.4800216439  -2.4771519406  -0.0773892291
2.4771862957  -2.4729012744  -0.0802830320
2.4742925207  -2.4685770132  -0.0832353298
2.4713402078  -2.4641794889  -0.0862462146
2.4683292623  -2.4597099327  -0.0893157634
2.4652596089  -2.4551692047  -0.0924440385
2.4621311841  -2.4505576339  -0.0956310885
2.4589439352  -2.4458757264  -0.0988769473
2.4556978242  -2.4411240820  -0.1021816345
2.4523928274  -2.4363033482  -0.1055451553
2.4490289353  -2.4314142116  -0.1089675011
2.4456061526  -2.4264573896  -0.1124486493
2.4421244976  -2.4214336276  -0.1159885635
2.4385840025  -2.4163436983  -0.1195871940
2.4349847131  -2.4111884029  -0.1232444775
2.4313266888  -2.4059685694  -0.1269603379
2.4276100024  -2.4006850505  -0.1307346863
2.4238347398  -2.3953387229  -0.1345674213
2.4200010003  -2.3899304858  -0.1384584291
2.4161088959  -2.3844612608  -0.1424075842
2.4121585513  -2.3789319904  -0.1464147491
2.4081501040  -2.3733436380  -0.1504797751
2.4040837036  -2.3676971866  -0.1546025021
2.3999595121  -2.3619936379  -0.1587827593
2.3957777038  -2.3562340132  -0.1630203654
2.3915385108  -2.3504194440  -0.1673151313
2.3872422041  -2.3445511382  -0.1716668632
2.3828890210  -2.3386302314  -0.1760753594
2.3784791788  -2.3326578120  -0.1805404076
2.3740129013  -2.3266349756  -0.1850617848
2.3694904200  -2.3205628252  -0.1896392579
2.3649119737  -2.3144424697  -0.1942725836
2.3602778088  -2.3082750231  -0.1989615092
2.3555881788  -2.3020615870  -0.2037057722
2.3508433440  -2.2958032428  -0.2085051009
2.3460435717  -2.2895010994  -0.2133592146
2.3411891360  -2.2831563130  -0.2182678235
2.3362803179  -2.2767700438  -0.2232306288
2.3313174046  -2.2703434382  -0.2282473232
2.3263006900  -2.2638776415  -0.2333175914
2.3212304738  -2.2573738199  -0.2384411095
2.3161070625  -2.2508331642  -0.2436175460
2.3109307683  -2.2442567768  -0.2488465620
2.3057019089  -2.2376455529  -0.2541278117
2.3004208069  -2.2310003411  -0.2594609431
2.2950877903  -2.2243222061  -0.2648455968
2.2897031945  -2.2176124190  -0.2702814059
2.2842673617  -2.2108722882  -0.2757679968
2.2787806408  -2.2041030839  -0.2813049909
2.2732433867  -2.1973060395  -0.2868920057
2.2676559601  -2.1904823538  -0.2925286537
2.2620187269  -2.1836331905  -0.2982145425
2.2563320582  -2.1767596774  -0.3039492741
2.2505963306  -2.1698629056  -0.3097324453
2.2448119260  -2.1629439305  -0.3155636481
2.2389792322  -2.1560037720  -0.3214424695
2.2330986469  -2.1490434243  -0.3273684906
2.2271707224  -2.1420641020  -0.3333412856
2.2211960972  -2.1350671201  -0.3393604223
2.2151752854  -2.1280535356  -0.3454254632
2.2091087362  -2.1210242512  -0.3515359654
2.2029968989  -2.1139801332  -0.3576914810
2.1968402245  -2.1069220183  -0.3638915571
2.1906391659  -2.0998507159  -0.3701357358
2.1843941770  -2.0927670114  -0.3764235551
2.1781057140  -2.0856716715  -0.3827545501
2.1717742352  -2.0785654475  -0.3891282544
2.1654001995  -2.0714490752  -0.3955441962
2.1589840656  -2.0643232768  -0.4020018952
2.1525262917  -2.0571887673  -0.4085008628
2.1460273369  -2.0500462605  -0.4150406025
2.1394876615  -2.0428964785  -0.4216206093
2.1329077248  -2.0357402518  -0.4282403585
2.1262879856  -2.0285783939  -0.4348993121
2.1196289182  -2.0214110522  -0.4415969895
2.1129310203  -2.0142379552  -0.4483329880
2.1061947820  -2.0070598339  -0.4551068737
2.0994206588  -1.9998784565  -0.4619181149
2.0926090938  -1.9926953507  -0.4687661422
2.0857605528  -1.9855114759  -0.4756504045
2.0788755674  -1.9783277804  -0.4825703688
2.0719546990  -1.9711452476  -0.4895255043
2.0649984788  -1.9639646904  -0.4965152794
2.0580074251  -1.9567868602  -0.5035391650
2.0509820576  -1.9496125031  -0.5105966349
2.0439228970  -1.9424423612  -0.5176871671
2.0368304652  -1.9352771726  -0.5248102439
2.0297052851  -1.9281176721  -0.5319653544
2.0225478827  -1.9209645922  -0.5391520010
2.0153587860  -1.9138186635  -0.5463696991
2.0081385203  -1.9066806078  -0.5536179656
2.0008876050  -1.8995511331  -0.5608963146
1.9936065559  -1.8924309335  -0.5682042599
1.9862958876  -1.8853206896  -0.5755413145
1.9789561171  -1.8782210722  -0.5829070041
1.9715877676  -1.8711327456  -0.5903008753
1.9641913611  -1.8640563607  -0.5977224693
1.9567675193  -1.8569928025  -0.6051712974
1.9493168691  -1.8499430043  -0.6126468580
1.9418398611  -1.8429075213  -0.6201486559
1.9343368480  -1.8358866793  -0.6276761578
1.9268081452  -1.8288807165  -0.6352287587
1.9192540251  -1.8218897642  -0.6428057354
1.9116746733  -1.8149137105  -0.6504060733
1.9040695520  -1.8079514961  -0.6580263219
1.8964387743  -1.8010030024  -0.6656657449
1.8887858654  -1.7940724640  -0.6733318830
1.8811140948  -1.7871642537  -0.6810302625
1.8734221656  -1.7802774407  -0.6887597910
1.8657075572  -1.7734089670  -0.6965186651
1.8579697470  -1.7665575610  -0.7043056948
1.8502094769  -1.7597233627  -0.7121197176
1.8424273842  -1.7529062298  -0.7199595259
1.8346237449  -1.7461053802  -0.7278238717
1.8267988240  -1.7393199139  -0.7357114721
1.8189528832  -1.7325488395  -0.7436210136
1.8110861797  -1.7257910834  -0.7515511568
1.8031989632  -1.7190454972  -0.7595005407
1.7952914737  -1.7123108644  -0.7674677863
1.7873640402  -1.7055860636  -0.7754515007
1.7794174811  -1.6988706531  -0.7834502809
1.7714525882  -1.6921640614  -0.7914627168
1.7634696540  -1.6854649090  -0.7994873957
1.7554688574  -1.6787716420  -0.8075229054
1.7474503203  -1.6720826428  -0.8155678380
1.7394141268  -1.6653962857  -0.8236207927
1.7313610855  -1.6587119753  -0.8316803785
1.7232920510  -1.6520291962  -0.8397452171
1.7152066609  -1.6453458504  -0.8478139441
1.7071037609  -1.6386589672  -0.8558852104
1.6989830052  -1.6319667746  -0.8639576883
1.6908441396  -1.6252677314  -0.8720300783
1.6826843593  -1.6185574317  -0.8801011137
1.6745000152  -1.6118308920  -0.8881695654
1.6662833614  -1.6050791105  -0.8962342498
1.6580170791  -1.5982828281  -0.9042940640
1.6495552358  -1.5912958375  -0.9123479856
1.6411212736  -1.5843454329  -0.9203949108
1.6330100101  -1.5777278571  -0.9284335653
1.6250498195  -1.5712669112  -0.9364627191
1.6171138329  -1.5648295421  -0.9444813621
1.6091895122  -1.5583985126  -0.9524886270
1.6012764432  -1.5519710213  -0.9604836961
1.5933743678  -1.5455453120  -0.9684657993
1.5854830357  -1.5391198078  -0.9764342354
1.5776022175  -1.5326930584  -0.9843883791
1.5697317027  -1.5262637437  -0.9923276820
1.5618712968  -1.5198306748  -1.0002516761
1.5540208203  -1.5133927943  -1.0081599762
1.5461801081  -1.5069491768  -1.0160522831
1.5383490074  -1.5004990268  -1.0239283849
1.5305273727  -1.4940416758  -1.0317881486
1.5227150615  -1.4875765778  -1.0396315159
1.5149119389  -1.4811033071  -1.0474585157
1.5071178843  -1.4746215566  -1.0552692749
1.4993327879  -1.4681311337  -1.0630640203
1.4915565473  -1.4616319548  -1.0708430820
1.4837890601  -1.4551240364  -1.0786068828
1.4760302163  -1.4486074860  -1.0863559282
1.4682799080  -1.4420824971  -1.0940908330
1.4605380466  -1.4355493478  -1.1018123555
1.4528045565  -1.4290083940  -1.1095213924
1.4450793555  -1.4224600591  -1.1172189670
1.4373623695  -1.4159048321  -1.1249062862
1.4296535599  -1.4093432731  -1.1325848013
1.4219529433  -1.4027760272  -1.1402563007
1.4142606635  -1.3962039304  -1.1479231732
1.4065778817  -1.3896282754  -1.1555910561
1.3989052097  -1.3830500509  -1.1632637537
1.3912388562  -1.3764684338  -1.1709359082
1.3835742557  -1.3698817326  -1.1786020379
1.3759116078  -1.3632894431  -1.1862622489
1.3682529486  -1.3566919515  -1.1939174058
1.3605988550  -1.3500895109  -1.2015678294
1.3529491505  -1.3434821567  -1.2092137787
1.3453035929  -1.3368698548  -1.2168555162
1.3376619400  -1.3302525436  -1.2244933079
1.3300239499  -1.3236301397  -1.2321274230
1.3223893808  -1.3170025370  -1.2397581335
1.3147579908  -1.3103696060  -1.2473857135
1.3071295380  -1.3037311943  -1.2550104388
1.2995037803  -1.2970871274  -1.2626325865
1.2918804755  -1.2904372073  -1.2702524341
1.2842593812  -1.2837812126  -1.2778702594
1.2766402549  -1.2771188993  -1.2854863401
1.2690228540  -1.2704500054  -1.2931009526
1.2614069354  -1.2637742534  -1.3007143718
1.2537922558  -1.2570913513  -1.3083268699
1.2461785716  -1.2504009915  -1.3159387160
1.2385656391  -1.2437028501  -1.3235501758
1.2309532145  -1.2369965892  -1.3311615110
1.2233410539  -1.2302818652  -1.3387729783
1.2157289130  -1.2235583345  -1.3463848281
1.2081165470  -1.2168256500  -1.3539973041
1.2005037111  -1.2100834623  -1.3616106425
1.1928901599  -1.2033314311  -1.3692250701
1.1852756472  -1.1965692381  -1.3768408022
1.1776599249  -1.1897966102  -1.3844580386
1.1700427362  -1.1830135290  -1.3920769406
1.1624238134  -1.1762201107  -1.3996976249
1.1548029137  -1.1694154880  -1.4073202569
1.1471798581  -1.1625976880  -1.4149451282
1.1395544842  -1.1557654057  -1.4225725664
1.1319265743  -1.1489185838  -1.4302028377
1.1242958692  -1.1420572912  -1.4378361703
1.1166621162  -1.1351812358  -1.4454727940
1.1090250784  -1.1282900009  -1.4531129415
1.1013845237  -1.1213831728  -1.4607568456
1.0937402205  -1.1144603503  -1.4684047385
1.0860919377  -1.1075211449  -1.4760568519
1.0784394444  -1.1005651805  -1.4837134169
1.0707825100  -1.0935920921  -1.4913746644
1.0631209044  -1.0866015228  -1.4990408243
1.0554543976  -1.0795931254  -1.5067121267
1.0477827601  -1.0725665712  -1.5143888005
1.0401057625  -1.0655215516  -1.5220710744
1.0324231757  -1.0584577628  -1.5297591763
1.0247347711  -1.0513748953  -1.5374533337
1.0170403207  -1.0442726374  -1.5451537740
1.0093395967  -1.0371506792  -1.5528607240
1.0016323717  -1.0300087113  -1.5605744101
0.9939184189  -1.0228464222  -1.5682950582
0.9861975116  -1.0156634966  -1.5760228941
0.9784694240  -1.0084596121  -1.5837581429
0.9707339303  -1.0012344363  -1.5915010294
0.9629908056  -0.9939876247  -1.5992517781
0.9552398256  -0.9867188169  -1.6070106131
0.9474807662  -0.9794276315  -1.6147777581
0.9397134045  -0.9721136589  -1.6225534366
0.9319375178  -0.9647764348  -1.6303378721
0.9241528849  -0.9574154108  -1.6381312882
0.9163592850  -0.9500300259  -1.6459339086
0.9085564978  -0.9426198597  -1.6537459555
0.9007443023  -0.9351846347  -1.6615676480
0.8929224786  -0.9277240659  -1.6693992036
0.8850908078  -0.9202377944  -1.6772408391
0.8772490732  -0.9127254336  -1.6850927711
0.8693970591  -0.9051866016  -1.6929552150
0.8615345508  -0.8976209205  -1.7008283853
0.8536613347  -0.8900280130  -1.7087124948
0.8457771987  -0.8824075023  -1.7166077553
0.8378819318  -0.8747590118  -1.7245143766
0.8299753248  -0.8670821650  -1.7324325675
0.8220571707  -0.8593760839  -1.7403625358
0.8141272659  -0.8516388719  -1.7483044905
0.8061854080  -0.8438696912  -1.7562586385
0.7982313908  -0.8360705450  -1.7642251761
0.7902650079  -0.8282433220  -1.7722042910
0.7822860597  -0.8203877496  -1.7801961741
0.7742943538  -0.8125030600  -1.7882010197
0.7662897006  -0.8045887683  -1.7962190201
0.7582719116  -0.7966443607  -1.8042503655
0.7502408006  -0.7886692754  -1.8122952432
0.7421961845  -0.7806629113  -1.8203538383
0.7341378835  -0.7726246360  -1.8284263327
0.7260657210  -0.7645537946  -1.8365129051
0.7179795241  -0.7564497184  -1.8446137303
0.7098791236  -0.7483117338  -1.8527289787
0.7017643544  -0.7401391717  -1.8608588162
0.6936350556  -0.7319313759  -1.8690034032
0.6854910707  -0.7236877121  -1.8771628946
0.6773322481  -0.7154075762  -1.8853374390
0.6691584414  -0.7070904025  -1.8935271783
0.6609695094  -0.6987356708  -1.9017322474
0.6527653169  -0.6903429122  -1.9099527735
0.6445457347  -0.6819117159  -1.9181888760
0.6363106402  -0.6734417357  -1.9264406661
0.6280599176  -0.6649326946  -1.9347082461
0.6197934587  -0.6563843900  -1.9429917094
0.6115111627  -0.6477966963  -1.9512911401
0.6032129372  -0.6391695679  -1.9596066126
0.5948986984  -0.6305030412  -1.9679381912
0.5865683715  -0.6217972353  -1.9762859299
0.5782218915  -0.6130523526  -1.9846498722
0.5698592034  -0.6042686782  -1.9930300504
0.5614803229  -0.5954548059  -2.0014267693
0.5530853730  -0.5866226349  -2.0098406486
0.5446742730  -0.5777537454  -2.0182714802
0.5362466224  -0.5688227143  -2.0267182888
0.5278022634  -0.5598388056  -2.0351807097
0.5193413993  -0.5508156851  -2.0436587404
0.5108641850  -0.5417550756  -2.0521522304
0.5023706925  -0.5326587361  -2.0606610346
0.4938610126  -0.5235284689  -2.0691850151
0.4853352537  -0.5143660951  -2.0777240427
0.4767935414  -0.5051734333  -2.0862779973
0.4682360170  -0.4959522802  -2.0948467691
0.4596628365  -0.4867043923  -2.1034302586
0.4510741704  -0.4774314712  -2.1120283766
0.4424702023  -0.4681351499  -2.1206410436
0.4338511286  -0.4588169824  -2.1292681892
0.4252171583  -0.4494784353  -2.1379097505
0.4165685127  -0.4401208823  -2.1465656711
0.4079054256  -0.4307456006  -2.1552358985
0.3992281437  -0.4213537705  -2.1639203823
0.3905369271  -0.4119464769  -2.1726190715
0.3818320504  -0.4025247135  -2.1813319113
0.3731138033  -0.3930893895  -2.1900588404
0.3643824919  -0.3836413378  -2.1987997869
0.3556384397  -0.3741813263  -2.2075546654
0.3468819886  -0.3647100703  -2.2163233727
0.3381135003  -0.3552282470  -2.2251057838
0.3293333567  -0.3457365118  -2.2339017484
0.3205419610  -0.3362355154  -2.2427110862
0.3117397379  -0.3267259223  -2.2515335835
0.3029271339  -0.3172084300  -2.2603689888
0.2941046161  -0.3076838347  -2.2692170080
0.2852898917  -0.2981649710  -2.2782215605
0.2764946874  -0.2886601432  -2.2874538864
0.2676748724  -0.2791384233  -2.2966668400
0.2588178816  -0.2695920696  -2.3059234786
0.2499473897  -0.2600392100  -2.3152187937
0.2410636035  -0.2504812648  -2.3245471419
0.2321668512  -0.2409199620  -2.3339022443
0.2232575746  -0.2313572998  -2.3432771871
0.2143363329  -0.2217955437  -2.3526644213
0.2054038051  -0.2122372166  -2.3620557629
0.1964607911  -0.2026850824  -2.3714423927
0.1875082128  -0.1931421217  -2.3808148564
0.1785471134  -0.1836115009  -2.3901630644
0.1695786555  -0.1740965333  -2.3994762922
0.1606041192  -0.1646006335  -2.4087431802
0.1516248978  -0.1551272662  -2.4179517334
0.1426424931  -0.1456798888  -2.4270893220
0.1336585092  -0.1362618910  -2.4361426810
0.1246746459  -0.1268765316  -2.4450979100
0.1156926900  -0.1175268755  -2.4539404739
0.1067145069  -0.1082157322  -2.4626552022
0.0977420303  -0.0989455994  -2.4712262893
0.0887772520  -0.0897186136  -2.4796372946
0.0798222108  -0.0805365104  -2.4878711423
0.0708789807  -0.0714005984  -2.4959101214
0.0619496599  -0.0623117473  -2.5037358860
0.0530363587  -0.0532703945  -2.5113294549
0.0441411878  -0.0442765699  -2.5186712117
0.0352662478  -0.0353299412  -2.5257409052
0.0264136181  -0.0264298784  -2.5325176487
0.0175853471  -0.0175755370  -2.5389799207
0.0087834438  -0.0087659549  -2.5451055643
0.0087626830  -0.0087656634  -2.5451055643
