0.0853801
2.1148041125  -2.1361064966   0.0000777228
2.1148041125  -2.1361064966   0.0000777228
2.1148090833  -2.1360948779   0.0000629399
2.1148025077  -2.1360502259   0.0000267193
2.1147788587  -2.1359725708  -0.0000315521
2.1147331865  -2.1358555899  -0.0001124804
2.1146637103  -2.1356973911  -0.0002166647
2.1145694364  -2.1354971247  -0.0003446973
2.1144496655  -2.1352543212  -0.0004971637
2.1143038320  -2.1349686753  -0.0006746424
2.1141314383  -2.1346399584  -0.0008777051
2.1139320241  -2.1342679776  -0.0011069164
2.1137051509  -2.1338525541  -0.0013628343
2.1134503935  -2.1333935121  -0.0016460097
2.1131673345  -2.1328906715  -0.0019569866
2.1128555613  -2.1323438448  -0.0022963024
2.1125146648  -2.1317528339  -0.0026644872
2.1121442371  -2.1311174292  -0.0030620646
2.1117438715  -2.1304374091  -0.0034895509
2.1113131619  -2.1297125392  -0.0039474559
2.1108517020  -2.1289425725  -0.0044362822
2.1103590856  -2.1281272498  -0.0049565257
2.1098349061  -2.1272662998  -0.0055086755
2.1092787570  -2.1263594396  -0.0060932134
2.1086902310  -2.1254063753  -0.0067106148
2.1080689213  -2.1244068025  -0.0073613479
2.1074144203  -2.1233604071  -0.0080458741
2.1067263208  -2.1222668659  -0.0087646479
2.1060042156  -2.1211258473  -0.0095181169
2.1052476977  -2.1199370122  -0.0103067219
2.1044563604  -2.1187000148  -0.0111308967
2.1036297975  -2.1174145032  -0.0119910682
2.1027675921  -2.1160791436  -0.0128888733
2.1018693549  -2.1146944632  -0.0138236580
2.1009346972  -2.1132613049  -0.0147954646
2.0999632014  -2.1117786010  -0.0158046090
2.0989544600  -2.1102457265  -0.0168514390
2.0979080725  -2.1086622131  -0.0179363437
2.0968236406  -2.1070276287  -0.0190597081
2.0957007686  -2.1053415701  -0.0202219177
2.0945390626  -2.1036036466  -0.0214233575
2.0933381317  -2.1018134775  -0.0226644113
2.0920975875  -2.0999706917  -0.0239454608
2.0908170447  -2.0980749280  -0.0252668854
2.0894961209  -2.0961258351  -0.0266290615
2.0881344372  -2.0941230725  -0.0280323623
2.0867316182  -2.0920663120  -0.0294771576
2.0852872921  -2.0899552383  -0.0309638135
2.0838010942  -2.0877895561  -0.0324926920
2.0822726661  -2.0855689902  -0.0340641511
2.0807016516  -2.0832932765  -0.0356785444
2.0790876970  -2.0809621636  -0.0373362207
2.0774304530  -2.0785754168  -0.0390375242
2.0757295750  -2.0761328198  -0.0407827941
2.0739847234  -2.0736341747  -0.0425723643
2.0721955639  -2.0710793030  -0.0444065636
2.0703617673  -2.0684680464  -0.0462857149
2.0684830100  -2.0658002671  -0.0482101357
2.0665589741  -2.0630758486  -0.0501801375
2.0645893475  -2.0602946957  -0.0521960257
2.0625738242  -2.0574567358  -0.0542580997
2.0605121043  -2.0545619183  -0.0563666523
2.0584038944  -2.0516102161  -0.0585219699
2.0562489074  -2.0486013678  -0.0607243325
2.0540468616  -2.0455352978  -0.0629740131
2.0517974829  -2.0424125539  -0.0652712773
2.0495005075  -2.0392334377  -0.0676163838
2.0471556779  -2.0359978745  -0.0700095842
2.0447627418  -2.0327059038  -0.0724511231
2.0423214542  -2.0293576330  -0.0749412377
2.0398315779  -2.0259532030  -0.0774801574
2.0372928836  -2.0224927820  -0.0800681042
2.0347051496  -2.0189765592  -0.0827052930
2.0320681623  -2.0154047435  -0.0853919332
2.0293817162  -2.0117775632  -0.0881282281
2.0266456140  -2.0080952685  -0.0909143725
2.0238596660  -2.0043581303  -0.0937505525
2.0210236907  -2.0005664390  -0.0966369450
2.0181375152  -1.9967205035  -0.0995737180
2.0152009747  -1.9928206502  -0.1025610302
2.0122139131  -1.9888672232  -0.1055990309
2.0091761827  -1.9848605835  -0.1086878597
2.0060876446  -1.9808011088  -0.1118276465
2.0029481687  -1.9766891927  -0.1150185113
1.9997576336  -1.9725252448  -0.1182605643
1.9965159270  -1.9683096896  -0.1215539056
1.9932229454  -1.9640429670  -0.1248986250
1.9898785945  -1.9597255314  -0.1282948024
1.9864827890  -1.9553578527  -0.1317425070
1.9830354530  -1.9509404149  -0.1352417980
1.9795365197  -1.9464737165  -0.1387927238
1.9759859318  -1.9419582695  -0.1423953228
1.9723836414  -1.9373945987  -0.1460496226
1.9687296101  -1.9327832409  -0.1497556405
1.9650238090  -1.9281247351  -0.1535133831
1.9612662189  -1.9234196180  -0.1573228465
1.9574568303  -1.9186684541  -0.1611840165
1.9535956434  -1.9138718480  -0.1650968682
1.9496826687  -1.9090304194  -0.1690613664
1.9457179265  -1.9041447926  -0.1730774652
1.9417014474  -1.8992156082  -0.1771451087
1.9376332720  -1.8942435444  -0.1812642308
1.9335134516  -1.8892293010  -0.1854347559
1.9293420481  -1.8841734660  -0.1896565999
1.9251191776  -1.8790765166  -0.1939296700
1.9208450398  -1.8739390798  -0.1982538637
1.9165198120  -1.8687619843  -0.2026290683
1.9121436187  -1.8635461436  -0.2070551602
1.9077165924  -1.8582924902  -0.2115320054
1.9032388745  -1.8530019249  -0.2160594602
1.8987106150  -1.8476753236  -0.2206373712
1.8941319723  -1.8423135377  -0.2252655757
1.8895031129  -1.8369173930  -0.2299439013
1.8848242114  -1.8314876885  -0.2346721665
1.8800954506  -1.8260251965  -0.2394501803
1.8753170209  -1.8205306632  -0.2442777424
1.8704891205  -1.8150048103  -0.2491546439
1.8656119556  -1.8094483355  -0.2540806666
1.8606857397  -1.8038619122  -0.2590555834
1.8557106940  -1.7982461914  -0.2640791584
1.8506870471  -1.7926018043  -0.2691511466
1.8456150351  -1.7869293661  -0.2742712949
1.8404949022  -1.7812294785  -0.2794393440
1.8353269004  -1.7755027340  -0.2846550287
1.8301112887  -1.7697497157  -0.2899180730
1.8248483315  -1.7639709989  -0.2952281883
1.8195382999  -1.7581671531  -0.3005850746
1.8141814721  -1.7523387482  -0.3059884209
1.8087781342  -1.7464863578  -0.3114379058
1.8033285795  -1.7406105612  -0.3169331980
1.7978331090  -1.7347119450  -0.3224739559
1.7922920309  -1.7287911057  -0.3280598276
1.7867056601  -1.7228486497  -0.3336904476
1.7810743263  -1.7168852353  -0.3393654255
1.7753984053  -1.7109016833  -0.3450843675
1.7696783061  -1.7048988108  -0.3508469531
1.7639144434  -1.6988773213  -0.3566529308
1.7581072176  -1.6928380095  -0.3625019973
1.7522569939  -1.6867817727  -0.3683937538
1.7463641328  -1.6807094709  -0.3743277634
1.7404290171  -1.6746219025  -0.3803035875
1.7344520500  -1.6685198666  -0.3863207852
1.7284336455  -1.6624041818  -0.3923789103
1.7223742254  -1.6562756838  -0.3984775124
1.7162742185  -1.6501352240  -0.4046161367
1.7101340606  -1.6439836685  -0.4107943257
1.7039541948  -1.6378218967  -0.4170116197
1.6977350725  -1.6316508030  -0.4232675666
1.6914771561  -1.6254712968  -0.4295617279
1.6851809139  -1.6192842976  -0.4358936675
1.6788468146  -1.6130907262  -0.4422629431
1.6724753280  -1.6068915016  -0.4486691069
1.6660669281  -1.6006875411  -0.4551117064
1.6596221270  -1.5944798343  -0.4615902863
1.6531415569  -1.5882696408  -0.4681044039
1.6466257931  -1.5820581148  -0.4746536342
1.6400752448  -1.5758460535  -0.4812375401
1.6334902814  -1.5696341657  -0.4878556506
1.6268712580  -1.5634231125  -0.4945074750
1.6202185315  -1.5572135226  -0.5011925297
1.6135324539  -1.5510059835  -0.5079103088
1.6068133515  -1.5448010126  -0.5146602357
1.6000615188  -1.5385990386  -0.5214416418
1.5932772026  -1.5324003538  -0.5282536679
1.5864604212  -1.5262048309  -0.5350945974
1.5796105383  -1.5200115387  -0.5419604308
1.5727283383  -1.5138213834  -0.5488523030
1.5658181272  -1.5076396515  -0.5557800576
1.5588829136  -1.5014706292  -0.5627489406
1.5519212709  -1.4953136046  -0.5697570007
1.5449312235  -1.4891663781  -0.5768022869
1.5379123571  -1.4830277661  -0.5838834443
1.5308649111  -1.4768971627  -0.5909990921
1.5237891737  -1.4707739242  -0.5981477887
1.5166854355  -1.4646572966  -0.6053280371
1.5095539879  -1.4585464178  -0.6125382900
1.5023951206  -1.4524403249  -0.6197769563
1.4952091205  -1.4463379620  -0.6270424058
1.4879963120  -1.4402382554  -0.6343329747
1.4807575126  -1.4341407922  -0.6416469704
1.4734936589  -1.4280452239  -0.6489826762
1.4662052119  -1.4219503899  -0.6563383559
1.4588924631  -1.4158548318  -0.6637122596
1.4515556646  -1.4097570151  -0.6711026272
1.4441950195  -1.4036553376  -0.6785076927
1.4368107793  -1.3975482871  -0.6859256855
1.4294040399  -1.3914355141  -0.6933548330
1.4219757513  -1.3853164649  -0.7007933697
1.4145255727  -1.3791888937  -0.7082395434
1.4070525429  -1.3730498919  -0.7156916203
1.3995561721  -1.3668973267  -0.7231478888
1.3920368022  -1.3607301938  -0.7306066632
1.3844925677  -1.3545449620  -0.7380662895
1.3769200721  -1.3483366377  -0.7455251509
1.3693140605  -1.3420986450  -0.7529816746
1.3616627977  -1.3358178521  -0.7604343474
1.3539154810  -1.3294418338  -0.7678817548
1.3459493324  -1.3228493158  -0.7753225458
1.3381015641  -1.3163805437  -0.7827552396
1.3306421505  -1.3103032018  -0.7901781841
1.3233210052  -1.3043612915  -0.7975898181
1.3160209915  -1.2984321371  -0.8049888143
1.3087351234  -1.2925049671  -0.8123739823
1.3014630333  -1.2865773385  -0.8197441981
1.2942045227  -1.2806475372  -0.8270984122
1.2869594071  -1.2747140084  -0.8344356598
1.2797275229  -1.2687753410  -0.8417550655
1.2725087270  -1.2628302697  -0.8490558473
1.2653028960  -1.2568776763  -0.8563373203
1.2581099246  -1.2509165893  -0.8635989002
1.2509297215  -1.2449461826  -0.8708400966
1.2437622032  -1.2389657711  -0.8780605067
1.2366072972  -1.2329748093  -0.8852598271
1.2294649494  -1.2269728899  -0.8924378658
1.2223351213  -1.2209597411  -0.8995945460
1.2152177868  -1.2149352211  -0.9067299096
1.2081129285  -1.2088993116  -0.9138441210
1.2010205299  -1.2028521083  -0.9209374523
1.1939405684  -1.1967938115  -0.9280102773
1.1868730270  -1.1907247232  -0.9350631023
1.1798179106  -1.1846452452  -0.9420965989
1.1727752382  -1.1785558705  -0.9491116022
1.1657450220  -1.1724571692  -0.9561090922
1.1587272725  -1.1663497809  -0.9630902317
1.1517220291  -1.1602344178  -0.9700564381
1.1447293749  -1.1541118680  -0.9770094429
1.1377494696  -1.1479830266  -0.9839514562
1.1307828255  -1.1418490534  -0.9908860383
1.1238309981  -1.1357115109  -0.9978201259
1.1168939283  -1.1295712768  -1.0047562789
1.1099665670  -1.1234272717  -1.0116868206
1.1030444668  -1.1172780060  -1.0186061469
1.0961288003  -1.1111234510  -1.0255149088
1.0892219131  -1.1049642648  -1.0324138838
1.0823243197  -1.0988008308  -1.0393032937
1.0754358839  -1.0926333344  -1.0461833291
1.0685564357  -1.0864619069  -1.0530541835
1.0616858057  -1.0802866500  -1.0599160541
1.0548238256  -1.0741076377  -1.0667691410
1.0479703279  -1.0679249164  -1.0736136468
1.0411251460  -1.0617385051  -1.0804497757
1.0342881142  -1.0555483955  -1.0872777331
1.0274590673  -1.0493545508  -1.0940977252
1.0206378411  -1.0431569072  -1.1009099581
1.0138242720  -1.0369553766  -1.1077146372
1.0070181972  -1.0307498489  -1.1145119663
1.0002194544  -1.0245401931  -1.1213021465
0.9934278821  -1.0183262585  -1.1280853757
0.9866433194  -1.0121078749  -1.1348618477
0.9798656066  -1.0058848536  -1.1416317516
0.9730945851  -0.9996569899  -1.1483952714
0.9663300969  -0.9934240688  -1.1551525843
0.9595719853  -0.9871858688  -1.1619038598
0.9528200939  -0.9809421605  -1.1686492589
0.9460742679  -0.9746927079  -1.1753889331
0.9393343532  -0.9684372741  -1.1821230231
0.9326001966  -0.9621756294  -1.1888516567
0.9258716450  -0.9559075584  -1.1955749456
0.9191485433  -0.9496328953  -1.2022929762
0.9124307266  -0.9433516282  -1.2090057833
0.9057180253  -0.9370637107  -1.2157133630
0.8990103104  -0.9307684677  -1.2224157935
0.8923075206  -0.9244647801  -1.2291132923
0.8856095968  -0.9181520621  -1.2358060898
0.8789164158  -0.9118303352  -1.2424943381
0.8722278206  -0.9054995937  -1.2491781543
0.8655436689  -0.8991596521  -1.2558576583
0.8588638352  -0.8928102912  -1.2625329711
0.8521881994  -0.8864513059  -1.2692042118
0.8455166437  -0.8800825074  -1.2758714970
0.8388490524  -0.8737037228  -1.2825349413
0.8321853118  -0.8673147950  -1.2891946567
0.8255253102  -0.8609155823  -1.2958507528
0.8188689382  -0.8545059572  -1.3025033372
0.8122160884  -0.8480858066  -1.3091525147
0.8055666557  -0.8416550338  -1.3157983878
0.7989205371  -0.8352135570  -1.3224410567
0.7922776318  -0.8287613048  -1.3290806190
0.7856378415  -0.8222982122  -1.3357171698
0.7790010700  -0.8158242205  -1.3423508021
0.7723672235  -0.8093392775  -1.3489816060
0.7657362107  -0.8028433359  -1.3556096696
0.7591079426  -0.7963363513  -1.3622350782
0.7524823327  -0.7898182795  -1.3688579148
0.7458592969  -0.7832890741  -1.3754782600
0.7392387538  -0.7767486845  -1.3820961918
0.7326206246  -0.7701970537  -1.3887117858
0.7260048329  -0.7636341147  -1.3953251154
0.7193913051  -0.7570597854  -1.4019362512
0.7127799705  -0.7504739603  -1.4085452617
0.7061707610  -0.7438764848  -1.4151522136
0.6995636117  -0.7372671446  -1.4217571715
0.6929584603  -0.7306457477  -1.4283601978
0.6863552468  -0.7240122396  -1.4349613507
0.6797539133  -0.7173666719  -1.4415606834
0.6731544047  -0.7107090771  -1.4481582452
0.6665566697  -0.7040394371  -1.4547540830
0.6599606606  -0.6973577252  -1.4613482414
0.6533663328  -0.6906639264  -1.4679407617
0.6467736449  -0.6839580348  -1.4745316817
0.6401825587  -0.6772400521  -1.4811210363
0.6335930391  -0.6705099881  -1.4877088564
0.6270050547  -0.6637678606  -1.4942951698
0.6204185773  -0.6570136958  -1.5008800007
0.6138335825  -0.6502473032  -1.5074633700
0.6072500495  -0.6434680499  -1.5140452960
0.6006679615  -0.6366757941  -1.5206257930
0.5940873042  -0.6298716605  -1.5272048685
0.5875080664  -0.6230567147  -1.5337825240
0.5809302420  -0.6162310764  -1.5403587590
0.5743538299  -0.6093946629  -1.5469335710
0.5677788329  -0.6025475210  -1.5535069539
0.5612052576  -0.5956896910  -1.5600788970
0.5546331146  -0.5888212036  -1.5666493860
0.5480624186  -0.5819420839  -1.5732184024
0.5414931885  -0.5750523558  -1.5797859233
0.5349254475  -0.5681520458  -1.5863519215
0.5283592235  -0.5612411879  -1.5929163652
0.5217945485  -0.5543198270  -1.5994792182
0.5152314590  -0.5473880234  -1.6060404391
0.5086699964  -0.5404458565  -1.6125999819
0.5021102066  -0.5334934287  -1.6191577955
0.4955521400  -0.5265308684  -1.6257138237
0.4889958522  -0.5195583333  -1.6322680048
0.4824414033  -0.5125760128  -1.6388202721
0.4758888585  -0.5055841302  -1.6453705533
0.4693382879  -0.4985829443  -1.6519187710
0.4627897669  -0.4915727519  -1.6584648421
0.4562433756  -0.4845538890  -1.6650086781
0.4496991995  -0.4775267317  -1.6715501851
0.4431573293  -0.4704916962  -1.6780892637
0.4366178606  -0.4634492393  -1.6846258091
0.4300808945  -0.4563998576  -1.6911597111
0.4235465375  -0.4493440872  -1.6976908543
0.4170149010  -0.4422825021  -1.7042191180
0.4104861019  -0.4352157131  -1.7107443761
0.4039602857  -0.4281477760  -1.7172666229
0.3974376356  -0.4210840197  -1.7237859914
0.3909182559  -0.4140171652  -1.7303022484
0.3844021457  -0.4069372988  -1.7368148238
0.3778894004  -0.3998489755  -1.7433234193
0.3713802354  -0.3927584099  -1.7498278985
0.3648748454  -0.3856668045  -1.7563280612
0.3583733980  -0.3785753550  -1.7628237116
0.3518760664  -0.3714852555  -1.7693146598
0.3453830290  -0.3643976893  -1.7758007222
0.3388944690  -0.3573138196  -1.7822817224
0.3324105734  -0.3502347826  -1.7887574918
0.3259315327  -0.3431616805  -1.7952278704
0.3194575404  -0.3360955766  -1.8016927065
0.3129887919  -0.3290374907  -1.8081518575
0.3065254848  -0.3219883956  -1.8146051894
0.3000678178  -0.3149492155  -1.8210525772
0.2936159909  -0.3079208242  -1.8274939045
0.2871702045  -0.3009040451  -1.8339290628
0.2807306600  -0.2938996515  -1.8403579513
0.2742975588  -0.2869083685  -1.8467804760
0.2678711029  -0.2799308746  -1.8531965491
0.2614514942  -0.2729678050  -1.8596060875
0.2550389353  -0.2660197548  -1.8660090123
0.2486336284  -0.2590872832  -1.8724052472
0.2422357763  -0.2521709176  -1.8787947171
0.2358455816  -0.2452711586  -1.8851773469
0.2294632471  -0.2383884848  -1.8915530593
0.2230889755  -0.2315233582  -1.8979217739
0.2167229690  -0.2246762286  -1.9042834046
0.2103654293  -0.2178475398  -1.9106378581
0.2040165572  -0.2110377468  -1.9169850318
0.1976841599  -0.2042512757  -1.9234226527
0.1913733412  -0.1974908501  -1.9299991257
0.1850645531  -0.1907463845  -1.9365469312
0.1787522469  -0.1840155845  -1.9431090383
0.1724468518  -0.1773045281  -1.9496822417
0.1661484076  -0.1706137650  -1.9562629218
0.1598569936  -0.1639439001  -1.9628470440
0.1535727282  -0.1572955848  -1.9694301595
0.1472957707  -0.1506695128  -1.9760074045
0.1410263225  -0.1440664149  -1.9825735007
0.1347646283  -0.1374870518  -1.9891227551
0.1285109769  -0.1309322062  -1.9956490604
0.1222657020  -0.1244026729  -2.0021458941
0.1160291824  -0.1178992486  -2.0086063197
0.1098018423  -0.1114227201  -2.0150229855
0.1035841509  -0.1049738524  -2.0213881255
0.0973766222  -0.0985533761  -2.0276935591
0.0911798142  -0.0921619747  -2.0339306908
0.0849943274  -0.0858002721  -2.0400905108
0.0788208038  -0.0794688218  -2.0461635943
0.0726599249  -0.0731680960  -2.0521401023
0.0665124094  -0.0668984768  -2.0580097809
0.0603790106  -0.0606602501  -2.0637619615
0.0542605134  -0.0544536013  -2.0693855611
0.0481577309  -0.0482786140  -2.0748690819
0.0420715006  -0.0421352727  -2.0802006115
0.0360026797  -0.0360234678  -2.0853678230
0.0299521403  -0.0299430059  -2.0903579747
0.0239207644  -0.0238936219  -2.0951579103
0.0179094376  -0.0178749960  -2.0997540590
0.0119190427  -0.0118867727  -2.1041324353
0.0059504531  -0.0059285820  -2.1082786389
0.0059409321  -0.0059284674  -2.1082786389
