0.27192
0.6569656668  -0.5958511205   0.0000193748
0.6569656668  -0.5958511205   0.0000193748
0.6569678274  -0.5958514182   0.0000168258
0.6569674141  -0.5958475063   0.0000095681
0.6569629663  -0.5958389446  -0.0000025157
0.6569536605  -0.5958253027  -0.0000195432
0.6569391715  -0.5958064191  -0.0000416320
0.6569193085  -0.5957822026  -0.0000688998
0.6568939318  -0.5957525882  -0.0001014644
0.6568629244  -0.5957175216  -0.0001394439
0.6568261805  -0.5956769532  -0.0001829561
0.6567836006  -0.5956308352  -0.0002321194
0.6567350879  -0.5955791200  -0.0002870520
0.6566805474  -0.5955217594  -0.0003478723
0.6566198847  -0.5954587040  -0.0004146987
0.6565530054  -0.5953899030  -0.0004876499
0.6564798149  -0.5953153041  -0.0005668446
0.6564002179  -0.5952348531  -0.0006524015
0.6563141186  -0.5951484939  -0.0007444397
0.6562214200  -0.5950561686  -0.0008430781
0.6561220244  -0.5949578173  -0.0009484359
0.6560158330  -0.5948533783  -0.0010606324
0.6559027459  -0.5947427874  -0.0011797868
0.6557826621  -0.5946259790  -0.0013060188
0.6556554794  -0.5945028851  -0.0014394478
0.6555210943  -0.5943734357  -0.0015801936
0.6553794024  -0.5942375590  -0.0017283759
0.6552302977  -0.5940951809  -0.0018841147
0.6550736730  -0.5939462255  -0.0020475299
0.6549094200  -0.5937906148  -0.0022187417
0.6547374289  -0.5936282689  -0.0023978704
0.6545575886  -0.5934591058  -0.0025850362
0.6543697833  -0.5932829255  -0.0027806408
0.6541739030  -0.5930997482  -0.0029845452
0.6539698373  -0.5929096419  -0.0031967749
0.6537574666  -0.5927124361  -0.0034174413
0.6535366715  -0.5925079982  -0.0036466581
0.6533073321  -0.5922962211  -0.0038845445
0.6530693277  -0.5920770010  -0.0041312208
0.6528225359  -0.5918502348  -0.0043868097
0.6525668331  -0.5916158182  -0.0046514353
0.6523020942  -0.5913736458  -0.0049252235
0.6520281926  -0.5911236106  -0.0052083020
0.6517450004  -0.5908656044  -0.0055007998
0.6514523882  -0.5905995172  -0.0058028476
0.6511502252  -0.5903252380  -0.0061145776
0.6508383790  -0.5900426543  -0.0064361236
0.6505167158  -0.5897516522  -0.0067676208
0.6501851004  -0.5894521169  -0.0071092062
0.6498433958  -0.5891439321  -0.0074610181
0.6494914638  -0.5888269807  -0.0078231963
0.6491291647  -0.5885011442  -0.0081958825
0.6487563571  -0.5881663034  -0.0085792193
0.6483728981  -0.5878223380  -0.0089733514
0.6479786433  -0.5874691270  -0.0093784248
0.6475734469  -0.5871065483  -0.0097945868
0.6471571615  -0.5867344791  -0.0102219867
0.6467296379  -0.5863527960  -0.0106607749
0.6462907257  -0.5859613748  -0.0111111037
0.6458402727  -0.5855600907  -0.0115731266
0.6453781254  -0.5851488184  -0.0120469988
0.6449041284  -0.5847274319  -0.0125328772
0.6444181251  -0.5842958048  -0.0130309199
0.6439199571  -0.5838537757  -0.0135412869
0.6434094643  -0.5834012043  -0.0140641396
0.6428864850  -0.5829380351  -0.0145996408
0.6423508567  -0.5824641769  -0.0151479548
0.6418024148  -0.5819794776  -0.0157092476
0.6412409934  -0.5814837959  -0.0162836867
0.6406664247  -0.5809769988  -0.0168714412
0.6400785395  -0.5804589547  -0.0174726816
0.6394771671  -0.5799295326  -0.0180875802
0.6388621351  -0.5793886014  -0.0187163103
0.6382332697  -0.5788360293  -0.0193590473
0.6375903954  -0.5782716845  -0.0200159678
0.6369333354  -0.5776954343  -0.0206872499
0.6362619113  -0.5771071457  -0.0213730734
0.6355759431  -0.5765066846  -0.0220736195
0.6348752509  -0.5758939183  -0.0227890709
0.6341596541  -0.5752687145  -0.0235196116
0.6334289695  -0.5746309379  -0.0242654275
0.6326830116  -0.5739804518  -0.0250267055
0.6319215938  -0.5733171188  -0.0258036342
0.6311445276  -0.5726408007  -0.0265964035
0.6303516234  -0.5719513592  -0.0274052047
0.6295426901  -0.5712486551  -0.0282302305
0.6287175349  -0.5705325490  -0.0290716751
0.6278759641  -0.5698029009  -0.0299297338
0.6270177823  -0.5690595704  -0.0308046034
0.6261427928  -0.5683024165  -0.0316964819
0.6252507977  -0.5675312980  -0.0326055685
0.6243415977  -0.5667460743  -0.0335320640
0.6234149922  -0.5659466044  -0.0344761699
0.6224707795  -0.5651327477  -0.0354380893
0.6215087566  -0.5643043627  -0.0364180265
0.6205287193  -0.5634613113  -0.0374161865
0.6195304622  -0.5626034746  -0.0384327757
0.6185137787  -0.5617307467  -0.0394680014
0.6174784615  -0.5608429757  -0.0405220719
0.6164243028  -0.5599399230  -0.0415951975
0.6153510933  -0.5590213247  -0.0426875903
0.6142586222  -0.5580869806  -0.0437994628
0.6131466776  -0.5571367709  -0.0449310279
0.6120150467  -0.5561706251  -0.0460824983
0.6108635163  -0.5551884937  -0.0472540873
0.6096918725  -0.5541903293  -0.0484460086
0.6084999013  -0.5531760763  -0.0496584772
0.6072873877  -0.5521456667  -0.0508917098
0.6060541166  -0.5510990203  -0.0521459245
0.6047998722  -0.5500360441  -0.0534213396
0.6035244382  -0.5489566327  -0.0547181740
0.6022275979  -0.5478606688  -0.0560366468
0.6009091342  -0.5467480246  -0.0573769775
0.5995688298  -0.5456185599  -0.0587393857
0.5982064670  -0.5444721211  -0.0601240911
0.5968218280  -0.5433085420  -0.0615313134
0.5954146948  -0.5421276468  -0.0629612720
0.5939848493  -0.5409292520  -0.0644141860
0.5925320738  -0.5397131685  -0.0658902740
0.5910561503  -0.5384792050  -0.0673897539
0.5895568614  -0.5372271692  -0.0689128431
0.5880339901  -0.5359568640  -0.0704597578
0.5864873197  -0.5346680848  -0.0720307130
0.5849166341  -0.5333606251  -0.0736259223
0.5833217179  -0.5320342839  -0.0752455977
0.5817023566  -0.5306888650  -0.0768899492
0.5800583368  -0.5293241722  -0.0785591851
0.5783894447  -0.5279398740  -0.0802535079
0.5766954627  -0.5265353039  -0.0819731079
0.5749761745  -0.5251101140  -0.0837181732
0.5732313844  -0.5236654259  -0.0854889234
0.5714609225  -0.5222030203  -0.0872856133
0.5696646132  -0.5207232536  -0.0891084920
0.5678422511  -0.5192249428  -0.0909577756
0.5659936116  -0.5177066863  -0.0928336529
0.5641184723  -0.5161674851  -0.0947362954
0.5622166205  -0.5146067541  -0.0966658630
0.5602878554  -0.5130242465  -0.0986225082
0.5583320122  -0.5114199537  -0.1006063778
0.5563489525  -0.5097939763  -0.1026176125
0.5543385211  -0.5081464263  -0.1046563464
0.5523005524  -0.5064774333  -0.1067227074
0.5502348866  -0.5047871649  -0.1088168197
0.5481413702  -0.5030758244  -0.1109388115
0.5460198568  -0.5013436475  -0.1130888142
0.5438702050  -0.4995908999  -0.1152669514
0.5416922776  -0.4978178730  -0.1174733343
0.5394859426  -0.4960248802  -0.1197080636
0.5372510738  -0.4942122535  -0.1219712289
0.5349875507  -0.4923803401  -0.1242629083
0.5326952593  -0.4905294987  -0.1265831759
0.5303740937  -0.4886600973  -0.1289321140
0.5280239544  -0.4867725086  -0.1313098001
0.5256447446  -0.4848671037  -0.1337162784
0.5232363683  -0.4829442469  -0.1361515527
0.5207987352  -0.4810042916  -0.1386156057
0.5183317621  -0.4790475775  -0.1411083929
0.5158353684  -0.4770744233  -0.1436298098
0.5133094725  -0.4750851010  -0.1461796678
0.5107538109  -0.4730796892  -0.1487560194
0.5081678009  -0.4710579937  -0.1513545640
0.5055515467  -0.4690202878  -0.1539757614
0.5029066262  -0.4669680139  -0.1566276058
0.5002344511  -0.4649027812  -0.1593171632
0.4975349550  -0.4628252802  -0.1620472124
0.4948074227  -0.4607355269  -0.1648186084
0.4920512265  -0.4586332697  -0.1676309833
0.4892658952  -0.4565181108  -0.1704833116
0.4864511381  -0.4543895847  -0.1733744914
0.4836068042  -0.4522471826  -0.1763034191
0.4807327844  -0.4500903132  -0.1792688893
0.4778289675  -0.4479182796  -0.1822696064
0.4748952373  -0.4457302806  -0.1853041914
0.4719314705  -0.4435254137  -0.1883711875
0.4689376938  -0.4413028733  -0.1914690658
0.4659142995  -0.4390622076  -0.1945962306
0.4628615432  -0.4368027028  -0.1977510261
0.4597792969  -0.4345231021  -0.2009317413
0.4566673691  -0.4322220186  -0.2041366165
0.4535255201  -0.4298979654  -0.2073638489
0.4503534519  -0.4275493552  -0.2106115975
0.4471507933  -0.4251744968  -0.2138779893
0.4439175791  -0.4227721596  -0.2171611242
0.4406542730  -0.4203415868  -0.2204590805
0.4373605035  -0.4178810516  -0.2237699200
0.4340348732  -0.4153877089  -0.2270916943
0.4306756250  -0.4128584166  -0.2304224502
0.4272816942  -0.4102909098  -0.2337602344
0.4238507437  -0.4076816536  -0.2371030996
0.4203791765  -0.4050257715  -0.2404491102
0.4168615704  -0.4023169799  -0.2437963577
0.4131906036  -0.3994477550  -0.2471429916
0.4092719970  -0.3963245445  -0.2504872019
0.4053737380  -0.3932147274  -0.2538271242
0.4017368083  -0.3903550011  -0.2571608081
0.3983030263  -0.3876825026  -0.2604863141
0.3950007670  -0.3851233202  -0.2638017951
0.3917769391  -0.3826233812  -0.2671054994
0.3885893546  -0.3801399426  -0.2703957592
0.3854192866  -0.3776538737  -0.2736709867
0.3822659568  -0.3751639012  -0.2769296710
0.3791288417  -0.3726689832  -0.2801703816
0.3760077299  -0.3701684686  -0.2833917748
0.3729025837  -0.3676619823  -0.2865926005
0.3698133968  -0.3651492820  -0.2897717084
0.3667401780  -0.3626302403  -0.2929280517
0.3636829468  -0.3601048380  -0.2960606830
0.3606417322  -0.3575731591  -0.2991687582
0.3576165749  -0.3550353883  -0.3022515522
0.3546075293  -0.3524918074  -0.3053084692
0.3516146604  -0.3499427877  -0.3083390495
0.3486380412  -0.3473887825  -0.3113429769
0.3456777507  -0.3448303187  -0.3143200874
0.3427338704  -0.3422679876  -0.3172703689
0.3398064778  -0.3397024328  -0.3201939533
0.3368956478  -0.3371343438  -0.3230911337
0.3340014611  -0.3345644562  -0.3259624034
0.3311240081  -0.3319935478  -0.3288084814
0.3282633783  -0.3294224237  -0.3316303107
0.3254196561  -0.3268519058  -0.3344290825
0.3225929301  -0.3242828339  -0.3372062948
0.3197833020  -0.3217160797  -0.3399638160
0.3169912781  -0.3191528549  -0.3427058968
0.3142181226  -0.3165949476  -0.3454405467
0.3114640927  -0.3140433592  -0.3481722077
0.3087267759  -0.3114970297  -0.3508970223
0.3060034837  -0.3089545419  -0.3536099846
0.3032936244  -0.3064158739  -0.3563088099
0.3005977122  -0.3038817744  -0.3589923491
0.2979162428  -0.3013529942  -0.3616602771
0.2952495733  -0.2988301910  -0.3643127684
0.2925978558  -0.2963138730  -0.3669500018
0.2899610681  -0.2938044088  -0.3695720733
0.2873391322  -0.2913021032  -0.3721790878
0.2847319671  -0.2888072321  -0.3747711536
0.2821394898  -0.2863200442  -0.3773483817
0.2795616164  -0.2838407618  -0.3799108859
0.2769982626  -0.2813695824  -0.3824587825
0.2744493438  -0.2789066804  -0.3849921894
0.2719147749  -0.2764522075  -0.3875112260
0.2693944709  -0.2740062932  -0.3900160120
0.2668883460  -0.2715690458  -0.3925066672
0.2643963147  -0.2691405542  -0.3949833101
0.2619182910  -0.2667208893  -0.3974460579
0.2594541890  -0.2643101058  -0.3998950251
0.2570039228  -0.2619082445  -0.4023303237
0.2545674067  -0.2595153337  -0.4047520620
0.2521445551  -0.2571313903  -0.4071603444
0.2497352826  -0.2547564192  -0.4095552702
0.2473395039  -0.2523904154  -0.4119369326
0.2449571341  -0.2500333667  -0.4143054187
0.2425880883  -0.2476852549  -0.4166608078
0.2402322821  -0.2453460548  -0.4190031714
0.2378896303  -0.2430156976  -0.4213325633
0.2355600441  -0.2406939990  -0.4236489985
0.2332434322  -0.2383807881  -0.4259524601
0.2309397130  -0.2360762345  -0.4282429652
0.2286488212  -0.2337808028  -0.4305206055
0.2263706963  -0.2314948255  -0.4327855047
0.2241052682  -0.2292183578  -0.4350377737
0.2218524578  -0.2269513497  -0.4372775066
0.2196121836  -0.2246937556  -0.4395047875
0.2173843653  -0.2224455550  -0.4417196949
0.2151689239  -0.2202067581  -0.4439223055
0.2129657823  -0.2179773951  -0.4461126960
0.2107748638  -0.2157575019  -0.4482909427
0.2085960926  -0.2135471163  -0.4504571217
0.2064293929  -0.2113462767  -0.4526113085
0.2042746896  -0.2091550226  -0.4547535781
0.2021319078  -0.2069733935  -0.4568840052
0.2000009727  -0.2048014294  -0.4590026639
0.1978818102  -0.2026391703  -0.4611096280
0.1957743463  -0.2004866554  -0.4632049708
0.1936785076  -0.1983439234  -0.4652887653
0.1915942207  -0.1962110115  -0.4673610840
0.1895214128  -0.1940879555  -0.4694219992
0.1874600113  -0.1919747891  -0.4714715826
0.1854099440  -0.1898715440  -0.4735099058
0.1833711390  -0.1877782487  -0.4755370400
0.1813435246  -0.1856949291  -0.4775530561
0.1793270297  -0.1836216071  -0.4795580246
0.1773215833  -0.1815583012  -0.4815520160
0.1753271148  -0.1795050252  -0.4835351001
0.1733435539  -0.1774617886  -0.4855073469
0.1713708305  -0.1754285945  -0.4874688259
0.1694088752  -0.1734054359  -0.4894196067
0.1674576184  -0.1713922931  -0.4913597588
0.1655169912  -0.1693891437  -0.4932893515
0.1635869249  -0.1673959757  -0.4952084539
0.1616673510  -0.1654127885  -0.4971171340
0.1597582015  -0.1634395836  -0.4990154594
0.1578594085  -0.1614763586  -0.5009034972
0.1559709047  -0.1595231074  -0.5027813144
0.1540926230  -0.1575798207  -0.5046489776
0.1522244966  -0.1556464869  -0.5065065532
0.1503664592  -0.1537230927  -0.5083541074
0.1485184446  -0.1518096236  -0.5101917058
0.1466803871  -0.1499060635  -0.5120194139
0.1448522212  -0.1480123948  -0.5138372968
0.1430338818  -0.1461285988  -0.5156454194
0.1412253042  -0.1442546554  -0.5174438459
0.1394264239  -0.1423905432  -0.5192326406
0.1376371768  -0.1405362396  -0.5210118673
0.1358574990  -0.1386917208  -0.5227815893
0.1340873271  -0.1368569583  -0.5245418699
0.1323265980  -0.1350319160  -0.5262927719
0.1305752489  -0.1332165645  -0.5280343576
0.1288332173  -0.1314108915  -0.5297666893
0.1271004411  -0.1296148821  -0.5314898286
0.1253768586  -0.1278285058  -0.5332038371
0.1236624083  -0.1260517284  -0.5349087759
0.1219570290  -0.1242845166  -0.5366047057
0.1202606601  -0.1225268358  -0.5382916870
0.1185732409  -0.1207786503  -0.5399697800
0.1168947115  -0.1190399233  -0.5416390444
0.1152250119  -0.1173106175  -0.5432995397
0.1135640828  -0.1155906945  -0.5449513250
0.1119118651  -0.1138801152  -0.5465944590
0.1102683000  -0.1121788400  -0.5482290001
0.1086333290  -0.1104868287  -0.5498550066
0.1070068940  -0.1088040404  -0.5514725361
0.1053889374  -0.1071304338  -0.5530816461
0.1037794016  -0.1054659673  -0.5546823936
0.1021782297  -0.1038105988  -0.5562748354
0.1005853648  -0.1021642858  -0.5578590279
0.0990007505  -0.1005269856  -0.5594350271
0.0974243308  -0.0988986551  -0.5610028888
0.0958560500  -0.0972792511  -0.5625626683
0.0942958527  -0.0956687301  -0.5641144207
0.0927436837  -0.0940670481  -0.5656582008
0.0911994885  -0.0924741612  -0.5671940628
0.0896632126  -0.0908900251  -0.5687220607
0.0881348020  -0.0893145954  -0.5702422484
0.0866142030  -0.0877478272  -0.5717546791
0.0851013622  -0.0861896758  -0.5732594059
0.0835962266  -0.0846400958  -0.5747564813
0.0820987437  -0.0830990808  -0.5762459618
0.0806088615  -0.0815666357  -0.5777279078
0.0791265278  -0.0800426204  -0.5792023680
0.0776516897  -0.0785268718  -0.5806693807
0.0761842960  -0.0770193918  -0.5821289921
0.0747242958  -0.0755201964  -0.5835812535
0.0732716389  -0.0740292430  -0.5850262141
0.0718262749  -0.0725464882  -0.5864639227
0.0703881539  -0.0710718880  -0.5878944284
0.0689572262  -0.0696053978  -0.5893177802
0.0675334425  -0.0681469721  -0.5907340270
0.0661167538  -0.0666965650  -0.5921432179
0.0647071115  -0.0652541295  -0.5935454019
0.0633044672  -0.0638196184  -0.5949406283
0.0619087729  -0.0623929835  -0.5963289460
0.0605199809  -0.0609741762  -0.5977104046
0.0591380437  -0.0595631472  -0.5990850532
0.0577629143  -0.0581598470  -0.6004529412
0.0563945459  -0.0567642253  -0.6018141180
0.0550328920  -0.0553762316  -0.6031686331
0.0536779065  -0.0539958150  -0.6045165357
0.0523295434  -0.0526229245  -0.6058578752
0.0509877572  -0.0512575086  -0.6071927009
0.0496525028  -0.0498995158  -0.6085210618
0.0483237350  -0.0485488946  -0.6098430069
0.0470014095  -0.0472055933  -0.6111585847
0.0456854817  -0.0458695603  -0.6124678437
0.0443759078  -0.0445407441  -0.6137708319
0.0430726439  -0.0432190932  -0.6150675967
0.0417756469  -0.0419045564  -0.6163581853
0.0404848735  -0.0405970826  -0.6176426440
0.0392002809  -0.0392966210  -0.6189210186
0.0379220650  -0.0380031508  -0.6202114995
0.0366503381  -0.0367166369  -0.6215231164
0.0353844411  -0.0354369510  -0.6228249192
0.0341241520  -0.0341640250  -0.6241249466
0.0328697493  -0.0328978514  -0.6254226850
0.0316211871  -0.0316383819  -0.6267175451
0.0303784210  -0.0303855689  -0.6280088621
0.0291414082  -0.0291393651  -0.6292958955
0.0279101076  -0.0278997238  -0.6305778291
0.0266844800  -0.0266665985  -0.6318537712
0.0254644877  -0.0254399433  -0.6331227541
0.0242500955  -0.0242197126  -0.6343837349
0.0230412696  -0.0230058611  -0.6356355948
0.0218379786  -0.0217983436  -0.6368771393
0.0206401931  -0.0205971153  -0.6381070986
0.0194478857  -0.0194021316  -0.6393241268
0.0182610312  -0.0182133479  -0.6405268026
0.0170796066  -0.0170307199  -0.6417136291
0.0159035911  -0.0158542032  -0.6428830337
0.0147329657  -0.0146837536  -0.6440333680
0.0135677138  -0.0135193268  -0.6451629082
0.0124078208  -0.0123608788  -0.6462698547
0.0112532738  -0.0112083653  -0.6473523323
0.0101040621  -0.0100617423  -0.6484083901
0.0089601764  -0.0089209658  -0.6494360017
0.0078216091  -0.0077859920  -0.6504330649
0.0066883542  -0.0066567769  -0.6513974020
0.0055604066  -0.0055332771  -0.6523267594
0.0044377622  -0.0044154492  -0.6532188081
0.0033204178  -0.0033032502  -0.6540711435
0.0022083704  -0.0021966374  -0.6548812850
0.0011016171  -0.0010955685  -0.6556466768
0.0011012913  -0.0010955648  -0.6556466768
