0.144342
1.4986772581  -1.4576241266   0.0000485253
1.4986772581  -1.4576241266   0.0000485253
1.4986811584  -1.4576205757   0.0000404554
1.4986781880  -1.4576011158   0.0000196617
1.4986648641  -1.4575653828  -0.0000141966
1.4986384961  -1.4575109016  -0.0000614585
1.4985980850  -1.4574368729  -0.0001224615
1.4985430643  -1.4573429059  -0.0001975410
1.4984730299  -1.4572287595  -0.0002870311
1.4983876510  -1.4570942577  -0.0003912638
1.4982866339  -1.4569392540  -0.0005105697
1.4981697045  -1.4567636155  -0.0006452775
1.4980366001  -1.4565672141  -0.0007957141
1.4978870640  -1.4563499219  -0.0009622048
1.4977208429  -1.4561116080  -0.0011450732
1.4975376851  -1.4558521377  -0.0013446412
1.4973373394  -1.4555713704  -0.0015612289
1.4971195541  -1.4552691598  -0.0017951546
1.4968840768  -1.4549453530  -0.0020467349
1.4966306541  -1.4545997904  -0.0023162850
1.4963590307  -1.4542323058  -0.0026041179
1.4960689503  -1.4538427261  -0.0029105452
1.4957601544  -1.4534308711  -0.0032358766
1.4954323831  -1.4529965542  -0.0035804203
1.4950853744  -1.4525395820  -0.0039444825
1.4947188645  -1.4520597547  -0.0043283678
1.4943325877  -1.4515568659  -0.0047323792
1.4939262763  -1.4510307030  -0.0051568177
1.4934996610  -1.4504810476  -0.0056019829
1.4930524702  -1.4499076752  -0.0060681725
1.4925844307  -1.4493103557  -0.0065556824
1.4920952672  -1.4486888536  -0.0070648069
1.4915846935  -1.4480424578  -0.0075965723
1.4910524413  -1.4473713462  -0.0081506133
1.4904982427  -1.4466758694  -0.0087269891
1.4899218060  -1.4459554436  -0.0093259448
1.4893228426  -1.4452096703  -0.0099477411
1.4887010657  -1.4444382355  -0.0105926609
1.4880561875  -1.4436408397  -0.0112609878
1.4873879187  -1.4428171927  -0.0119530086
1.4866959689  -1.4419670056  -0.0126690125
1.4859800462  -1.4410899892  -0.0134092911
1.4852398572  -1.4401858542  -0.0141741375
1.4844751076  -1.4392543112  -0.0149638464
1.4836855016  -1.4382950705  -0.0157787140
1.4828707426  -1.4373078430  -0.0166190378
1.4820305325  -1.4362923402  -0.0174851162
1.4811645726  -1.4352482748  -0.0183772490
1.4802725629  -1.4341753610  -0.0192957367
1.4793542028  -1.4330733145  -0.0202408808
1.4784091907  -1.4319418536  -0.0212129834
1.4774372244  -1.4307806990  -0.0222123474
1.4764380010  -1.4295895741  -0.0232392763
1.4754112169  -1.4283682060  -0.0242940741
1.4743565681  -1.4271163250  -0.0253770452
1.4732737503  -1.4258336658  -0.0264884944
1.4721624587  -1.4245199670  -0.0276287267
1.4710223883  -1.4231749721  -0.0287980472
1.4698532339  -1.4217984296  -0.0299967612
1.4686546903  -1.4203900931  -0.0312251737
1.4674264525  -1.4189497220  -0.0324835898
1.4661682152  -1.4174770815  -0.0337723143
1.4648796736  -1.4159719429  -0.0350916516
1.4635605234  -1.4144339523  -0.0364419061
1.4622104596  -1.4128628447  -0.0378233813
1.4608291780  -1.4112586752  -0.0392363797
1.4594163771  -1.4096213713  -0.0406812033
1.4579717555  -1.4079506537  -0.0421581533
1.4564950118  -1.4062462942  -0.0436675300
1.4549858455  -1.4045080985  -0.0452096326
1.4534439574  -1.4027358859  -0.0467847593
1.4518690492  -1.4009294847  -0.0483932070
1.4502608241  -1.3990887300  -0.0500352715
1.4486189868  -1.3972134638  -0.0517112469
1.4469432431  -1.3953035363  -0.0534214261
1.4452333008  -1.3933588063  -0.0551660997
1.4434888693  -1.3913791401  -0.0569455569
1.4417096599  -1.3893644102  -0.0587600846
1.4398953858  -1.3873144953  -0.0606099678
1.4380457624  -1.3852292802  -0.0624954889
1.4361605073  -1.3831086560  -0.0644169283
1.4342393405  -1.3809525209  -0.0663745635
1.4322819846  -1.3787607800  -0.0683686693
1.4302881645  -1.3765333454  -0.0703995179
1.4282576083  -1.3742701367  -0.0724673783
1.4261900466  -1.3719710805  -0.0745725164
1.4240852133  -1.3696361108  -0.0767151948
1.4219428452  -1.3672651687  -0.0788956726
1.4197626827  -1.3648582025  -0.0811142055
1.4175444694  -1.3624151681  -0.0833710452
1.4152879526  -1.3599360292  -0.0856664398
1.4129928833  -1.3574207581  -0.0880006331
1.4106590162  -1.3548693353  -0.0903738650
1.4082861102  -1.3522817492  -0.0927863709
1.4058739282  -1.3496579915  -0.0952383819
1.4034222376  -1.3469980558  -0.0977301243
1.4009308100  -1.3443019529  -0.1002618200
1.3983994217  -1.3415697172  -0.1028336859
1.3958278536  -1.3388013929  -0.1054459341
1.3932158918  -1.3359970316  -0.1080987711
1.3905633271  -1.3331567141  -0.1107923984
1.3878699556  -1.3302805542  -0.1135270117
1.3851355793  -1.3273685931  -0.1163028013
1.3823600112  -1.3244207139  -0.1191199527
1.3795430730  -1.3214367717  -0.1219786468
1.3766845872  -1.3184168011  -0.1248790577
1.3737843804  -1.3153610351  -0.1278213530
1.3708422867  -1.3122697752  -0.1308056945
1.3678581470  -1.3091433169  -0.1338322372
1.3648318085  -1.3059819412  -0.1369011284
1.3617631250  -1.3027859160  -0.1400125079
1.3586519568  -1.2995554939  -0.1431665078
1.3554981711  -1.2962909088  -0.1463632526
1.3523016415  -1.2929923744  -0.1496028588
1.3490622486  -1.2896600865  -0.1528854351
1.3457798799  -1.2862942242  -0.1562110822
1.3424544300  -1.2828949520  -0.1595798931
1.3390858005  -1.2794624213  -0.1629919526
1.3356739007  -1.2759967731  -0.1664473374
1.3322186469  -1.2724981418  -0.1699461168
1.3287199633  -1.2689666567  -0.1734883518
1.3251777817  -1.2654024389  -0.1770740958
1.3215920416  -1.2618056030  -0.1807033937
1.3179626902  -1.2581762616  -0.1843762825
1.3142896830  -1.2545145339  -0.1880927908
1.3105729840  -1.2508205512  -0.1918529397
1.3068125653  -1.2470944566  -0.1956567424
1.3030084084  -1.2433363987  -0.1995042073
1.2991605045  -1.2395465377  -0.2033953433
1.2952688552  -1.2357250521  -0.2073301585
1.2913334695  -1.2318721312  -0.2113086512
1.2873543628  -1.2279879432  -0.2153308056
1.2833315540  -1.2240724538  -0.2193965791
1.2792650682  -1.2201257166  -0.2235059108
1.2751549629  -1.2161490070  -0.2276587987
1.2710013423  -1.2121443754  -0.2318553257
1.2668043070  -1.2081124340  -0.2360955425
1.2625639103  -1.2040522354  -0.2403793881
1.2582802415  -1.1999631536  -0.2447067368
1.2539534241  -1.1958453978  -0.2490774502
1.2495835452  -1.1916994328  -0.2534913852
1.2451706846  -1.1875257829  -0.2579483967
1.2407149318  -1.1833250192  -0.2624483422
1.2362163839  -1.1790977537  -0.2669910753
1.2316751420  -1.1748446332  -0.2715764382
1.2270913111  -1.1705663361  -0.2762042619
1.2224650022  -1.1662635695  -0.2808743672
1.2177963327  -1.1619370659  -0.2855865654
1.2130854259  -1.1575875795  -0.2903406579
1.2083324117  -1.1532158832  -0.2951364372
1.2035374283  -1.1488227660  -0.2999736981
1.1987006247  -1.1444090327  -0.3048522474
1.1938221560  -1.1399754953  -0.3097718864
1.1889021758  -1.1355229610  -0.3147323912
1.1839408363  -1.1310522255  -0.3197335105
1.1789382923  -1.1265640714  -0.3247749680
1.1738947089  -1.1220592714  -0.3298564878
1.1688102647  -1.1175385883  -0.3349778045
1.1636851379  -1.1130027563  -0.3401386091
1.1585196857  -1.1084527392  -0.3453385218
1.1533145308  -1.1038898245  -0.3505771193
1.1480701518  -1.0993150154  -0.3558538769
1.1427867712  -1.0947288758  -0.3611680388
1.1374644709  -1.0901316578  -0.3665181794
1.1321025460  -1.0855226770  -0.3718992760
1.1267010923  -1.0809021845  -0.3773105023
1.1212639968  -1.0762746700  -0.3827631208
1.1157951123  -1.0716450697  -0.3882661807
1.1102934952  -1.0670134301  -0.3938194931
1.1047564798  -1.0623773333  -0.3994209040
1.0991829495  -1.0577352934  -0.4050687318
1.0935728337  -1.0530866395  -0.4107614830
1.0879263111  -1.0484308322  -0.4164975737
1.0822439171  -1.0437677260  -0.4222753321
1.0765263714  -1.0390972880  -0.4280930044
1.0707740958  -1.0344188780  -0.4339487629
1.0649873526  -1.0297314919  -0.4398407130
1.0591663985  -1.0250340108  -0.4457669006
1.0533114871  -1.0203252169  -0.4517253188
1.0474228650  -1.0156038025  -0.4577139151
1.0415007681  -1.0108683775  -0.4637305977
1.0355454355  -1.0061175047  -0.4697732420
1.0295577722  -1.0013506020  -0.4758396966
1.0235389198  -0.9965673403  -0.4819277897
1.0174891915  -0.9917662282  -0.4880353353
1.0114083830  -0.9869451029  -0.4941601398
1.0052960734  -0.9821015878  -0.5003000086
0.9991517460  -0.9772332839  -0.5064527517
0.9929762243  -0.9723395088  -0.5126161885
0.9867700262  -0.9674192146  -0.5187881542
0.9805311667  -0.9624684438  -0.5249665026
0.9742571917  -0.9574829979  -0.5311491046
0.9679460157  -0.9524594421  -0.5373338529
0.9615911222  -0.9473897678  -0.5435186762
0.9551799421  -0.9422600683  -0.5497015541
0.9486731784  -0.9370300223  -0.5558805619
0.9418622614  -0.9314921641  -0.5620538673
0.9350772966  -0.9259787793  -0.5682195338
0.9287473468  -0.9209149252  -0.5743754086
0.9226676960  -0.9160884400  -0.5805193677
0.9166546935  -0.9113112288  -0.5866495362
0.9106601547  -0.9065325828  -0.5927642285
0.9046827474  -0.9017493530  -0.5988618537
0.8987222281  -0.8969598146  -0.6049409060
0.8927784834  -0.8921625503  -0.6109999704
0.8868514177  -0.8873562979  -0.6170377216
0.8809409568  -0.8825399531  -0.6230529340
0.8750470526  -0.8777125717  -0.6290444935
0.8691696828  -0.8728733702  -0.6350114035
0.8633088477  -0.8680217234  -0.6409527890
0.8574645678  -0.8631571623  -0.6468679023
0.8516368823  -0.8582793702  -0.6527561283
0.8458258477  -0.8533881784  -0.6586169897
0.8400315310  -0.8484835584  -0.6644501392
0.8342540020  -0.8435656131  -0.6702553499
0.8284933378  -0.8386345714  -0.6760325328
0.8227496335  -0.8336907865  -0.6817817633
0.8170230030  -0.8287347296  -0.6875032930
0.8113135714  -0.8237669799  -0.6931975591
0.8056214621  -0.8187882098  -0.6988651657
0.7999467849  -0.8137991712  -0.7045068762
0.7942896567  -0.8088006937  -0.7101236765
0.7886502241  -0.8037936850  -0.7157168251
0.7830286483  -0.7987791189  -0.7212878535
0.7774251118  -0.7937580326  -0.7268386592
0.7718398779  -0.7887315544  -0.7323717089
0.7662734641  -0.7837010357  -0.7378906591
0.7607277348  -0.7786684364  -0.7434040728
0.7552037127  -0.7736352877  -0.7489177090
0.7496967280  -0.7686006799  -0.7544240180
0.7442009592  -0.7635627929  -0.7599144932
0.7387164048  -0.7585216452  -0.7653880982
0.7332457331  -0.7534783881  -0.7708456030
0.7277901622  -0.7484338779  -0.7762873640
0.7223498390  -0.7433886272  -0.7817134946
0.7169246792  -0.7383430342  -0.7871241081
0.7115145945  -0.7332974602  -0.7925193221
0.7061194972  -0.7282522340  -0.7978992584
0.7007393007  -0.7232076521  -0.8032640428
0.6953739191  -0.7181639789  -0.8086138037
0.6900232672  -0.7131214471  -0.8139486719
0.6846872604  -0.7080802582  -0.8192687792
0.6793658149  -0.7030405838  -0.8245742583
0.6740588471  -0.6980025662  -0.8298652410
0.6687662745  -0.6929663207  -0.8351418580
0.6634880152  -0.6879319361  -0.8404042380
0.6582239881  -0.6828994776  -0.8456525069
0.6529741130  -0.6778689877  -0.8508867867
0.6477383107  -0.6728404889  -0.8561071943
0.6425165025  -0.6678139849  -0.8613138402
0.6373086107  -0.6627894637  -0.8665068276
0.6321145588  -0.6577669000  -0.8716862517
0.6269342716  -0.6527462573  -0.8768521992
0.6217676748  -0.6477274902  -0.8820047459
0.6166146954  -0.6427105463  -0.8871439556
0.6114752608  -0.6376953693  -0.8922698785
0.6063492994  -0.6326818995  -0.8973825476
0.6012367386  -0.6276700715  -0.9024819719
0.5961374977  -0.6226597906  -0.9075681049
0.5910514864  -0.6176509521  -0.9126408382
0.5859786421  -0.6126435962  -0.9177001241
0.5809189680  -0.6076379485  -0.9227460778
0.5758724874  -0.6026341753  -0.9277788701
0.5708391723  -0.5976322547  -0.9327986002
0.5658189529  -0.5926321213  -0.9378053132
0.5608117629  -0.5876337725  -0.9427990486
0.5558175521  -0.5826372536  -0.9477798483
0.5508362779  -0.5776426315  -0.9527477533
0.5458679005  -0.5726499874  -0.9577028030
0.5409123815  -0.5676594164  -0.9626450349
0.5359696844  -0.5626710267  -0.9675744846
0.5310397740  -0.5576849398  -0.9724911857
0.5261226169  -0.5527012894  -0.9773951702
0.5212181812  -0.5477202206  -0.9822864683
0.5163264367  -0.5427418894  -0.9871651083
0.5114473545  -0.5377664617  -0.9920311169
0.5065809075  -0.5327941127  -0.9968845191
0.5017270698  -0.5278250252  -1.0017253384
0.4968858172  -0.5228593879  -1.0065535965
0.4920571269  -0.5178973945  -1.0113693137
0.4872409777  -0.5129392419  -1.0161725089
0.4824373496  -0.5079851286  -1.0209631994
0.4776462241  -0.5030352533  -1.0257414014
0.4728675840  -0.4980898137  -1.0305071297
0.4681014136  -0.4931490047  -1.0352603978
0.4633476984  -0.4882130162  -1.0400012181
0.4586064253  -0.4832820310  -1.0447296022
0.4538775824  -0.4783562228  -1.0494455604
0.4491611590  -0.4734357512  -1.0541491022
0.4444571457  -0.4685207474  -1.0588402369
0.4397655345  -0.4636113002  -1.0635189732
0.4350863183  -0.4587074943  -1.0681853200
0.4304194911  -0.4538094867  -1.0728392839
0.4257650474  -0.4489175100  -1.0774808688
0.4211229825  -0.4440318014  -1.0821100762
0.4164932930  -0.4391525683  -1.0867269073
0.4118759770  -0.4342800055  -1.0913313628
0.4072710337  -0.4294143089  -1.0959234429
0.4026784633  -0.4245556777  -1.1005031465
0.3980982665  -0.4197043130  -1.1050704721
0.3935304452  -0.4148604179  -1.1096254169
0.3889750019  -0.4100241973  -1.1141679775
0.3844319401  -0.4051958577  -1.1186981499
0.3799012640  -0.4003756073  -1.1232159289
0.3753829784  -0.3955636007  -1.1277213092
0.3708770889  -0.3907598865  -1.1322142845
0.3663836018  -0.3859646347  -1.1366948483
0.3619025244  -0.3811783171  -1.1411629925
0.3574338644  -0.3764013827  -1.1456187084
0.3529776301  -0.3716340524  -1.1500619870
0.3485338301  -0.3668764987  -1.1544928193
0.3441024739  -0.3621289221  -1.1589111958
0.3396835711  -0.3573915195  -1.1633171064
0.3352771318  -0.3526644833  -1.1677105410
0.3308831667  -0.3479480033  -1.1720914889
0.3265016864  -0.3432422671  -1.1764599394
0.3221327022  -0.3385474608  -1.1808158813
0.3177762255  -0.3338637703  -1.1851593032
0.3134322678  -0.3291913815  -1.1894901935
0.3091008411  -0.3245304812  -1.1938085407
0.3047819573  -0.3198812575  -1.1981143328
0.3004756285  -0.3152439008  -1.2024075578
0.2961818668  -0.3106186035  -1.2066882037
0.2919006846  -0.3060055608  -1.2109562583
0.2876320939  -0.3014049702  -1.2152117096
0.2833761070  -0.2968170322  -1.2194545455
0.2791327360  -0.2922419501  -1.2236847541
0.2749019927  -0.2876799301  -1.2279023234
0.2706838891  -0.2831311810  -1.2321072417
0.2664784368  -0.2785959142  -1.2362994977
0.2622856471  -0.2740743431  -1.2404790800
0.2581055312  -0.2695666830  -1.2446459776
0.2539380998  -0.2650731503  -1.2488001800
0.2497833633  -0.2605939626  -1.2529416770
0.2456413319  -0.2561293375  -1.2570704586
0.2415120151  -0.2516794922  -1.2611865156
0.2373954266  -0.2472453637  -1.2652898759
0.2332915850  -0.2428281231  -1.2693806102
0.2292004920  -0.2384262667  -1.2734586839
0.2251221305  -0.2340377966  -1.2775239658
0.2210565005  -0.2296637722  -1.2815764062
0.2170036205  -0.2253055515  -1.2856160050
0.2129635030  -0.2209634166  -1.2896427455
0.2089361545  -0.2166376358  -1.2936566144
0.2049215806  -0.2123284660  -1.2976576018
0.2009197866  -0.2080361508  -1.3016457021
0.1969307766  -0.2037609198  -1.3056209137
0.1929545538  -0.1995029873  -1.3095832393
0.1889911205  -0.1952625516  -1.3135326861
0.1850404778  -0.1910397949  -1.3174692658
0.1811026254  -0.1868348829  -1.3213929948
0.1771775620  -0.1826479647  -1.3253038939
0.1732652848  -0.1784791731  -1.3292019886
0.1693657896  -0.1743286249  -1.3330873087
0.1654790710  -0.1701964215  -1.3369598885
0.1616051219  -0.1660826493  -1.3408197661
0.1577439341  -0.1619873808  -1.3446669837
0.1538954977  -0.1579106752  -1.3485015868
0.1500598017  -0.1538525792  -1.3523236242
0.1462368335  -0.1498131283  -1.3561331474
0.1424265793  -0.1457923476  -1.3599302104
0.1386290239  -0.1417902527  -1.3637148689
0.1348441508  -0.1378068512  -1.3674871798
0.1310719422  -0.1338421430  -1.3712472007
0.1273123792  -0.1298961222  -1.3749949894
0.1235654414  -0.1259687771  -1.3787306028
0.1198311074  -0.1220600920  -1.3824540967
0.1161093543  -0.1181700492  -1.3861655245
0.1124023885  -0.1142992719  -1.3899195433
0.1087116263  -0.1104480788  -1.3937432616
0.1050312548  -0.1066147389  -1.3975433719
0.1013595612  -0.1027988028  -1.4013439741
0.0976995171  -0.0990011508  -1.4051434154
0.0940510481  -0.0952217668  -1.4089398147
0.0904140905  -0.0914606384  -1.4127310624
0.0867885918  -0.0877177564  -1.4165148208
0.0831745113  -0.0839931139  -1.4202885234
0.0795718211  -0.0802867056  -1.4240493757
0.0759805060  -0.0765985269  -1.4277943545
0.0724005648  -0.0729285728  -1.4315202085
0.0688320103  -0.0692768367  -1.4352234579
0.0652748697  -0.0656433093  -1.4389003944
0.0617291855  -0.0620279775  -1.4425470814
0.0581950151  -0.0584308226  -1.4461593541
0.0546724312  -0.0548518198  -1.4497328190
0.0511615222  -0.0512909365  -1.4532628544
0.0476623917  -0.0477481316  -1.4567446102
0.0441751583  -0.0442233542  -1.4601730079
0.0406999559  -0.0407165432  -1.4635427406
0.0372369325  -0.0372276268  -1.4668482731
0.0337862500  -0.0337565219  -1.4700838416
0.0303480833  -0.0303031346  -1.4732434541
0.0269226194  -0.0268673602  -1.4763208903
0.0235100557  -0.0234490840  -1.4793097013
0.0201105995  -0.0200481826  -1.4822032098
0.0167244652  -0.0166645249  -1.4849945105
0.0133518733  -0.0132979742  -1.4876764692
0.0099930476  -0.0099483898  -1.4902417236
0.0066482130  -0.0066156295  -1.4926826831
0.0033175926  -0.0032995519  -1.4949915285
0.0033146350  -0.0032995160  -1.4949915285
