0.0849101
2.1639863613  -2.3949722835   0.0000864648
2.1639863613  -2.3949722835   0.0000864648
2.1639921063  -2.3949597321   0.0000697324
2.1639847967  -2.3949040809   0.0000289511
2.1639581812  -2.3948038270  -0.0000365885
2.1639067388  -2.3946501225  -0.0001275855
2.1638284793  -2.3944402974  -0.0002447281
2.1637222913  -2.3941731474  -0.0003886943
2.1635873934  -2.3938480034  -0.0005601515
2.1634231544  -2.3934644282  -0.0007597566
2.1632290199  -2.3930220939  -0.0009881559
2.1630044788  -2.3925207235  -0.0012459852
2.1627490456  -2.3919600623  -0.0015338699
2.1624622509  -2.3913398611  -0.0018524246
2.1621436355  -2.3906598675  -0.0022022537
2.1617927475  -2.3899198203  -0.0025839509
2.1614091402  -2.3891194469  -0.0029980994
2.1609923704  -2.3882584608  -0.0034452718
2.1605419979  -2.3873365616  -0.0039260305
2.1600575847  -2.3863534345  -0.0044409269
2.1595386953  -2.3853087503  -0.0049905023
2.1589848958  -2.3842021660  -0.0055752872
2.1583957544  -2.3830333254  -0.0061958017
2.1577708412  -2.3818018600  -0.0068525555
2.1571097284  -2.3805073899  -0.0075460474
2.1564119903  -2.3791495247  -0.0082767660
2.1556772036  -2.3777278646  -0.0090451894
2.1549049473  -2.3762420015  -0.0098517850
2.1540948034  -2.3746915205  -0.0106970098
2.1532463566  -2.3730760006  -0.0115813101
2.1523591947  -2.3713950163  -0.0125051220
2.1514329091  -2.3696481389  -0.0134688707
2.1504670862  -2.3678337438  -0.0144743401
2.1494613386  -2.3659525058  -0.0155207357
2.1484152795  -2.3640054558  -0.0166080430
2.1473284995  -2.3619912778  -0.0177365570
2.1462006034  -2.3599092378  -0.0189066037
2.1450312069  -2.3577588011  -0.0201185516
2.1438199318  -2.3555394803  -0.0213727615
2.1425664057  -2.3532508271  -0.0226695913
2.1412702617  -2.3508924147  -0.0240093951
2.1399311396  -2.3484638337  -0.0253925212
2.1385486853  -2.3459646925  -0.0268193125
2.1371225517  -2.3433946177  -0.0282901056
2.1356523988  -2.3407532558  -0.0298052307
2.1341378937  -2.3380402737  -0.0313650112
2.1325787112  -2.3352553598  -0.0329697630
2.1309745338  -2.3323982252  -0.0346197947
2.1293250520  -2.3294686046  -0.0363154069
2.1276299644  -2.3264662567  -0.0380568923
2.1258889783  -2.3233909655  -0.0398445350
2.1241018094  -2.3202425407  -0.0416786106
2.1222681824  -2.3170208188  -0.0435593853
2.1203878310  -2.3137256651  -0.0454871153
2.1184604980  -2.3103569746  -0.0474620473
2.1164859358  -2.3069146724  -0.0494844193
2.1144639063  -2.3033987145  -0.0515544596
2.1123941749  -2.2998090828  -0.0536723873
2.1102765124  -2.2961457871  -0.0558384117
2.1081107054  -2.2924088732  -0.0580527327
2.1058965543  -2.2885984202  -0.0603155399
2.1036338700  -2.2847145378  -0.0626270130
2.1013224743  -2.2807573679  -0.0649873210
2.0989621991  -2.2767267830  -0.0673966211
2.0965528857  -2.2726228826  -0.0698550597
2.0940943879  -2.2684464997  -0.0723627726
2.0915865742  -2.2641981719  -0.0749198859
2.0890293227  -2.2598780043  -0.0775265161
2.0864225199  -2.2554862493  -0.0801827697
2.0837660636  -2.2510232430  -0.0828887427
2.0810598627  -2.2464893631  -0.0856445212
2.0783038362  -2.2418850211  -0.0884501803
2.0754978965  -2.2372106426  -0.0913057835
2.0726419604  -2.2324666732  -0.0942113822
2.0697359710  -2.2276535985  -0.0971670179
2.0667798887  -2.2227719380  -0.1001727229
2.0637736854  -2.2178222395  -0.1032285198
2.0607173440  -2.2128050774  -0.1063344216
2.0576108582  -2.2077210509  -0.1094904320
2.0544542327  -2.2025707834  -0.1126965452
2.0512474824  -2.1973549241  -0.1159527460
2.0479906328  -2.1920741490  -0.1192590094
2.0446837192  -2.1867291589  -0.1226152995
2.0413267835  -2.1813206740  -0.1260215690
2.0379198452  -2.1758494088  -0.1294777596
2.0344629278  -2.1703160890  -0.1329838026
2.0309560932  -2.1647214800  -0.1365396188
2.0273994208  -2.1590663734  -0.1401451190
2.0237930005  -2.1533515834  -0.1438002064
2.0201369324  -2.1475779482  -0.1475047811
2.0164313269  -2.1417463308  -0.1512587390
2.0126763024  -2.1358576196  -0.1550619670
2.0088719851  -2.1299127264  -0.1589143420
2.0050185086  -2.1239125841  -0.1628157321
2.0011159758  -2.1178581007  -0.1667659980
1.9971644704  -2.1117501535  -0.1707649927
1.9931641193  -2.1055896756  -0.1748125654
1.9891150837  -2.0993776750  -0.1789085657
1.9850175343  -2.0931151849  -0.1830528428
1.9808716488  -2.0868032469  -0.1872452428
1.9766776113  -2.0804429230  -0.1914856083
1.9724356121  -2.0740353240  -0.1957737791
1.9681458479  -2.0675816258  -0.2001095922
1.9638084919  -2.0610829005  -0.2044928830
1.9594236611  -2.0545398961  -0.2089234867
1.9549914998  -2.0479532631  -0.2134012381
1.9505122147  -2.0413239780  -0.2179259693
1.9459860215  -2.0346533635  -0.2224975087
1.9414131422  -2.0279428484  -0.2271156816
1.9367938042  -2.0211938305  -0.2317803092
1.9321282374  -2.0144076684  -0.2364912049
1.9274166752  -2.0075856890  -0.2412481805
1.9226593581  -2.0007292237  -0.2460510592
1.9178564948  -1.9938395574  -0.2508996785
1.9130082416  -1.9869178518  -0.2557938856
1.9081147348  -1.9799651867  -0.2607335344
1.9031761020  -1.9729825916  -0.2657184722
1.8981924593  -1.9659710420  -0.2707485251
1.8931639131  -1.9589314616  -0.2758234952
1.8880905640  -1.9518647275  -0.2809431640
1.8829726093  -1.9447718020  -0.2861072947
1.8778104108  -1.9376538276  -0.2913156416
1.8726042326  -1.9305118059  -0.2965679676
1.8673541704  -1.9233465020  -0.3018640435
1.8620603076  -1.9161586422  -0.3072036366
1.8567227185  -1.9089489267  -0.3125865094
1.8513414726  -1.9017180319  -0.3180124256
1.8459166386  -1.8944666175  -0.3234811525
1.8404484318  -1.8871955239  -0.3289924571
1.8349372210  -1.8799057820  -0.3345461018
1.8293833146  -1.8725983392  -0.3401418437
1.8237869524  -1.8652740555  -0.3457794359
1.8181483782  -1.8579338067  -0.3514586270
1.8124678367  -1.8505785707  -0.3571791434
1.8067455732  -1.8432093608  -0.3629406894
1.8009818749  -1.8358267316  -0.3687430399
1.7951770807  -1.8284308079  -0.3745860909
1.7893315060  -1.8210224125  -0.3804697228
1.7834454035  -1.8136033825  -0.3863936841
1.7775189985  -1.8061755077  -0.3923576478
1.7715525351  -1.7987400279  -0.3983612861
1.7655461662  -1.7912978564  -0.4044042754
1.7594998752  -1.7838497547  -0.4104862891
1.7534140353  -1.7763968516  -0.4166069986
1.7472895149  -1.7689407356  -0.4227660744
1.7411272541  -1.7614830827  -0.4289631850
1.7349282347  -1.7540256151  -0.4351980005
1.7286933343  -1.7465699946  -0.4414701943
1.7224228483  -1.7391173488  -0.4477794426
1.7161165483  -1.7316681951  -0.4541254265
1.7097741069  -1.7242228543  -0.4605078279
1.7033951430  -1.7167815817  -0.4669263303
1.6969792275  -1.7093445780  -0.4733806189
1.6905264152  -1.7019126150  -0.4798703794
1.6840373607  -1.6944871447  -0.4863953149
1.6775125593  -1.6870693827  -0.4929550613
1.6709522081  -1.6796601528  -0.4995490667
1.6643565200  -1.6722602614  -0.5061768530
1.6577258742  -1.6648707232  -0.5128382178
1.6510607329  -1.6574926966  -0.5195329822
1.6443614306  -1.6501271427  -0.5262608763
1.6376281947  -1.6427748053  -0.5330215819
1.6308612347  -1.6354363512  -0.5398146871
1.6240607952  -1.6281124781  -0.5466395959
1.6172270609  -1.6208036475  -0.5534952667
1.6103591780  -1.6135089430  -0.5603769550
1.6034567769  -1.6062280854  -0.5672826022
1.5965241002  -1.5989662990  -0.5742226613
1.5895662083  -1.5917304446  -0.5812072892
1.5825822221  -1.5845211433  -0.5882365343
1.5755685389  -1.5773351349  -0.5953079900
1.5685237417  -1.5701705993  -0.6024203055
1.5614478882  -1.5630270018  -0.6095722350
1.5543411236  -1.5559037158  -0.6167624601
1.5472036132  -1.5488000050  -0.6239895900
1.5400356277  -1.5417151737  -0.6312521524
1.5328373741  -1.5346482720  -0.6385485925
1.5256090064  -1.5275981342  -0.6458772778
1.5183508013  -1.5205636834  -0.6532365032
1.5110629998  -1.5135436476  -0.6606245067
1.5037458844  -1.5065367105  -0.6680394921
1.4963997165  -1.4995414909  -0.6754796404
1.4890245658  -1.4925562928  -0.6829431175
1.4816206649  -1.4855795732  -0.6904280828
1.4741883456  -1.4786098322  -0.6979326877
1.4667278328  -1.4716454383  -0.7054550642
1.4592402302  -1.4646856121  -0.7129933276
1.4517208049  -1.4577236763  -0.7205455928
1.4441610080  -1.4507491113  -0.7281099830
1.4365666493  -1.4437660321  -0.7356846257
1.4289451739  -1.4367804160  -0.7432676505
1.4212949659  -1.4297890100  -0.7508571974
1.4136145053  -1.4227885760  -0.7584514278
1.4059008609  -1.4157744990  -0.7660485302
1.3981485849  -1.4087397321  -0.7736467250
1.3903467373  -1.4016718204  -0.7812442734
1.3824691479  -1.3945424606  -0.7888395277
1.3742951811  -1.3871303588  -0.7964309489
1.3660775952  -1.3796947242  -0.8040168935
1.3583055687  -1.3727268905  -0.8115954401
1.3508142461  -1.3660542783  -0.8191646462
1.3433680462  -1.3594330850  -0.8267228385
1.3359365396  -1.3528265938  -0.8342685513
1.3285191611  -1.3462307785  -0.8418003939
1.3211156853  -1.3396433030  -0.8493170406
1.3137258940  -1.3330620997  -0.8568172493
1.3063495922  -1.3264852555  -0.8642998655
1.2989866080  -1.3199110125  -0.8717638266
1.2916367938  -1.3133377709  -0.8792081694
1.2843000248  -1.3067640937  -0.8866320321
1.2769761972  -1.3001887105  -0.8940346579
1.2696652269  -1.2936105218  -0.9014153995
1.2623670487  -1.2870286011  -0.9087737227
1.2550816161  -1.2804421934  -0.9161092151
1.2478089002  -1.2738507100  -0.9234215895
1.2405488849  -1.2672537224  -0.9307106834
1.2333015651  -1.2606509530  -0.9379764643
1.2260669404  -1.2540422669  -0.9452190188
1.2188450454  -1.2474276802  -0.9524386548
1.2116360193  -1.2408073773  -0.9596360726
1.2044400133  -1.2341816804  -0.9668121397
1.1972570201  -1.2275509895  -0.9739676509
1.1900869663  -1.2209157782  -0.9811035392
1.1829298646  -1.2142766190  -0.9882210020
1.1757857860  -1.2076341827  -0.9953214879
1.1686548336  -1.2009892321  -1.0024067793
1.1615371872  -1.1943426363  -1.0094791470
1.1544332167  -1.1876955010  -1.0165417446
1.1473447908  -1.1810494653  -1.0236026262
1.1402735137  -1.1744060311  -1.0306687029
1.1332148500  -1.1677649283  -1.0377335232
1.1261618342  -1.1611245835  -1.0447877942
1.1191138540  -1.1544842449  -1.0518304224
1.1120740428  -1.1478442306  -1.0588626839
1.1050437758  -1.1412049406  -1.0658849302
1.0980230356  -1.1345665698  -1.0728973560
1.0910116462  -1.1279292272  -1.0799001594
1.0840094321  -1.1212929860  -1.0868935439
1.0770162193  -1.1146578906  -1.0938777177
1.0700318343  -1.1080239569  -1.1008528928
1.0630561046  -1.1013911730  -1.1078192847
1.0560888582  -1.0947595000  -1.1147771116
1.0491299238  -1.0881288722  -1.1217265938
1.0421791304  -1.0814991972  -1.1286679526
1.0352363075  -1.0748703573  -1.1356014097
1.0283012852  -1.0682422101  -1.1425271862
1.0213738937  -1.0616145890  -1.1494455015
1.0144539640  -1.0549873046  -1.1563565728
1.0075413275  -1.0483601454  -1.1632606139
1.0006358163  -1.0417328847  -1.1701578337
0.9937372622  -1.0351052986  -1.1770484333
0.9868454962  -1.0284771662  -1.1839326033
0.9799603505  -1.0218482334  -1.1908105255
0.9730816598  -1.0152182037  -1.1976823759
0.9662092614  -1.0085867740  -1.2045483216
0.9593429928  -1.0019536547  -1.2114085183
0.9524826913  -0.9953185655  -1.2182631076
0.9456281944  -0.9886812417  -1.2251122142
0.9387793384  -0.9820414566  -1.2319559400
0.9319359491  -0.9753992048  -1.2387943309
0.9250978354  -0.9687546603  -1.2456273565
0.9182648337  -0.9621072686  -1.2524550329
0.9114368680  -0.9554554553  -1.2592775570
0.9046139016  -0.9487980165  -1.2660952055
0.8977958328  -0.9421348300  -1.2729081756
0.8909824961  -0.9354660192  -1.2797165970
0.8841737288  -0.9287914240  -1.2865205945
0.8773693916  -0.9221107596  -1.2933202972
0.8705693556  -0.9154237476  -1.3001158331
0.8637734947  -0.9087301296  -1.3069073275
0.8569816848  -0.9020296665  -1.3136949036
0.8501938037  -0.8953221395  -1.3204786822
0.8434097315  -0.8886073487  -1.3272587817
0.8366293502  -0.8818851131  -1.3340353180
0.8298525442  -0.8751552698  -1.3408084046
0.8230791998  -0.8684176757  -1.3475781526
0.8163092055  -0.8616722059  -1.3543446704
0.8095424523  -0.8549187496  -1.3611080641
0.8027788332  -0.8481572071  -1.3678684372
0.7960182436  -0.8413874887  -1.3746258908
0.7892605813  -0.8346095141  -1.3813805235
0.7825057464  -0.8278232081  -1.3881324315
0.7757536414  -0.8210284952  -1.3948817085
0.7690041714  -0.8142252979  -1.4016284458
0.7622572439  -0.8074135389  -1.4083727322
0.7555127689  -0.8005931403  -1.4151146543
0.7487706590  -0.7937640182  -1.4218542958
0.7420308292  -0.7869260784  -1.4285917384
0.7352931976  -0.7800792111  -1.4353270611
0.7285576847  -0.7732232841  -1.4420603409
0.7218242139  -0.7663581149  -1.4487916525
0.7150927116  -0.7594834332  -1.4555210694
0.7083631074  -0.7525989422  -1.4622486632
0.7016353330  -0.7457044811  -1.4689745019
0.6949093219  -0.7388000586  -1.4756986481
0.6881850100  -0.7318857049  -1.4824211594
0.6814623369  -0.7249613835  -1.4891420911
0.6747412460  -0.7180270283  -1.4958614961
0.6680216843  -0.7110825822  -1.5025794245
0.6613036016  -0.7041279994  -1.5092959231
0.6545869511  -0.6971632420  -1.5160110351
0.6478716889  -0.6901882806  -1.5227248006
0.6411577750  -0.6832030938  -1.5294372559
0.6344451723  -0.6762076688  -1.5361484340
0.6277338478  -0.6692017666  -1.5428583646
0.6210237721  -0.6621846876  -1.5495670747
0.6143149195  -0.6551562431  -1.5562745876
0.6076072671  -0.6481175658  -1.5629809192
0.6009007949  -0.6410697259  -1.5696860796
0.5941954881  -0.6340128043  -1.5763900767
0.5874913369  -0.6269466688  -1.5830929168
0.5807883356  -0.6198713240  -1.5897946022
0.5740864824  -0.6127867689  -1.5964951311
0.5673857793  -0.6056929923  -1.6031944976
0.5606862323  -0.5985899769  -1.6098926917
0.5539878522  -0.5914777039  -1.6165896989
0.5472906538  -0.5843561569  -1.6232855006
0.5405946565  -0.5772253270  -1.6299800732
0.5338998841  -0.5700852162  -1.6366733888
0.5272063651  -0.5629358423  -1.6433654141
0.5205141326  -0.5557772426  -1.6500561114
0.5138232246  -0.5486094775  -1.6567454372
0.5071336837  -0.5414326345  -1.6634333433
0.5004455575  -0.5342468311  -1.6701197756
0.4937588986  -0.5270522176  -1.6768046748
0.4870737647  -0.5198489788  -1.6834879762
0.4803902184  -0.5126373366  -1.6901696091
0.4737083279  -0.5054175515  -1.6968494975
0.4670281662  -0.4981899246  -1.7035275597
0.4603498119  -0.4909547981  -1.7102037082
0.4536733489  -0.4837125562  -1.7168778500
0.4469988666  -0.4764636248  -1.7235498862
0.4403264596  -0.4692084712  -1.7302197124
0.4336562282  -0.4619476034  -1.7368872188
0.4269882782  -0.4546815692  -1.7435522897
0.4203227208  -0.4474109543  -1.7502148041
0.4136596977  -0.4401398963  -1.7568747674
0.4069993902  -0.4328738490  -1.7635323300
0.4003418966  -0.4256052728  -1.7701872587
0.3936872034  -0.4183239011  -1.7768389657
0.3870353986  -0.4110343765  -1.7834871489
0.3803866979  -0.4037430621  -1.7901316754
0.3737412952  -0.3964511585  -1.7967723457
0.3670993556  -0.3891598603  -1.8034089648
0.3604610503  -0.3818703618  -1.8100413433
0.3538265561  -0.3745838472  -1.8166692984
0.3471960551  -0.3673014814  -1.8232926550
0.3405697335  -0.3600244023  -1.8299112457
0.3339477816  -0.3527537142  -1.8365249117
0.3273303926  -0.3454904820  -1.8431335032
0.3207177626  -0.3382357269  -1.8497368793
0.3141100899  -0.3309904227  -1.8563349082
0.3075075743  -0.3237554940  -1.8629274673
0.3009104171  -0.3165318140  -1.8695144424
0.2943188207  -0.3093202049  -1.8760957278
0.2877329884  -0.3021214381  -1.8826712252
0.2811531243  -0.2949362360  -1.8892408434
0.2745794330  -0.2877652735  -1.8958044973
0.2680121197  -0.2806091818  -1.9023621064
0.2614513904  -0.2734685513  -1.9089135944
0.2548974513  -0.2663439362  -1.9154588870
0.2483505095  -0.2592358587  -1.9219979113
0.2418107722  -0.2521448141  -1.9285305934
0.2352784472  -0.2450712760  -1.9350568574
0.2287537428  -0.2380157015  -1.9415766229
0.2222368669  -0.2309785369  -1.9480898039
0.2157280277  -0.2239602227  -1.9545963058
0.2092274324  -0.2169612130  -1.9610960240
0.2027432743  -0.2099860597  -1.9676892943
0.1962809153  -0.2030375684  -1.9744258162
0.1898198311  -0.1961053169  -1.9811335887
0.1833541891  -0.1891869189  -1.9878567255
0.1768949357  -0.1822886403  -1.9945919313
0.1704421108  -0.1754110415  -2.0013354845
0.1639957960  -0.1685547425  -2.0080832371
0.1575561145  -0.1617204136  -2.0148306147
0.1511232331  -0.1549087716  -2.0215726166
0.1446973633  -0.1481205740  -2.0283038157
0.1382787627  -0.1413566118  -2.0350183585
0.1318677359  -0.1346177007  -2.0417099653
0.1254646352  -0.1279046714  -2.0483719299
0.1190698610  -0.1212183585  -2.0549971196
0.1126838619  -0.1145595882  -2.0615779757
0.1063071347  -0.1079291651  -2.0681065128
0.0999402236  -0.1013278596  -2.0745743192
0.0935837195  -0.0947563938  -2.0809725570
0.0872382588  -0.0882154283  -2.0872919619
0.0809045221  -0.0817055506  -2.0935228430
0.0745832315  -0.0752272630  -2.0996550832
0.0682751489  -0.0687809738  -2.1056781392
0.0619810730  -0.0623669896  -2.1115810410
0.0557018359  -0.0559855111  -2.1173523924
0.0494382997  -0.0496366316  -2.1229803710
0.0431913520  -0.0433203389  -2.1284527278
0.0369619017  -0.0370365215  -2.1337567874
0.0307508733  -0.0307849781  -2.1388794483
0.0245592016  -0.0245654312  -2.1438071824
0.0183878253  -0.0183775451  -2.1485260353
0.0122376805  -0.0122209453  -2.1530216263
0.0061096930  -0.0060952421  -2.1572791482
0.0060996554  -0.0060951461  -2.1572791482
