0.0675849
2.4392189938  -2.6942056261   0.0001102785
2.4392189938  -2.6942056261   0.0001102785
2.4392252869  -2.6941832494   0.0000875397
2.4392145301  -2.6941021472   0.0000333146
2.4391787918  -2.6939618323  -0.0000533588
2.4391105205  -2.6937496230  -0.0001734240
2.4390070370  -2.6934618798  -0.0003278059
2.4388668581  -2.6930970630  -0.0005174107
2.4386889488  -2.6926543942  -0.0007431262
2.4384724794  -2.6921334225  -0.0010058214
2.4382167269  -2.6915338500  -0.0013063469
2.4379210288  -2.6908554500  -0.0016455346
2.4375847601  -2.6900980254  -0.0020241977
2.4372073201  -2.6892613867  -0.0024431310
2.4367881255  -2.6883453390  -0.0029031107
2.4363266053  -2.6873496753  -0.0034048941
2.4358221988  -2.6862741728  -0.0039492204
2.4352743536  -2.6851185906  -0.0045368098
2.4346825246  -2.6838826694  -0.0051683640
2.4340461734  -2.6825661317  -0.0058445662
2.4333647685  -2.6811686821  -0.0065660811
2.4326377845  -2.6796900089  -0.0073335544
2.4318647026  -2.6781297853  -0.0081476136
2.4310450108  -2.6764876710  -0.0090088675
2.4301782038  -2.6747633139  -0.0099179063
2.4292637837  -2.6729563521  -0.0108753014
2.4283012599  -2.6710664156  -0.0118816060
2.4272901496  -2.6690931285  -0.0129373544
2.4262299782  -2.6670361110  -0.0140430624
2.4251202799  -2.6648949815  -0.0151992272
2.4239605976  -2.6626693584  -0.0164063274
2.4227504838  -2.6603588628  -0.0176648230
2.4214894986  -2.6579615017  -0.0189769183
2.4201772265  -2.6554784627  -0.0203414979
2.4188132525  -2.6529113594  -0.0217584472
2.4173971537  -2.6502585996  -0.0232280235
2.4159285295  -2.6475194454  -0.0247505277
2.4144069952  -2.6446934153  -0.0263263161
2.4128321779  -2.6417800973  -0.0279557288
2.4112037186  -2.6387791452  -0.0296390973
2.4095212726  -2.6356902512  -0.0313767429
2.4077845087  -2.6325131396  -0.0331689755
2.4059931100  -2.6292475668  -0.0350160921
2.4041467741  -2.6258933223  -0.0369183768
2.4022452132  -2.6224502303  -0.0388760993
2.4002881545  -2.6189181509  -0.0408895153
2.3982753407  -2.6152969808  -0.0429588652
2.3962065300  -2.6115866547  -0.0450843734
2.3940814963  -2.6077871464  -0.0472662481
2.3919000297  -2.6038984687  -0.0495046820
2.3896619366  -2.5999206755  -0.0517998521
2.3873670396  -2.5958538630  -0.0541519197
2.3850151783  -2.5916981706  -0.0565610300
2.3826062087  -2.5874537808  -0.0590273121
2.3801400038  -2.5831209191  -0.0615508788
2.3776164441  -2.5786998456  -0.0641318262
2.3750354215  -2.5741908582  -0.0667702331
2.3723968528  -2.5695943087  -0.0694661601
2.3697006767  -2.5649105996  -0.0722196513
2.3669468498  -2.5601401794  -0.0750307349
2.3641353460  -2.5552835416  -0.0778994228
2.3612661569  -2.5503412247  -0.0808257110
2.3583392911  -2.5453138120  -0.0838095792
2.3553547739  -2.5402015339  -0.0868509915
2.3523126452  -2.5350049296  -0.0899498950
2.3492129644  -2.5297254976  -0.0931062188
2.3460558126  -2.5243643263  -0.0963198761
2.3428412825  -2.5189219385  -0.0995907654
2.3395694585  -2.5133990370  -0.1029187712
2.3362404356  -2.5077964229  -0.1063037634
2.3328543443  -2.5021149693  -0.1097455977
2.3294113372  -2.4963556006  -0.1132441162
2.3259115823  -2.4905192748  -0.1167991457
2.3223552628  -2.4846069793  -0.1204104971
2.3187425763  -2.4786197304  -0.1240779676
2.3150737351  -2.4725585743  -0.1278013424
2.3113489654  -2.4664245860  -0.1315803948
2.3075685070  -2.4602188673  -0.1354148868
2.3037325977  -2.4539425301  -0.1393045691
2.2998414567  -2.4475966785  -0.1432491807
2.2958953266  -2.4411824483  -0.1472484476
2.2918944911  -2.4347010234  -0.1513020827
2.2878392473  -2.4281536102  -0.1554097896
2.2837299046  -2.4215414358  -0.1595712633
2.2795667835  -2.4148657492  -0.1637861908
2.2753502147  -2.4081278183  -0.1680542509
2.2710805386  -2.4013289270  -0.1723751153
2.2667580945  -2.3944703622  -0.1767484479
2.2623831804  -2.3875533764  -0.1811739043
2.2579561034  -2.3805792303  -0.1856511294
2.2534772247  -2.3735492365  -0.1901797582
2.2489469207  -2.3664647277  -0.1947594171
2.2443655754  -2.3593270511  -0.1993897247
2.2397335801  -2.3521375708  -0.2040702936
2.2350513331  -2.3448976458  -0.2088007354
2.2303192393  -2.3376086118  -0.2135806641
2.2255376550  -2.3302717894  -0.2184096904
2.2207069064  -2.3228885254  -0.2232874177
2.2158273729  -2.3154602168  -0.2282134441
2.2108994713  -2.3079882796  -0.2331873638
2.2059236235  -2.3004741387  -0.2382087697
2.2009002561  -2.2929192541  -0.2432772581
2.1958298008  -2.2853251410  -0.2483924324
2.1907126884  -2.2776932412  -0.2535539010
2.1855492737  -2.2700246733  -0.2587612745
2.1803398817  -2.2623203881  -0.2640141674
2.1750849105  -2.2545816218  -0.2693121974
2.1697847918  -2.2468099636  -0.2746549845
2.1644399606  -2.2390071180  -0.2800421526
2.1590508527  -2.2311747545  -0.2854733289
2.1536179032  -2.2233144957  -0.2909481454
2.1481415070  -2.2154278996  -0.2964662387
2.1426219625  -2.2075164188  -0.3020272487
2.1370595955  -2.1995814713  -0.3076308137
2.1314548200  -2.1916244842  -0.3132765733
2.1258080578  -2.1836468501  -0.3189641844
2.1201197343  -2.1756499261  -0.3246933263
2.1143902742  -2.1676350299  -0.3304636964
2.1086200990  -2.1596034443  -0.3362750026
2.1028096018  -2.1515564380  -0.3421269482
2.0969590833  -2.1434951436  -0.3480192176
2.0910687647  -2.1354205137  -0.3539514757
2.0851388471  -2.1273334286  -0.3599233712
2.0791695227  -2.1192347242  -0.3659345425
2.0731609802  -2.1111252101  -0.3719846340
2.0671134307  -2.1030057124  -0.3780733053
2.0610273269  -2.0948773403  -0.3842002225
2.0549031488  -2.0867412139  -0.3903650550
2.0487411125  -2.0785981149  -0.3965674792
2.0425413503  -2.0704487262  -0.4028071765
2.0363039825  -2.0622937252  -0.4090838308
2.0300291186  -2.0541337844  -0.4153971255
2.0237168998  -2.0459696393  -0.4217467415
2.0173677072  -2.0378025006  -0.4281323454
2.0109820099  -2.0296337607  -0.4345535889
2.0045601549  -2.0214637196  -0.4410101825
1.9981024934  -2.0132916514  -0.4475019500
1.9916093772  -2.0051179566  -0.4540287215
1.9850811177  -1.9969449802  -0.4605902163
1.9785180235  -1.9887752369  -0.4671860793
1.9719204212  -1.9806102809  -0.4738159514
1.9652886280  -1.9724511121  -0.4804794832
1.9586229577  -1.9642986417  -0.4871763288
1.9519237261  -1.9561537738  -0.4939061444
1.9451911981  -1.9480173623  -0.5006685918
1.9384253733  -1.9398900392  -0.5074633363
1.9316265543  -1.9317727205  -0.5142900437
1.9247956695  -1.9236668902  -0.5211483813
1.9179337845  -1.9155741709  -0.5280380188
1.9110420002  -1.9074962167  -0.5349586271
1.9041211792  -1.8994344983  -0.5419098777
1.8971714704  -1.8913897759  -0.5488914421
1.8901925209  -1.8833621766  -0.5559029961
1.8831839071  -1.8753516694  -0.5629442252
1.8761451527  -1.8673581542  -0.5700148258
1.8690759632  -1.8593817399  -0.5771144998
1.8619767726  -1.8514233642  -0.5842428090
1.8548481712  -1.8434840977  -0.5913992214
1.8476904507  -1.8355646147  -0.5985834163
1.8405039661  -1.8276656421  -0.6057952071
1.8332890636  -1.8197879265  -0.6130343474
1.8260460755  -1.8119322256  -0.6203005416
1.8187752647  -1.8040991346  -0.6275934277
1.8114767953  -1.7962890156  -0.6349125024
1.8041507468  -1.7885019802  -0.6422569160
1.7967964672  -1.7807372335  -0.6496229183
1.7894135733  -1.7729943904  -0.6570082109
1.7820054812  -1.7652775765  -0.6644207630
1.7745768967  -1.7575929675  -0.6718699277
1.7671276035  -1.7499417171  -0.6793564752
1.7596543674  -1.7423209428  -0.6868781923
1.7521555695  -1.7347284789  -0.6944338575
1.7446311247  -1.7271635065  -0.7020223872
1.7370812462  -1.7196255012  -0.7096426321
1.7295061022  -1.7121137175  -0.7172933805
1.7219058169  -1.7046271983  -0.7249733648
1.7142806320  -1.6971650712  -0.7326812729
1.7066307594  -1.6897262890  -0.7404157521
1.6989563468  -1.6823095920  -0.7481753965
1.6912576431  -1.6749138001  -0.7559587420
1.6835348570  -1.6675375578  -0.7637642684
1.6757882297  -1.6601794814  -0.7715904067
1.6680179201  -1.6528380540  -0.7794355575
1.6602239724  -1.6455115652  -0.7872981130
1.6524065892  -1.6381984468  -0.7951764670
1.6445660451  -1.6308971805  -0.8030690207
1.6367027076  -1.6236063179  -0.8109741867
1.6288165562  -1.6163239892  -0.8188903796
1.6208990136  -1.6090397058  -0.8268160105
1.6129486702  -1.6017502784  -0.8347494962
1.6049740364  -1.5944627458  -0.8426892629
1.5969761658  -1.5871766957  -0.8506337463
1.5889535035  -1.5798889677  -0.8585813994
1.5809036939  -1.5725955906  -0.8665306983
1.5728223228  -1.5652905891  -0.8744801492
1.5647005842  -1.5579636419  -0.8824282978
1.5565179870  -1.5505920762  -0.8903737678
1.5481015853  -1.5430014237  -0.8983152809
1.5396097442  -1.5353559044  -0.9062514873
1.5314733964  -1.5280903880  -0.9141807969
1.5236132817  -1.5211199302  -0.9221015693
1.5158000254  -1.5142071808  -0.9300123880
1.5079998788  -1.5073115893  -0.9379120371
1.5002122668  -1.5004288287  -0.9457993776
1.4924369380  -1.4935565578  -0.9536733245
1.4846736419  -1.4866927372  -0.9615328636
1.4769221482  -1.4798354703  -0.9693770599
1.4691822478  -1.4729830079  -0.9772050591
1.4614537511  -1.4661337529  -0.9850160906
1.4537364882  -1.4592862599  -0.9928094731
1.4460303079  -1.4524392306  -1.0005846175
1.4383350763  -1.4455915132  -1.0083410289
1.4306506753  -1.4387421049  -1.0160783111
1.4229770025  -1.4318901555  -1.0237961705
1.4153139704  -1.4250349723  -1.0314944232
1.4076615053  -1.4181760194  -1.0391729970
1.4000195424  -1.4113129110  -1.0468319305
1.3923880232  -1.4044454026  -1.0544713745
1.3847668970  -1.3975733856  -1.0620916016
1.3771561797  -1.3906968979  -1.0696931802
1.3695559665  -1.3838161208  -1.0772769734
1.3619662657  -1.3769313295  -1.0848438257
1.3543869580  -1.3700428614  -1.0923945997
1.3468179564  -1.3631511361  -1.0999303702
1.3392592496  -1.3562566672  -1.1074524394
1.3317108645  -1.3493600584  -1.1149623852
1.3241728888  -1.3424620143  -1.1224621876
1.3166455627  -1.3355634544  -1.1299545345
1.3091303233  -1.3286657879  -1.1374459675
1.3016286558  -1.3217703935  -1.1449429156
1.2941371077  -1.3148770973  -1.1524410589
1.2866494087  -1.3079843241  -1.1599320911
1.2791643049  -1.3010910820  -1.1674144569
1.2716844342  -1.2941974805  -1.1748894179
1.2642111655  -1.2873038119  -1.1823573840
1.2567444613  -1.2804101699  -1.1898185892
1.2492841039  -1.2735165547  -1.1972732708
1.2418298757  -1.2666229315  -1.2047216710
1.2343815600  -1.2597292400  -1.2121640364
1.2269389406  -1.2528353935  -1.2196006173
1.2195018017  -1.2459412788  -1.2270316676
1.2120699278  -1.2390467578  -1.2344574437
1.2046431035  -1.2321516679  -1.2418782041
1.1972211133  -1.2252558236  -1.2492942089
1.1898037420  -1.2183590183  -1.2567057188
1.1823907743  -1.2114610249  -1.2641129944
1.1749819948  -1.2045615972  -1.2715162953
1.1675771884  -1.1976604691  -1.2789158797
1.1601761396  -1.1907573553  -1.2863120029
1.1527786333  -1.1838519524  -1.2937049173
1.1453844540  -1.1769439556  -1.3010948698
1.1379933854  -1.1700330783  -1.3084820986
1.1306052102  -1.1631190232  -1.3158668334
1.1232197126  -1.1562014402  -1.3232492979
1.1158366788  -1.1492799513  -1.3306297100
1.1084558958  -1.1423541936  -1.3380082781
1.1010771497  -1.1354238242  -1.3453851994
1.0937002256  -1.1284885212  -1.3527606569
1.0863249072  -1.1215480088  -1.3601348147
1.0789509691  -1.1146022789  -1.3675077917
1.0715781693  -1.1076515921  -1.3748796398
1.0642062851  -1.1006953628  -1.3822504390
1.0568351703  -1.0937315795  -1.3896204219
1.0494647218  -1.0867584919  -1.3969899071
1.0420947841  -1.0797758148  -1.4043591531
1.0347251379  -1.0727837460  -1.4117283533
1.0273555603  -1.0657821072  -1.4190976939
1.0199858496  -1.0587705021  -1.4264673663
1.0126158144  -1.0517485265  -1.4338375616
1.0052452654  -1.0447157941  -1.4412084694
0.9978740141  -1.0376719357  -1.4485802781
0.9905018734  -1.0306165999  -1.4559531745
0.9831286574  -1.0235494524  -1.4633273439
0.9757541813  -1.0164701743  -1.4707029704
0.9683782614  -1.0093784626  -1.4780802363
0.9610007156  -1.0022740348  -1.4854593226
0.9536213626  -0.9951566280  -1.4928404086
0.9462400227  -0.9880259907  -1.5002236721
0.9388565173  -0.9808818765  -1.5076092894
0.9314706694  -0.9737240455  -1.5149974353
0.9240823033  -0.9665522649  -1.5223882833
0.9166912447  -0.9593663064  -1.5297820053
0.9092973208  -0.9521659398  -1.5371787715
0.9019003604  -0.9449509292  -1.5445787510
0.8945001936  -0.9377210339  -1.5519821112
0.8870966523  -0.9304760096  -1.5593890183
0.8796895699  -0.9232156045  -1.5667996365
0.8722787814  -0.9159395537  -1.5742141290
0.8648641237  -0.9086475734  -1.5816326571
0.8574454353  -0.9013393535  -1.5890553812
0.8500225569  -0.8940145299  -1.5964824600
0.8425953310  -0.8866726430  -1.6039140518
0.8351636025  -0.8793131898  -1.6113503141
0.8277272178  -0.8719357946  -1.6187914019
0.8202860238  -0.8645402671  -1.6262374655
0.8128398691  -0.8571264550  -1.6336886518
0.8053886048  -0.8496941307  -1.6411451054
0.7979320854  -0.8422430229  -1.6486069696
0.7904701678  -0.8347728647  -1.6560743857
0.7830027115  -0.8272833985  -1.6635474924
0.7755295781  -0.8197743717  -1.6710264257
0.7680506318  -0.8122455362  -1.6785113188
0.7605657394  -0.8046966487  -1.6860023024
0.7530747709  -0.7971274706  -1.6934995039
0.7455775992  -0.7895373867  -1.7010030487
0.7380741013  -0.7819250172  -1.7085130609
0.7305641571  -0.7742897965  -1.7160296613
0.7230476465  -0.7666333143  -1.7235529610
0.7155244511  -0.7589570668  -1.7310830635
0.7079944589  -0.7512609181  -1.7386200724
0.7004575647  -0.7435443659  -1.7461640915
0.6929136672  -0.7358071272  -1.7537152212
0.6853626680  -0.7280489025  -1.7612735579
0.6778044724  -0.7202693638  -1.7688391942
0.6702389901  -0.7124681608  -1.7764122186
0.6626661351  -0.7046449278  -1.7839927151
0.6550858262  -0.6967992905  -1.7915807630
0.6474979865  -0.6889308731  -1.7991764368
0.6399025445  -0.6810393050  -1.8067798053
0.6322994335  -0.6731242278  -1.8143909319
0.6246885922  -0.6651853025  -1.8220098737
0.6170699648  -0.6572222155  -1.8296366815
0.6094435012  -0.6492346854  -1.8372713991
0.6018091574  -0.6412224690  -1.8449140634
0.5941668955  -0.6331853659  -1.8525647039
0.5865166840  -0.6251232237  -1.8602233423
0.5788584983  -0.6170359415  -1.8678899923
0.5711923208  -0.6089234749  -1.8755646595
0.5635181410  -0.6007858393  -1.8832473411
0.5558359561  -0.5926231131  -1.8909380257
0.5481457709  -0.5844354398  -1.8986366928
0.5404475985  -0.5762230287  -1.9063433130
0.5327414603  -0.5679861566  -1.9140578478
0.5250273864  -0.5597251678  -1.9217802491
0.5173054156  -0.5514404735  -1.9295104595
0.5095755963  -0.5431325509  -1.9372484117
0.5018380297  -0.5348079525  -1.9449942408
0.4940928927  -0.5264755861  -1.9527483158
0.4863402161  -0.5181221833  -1.9605103848
0.4785798148  -0.5097295402  -1.9682796221
0.4708116826  -0.5013048669  -1.9760556587
0.4630360600  -0.4928584892  -1.9838383968
0.4552531523  -0.4843919692  -1.9916276272
0.4474631101  -0.4759068862  -1.9994231451
0.4396660979  -0.4674048441  -2.0072247511
0.4318622932  -0.4588874532  -2.0150322526
0.4240518857  -0.4503563150  -2.0228454649
0.4162350766  -0.4418130082  -2.0306642114
0.4084120777  -0.4332590758  -2.0384883247
0.4005831105  -0.4246960149  -2.0463176463
0.3927484056  -0.4161252672  -2.0541520268
0.3849082021  -0.4075482124  -2.0619913258
0.3770627471  -0.3989661626  -2.0698354109
0.3692122954  -0.3903803586  -2.0776841571
0.3613571092  -0.3817919684  -2.0855374460
0.3534974582  -0.3732020871  -2.0933951641
0.3456336196  -0.3646117386  -2.1012572014
0.3377658784  -0.3560218784  -2.1091234499
0.3298945276  -0.3474333989  -2.1169938011
0.3220198683  -0.3388471353  -2.1248681444
0.3141422105  -0.3302638726  -2.1327463643
0.3062618733  -0.3216843548  -2.1406283381
0.2983791848  -0.3131092937  -2.1485139333
0.2904944828  -0.3045393796  -2.1564030049
0.2826081145  -0.2959752917  -2.1642953921
0.2747204367  -0.2874177102  -2.1721909162
0.2668318150  -0.2788673268  -2.1800893768
0.2589426237  -0.2703248869  -2.1879905486
0.2510661237  -0.2617991726  -2.1960200195
0.2432110552  -0.2532957786  -2.2042399650
0.2353443960  -0.2447942188  -2.2124347940
0.2274567811  -0.2362895993  -2.2206596192
0.2195659282  -0.2277941704  -2.2289101612
0.2116719833  -0.2193090187  -2.2371815964
0.2037751712  -0.2108353989  -2.2454685573
0.1958757931  -0.2023747115  -2.2537651321
0.1879742289  -0.1939284972  -2.2620648654
0.1800709388  -0.1854984274  -2.2703607573
0.1721664649  -0.1770862912  -2.2786452640
0.1642614319  -0.1686939779  -2.2869102979
0.1563565471  -0.1603234561  -2.2951472269
0.1484526000  -0.1519767487  -2.3033468751
0.1405504614  -0.1436559050  -2.3114995227
0.1326510813  -0.1353629697  -2.3195949055
0.1247554869  -0.1270999497  -2.3276222155
0.1168647796  -0.1188687800  -2.3355701006
0.1089801310  -0.1106712887  -2.3434266647
0.1011027787  -0.1025091629  -2.3511794674
0.0932340216  -0.0943839169  -2.3588155247
0.0853752143  -0.0862968636  -2.3663213080
0.0775277606  -0.0782490903  -2.3736827451
0.0696931074  -0.0702414412  -2.3808852196
0.0618727377  -0.0622745073  -2.3879135709
0.0540681624  -0.0543486244  -2.3947520947
0.0462809133  -0.0464638817  -2.4013845422
0.0385125343  -0.0386201403  -2.4077941210
0.0307645729  -0.0308170622  -2.4139634943
0.0230385721  -0.0230541496  -2.4198747815
0.0153360608  -0.0153307938  -2.4255095577
0.0076585452  -0.0076463302  -2.4308488543
0.0076427683  -0.0076461553  -2.4308488543
