0.200569
1.1022712719  -1.0867677178   0.0000308869
1.1022712719  -1.0867677178   0.0000308869
1.1022743743  -1.0867678940   0.0000264575
1.1022732812  -1.0867591468   0.0000143206
1.1022657096  -1.0867405069  -0.0000057208
1.1022502105  -1.0867107418  -0.0000338631
1.1022262241  -1.0866694083  -0.0000703030
1.1021934263  -1.0866162669  -0.0001152367
1.1021515822  -1.0865511529  -0.0001688601
1.1021004967  -1.0864739344  -0.0002313692
1.1020399947  -1.0863844939  -0.0003029596
1.1019699117  -1.0862827211  -0.0003838267
1.1018900888  -1.0861685073  -0.0004741658
1.1018003701  -1.0860417442  -0.0005741719
1.1017006011  -1.0859023218  -0.0006840398
1.1015906279  -1.0857501275  -0.0008039643
1.1014702960  -1.0855850461  -0.0009341397
1.1013394505  -1.0854069587  -0.0010747602
1.1011979353  -1.0852157431  -0.0012260200
1.1010455933  -1.0850112735  -0.0013881128
1.1008822660  -1.0847934200  -0.0015612322
1.1007077933  -1.0845620491  -0.0017455718
1.1005220138  -1.0843170235  -0.0019413247
1.1003247642  -1.0840582017  -0.0021486840
1.1001158798  -1.0837854386  -0.0023678425
1.0998951941  -1.0834985853  -0.0025989928
1.0996625388  -1.0831974889  -0.0028423274
1.0994177439  -1.0828819929  -0.0030980384
1.0991606374  -1.0825519368  -0.0033663180
1.0988910458  -1.0822071568  -0.0036473579
1.0986087936  -1.0818474853  -0.0039413497
1.0983137035  -1.0814727510  -0.0042484850
1.0980055907  -1.0810825475  -0.0045694081
1.0976842802  -1.0806769126  -0.0049038957
1.0973495971  -1.0802559721  -0.0052519885
1.0970013511  -1.0798193740  -0.0056138580
1.0966393529  -1.0793668526  -0.0059896810
1.0962634131  -1.0788981908  -0.0063796452
1.0958733409  -1.0784131778  -0.0067839401
1.0954689438  -1.0779116049  -0.0072027579
1.0950500272  -1.0773932625  -0.0076362932
1.0946163948  -1.0768579390  -0.0080847431
1.0941678486  -1.0763054212  -0.0085483067
1.0937041884  -1.0757354939  -0.0090271852
1.0932252125  -1.0751479405  -0.0095215820
1.0927307170  -1.0745425427  -0.0100317023
1.0922204964  -1.0739190806  -0.0105577533
1.0916943433  -1.0732773333  -0.0110999441
1.0911520483  -1.0726170788  -0.0116584860
1.0905934003  -1.0719380941  -0.0122335917
1.0900181862  -1.0712401556  -0.0128254764
1.0894261913  -1.0705230391  -0.0134343569
1.0888171989  -1.0697865200  -0.0140604519
1.0881909903  -1.0690303735  -0.0147039821
1.0875473454  -1.0682543746  -0.0153651700
1.0868860419  -1.0674582986  -0.0160442402
1.0862068559  -1.0666419213  -0.0167414190
1.0855095616  -1.0658050186  -0.0174569346
1.0847939309  -1.0649473673  -0.0181910173
1.0840597335  -1.0640687445  -0.0189438990
1.0833067373  -1.0631689280  -0.0197158138
1.0825347083  -1.0622476969  -0.0205069978
1.0817434109  -1.0613048311  -0.0213176899
1.0809326076  -1.0603400448  -0.0221481309
1.0801020585  -1.0593530969  -0.0229985635
1.0792515220  -1.0583439118  -0.0238692317
1.0783807553  -1.0573123445  -0.0247603818
1.0774895139  -1.0562581373  -0.0256722618
1.0765775507  -1.0551810579  -0.0266051215
1.0756446172  -1.0540808912  -0.0275592125
1.0746904627  -1.0529574270  -0.0285347882
1.0737148349  -1.0518104566  -0.0295321036
1.0727174797  -1.0506397734  -0.0305514155
1.0716981410  -1.0494451723  -0.0315929822
1.0706565610  -1.0482264511  -0.0326570636
1.0695924803  -1.0469834097  -0.0337439212
1.0685056373  -1.0457158495  -0.0348538179
1.0673957690  -1.0444235731  -0.0359870184
1.0662626107  -1.0431063846  -0.0371437884
1.0651058956  -1.0417640892  -0.0383243953
1.0639253556  -1.0403964934  -0.0395291078
1.0627207208  -1.0390034049  -0.0407581961
1.0614917196  -1.0375846332  -0.0420119316
1.0602380787  -1.0361399909  -0.0432905869
1.0589595234  -1.0346692935  -0.0445944359
1.0576557772  -1.0331723573  -0.0459237531
1.0563265623  -1.0316489972  -0.0472788141
1.0549715992  -1.0300990272  -0.0486598956
1.0535906070  -1.0285222632  -0.0500672747
1.0521833035  -1.0269185245  -0.0515012298
1.0507494049  -1.0252876340  -0.0529620393
1.0492886262  -1.0236294177  -0.0544499829
1.0478006847  -1.0219437095  -0.0559653402
1.0462853149  -1.0202303677  -0.0575083918
1.0447422529  -1.0184892551  -0.0590794184
1.0431712208  -1.0167202196  -0.0606787015
1.0415719383  -1.0149231157  -0.0623065230
1.0399441245  -1.0130978100  -0.0639631650
1.0382874983  -1.0112441768  -0.0656489097
1.0366017782  -1.0093621136  -0.0673640390
1.0348866823  -1.0074515619  -0.0691088347
1.0331419291  -1.0055124242  -0.0708835782
1.0313672378  -1.0035444193  -0.0726885518
1.0295623276  -1.0015471434  -0.0745240383
1.0277269168  -0.9995203190  -0.0763903204
1.0258607229  -0.9974638965  -0.0782876791
1.0239634641  -0.9953779493  -0.0802163939
1.0220348594  -0.9932625680  -0.0821767436
1.0200746289  -0.9911178276  -0.0841690058
1.0180824937  -0.9889437847  -0.0861934573
1.0160581755  -0.9867404775  -0.0882503742
1.0140013970  -0.9845079248  -0.0903400313
1.0119118847  -0.9822461325  -0.0924627025
1.0097893701  -0.9799550959  -0.0946186608
1.0076335838  -0.9776347772  -0.0968081782
1.0054442531  -0.9752850916  -0.0990315254
1.0032211066  -0.9729059377  -0.1012889718
1.0009638741  -0.9704972395  -0.1035807857
0.9986722874  -0.9680589447  -0.1059072348
0.9963460799  -0.9655909773  -0.1082685857
0.9939849865  -0.9630932174  -0.1106651023
0.9915887433  -0.9605655233  -0.1130970470
0.9891570883  -0.9580077497  -0.1155646806
0.9866897615  -0.9554197501  -0.1180682616
0.9841865050  -0.9528013780  -0.1206080449
0.9816470629  -0.9501524893  -0.1231842814
0.9790711865  -0.9474729542  -0.1257972173
0.9764586395  -0.9447626673  -0.1284470955
0.9738091853  -0.9420215218  -0.1311341550
0.9711225826  -0.9392493967  -0.1338586307
0.9683985925  -0.9364461551  -0.1366207502
0.9656369751  -0.9336113203  -0.1394207212
0.9628374879  -0.9307442043  -0.1422587270
0.9599999066  -0.9278457152  -0.1451349886
0.9571240500  -0.9249186962  -0.1480498180
0.9542097482  -0.9219646722  -0.1510035427
0.9512567886  -0.9189822439  -0.1539964074
0.9482649303  -0.9159693033  -0.1570285814
0.9452339484  -0.9129248203  -0.1601002097
0.9421636336  -0.9098486479  -0.1632114325
0.9390537849  -0.9067409645  -0.1663623850
0.9359042117  -0.9036020557  -0.1695531967
0.9327147312  -0.9004322730  -0.1727839916
0.9294851678  -0.8972320283  -0.1760548860
0.9262153554  -0.8940017924  -0.1793660052
0.9229051376  -0.8907420911  -0.1827174648
0.9195543776  -0.8874535346  -0.1861092780
0.9161629381  -0.8841367778  -0.1895413368
0.9127306808  -0.8807924780  -0.1930135881
0.9092575116  -0.8774213443  -0.1965261692
0.9057433622  -0.8740241407  -0.2000792836
0.9021881462  -0.8706016518  -0.2036730798
0.8985917637  -0.8671546717  -0.2073076811
0.8949541506  -0.8636840604  -0.2109832066
0.8912752739  -0.8601907245  -0.2146997638
0.8875550803  -0.8566755233  -0.2184574434
0.8837935005  -0.8531392736  -0.2222563126
0.8799904682  -0.8495827760  -0.2260964074
0.8761459182  -0.8460068077  -0.2299777188
0.8722598177  -0.8424121713  -0.2339001665
0.8683321599  -0.8387996740  -0.2378635530
0.8643628909  -0.8351699935  -0.2418674659
0.8603518732  -0.8315235624  -0.2459110288
0.8562982114  -0.8278600014  -0.2499884418
0.8522010928  -0.8241790104  -0.2540954981
0.8480629562  -0.8204833530  -0.2582430261
0.8438877418  -0.8167776699  -0.2624454508
0.8396758924  -0.8130639309  -0.2667071760
0.8354250562  -0.8093412008  -0.2710269833
0.8311334553  -0.8056083130  -0.2754031134
0.8268005016  -0.8018646854  -0.2798341719
0.8224260388  -0.7981098377  -0.2843187635
0.8180100013  -0.7943432128  -0.2888553683
0.8135524078  -0.7905642374  -0.2934423467
0.8090532411  -0.7867721374  -0.2980779463
0.8045124431  -0.7829658913  -0.3027603097
0.7999309618  -0.7791453958  -0.3074874832
0.7953080863  -0.7753088101  -0.3122574240
0.7906388976  -0.7714499116  -0.3170680099
0.7859186472  -0.7675624727  -0.3219170466
0.7811504499  -0.7636481498  -0.3268022725
0.7763408173  -0.7597120660  -0.3317213632
0.7714908071  -0.7557537076  -0.3366719392
0.7665996141  -0.7517705393  -0.3416515759
0.7616672789  -0.7477608310  -0.3466578104
0.7566937676  -0.7437227499  -0.3516881464
0.7516789393  -0.7396543481  -0.3567400620
0.7466223603  -0.7355533594  -0.3618110168
0.7415232350  -0.7314171715  -0.3668984594
0.7363802724  -0.7272427099  -0.3719998337
0.7311912635  -0.7230260282  -0.3771125861
0.7259523979  -0.7187616545  -0.3822341712
0.7206570437  -0.7144414197  -0.3873620612
0.7152925948  -0.7100513751  -0.3924937569
0.7098318423  -0.7055634051  -0.3976268369
0.7039793662  -0.7006827293  -0.4027589901
0.6979578483  -0.6956356381  -0.4078878525
0.6923785672  -0.6910304113  -0.4130108220
0.6872173444  -0.6868328778  -0.4181252123
0.6822256843  -0.6827885227  -0.4232285237
0.6772770898  -0.6787685246  -0.4283184727
0.6723478476  -0.6747477531  -0.4333928989
0.6674367777  -0.6707235781  -0.4384497275
0.6625436370  -0.6666943836  -0.4434869771
0.6576683428  -0.6626588501  -0.4485027689
0.6528108401  -0.6586158308  -0.4534953352
0.6479711023  -0.6545643536  -0.4584630283
0.6431491261  -0.6505036181  -0.4634043092
0.6383449318  -0.6464329970  -0.4683177706
0.6335585999  -0.6423520531  -0.4732022538
0.6287902920  -0.6382605498  -0.4780569128
0.6240401809  -0.6341584121  -0.4828810636
0.6193083607  -0.6300456745  -0.4876740222
0.6145948847  -0.6259224863  -0.4924351953
0.6098998573  -0.6217891468  -0.4971642033
0.6052234330  -0.6176461015  -0.5018608660
0.6005657760  -0.6134939171  -0.5065251912
0.5959270535  -0.6093332693  -0.5111573892
0.5913074386  -0.6051649340  -0.5157578875
0.5867071099  -0.6009897780  -0.5203273494
0.5821262519  -0.5968087492  -0.5248666966
0.5775650569  -0.5926228675  -0.5293771433
0.5730237315  -0.5884332197  -0.5338602512
0.5685025115  -0.5842409584  -0.5383180211
0.5640016938  -0.5800473147  -0.5427530667
0.5595217216  -0.5758536934  -0.5471690108
0.5550645772  -0.5716623270  -0.5515759241
0.5506325512  -0.5674755565  -0.5559845959
0.5462223483  -0.5632929724  -0.5603905654
0.5418270147  -0.5591121220  -0.5647822561
0.5374442585  -0.5549322712  -0.5691550533
0.5330762951  -0.5507546668  -0.5735090467
0.5287251221  -0.5465806376  -0.5778448344
0.5243913695  -0.5424110028  -0.5821626240
0.5200750664  -0.5382463124  -0.5864625156
0.5157761431  -0.5340870383  -0.5907446126
0.5114945259  -0.5299336140  -0.5950090241
0.5072301406  -0.5257864357  -0.5992558657
0.5029829128  -0.5216458631  -0.6034852580
0.4987527683  -0.5175122199  -0.6076973266
0.4945396322  -0.5133857923  -0.6118922004
0.4903434290  -0.5092668262  -0.6160700087
0.4861640820  -0.5051555302  -0.6202308800
0.4820015145  -0.5010520866  -0.6243749428
0.4778556505  -0.4969566563  -0.6285023265
0.4737264149  -0.4928693738  -0.6326131608
0.4696137321  -0.4887903430  -0.6367075722
0.4655175263  -0.4847196415  -0.6407856837
0.4614377217  -0.4806573249  -0.6448476130
0.4573742425  -0.4766034292  -0.6488934724
0.4533270137  -0.4725579732  -0.6529233665
0.4492959600  -0.4685209603  -0.6569373922
0.4452810070  -0.4644923810  -0.6609356362
0.4412820804  -0.4604722145  -0.6649181745
0.4372991060  -0.4564604298  -0.6688850697
0.4333320100  -0.4524569849  -0.6728363686
0.4293807177  -0.4484618218  -0.6767720967
0.4254451478  -0.4444747769  -0.6806922253
0.4215252054  -0.4404955655  -0.6845966390
0.4176208074  -0.4365242157  -0.6884852392
0.4137319243  -0.4325613510  -0.6923580942
0.4098585630  -0.4286076056  -0.6962153887
0.4060007018  -0.4246630934  -0.7000572699
0.4021582736  -0.4207276499  -0.7038838154
0.3983312006  -0.4168011855  -0.7076950794
0.3945194154  -0.4128837288  -0.7114911165
0.3907228592  -0.4089753596  -0.7152719830
0.3869414764  -0.4050761732  -0.7190377348
0.3831752122  -0.4011862735  -0.7227884269
0.3794240127  -0.3973057727  -0.7265241137
0.3756878245  -0.3934347906  -0.7302448484
0.3719665947  -0.3895734543  -0.7339506835
0.3682602711  -0.3857218965  -0.7376416708
0.3645688021  -0.3818802543  -0.7413178614
0.3608921364  -0.3780486685  -0.7449793055
0.3572302233  -0.3742272840  -0.7486260528
0.3535830129  -0.3704162499  -0.7522581526
0.3499504552  -0.3666157171  -0.7558756532
0.3463325012  -0.3628258378  -0.7594786027
0.3427291020  -0.3590467634  -0.7630670485
0.3391402091  -0.3552786443  -0.7666410379
0.3355657745  -0.3515216282  -0.7702006175
0.3320057505  -0.3477758594  -0.7737458338
0.3284600899  -0.3440414768  -0.7772767331
0.3249287456  -0.3403186136  -0.7807933612
0.3214116709  -0.3366073951  -0.7842957642
0.3179088192  -0.3329079375  -0.7877839878
0.3144201446  -0.3292203456  -0.7912580780
0.3109456009  -0.3255447036  -0.7947180809
0.3074851424  -0.3218810604  -0.7981640434
0.3040387238  -0.3182294441  -0.8015960130
0.3006062995  -0.3145899148  -0.8050140372
0.2971878242  -0.3109625876  -0.8084181614
0.2937832524  -0.3073475947  -0.8118084299
0.2903925386  -0.3037450510  -0.8151848866
0.2870156379  -0.3001550550  -0.8185475759
0.2836525056  -0.2965776991  -0.8218965425
0.2803030972  -0.2930130740  -0.8252318310
0.2769673679  -0.2894612688  -0.8285534861
0.2736452733  -0.2859223703  -0.8318615522
0.2703367688  -0.2823964635  -0.8351560739
0.2670418099  -0.2788836311  -0.8384370957
0.2637603522  -0.2753839538  -0.8417046619
0.2604923512  -0.2718975102  -0.8449588170
0.2572377623  -0.2684243587  -0.8481996056
0.2539965412  -0.2649645210  -0.8514270722
0.2507686431  -0.2615180565  -0.8546412615
0.2475540238  -0.2580851186  -0.8578422179
0.2443526388  -0.2546658499  -0.8610299858
0.2411644435  -0.2512603161  -0.8642046099
0.2379893931  -0.2478685654  -0.8673661350
0.2348274431  -0.2444906523  -0.8705146059
0.2316785484  -0.2411266276  -0.8736500676
0.2285426642  -0.2377765384  -0.8767725653
0.2254197455  -0.2344404286  -0.8798821440
0.2223097471  -0.2311183392  -0.8829788492
0.2192126237  -0.2278103084  -0.8860627261
0.2161283300  -0.2245163722  -0.8891338204
0.2130568206  -0.2212365642  -0.8921921776
0.2099980496  -0.2179709165  -0.8952378436
0.2069519716  -0.2147194593  -0.8982708644
0.2039185404  -0.2114822212  -0.9012912858
0.2008977102  -0.2082592297  -0.9042991542
0.1978894347  -0.2050505106  -0.9072945157
0.1948936676  -0.2018560886  -0.9102774170
0.1919103625  -0.1986759872  -0.9132479044
0.1889394726  -0.1955102288  -0.9162060250
0.1859809513  -0.1923588346  -0.9191518254
0.1830347515  -0.1892218247  -0.9220853529
0.1801008261  -0.1860992180  -0.9250066546
0.1771791278  -0.1829910322  -0.9279157779
0.1742696093  -0.1798972837  -0.9308127703
0.1713722228  -0.1768179874  -0.9336976795
0.1684869206  -0.1737531567  -0.9365705534
0.1656136547  -0.1707028037  -0.9394314400
0.1627523770  -0.1676669382  -0.9422803875
0.1599030404  -0.1646457848  -0.9451174600
0.1570655993  -0.1616396332  -0.9479427395
0.1542400031  -0.1586479689  -0.9507562633
0.1514261961  -0.1556701379  -0.9535580278
0.1486241276  -0.1527064025  -0.9563480635
0.1458337519  -0.1497571070  -0.9591264221
0.1430550214  -0.1468222713  -0.9618931479
0.1402878871  -0.1439019096  -0.9646482864
0.1375322999  -0.1409960315  -0.9673918847
0.1347882104  -0.1381046417  -0.9701239911
0.1320555690  -0.1352277395  -0.9728446557
0.1293343260  -0.1323653191  -0.9755539301
0.1266244317  -0.1295173692  -0.9782518675
0.1239258357  -0.1266838731  -0.9809385229
0.1212384878  -0.1238648090  -0.9836139529
0.1185623374  -0.1210601498  -0.9862782158
0.1158973336  -0.1182698634  -0.9889313716
0.1132434255  -0.1154939130  -0.9915734818
0.1106005618  -0.1127322571  -0.9942046095
0.1079686909  -0.1099848502  -0.9968248192
0.1053477612  -0.1072516425  -0.9994341768
0.1027377207  -0.1045325807  -1.0020327491
0.1001385174  -0.1018276080  -1.0046206043
0.0975500990  -0.0991366647  -1.0071978110
0.0949724130  -0.0964596884  -1.0097644388
0.0924054068  -0.0937966141  -1.0123205574
0.0898490278  -0.0911473749  -1.0148662367
0.0873032231  -0.0885119021  -1.0174015466
0.0847679397  -0.0858901256  -1.0199265564
0.0822431247  -0.0832819741  -1.0224413347
0.0797287247  -0.0806873751  -1.0249459492
0.0772246867  -0.0781062563  -1.0274404659
0.0747319036  -0.0755387146  -1.0299609753
0.0722509360  -0.0729847641  -1.0325253863
0.0697792763  -0.0704438812  -1.0350721987
0.0673161541  -0.0679158833  -1.0376173446
0.0648627880  -0.0654009370  -1.0401597714
0.0624191048  -0.0628989723  -1.0426982764
0.0599850366  -0.0604099205  -1.0452315060
0.0575605205  -0.0579337140  -1.0477579564
0.0551454993  -0.0554702858  -1.0502759735
0.0527399216  -0.0530195696  -1.0527837524
0.0503437422  -0.0505814997  -1.0552793380
0.0479569223  -0.0481560102  -1.0577606246
0.0455794298  -0.0457430354  -1.0602253562
0.0432112395  -0.0433425090  -1.0626711262
0.0408523332  -0.0409543641  -1.0650953775
0.0385026999  -0.0385785329  -1.0674954029
0.0361623360  -0.0362149465  -1.0698683443
0.0338312453  -0.0338635345  -1.0722111934
0.0315094385  -0.0315242248  -1.0745207914
0.0291969341  -0.0291969435  -1.0767938291
0.0268937575  -0.0268816151  -1.0790268467
0.0245999410  -0.0245781616  -1.0812162341
0.0223155236  -0.0222865033  -1.0833582307
0.0200405506  -0.0200065586  -1.0854489254
0.0177750731  -0.0177382439  -1.0874842567
0.0155191476  -0.0154814741  -1.0894600126
0.0132728351  -0.0132361626  -1.0913718308
0.0110362004  -0.0110022221  -1.0932151982
0.0088093114  -0.0087795643  -1.0949854517
0.0065922378  -0.0065681012  -1.0966777774
0.0043850501  -0.0043677449  -1.0982872110
0.0021878182  -0.0021784084  -1.0998086380
0.0021865326  -0.0021783964  -1.0998086380
