0.268519
0.4953746734  -0.5027581881   0.0000158551
0.4953746734  -0.5027581881   0.0000158551
0.4953769730  -0.5027602210   0.0000142347
0.4953772789  -0.5027590886   0.0000090067
0.4953742949  -0.5027536739   0.0000000825
0.4953675248  -0.5027436032  -0.0000126268
0.4953567588  -0.5027287163  -0.0000292102
0.4953418685  -0.5027089127  -0.0000497568
0.4953227562  -0.5026841140  -0.0000743560
0.4952993379  -0.5026542513  -0.0001030972
0.4952715361  -0.5026192595  -0.0001360699
0.4952392768  -0.5025790753  -0.0001733640
0.4952024874  -0.5025336358  -0.0002150692
0.4951610964  -0.5024828777  -0.0002612757
0.4951150321  -0.5024267371  -0.0003120735
0.4950642227  -0.5023651491  -0.0003675531
0.4950085961  -0.5022980479  -0.0004278049
0.4949480797  -0.5022253662  -0.0004929195
0.4948825999  -0.5021470357  -0.0005629876
0.4948120827  -0.5020629867  -0.0006381003
0.4947364532  -0.5019731480  -0.0007183485
0.4946556356  -0.5018774471  -0.0008038235
0.4945695532  -0.5017758102  -0.0008946167
0.4944781285  -0.5016681619  -0.0009908194
0.4943812830  -0.5015544255  -0.0010925234
0.4942789372  -0.5014345227  -0.0011998205
0.4941710107  -0.5013083740  -0.0013128027
0.4940574221  -0.5011758981  -0.0014315619
0.4939380889  -0.5010370124  -0.0015561905
0.4938129277  -0.5008916331  -0.0016867809
0.4936818539  -0.5007396744  -0.0018234255
0.4935447822  -0.5005810495  -0.0019662171
0.4934016242  -0.5004156128  -0.0021154767
0.4932522940  -0.5002433271  -0.0022710835
0.4930967050  -0.5000641790  -0.0024330491
0.4929347659  -0.4998780346  -0.0026014663
0.4927663850  -0.4996847774  -0.0027764261
0.4925914699  -0.4994843057  -0.0029580208
0.4924099275  -0.4992765186  -0.0031463438
0.4922216632  -0.4990613148  -0.0033414900
0.4920265815  -0.4988385919  -0.0035435558
0.4918245858  -0.4986082463  -0.0037526387
0.4916155781  -0.4983701728  -0.0039688376
0.4913994594  -0.4981242654  -0.0041922527
0.4911761296  -0.4978704164  -0.0044229853
0.4909454871  -0.4976085172  -0.0046611381
0.4907074295  -0.4973384577  -0.0049068148
0.4904618530  -0.4970601270  -0.0051601206
0.4902086524  -0.4967734125  -0.0054211618
0.4899477216  -0.4964782010  -0.0056900460
0.4896789531  -0.4961743776  -0.0059668821
0.4894022382  -0.4958618269  -0.0062517800
0.4891174669  -0.4955404320  -0.0065448513
0.4888245280  -0.4952100753  -0.0068462085
0.4885233091  -0.4948706379  -0.0071559657
0.4882136962  -0.4945220000  -0.0074742379
0.4878955744  -0.4941640410  -0.0078011418
0.4875688273  -0.4937966392  -0.0081367950
0.4872333372  -0.4934196721  -0.0084813167
0.4868889851  -0.4930330162  -0.0088348273
0.4865356508  -0.4926365472  -0.0091974484
0.4861732125  -0.4922301402  -0.0095693032
0.4858015474  -0.4918136691  -0.0099505159
0.4854205311  -0.4913869903  -0.0103412122
0.4850300380  -0.4909499699  -0.0107415194
0.4846299409  -0.4905025161  -0.0111515656
0.4842201117  -0.4900445182  -0.0115714807
0.4838004208  -0.4895758340  -0.0120013958
0.4833707371  -0.4890963265  -0.0124414432
0.4829309282  -0.4886058630  -0.0128917570
0.4824808604  -0.4881043111  -0.0133524724
0.4820203986  -0.4875915381  -0.0138237258
0.4815494064  -0.4870674107  -0.0143056553
0.4810677461  -0.4865317949  -0.0147984001
0.4805752786  -0.4859845559  -0.0153021010
0.4800718634  -0.4854255581  -0.0158169000
0.4795573588  -0.4848546649  -0.0163429406
0.4790316216  -0.4842717390  -0.0168803676
0.4784945074  -0.4836766424  -0.0174293273
0.4779458704  -0.4830692362  -0.0179899671
0.4773855634  -0.4824493812  -0.0185624361
0.4768134379  -0.4818169373  -0.0191468845
0.4762293442  -0.4811717639  -0.0197434639
0.4756331310  -0.4805137193  -0.0203523271
0.4750246460  -0.4798426614  -0.0209736283
0.4744037353  -0.4791584477  -0.0216075231
0.4737702435  -0.4784609343  -0.0222541684
0.4731240138  -0.4777499771  -0.0229137223
0.4724648880  -0.4770254312  -0.0235863442
0.4717927065  -0.4762871513  -0.0242721948
0.4711073085  -0.4755349919  -0.0249714360
0.4704085318  -0.4747688068  -0.0256842310
0.4696962129  -0.4739884500  -0.0264107441
0.4689701870  -0.4731937754  -0.0271511411
0.4682302882  -0.4723846369  -0.0279055890
0.4674763499  -0.4715608901  -0.0286742559
0.4667082046  -0.4707223970  -0.0294573112
0.4659256832  -0.4698690222  -0.0302549254
0.4651286158  -0.4690006101  -0.0310672700
0.4643168314  -0.4681169651  -0.0318945181
0.4634901580  -0.4672178743  -0.0327368438
0.4626484224  -0.4663031522  -0.0335944224
0.4617914499  -0.4653726601  -0.0344674299
0.4609190647  -0.4644262937  -0.0353560432
0.4600310899  -0.4634639629  -0.0362604401
0.4591273482  -0.4624855787  -0.0371807999
0.4582076617  -0.4614910464  -0.0381173024
0.4572718519  -0.4604802634  -0.0390701277
0.4563197394  -0.4594531198  -0.0400394561
0.4553511442  -0.4584094977  -0.0410254680
0.4543658857  -0.4573492717  -0.0420283451
0.4533637826  -0.4562723090  -0.0430482705
0.4523446521  -0.4551784679  -0.0440854286
0.4513083100  -0.4540675992  -0.0451400047
0.4502545714  -0.4529395472  -0.0462121846
0.4491832507  -0.4517941498  -0.0473021543
0.4480941620  -0.4506312405  -0.0484101004
0.4469871212  -0.4494506512  -0.0495362097
0.4458619439  -0.4482522107  -0.0506806696
0.4447184434  -0.4470357424  -0.0518436668
0.4435564317  -0.4458010671  -0.0530253886
0.4423757207  -0.4445480044  -0.0542260219
0.4411761222  -0.4432763740  -0.0554457538
0.4399574500  -0.4419859987  -0.0566847707
0.4387195194  -0.4406767022  -0.0579432586
0.4374621455  -0.4393483079  -0.0592214032
0.4361851441  -0.4380006382  -0.0605193889
0.4348883313  -0.4366334782  -0.0618373978
0.4335715225  -0.4352465337  -0.0631756071
0.4322345330  -0.4338396432  -0.0645341934
0.4308771824  -0.4324131658  -0.0659133464
0.4294992989  -0.4309677919  -0.0673132735
0.4281007096  -0.4295037580  -0.0687341847
0.4266812326  -0.4280205594  -0.0701762735
0.4252406844  -0.4265174153  -0.0716397157
0.4237788877  -0.4249936998  -0.0731246751
0.4222956721  -0.4234490400  -0.0746313083
0.4207908755  -0.4218832726  -0.0761597686
0.4192643237  -0.4202963371  -0.0777102063
0.4177158219  -0.4186881971  -0.0792827692
0.4161451696  -0.4170588362  -0.0808776019
0.4145521843  -0.4154082812  -0.0824948460
0.4129367154  -0.4137366135  -0.0841346394
0.4112986278  -0.4120439469  -0.0857971170
0.4096377907  -0.4103304169  -0.0874824098
0.4079540661  -0.4085961711  -0.0891906454
0.4062473065  -0.4068413614  -0.0909219468
0.4045173676  -0.4050661518  -0.0926764317
0.4027641160  -0.4032707292  -0.0944542120
0.4009874262  -0.4014552998  -0.0962553935
0.3991871656  -0.3996200658  -0.0980800725
0.3973632003  -0.3977652306  -0.0999283337
0.3955154149  -0.3958910222  -0.1018002473
0.3936436984  -0.3939976704  -0.1036958622
0.3917479338  -0.3920853925  -0.1056151957
0.3898280161  -0.3901544181  -0.1075582180
0.3878838432  -0.3882049705  -0.1095248268
0.3859153102  -0.3862372558  -0.1115148236
0.3839223155  -0.3842514715  -0.1135278463
0.3819046734  -0.3822477459  -0.1155625623
0.3798620984  -0.3802261435  -0.1176165936
0.3777945875  -0.3781868276  -0.1196902507
0.3757027532  -0.3761302121  -0.1217890752
0.3735873375  -0.3740569197  -0.1239196890
0.3714484588  -0.3719674705  -0.1260856586
0.3692856898  -0.3698621075  -0.1282880094
0.3670985503  -0.3677408860  -0.1305264754
0.3648866638  -0.3656037183  -0.1328001349
0.3626498091  -0.3634504669  -0.1351079932
0.3603878656  -0.3612809425  -0.1374490572
0.3581007527  -0.3590949107  -0.1398222383
0.3557884001  -0.3568920851  -0.1422263615
0.3534507453  -0.3546721285  -0.1446601712
0.3510877151  -0.3524346376  -0.1471223356
0.3486992374  -0.3501791583  -0.1496114523
0.3462852367  -0.3479051847  -0.1521260531
0.3438456385  -0.3456121685  -0.1546646103
0.3413803570  -0.3432995105  -0.1572255423
0.3388892582  -0.3409665261  -0.1598072194
0.3363721786  -0.3386124791  -0.1624079689
0.3338289132  -0.3362365601  -0.1650260802
0.3312592076  -0.3338378965  -0.1676598106
0.3286626130  -0.3314154160  -0.1703073907
0.3260385487  -0.3289679027  -0.1729670296
0.3233861972  -0.3264939099  -0.1756369198
0.3207042739  -0.3239915413  -0.1783152428
0.3179908566  -0.3214582869  -0.1810001745
0.3152429761  -0.3188906280  -0.1836898903
0.3124560028  -0.3162834432  -0.1863825708
0.3096237216  -0.3136301094  -0.1890764074
0.3067350283  -0.3109192678  -0.1917696116
0.3037304088  -0.3080914353  -0.1944604282
0.3005659839  -0.3051035610  -0.1971471302
0.2973851633  -0.3020993890  -0.1998279849
0.2943889535  -0.2992778617  -0.2025012349
0.2916026025  -0.2966610754  -0.2051651347
0.2889543639  -0.2941752266  -0.2078180006
0.2863875385  -0.2917627851  -0.2104582279
0.2838585447  -0.2893798680  -0.2130842871
0.2813482899  -0.2870072548  -0.2156947206
0.2788556921  -0.2846436932  -0.2182881419
0.2763802139  -0.2822884572  -0.2208632387
0.2739215858  -0.2799411305  -0.2234187787
0.2714796851  -0.2776015004  -0.2259536150
0.2690544238  -0.2752694431  -0.2284666916
0.2666457237  -0.2729448971  -0.2309570490
0.2642535159  -0.2706278596  -0.2334238297
0.2618777394  -0.2683183822  -0.2358662833
0.2595183405  -0.2660165668  -0.2382837723
0.2571752716  -0.2637225607  -0.2406757785
0.2548484903  -0.2614365519  -0.2430419098
0.2525379585  -0.2591587643  -0.2453819065
0.2502436414  -0.2568894529  -0.2476956487
0.2479655061  -0.2546288986  -0.2499831664
0.2457035220  -0.2523774040  -0.2522446510
0.2434576595  -0.2501352885  -0.2544804678
0.2412278902  -0.2479028845  -0.2566911753
0.2390141879  -0.2456805337  -0.2588775522
0.2368165300  -0.2434685853  -0.2610406357
0.2346349015  -0.2412673945  -0.2631817795
0.2324692979  -0.2390773220  -0.2653027227
0.2303197347  -0.2368987400  -0.2674057249
0.2281863706  -0.2347321108  -0.2694946003
0.2260695790  -0.2325780203  -0.2715752083
0.2239693456  -0.2304367857  -0.2736515719
0.2218845839  -0.2283080217  -0.2757220757
0.2198138147  -0.2261910457  -0.2777824214
0.2177563469  -0.2240855948  -0.2798297972
0.2157122714  -0.2219918488  -0.2818630353
0.2136818481  -0.2199100866  -0.2838818510
0.2116652452  -0.2178405340  -0.2858864577
0.2096624932  -0.2157833314  -0.2878770708
0.2076735101  -0.2137385443  -0.2898538204
0.2056981783  -0.2117062045  -0.2918168408
0.2037363793  -0.2096863293  -0.2937662677
0.2017879941  -0.2076789231  -0.2957022375
0.1998529043  -0.2056839780  -0.2976248873
0.1979309923  -0.2037014747  -0.2995343546
0.1960221412  -0.2017313833  -0.3014307773
0.1941262348  -0.1997736642  -0.3033142926
0.1922431578  -0.1978282684  -0.3051850373
0.1903727959  -0.1958951387  -0.3070431467
0.1885150354  -0.1939742101  -0.3088887549
0.1866697637  -0.1920654111  -0.3107219939
0.1848368689  -0.1901686636  -0.3125429931
0.1830162403  -0.1882838846  -0.3143518794
0.1812077680  -0.1864109862  -0.3161487762
0.1794113431  -0.1845498765  -0.3179338033
0.1776268579  -0.1827004603  -0.3197070765
0.1758542054  -0.1808626393  -0.3214687067
0.1740932798  -0.1790363122  -0.3232187997
0.1723439762  -0.1772213752  -0.3249574551
0.1706061906  -0.1754177214  -0.3266847654
0.1688798198  -0.1736252317  -0.3284008125
0.1671647607  -0.1718437620  -0.3301056607
0.1654609109  -0.1700731794  -0.3317993601
0.1637681713  -0.1683134538  -0.3334819729
0.1620864480  -0.1665646626  -0.3351535947
0.1604156502  -0.1648268671  -0.3368143436
0.1587556858  -0.1631000305  -0.3384643359
0.1571064602  -0.1613840532  -0.3401036772
0.1554678785  -0.1596788278  -0.3417324645
0.1538398466  -0.1579842603  -0.3433507906
0.1522222718  -0.1563002721  -0.3449587465
0.1506150628  -0.1546267950  -0.3465564223
0.1490181296  -0.1529637639  -0.3481439076
0.1474313827  -0.1513111154  -0.3497212909
0.1458547339  -0.1496687867  -0.3512886599
0.1442880958  -0.1480367163  -0.3528461012
0.1427313816  -0.1464148432  -0.3543937007
0.1411845056  -0.1448031074  -0.3559315432
0.1396473830  -0.1432014493  -0.3574597129
0.1381199297  -0.1416098097  -0.3589782930
0.1366020623  -0.1400281300  -0.3604873657
0.1350936986  -0.1384563515  -0.3619870127
0.1335947568  -0.1368944156  -0.3634773145
0.1321051562  -0.1353422637  -0.3649583512
0.1306248168  -0.1337998371  -0.3664302018
0.1291536593  -0.1322670764  -0.3678929447
0.1276916054  -0.1307439220  -0.3693466575
0.1262385772  -0.1292303134  -0.3707914169
0.1247944979  -0.1277261896  -0.3722272992
0.1233592914  -0.1262314884  -0.3736543796
0.1219328822  -0.1247461465  -0.3750727328
0.1205151957  -0.1232700991  -0.3764824329
0.1191061579  -0.1218032791  -0.3778835531
0.1177056955  -0.1203456166  -0.3792761662
0.1163137360  -0.1188970413  -0.3806603442
0.1149302077  -0.1174574863  -0.3820361584
0.1135550395  -0.1160268893  -0.3834036794
0.1121881609  -0.1146051896  -0.3847629768
0.1108295022  -0.1131923266  -0.3861141196
0.1094789944  -0.1117882385  -0.3874571762
0.1081365692  -0.1103928632  -0.3887922141
0.1068021589  -0.1090061385  -0.3901193005
0.1054756965  -0.1076280024  -0.3914385017
0.1041571156  -0.1062583929  -0.3927498834
0.1028463505  -0.1048972485  -0.3940535109
0.1015433362  -0.1035445075  -0.3953494485
0.1002480082  -0.1022001090  -0.3966377601
0.0989603026  -0.1008639918  -0.3979185088
0.0976801565  -0.0995360953  -0.3991917574
0.0964075071  -0.0982163590  -0.4004575677
0.0951422925  -0.0969047226  -0.4017160011
0.0938844515  -0.0956011253  -0.4029671184
0.0926339231  -0.0943055051  -0.4042109799
0.0913906473  -0.0930178020  -0.4054476451
0.0901545646  -0.0917379608  -0.4066771730
0.0889256159  -0.0904659261  -0.4078996221
0.0877037428  -0.0892016394  -0.4091150502
0.0864888874  -0.0879450415  -0.4103235146
0.0852809926  -0.0866960745  -0.4115250722
0.0840800015  -0.0854546801  -0.4127197791
0.0828858581  -0.0842208007  -0.4139076909
0.0816985065  -0.0829943789  -0.4150888628
0.0805178919  -0.0817753575  -0.4162633494
0.0793439595  -0.0805636797  -0.4174312047
0.0781766555  -0.0793592891  -0.4185924823
0.0770159262  -0.0781621294  -0.4197472351
0.0758617187  -0.0769721450  -0.4208955157
0.0747139806  -0.0757892805  -0.4220373760
0.0735726598  -0.0746134809  -0.4231728676
0.0724377049  -0.0734446915  -0.4243020414
0.0713090649  -0.0722828582  -0.4254249479
0.0701866894  -0.0711279271  -0.4265416372
0.0690705284  -0.0699798449  -0.4276521588
0.0679605323  -0.0688385584  -0.4287565617
0.0668566522  -0.0677040151  -0.4298548944
0.0657588395  -0.0665761629  -0.4309472052
0.0646670460  -0.0654549498  -0.4320335416
0.0635812242  -0.0643403246  -0.4331139509
0.0625013270  -0.0632322361  -0.4341884797
0.0614273075  -0.0621306338  -0.4352571744
0.0603591195  -0.0610354675  -0.4363200808
0.0592967172  -0.0599466873  -0.4373772444
0.0582400552  -0.0588642436  -0.4384287100
0.0571890886  -0.0577880967  -0.4394745241
0.0561437730  -0.0567182097  -0.4405147347
0.0551040642  -0.0556545120  -0.4415493843
0.0540699183  -0.0545969279  -0.4425785099
0.0530412919  -0.0535454213  -0.4436021521
0.0520181424  -0.0524999596  -0.4446203536
0.0510004273  -0.0514604969  -0.4456331560
0.0499881046  -0.0504269875  -0.4466406003
0.0489811327  -0.0493993859  -0.4476427275
0.0479794705  -0.0483776467  -0.4486395782
0.0469830770  -0.0473617249  -0.4496311929
0.0459919118  -0.0463515757  -0.4506176119
0.0450059348  -0.0453471544  -0.4515988751
0.0440251064  -0.0443484167  -0.4525750225
0.0430493872  -0.0433553184  -0.4535460936
0.0420787382  -0.0423678154  -0.4545121281
0.0411131210  -0.0413858641  -0.4554731651
0.0401524972  -0.0404094210  -0.4564292438
0.0391968290  -0.0394384428  -0.4573804031
0.0382460789  -0.0384728866  -0.4583266818
0.0373002096  -0.0375127096  -0.4592681183
0.0363591844  -0.0365578695  -0.4602047510
0.0354229668  -0.0356083241  -0.4611366180
0.0344915207  -0.0346640315  -0.4620637571
0.0335648102  -0.0337249502  -0.4629862058
0.0326427998  -0.0327910390  -0.4639040013
0.0317254544  -0.0318622570  -0.4648171808
0.0308127392  -0.0309385636  -0.4657257806
0.0299046197  -0.0300199186  -0.4666298370
0.0290010617  -0.0291062821  -0.4675293858
0.0281020313  -0.0281976146  -0.4684244623
0.0272074950  -0.0272938770  -0.4693151014
0.0263175320  -0.0263950366  -0.4702139112
0.0254321825  -0.0255010582  -0.4711271513
0.0245511228  -0.0246118872  -0.4720333807
0.0236742349  -0.0237274819  -0.4729381735
0.0228016376  -0.0228478137  -0.4738411776
0.0219332969  -0.0219728460  -0.4747419889
0.0210691793  -0.0211025422  -0.4756401505
0.0202092526  -0.0202368662  -0.4765351533
0.0193534853  -0.0193757824  -0.4774264359
0.0185018470  -0.0185192553  -0.4783133841
0.0176543082  -0.0176672500  -0.4791953317
0.0168108406  -0.0168197318  -0.4800715599
0.0159714171  -0.0159766663  -0.4809412974
0.0151360113  -0.0151380196  -0.4818037207
0.0143045984  -0.0143037578  -0.4826579536
0.0134771545  -0.0134738476  -0.4835030678
0.0126536569  -0.0126482557  -0.4843380824
0.0118340840  -0.0118269493  -0.4851619640
0.0110184155  -0.0110098957  -0.4859736271
0.0102066322  -0.0101970625  -0.4867719336
0.0093987158  -0.0093884176  -0.4875556928
0.0085946495  -0.0085839291  -0.4883236619
0.0077944173  -0.0077835654  -0.4890745455
0.0069980041  -0.0069872949  -0.4898069959
0.0062053961  -0.0061950865  -0.4905196129
0.0054165801  -0.0054069094  -0.4912109439
0.0046315436  -0.0046227328  -0.4918794839
0.0038502751  -0.0038425263  -0.4925236755
0.0030727634  -0.0030662597  -0.4931419088
0.0022989978  -0.0022939033  -0.4937325217
0.0015289680  -0.0015254274  -0.4942937994
0.0007626636  -0.0007608027  -0.4948239750
0.0007625072  -0.0007608019  -0.4948239750
