0.118939
1.5820849640  -1.9707920273   0.0000766250
1.5820849640  -1.9707920273   0.0000766250
1.5820928074  -1.9707953169   0.0000641489
1.5820894777  -1.9707618861   0.0000316142
1.5820690430  -1.9706855206  -0.0000215653
1.5820276285  -1.9705596838  -0.0000959680
1.5819637488  -1.9703821277  -0.0001921641
1.5818765485  -1.9701517074  -0.0003107154
1.5817654106  -1.9698676887  -0.0004521760
1.5816298269  -1.9695295180  -0.0006170916
1.5814693450  -1.9691367283  -0.0008059998
1.5812835433  -1.9686888955  -0.0010194302
1.5810720187  -1.9681856152  -0.0012579041
1.5808343793  -1.9676264912  -0.0015219349
1.5805702404  -1.9670111279  -0.0018120276
1.5802792222  -1.9663391263  -0.0021286793
1.5799609482  -1.9656100820  -0.0024723789
1.5796150443  -1.9648235833  -0.0028436071
1.5792411383  -1.9639792112  -0.0032428366
1.5788388592  -1.9630765385  -0.0036705318
1.5784078374  -1.9621151303  -0.0041271492
1.5779477043  -1.9610945445  -0.0046131371
1.5774580927  -1.9600143317  -0.0051289355
1.5769386361  -1.9588740365  -0.0056749764
1.5763889697  -1.9576731976  -0.0062516838
1.5758087298  -1.9564113488  -0.0068594734
1.5751975540  -1.9550880197  -0.0074987529
1.5745550815  -1.9537027366  -0.0081699217
1.5738809535  -1.9522550234  -0.0088733712
1.5731748129  -1.9507444028  -0.0096094847
1.5724363048  -1.9491703970  -0.0103786372
1.5716650766  -1.9475325287  -0.0111811959
1.5708607721  -1.9458294531  -0.0120187198
1.5700230531  -1.9440614940  -0.0128904895
1.5691515825  -1.9422292716  -0.0137964703
1.5682460087  -1.9403316744  -0.0147369571
1.5673059889  -1.9383679895  -0.0157122519
1.5663311879  -1.9363376896  -0.0167226777
1.5653212749  -1.9342402861  -0.0177685526
1.5642759230  -1.9320753178  -0.0188501930
1.5631948092  -1.9298423402  -0.0199679124
1.5620776150  -1.9275409240  -0.0211220208
1.5609240271  -1.9251706569  -0.0223128239
1.5597337365  -1.9227311440  -0.0235406232
1.5585064394  -1.9202220092  -0.0248057147
1.5572418375  -1.9176428958  -0.0261083898
1.5559396381  -1.9149934666  -0.0274489338
1.5545995535  -1.9122734049  -0.0288276268
1.5532213028  -1.9094824158  -0.0302447426
1.5518046108  -1.9066202270  -0.0317005490
1.5503492082  -1.9036865890  -0.0331953074
1.5488548328  -1.9006812786  -0.0347292727
1.5473212290  -1.8976040962  -0.0363026930
1.5457481471  -1.8944548668  -0.0379158095
1.5441353451  -1.8912334418  -0.0395688566
1.5424825870  -1.8879396990  -0.0412620611
1.5407896456  -1.8845735452  -0.0429956428
1.5390563009  -1.8811349147  -0.0447698136
1.5372823395  -1.8776237693  -0.0465847782
1.5354675560  -1.8740401014  -0.0484407332
1.5336117523  -1.8703839318  -0.0503378677
1.5317147393  -1.8666553094  -0.0522763626
1.5297763352  -1.8628543130  -0.0542563909
1.5277963665  -1.8589808367  -0.0562781173
1.5257746666  -1.8550349443  -0.0583416986
1.5237110778  -1.8510172405  -0.0604472826
1.5216054531  -1.8469281229  -0.0625950094
1.5194576530  -1.8427676715  -0.0647850105
1.5172675451  -1.8385360839  -0.0670174094
1.5150350055  -1.8342336346  -0.0692923209
1.5127599189  -1.8298606341  -0.0716098523
1.5104421786  -1.8254174277  -0.0739701033
1.5080816851  -1.8209043918  -0.0763731599
1.5056783481  -1.8163219288  -0.0788190930
1.5032320857  -1.8116704668  -0.0813079685
1.5007428248  -1.8069504635  -0.0838398480
1.4982105003  -1.8021624063  -0.0864147839
1.4956350558  -1.7973068089  -0.0890328214
1.4930164432  -1.7923842109  -0.0916939998
1.4903546226  -1.7873951822  -0.0943983514
1.4876495629  -1.7823403181  -0.0971459007
1.4849012391  -1.7772202339  -0.0999366667
1.4821096362  -1.7720355742  -0.1027706651
1.4792747455  -1.7667870100  -0.1056479054
1.4763965674  -1.7614752381  -0.1085683888
1.4734751090  -1.7561009774  -0.1115321106
1.4705103846  -1.7506649676  -0.1145390604
1.4675024161  -1.7451679731  -0.1175892232
1.4644512306  -1.7396107829  -0.1206825789
1.4613568641  -1.7339942054  -0.1238190992
1.4582193578  -1.7283190650  -0.1269987511
1.4550387610  -1.7225862115  -0.1302214999
1.4518151299  -1.7167965157  -0.1334873011
1.4485485231  -1.7109508646  -0.1367961045
1.4452390084  -1.7050501543  -0.1401478587
1.4418866577  -1.6990952811  -0.1435425020
1.4384915460  -1.6930871683  -0.1469799656
1.4350537566  -1.6870267854  -0.1504601800
1.4315733775  -1.6809151208  -0.1539830716
1.4280505016  -1.6747531635  -0.1575485594
1.4244852244  -1.6685419171  -0.1611565568
1.4208776397  -1.6622824177  -0.1648069735
1.4172279032  -1.6559757888  -0.1684997117
1.4135361535  -1.6496230639  -0.1722346672
1.4098021786  -1.6432247221  -0.1760117339
1.4060258846  -1.6367812736  -0.1798308021
1.4022075154  -1.6302937803  -0.1836917531
1.3983471766  -1.6237634234  -0.1875944629
1.3944449378  -1.6171914257  -0.1915388046
1.3905009321  -1.6105790484  -0.1955246439
1.3865153038  -1.6039275277  -0.1995518396
1.3824881817  -1.5972380549  -0.2036202443
1.3784196395  -1.5905117379  -0.2077297067
1.3743098988  -1.5837498025  -0.2118800728
1.3701592352  -1.5769534984  -0.2160711810
1.3659677641  -1.5701238800  -0.2203028650
1.3617356204  -1.5632619876  -0.2245749537
1.3574629913  -1.5563688858  -0.2288872652
1.3531500576  -1.5494456003  -0.2332396116
1.3487970762  -1.5424932061  -0.2376318042
1.3444042600  -1.5355127090  -0.2420636500
1.3399716755  -1.5285049390  -0.2465349474
1.3354996796  -1.5214709950  -0.2510454875
1.3309885703  -1.5144119020  -0.2555950568
1.3264383384  -1.5073283521  -0.2601834349
1.3218493746  -1.5002214199  -0.2648103949
1.3172219600  -1.4930920633  -0.2694757023
1.3125560990  -1.4859409452  -0.2741791142
1.3078520761  -1.4787690008  -0.2789203853
1.3031102787  -1.4715772682  -0.2836992634
1.2983309749  -1.4643666608  -0.2885154859
1.2935143325  -1.4571379871  -0.2933687829
1.2886606747  -1.4498922099  -0.2982588750
1.2837702831  -1.4426302685  -0.3031854611
1.2788433206  -1.4353529838  -0.3081482245
1.2738800644  -1.4280611763  -0.3131469026
1.2688809445  -1.4207557040  -0.3181813267
1.2638462547  -1.4134374800  -0.3232513192
1.2587761416  -1.4061075929  -0.3283565967
1.2536709947  -1.3987673914  -0.3334968077
1.2485311405  -1.3914179761  -0.3386715924
1.2433567968  -1.3840602414  -0.3438805934
1.2381482565  -1.3766951507  -0.3491234519
1.2329057474  -1.3693236042  -0.3543998067
1.2276297196  -1.3619467306  -0.3597092959
1.2223205472  -1.3545655838  -0.3650515542
1.2169784470  -1.3471810541  -0.3704262118
1.2116039136  -1.3397943122  -0.3758328981
1.2061972081  -1.3324062872  -0.3812712432
1.2007584737  -1.3250177796  -0.3867408810
1.1952881423  -1.3176298781  -0.3922414423
1.1897867062  -1.3102437256  -0.3977725498
1.1842545692  -1.3028603618  -0.4033338322
1.1786919804  -1.2954806525  -0.4089249170
1.1730993251  -1.2881055828  -0.4145454226
1.1674770336  -1.2807361645  -0.4201949677
1.1618253907  -1.2733732407  -0.4258731657
1.1561448619  -1.2660178122  -0.4315796166
1.1504356774  -1.2586706151  -0.4373139101
1.1446982100  -1.2513324933  -0.4430756154
1.1389330314  -1.2440044624  -0.4488642601
1.1331403982  -1.2366871838  -0.4546793054
1.1273206264  -1.2293813309  -0.4605200935
1.1214740598  -1.2220875597  -0.4663857147
1.1156008704  -1.2148062743  -0.4722746684
1.1097006695  -1.2075374383  -0.4781829644
1.1037736202  -1.2002814506  -0.4841089101
1.0978230223  -1.1930408150  -0.4900612210
1.0918529937  -1.1858189778  -0.4960495880
1.0858634057  -1.1786171251  -0.5020745090
1.0798515507  -1.1714343524  -0.5081333707
1.0738162155  -1.1642698924  -0.5142247206
1.0677574215  -1.1571234015  -0.5203472132
1.0616754971  -1.1499947031  -0.5264994287
1.0555707616  -1.1428835125  -0.5326798774
1.0494434755  -1.1357893830  -0.5388870041
1.0432941105  -1.1287119847  -0.5451191917
1.0371230382  -1.1216507979  -0.5513747728
1.0309304926  -1.1146050815  -0.5576520321
1.0247168373  -1.1075741551  -0.5639492120
1.0184824932  -1.1005573332  -0.5702645250
1.0122280660  -1.0935540579  -0.5765961548
1.0059537571  -1.0865633187  -0.5829422559
0.9996598012  -1.0795841002  -0.5893009611
0.9933467851  -1.0726157106  -0.5956703907
0.9870149338  -1.0656570745  -0.6020486569
0.9806645010  -1.0587071308  -0.6084338648
0.9742956740  -1.0517647522  -0.6148241204
0.9679084904  -1.0448286705  -0.6212175342
0.9615027907  -1.0378974322  -0.6276122266
0.9550780519  -1.0309692534  -0.6340063347
0.9486332021  -1.0240418433  -0.6403980098
0.9421662588  -1.0171120600  -0.6467854258
0.9356735349  -1.0101751450  -0.6531667888
0.9291479156  -1.0032230314  -0.6595403398
0.9225745712  -0.9962401240  -0.6659043660
0.9159191538  -0.9891915392  -0.6722572340
0.9090355395  -0.9819323022  -0.6785973906
0.9021090714  -0.9746522180  -0.6849232166
0.8955769988  -0.9677861768  -0.6912329026
0.8893491050  -0.9612349835  -0.6975246219
0.8831742917  -0.9547422469  -0.7037967608
0.8770224766  -0.9482749369  -0.7100478934
0.8708931924  -0.9418306069  -0.7162766767
0.8647862726  -0.9354077116  -0.7224818339
0.8587015574  -0.9290048724  -0.7286621687
0.8526389067  -0.9226208353  -0.7348165727
0.8465982006  -0.9162544715  -0.7409440274
0.8405793378  -0.9099047776  -0.7470436058
0.8345822358  -0.9035708743  -0.7531144823
0.8286068308  -0.8972520055  -0.7591559348
0.8226530744  -0.8909475352  -0.7651673460
0.8167209306  -0.8846569447  -0.7711482027
0.8108103760  -0.8783798281  -0.7770981046
0.8049214024  -0.8721158887  -0.7830167741
0.7990540115  -0.8658649334  -0.7889040507
0.7932082117  -0.8596268677  -0.7947598964
0.7873840203  -0.8534016900  -0.8005844057
0.7815814616  -0.8471894846  -0.8063778084
0.7758005652  -0.8409904155  -0.8121404771
0.7700413661  -0.8348047192  -0.8178729375
0.7643039048  -0.8286326987  -0.8235758819
0.7585882295  -0.8224747160  -0.8292501899
0.7528943998  -0.8163311867  -0.8348969594
0.7472224954  -0.8102025765  -0.8405175602
0.7415726363  -0.8040894017  -0.8461137347
0.7359450296  -0.7979922397  -0.8516878119
0.7303400933  -0.7919117841  -0.8572432214
0.7247591049  -0.7858489164  -0.8627869853
0.7192029858  -0.7798044340  -0.8683251202
0.7136685398  -0.7737784373  -0.8738525169
0.7081505868  -0.7677703919  -0.8793602553
0.7026483197  -0.7617799355  -0.8848466827
0.6971641382  -0.7558071574  -0.8903131056
0.6916992613  -0.7498522563  -0.8957598153
0.6862536988  -0.7439153611  -0.9011869453
0.6808273323  -0.7379965607  -0.9065946315
0.6754200443  -0.7320959226  -0.9119830128
0.6700317193  -0.7262134948  -0.9173522311
0.6646622428  -0.7203493059  -0.9227024308
0.6593115021  -0.7145033655  -0.9280337579
0.6539793856  -0.7086756647  -0.9333463597
0.6486657828  -0.7028661772  -0.9386403843
0.6433705845  -0.6970748593  -0.9439159795
0.6380936826  -0.6913016516  -0.9491732928
0.6328349704  -0.6855464800  -0.9544124701
0.6275943420  -0.6798092568  -0.9596336554
0.6223716928  -0.6740898820  -0.9648369898
0.6171669193  -0.6683882449  -0.9700226110
0.6119799195  -0.6627042251  -0.9751906521
0.6068105924  -0.6570376946  -0.9803412417
0.6016588381  -0.6513885188  -0.9854745021
0.5965245583  -0.6457565584  -0.9905905491
0.5914076557  -0.6401416708  -0.9956894910
0.5863080344  -0.6345437118  -1.0007714273
0.5812255996  -0.6289625371  -1.0058364478
0.5761602576  -0.6233980036  -1.0108846302
0.5711119150  -0.6178499706  -1.0159160375
0.5660804781  -0.6123183002  -1.0209307111
0.5610658486  -0.6068028536  -1.0259286502
0.5560679219  -0.6013034928  -1.0309098039
0.5510866107  -0.5958201196  -1.0358741549
0.5461218739  -0.5903527108  -1.0408218165
0.5411736929  -0.5849012537  -1.0457529688
0.5362420159  -0.5794656659  -1.0506677366
0.5313267544  -0.5740458310  -1.0555661891
0.5264278200  -0.5686416632  -1.0604483896
0.5215451387  -0.5632531081  -1.0653144057
0.5166786428  -0.5578801268  -1.0701643040
0.5118282667  -0.5525226912  -1.0749981496
0.5069939461  -0.5471807836  -1.0798160059
0.5021756182  -0.5418543963  -1.0846179349
0.4973732217  -0.5365435314  -1.0894039969
0.4925866962  -0.5312482000  -1.0941742508
0.4878159832  -0.5259684221  -1.0989287541
0.4830610251  -0.5207042253  -1.1036675628
0.4783217656  -0.5154556445  -1.1083907315
0.4735981499  -0.5102227206  -1.1130983134
0.4688901241  -0.5050055006  -1.1177903607
0.4641976358  -0.4998040356  -1.1224669238
0.4595206335  -0.4946183807  -1.1271280525
0.4548590670  -0.4894485935  -1.1317737951
0.4502128872  -0.4842947333  -1.1364041988
0.4455820459  -0.4791568598  -1.1410193099
0.4409664963  -0.4740350325  -1.1456191737
0.4363661923  -0.4689293093  -1.1502038345
0.4317810889  -0.4638397451  -1.1547733357
0.4272111422  -0.4587663909  -1.1593277200
0.4226563090  -0.4537092914  -1.1638670295
0.4181165472  -0.4486684823  -1.1683913055
0.4135918155  -0.4436439826  -1.1729005891
0.4090820735  -0.4386357862  -1.1773949212
0.4045872817  -0.4336438812  -1.1818743426
0.4001074012  -0.4286682964  -1.1863388930
0.3956423934  -0.4237091111  -1.1907886098
0.3911922206  -0.4187664126  -1.1952235287
0.3867568457  -0.4138402683  -1.1996436853
0.3823362325  -0.4089307343  -1.2040491147
0.3779303459  -0.4040378683  -1.2084398519
0.3735391511  -0.3991617294  -1.2128159311
0.3691626138  -0.3943023780  -1.2171773860
0.3648007003  -0.3894598751  -1.2215242498
0.3604533777  -0.3846342824  -1.2258565550
0.3561206132  -0.3798256623  -1.2301743339
0.3518023747  -0.3750340429  -1.2344776181
0.3474986303  -0.3702593847  -1.2387664392
0.3432093489  -0.3655017258  -1.2430408281
0.3389344998  -0.3607612945  -1.2473008152
0.3346740527  -0.3560383034  -1.2515464300
0.3304279775  -0.3513328185  -1.2557777022
0.3261962444  -0.3466448750  -1.2599946613
0.3219788240  -0.3419745257  -1.2641973368
0.3177756872  -0.3373218209  -1.2683857576
0.3135868049  -0.3326868077  -1.2725599526
0.3094121484  -0.3280695310  -1.2767199506
0.3052516891  -0.3234700341  -1.2808657802
0.3011053987  -0.3188883589  -1.2849974697
0.2969732490  -0.3143245466  -1.2891150475
0.2928552117  -0.3097786379  -1.2932185417
0.2887512589  -0.3052506738  -1.2973079805
0.2846613626  -0.3007406956  -1.3013833919
0.2805854950  -0.2962487452  -1.3054448039
0.2765236280  -0.2917748653  -1.3094922445
0.2724757340  -0.2873191000  -1.3135257416
0.2684417849  -0.2828814942  -1.3175453231
0.2644217529  -0.2784620942  -1.3215510169
0.2604156099  -0.2740609476  -1.3255428512
0.2564233280  -0.2696781029  -1.3295208540
0.2524448790  -0.2653136101  -1.3334850535
0.2484802346  -0.2609675197  -1.3374354780
0.2445293664  -0.2566398833  -1.3413721559
0.2405922458  -0.2523307530  -1.3452951159
0.2366688440  -0.2480401812  -1.3492043866
0.2327591321  -0.2437682202  -1.3530999970
0.2288630809  -0.2395149220  -1.3569819764
0.2249806610  -0.2352803382  -1.3608503543
0.2211118459  -0.2310649504  -1.3647051908
0.2172566127  -0.2268693781  -1.3685465818
0.2134149268  -0.2226926396  -1.3723745355
0.2095867402  -0.2185334620  -1.3761889791
0.2057720171  -0.2143924019  -1.3799899077
0.2019707349  -0.2102701925  -1.3837773570
0.1981828671  -0.2061669228  -1.3875513489
0.1944083828  -0.2020826724  -1.3913119076
0.1906472509  -0.1980175137  -1.3950590602
0.1868994400  -0.1939715111  -1.3987928367
0.1831649182  -0.1899447205  -1.4025132705
0.1794436531  -0.1859371886  -1.4062203979
0.1757356118  -0.1819489527  -1.4099142590
0.1720407608  -0.1779800407  -1.4135948973
0.1683590659  -0.1740304707  -1.4172623595
0.1646904926  -0.1701002514  -1.4209166963
0.1610350051  -0.1661893823  -1.4245579615
0.1573925675  -0.1622978535  -1.4281862125
0.1537631427  -0.1584256465  -1.4318015098
0.1501466933  -0.1545727347  -1.4354039171
0.1465431807  -0.1507390834  -1.4389935008
0.1429525660  -0.1469246508  -1.4425703301
0.1393748093  -0.1431293883  -1.4461344763
0.1358098703  -0.1393532411  -1.4496860128
0.1322577077  -0.1355961492  -1.4532250145
0.1287182798  -0.1318580473  -1.4567515573
0.1251915440  -0.1281388662  -1.4602657178
0.1216774574  -0.1244385327  -1.4637675729
0.1181759761  -0.1207569709  -1.4672571987
0.1146870561  -0.1170941022  -1.4707346705
0.1112106522  -0.1134498459  -1.4742000619
0.1077467192  -0.1098241212  -1.4776534440
0.1042970655  -0.1062171897  -1.4811454639
0.1008628506  -0.1026291493  -1.4847012497
0.0974392163  -0.0990590031  -1.4882344032
0.0940247070  -0.0955064431  -1.4917672674
0.0906217682  -0.0919718731  -1.4952983333
0.0872303126  -0.0884552170  -1.4988258797
0.0838502625  -0.0849564014  -1.5023479738
0.0804815499  -0.0814753551  -1.5058624711
0.0771241174  -0.0780120087  -1.5093670150
0.0737779187  -0.0745662943  -1.5128590372
0.0704429193  -0.0711381446  -1.5163357575
0.0671190969  -0.0677274927  -1.5197941840
0.0638064417  -0.0643342715  -1.5232311128
0.0605049573  -0.0609584127  -1.5266431284
0.0572146606  -0.0575998463  -1.5300266032
0.0539355823  -0.0542585002  -1.5333776980
0.0506677668  -0.0509342990  -1.5366923617
0.0474112728  -0.0476271639  -1.5399663312
0.0441661727  -0.0443370118  -1.5431951318
0.0409325530  -0.0410637548  -1.5463740769
0.0377105137  -0.0378073004  -1.5494982680
0.0345001680  -0.0345675503  -1.5525625949
0.0313016418  -0.0313444011  -1.5555617354
0.0281150730  -0.0281377441  -1.5584901557
0.0249406103  -0.0249474653  -1.5613421099
0.0217784129  -0.0217734463  -1.5641116405
0.0186286482  -0.0186155644  -1.5667925780
0.0154914911  -0.0154736937  -1.5693785412
0.0123671220  -0.0123477062  -1.5718629371
0.0092557247  -0.0092374725  -1.5742389606
0.0061574842  -0.0061428633  -1.5764995950
0.0030725842  -0.0030637508  -1.5786376119
0.0030700477  -0.0030637336  -1.5786376119
