0.108486
1.6980467700  -2.1327479919   0.0000898636
1.6980467700  -2.1327479919   0.0000898636
1.6980554289  -2.1327487760   0.0000744207
1.6980507206  -2.1327039097   0.0000349831
1.6980257157  -2.1326067581  -0.0000291696
1.6979756012  -2.1324489029  -0.0001187460
1.6978985553  -2.1322275501  -0.0002344423
1.6977935357  -2.1319413296  -0.0003769426
1.6976597959  -2.1315893993  -0.0005469190
1.6974967242  -2.1311711492  -0.0007450312
1.6973037792  -2.1306860799  -0.0009719270
1.6970804586  -2.1301337471  -0.0012282420
1.6968262839  -2.1295137317  -0.0015145995
1.6965407920  -2.1288256251  -0.0018316109
1.6962235300  -2.1280690197  -0.0021798753
1.6958740527  -2.1272435043  -0.0025599796
1.6954919202  -2.1263486610  -0.0029724988
1.6950766972  -2.1253840638  -0.0034179954
1.6946279524  -2.1243492779  -0.0038970202
1.6941452577  -2.1232438598  -0.0044101114
1.6936281886  -2.1220673576  -0.0049577954
1.6930763234  -2.1208193112  -0.0055405863
1.6924892439  -2.1194992535  -0.0061589861
1.6918665351  -2.1181067116  -0.0068134846
1.6912077857  -2.1166412074  -0.0075045595
1.6905125878  -2.1151022591  -0.0082326764
1.6897805375  -2.1134893822  -0.0089982887
1.6890112348  -2.1118020908  -0.0098018377
1.6882042843  -2.1100398993  -0.0106437525
1.6873592951  -2.1082023238  -0.0115244501
1.6864758812  -2.1062888831  -0.0124443352
1.6855536614  -2.1042991000  -0.0134038007
1.6845922566  -2.1022313995  -0.0144046477
1.6835913064  -2.1000863436  -0.0154459825
1.6825504512  -2.0978648514  -0.0165277201
1.6814693222  -2.0955656448  -0.0176501508
1.6803475647  -2.0931879782  -0.0188135753
1.6791848346  -2.0907313364  -0.0200183198
1.6779807953  -2.0881952549  -0.0212647022
1.6767351179  -2.0855793094  -0.0225530352
1.6754474813  -2.0828831029  -0.0238836256
1.6741175720  -2.0801062636  -0.0252567731
1.6727450859  -2.0772484461  -0.0266727696
1.6713297268  -2.0743093301  -0.0281318988
1.6698712077  -2.0712886235  -0.0296344356
1.6683692510  -2.0681860628  -0.0311806459
1.6668235881  -2.0650014126  -0.0327707861
1.6652339610  -2.0617344665  -0.0344051029
1.6636001206  -2.0583850486  -0.0360838333
1.6619218283  -2.0549530183  -0.0378072038
1.6601988553  -2.0514382697  -0.0395754307
1.6584309838  -2.0478407285  -0.0413887200
1.6566180069  -2.0441603547  -0.0432472666
1.6547597280  -2.0403971470  -0.0451512548
1.6528559619  -2.0365511416  -0.0471008580
1.6509065345  -2.0326224097  -0.0490962382
1.6489112830  -2.0286110594  -0.0511375464
1.6468700554  -2.0245172351  -0.0532249222
1.6447827109  -2.0203411174  -0.0553584938
1.6426491213  -2.0160829288  -0.0575383779
1.6404691699  -2.0117429307  -0.0597646795
1.6382427515  -2.0073214189  -0.0620374924
1.6359697723  -2.0028187269  -0.0643568984
1.6336501491  -1.9982349562  -0.0667229681
1.6312838100  -1.9935704234  -0.0691357603
1.6288706965  -1.9888261152  -0.0715953219
1.6264107654  -1.9840027549  -0.0741016884
1.6239039824  -1.9791006737  -0.0766548844
1.6213503224  -1.9741203488  -0.0792549228
1.6187497728  -1.9690623514  -0.0819018054
1.6161023321  -1.9639272957  -0.0845955229
1.6134080114  -1.9587158372  -0.0873360547
1.6106668326  -1.9534286642  -0.0901233695
1.6078788256  -1.9480664914  -0.0929574252
1.6050440347  -1.9426300681  -0.0958381689
1.6021625148  -1.9371201759  -0.0987655374
1.5992343279  -1.9315376255  -0.1017394572
1.5962595491  -1.9258832545  -0.1047598466
1.5932382638  -1.9201579285  -0.1078266111
1.5901705646  -1.9143625447  -0.1109396366
1.5870565536  -1.9084980242  -0.1140987994
1.5838963440  -1.9025653125  -0.1173039720
1.5806900582  -1.8965653801  -0.1205550190
1.5774378283  -1.8904992190  -0.1238517971
1.5741397952  -1.8843678492  -0.1271941575
1.5707961068  -1.8781723164  -0.1305819443
1.5674069201  -1.8719136826  -0.1340149953
1.5639724008  -1.8655930349  -0.1374931463
1.5604927214  -1.8592114815  -0.1410162290
1.5569680600  -1.8527701451  -0.1445840674
1.5533986029  -1.8462701755  -0.1481964809
1.5497845437  -1.8397127373  -0.1518532853
1.5461260801  -1.8330990043  -0.1555542939
1.5424234149  -1.8264301716  -0.1592993146
1.5386767588  -1.8197074407  -0.1630881507
1.5348863285  -1.8129320059  -0.1669206059
1.5310523419  -1.8061050888  -0.1707964779
1.5271750202  -1.7992279608  -0.1747155605
1.5232545916  -1.7923019016  -0.1786776472
1.5192912881  -1.7853281869  -0.1826825240
1.5152853428  -1.7783081062  -0.1867299736
1.5112369926  -1.7712429773  -0.1908197810
1.5071464794  -1.7641341497  -0.1949517280
1.5030140449  -1.7569829071  -0.1991255920
1.4988399290  -1.7497903315  -0.2033411500
1.4946243760  -1.7425574034  -0.2075981760
1.4903676312  -1.7352852771  -0.2118964395
1.4860699376  -1.7279753632  -0.2162357092
1.4817315438  -1.7206291790  -0.2206157517
1.4773528071  -1.7132483146  -0.2250363276
1.4729337235  -1.7058339507  -0.2294971973
1.4684741354  -1.6983870762  -0.2339981212
1.4639743397  -1.6909091121  -0.2385388554
1.4594346114  -1.6834014322  -0.2431191521
1.4548551269  -1.6758652730  -0.2477387608
1.4502361416  -1.6683019142  -0.2523974319
1.4455779186  -1.6607126047  -0.2570949127
1.4408806359  -1.6530984740  -0.2618309475
1.4361445781  -1.6454607256  -0.2666052794
1.4313701525  -1.6378006539  -0.2714176441
1.4265575985  -1.6301193507  -0.2762677725
1.4217071335  -1.6224178528  -0.2811553976
1.4168190405  -1.6146972350  -0.2860802509
1.4118936250  -1.6069585675  -0.2910420580
1.4069312531  -1.5992029619  -0.2960405401
1.4019320977  -1.5914313120  -0.3010754157
1.3968965018  -1.5836446586  -0.3061463987
1.3918249133  -1.5758441377  -0.3112531986
1.3867174241  -1.5680305107  -0.3163955190
1.3815744764  -1.5602048746  -0.3215730588
1.3763963946  -1.5523682048  -0.3267855155
1.3711832652  -1.5445212297  -0.3320325788
1.3659355082  -1.5366650175  -0.3373139287
1.3606535663  -1.5288007053  -0.3426292298
1.3553376951  -1.5209292429  -0.3479781309
1.3499882061  -1.5130513311  -0.3533603244
1.3446055180  -1.5051674315  -0.3587755901
1.3391898958  -1.4972782276  -0.3642237079
1.3337416178  -1.4893851615  -0.3697043565
1.3282611152  -1.4814899152  -0.3752171437
1.3227486634  -1.4735936151  -0.3807616669
1.3172044837  -1.4656971112  -0.3863375271
1.3116290533  -1.4578014835  -0.3919443337
1.3060227370  -1.4499076954  -0.3975816982
1.3003858206  -1.4420166226  -0.4032492272
1.2947185905  -1.4341291356  -0.4089465300
1.2890214135  -1.4262461814  -0.4146732187
1.2832947915  -1.4183688404  -0.4204289026
1.2775389897  -1.4104979431  -0.4262131923
1.2717544579  -1.4026344951  -0.4320257033
1.2659415839  -1.3947794293  -0.4378660518
1.2601005039  -1.3869334096  -0.4437338508
1.2542316304  -1.3790973676  -0.4496287143
1.2483354898  -1.3712723360  -0.4555502600
1.2424125183  -1.3634592375  -0.4614981039
1.2364629738  -1.3556587937  -0.4674718576
1.2304872753  -1.3478718634  -0.4734711309
1.2244858283  -1.3400992672  -0.4794955279
1.2184589653  -1.3323417271  -0.4855446375
1.2124071070  -1.3246000241  -0.4916180317
1.2063304750  -1.3168747045  -0.4977152522
1.2002295483  -1.3091665365  -0.5038357819
1.1941047715  -1.3014762178  -0.5099790045
1.1879563177  -1.2938041228  -0.5161440912
1.1817844191  -1.2861506106  -0.5223297012
1.1755887627  -1.2785155839  -0.5285323588
1.1693693199  -1.2708991806  -0.5347499281
1.1631291079  -1.2633036768  -0.5409895864
1.1568723566  -1.2557324782  -0.5472608782
1.1505991323  -1.2481866772  -0.5535649005
1.1443067506  -1.2406653182  -0.5598991044
1.1379939903  -1.2331676280  -0.5662620871
1.1316609393  -1.2256932646  -0.5726525924
1.1253077743  -1.2182418257  -0.5790692941
1.1189348134  -1.2108129557  -0.5855107991
1.1125423706  -1.2034061993  -0.5919756572
1.1061307134  -1.1960209612  -0.5984623676
1.0997003079  -1.1886567596  -0.6049693832
1.0932514979  -1.1813129135  -0.6114951118
1.0867845111  -1.1739885541  -0.6180379248
1.0802997096  -1.1666828885  -0.6245961629
1.0737975755  -1.1593951926  -0.6311681380
1.0672785465  -1.1521246494  -0.6377521451
1.0607428182  -1.1448701610  -0.6443464651
1.0541907381  -1.1376307544  -0.6509493625
1.0476227093  -1.1304054948  -0.6575590914
1.0410389152  -1.1231932182  -0.6641739046
1.0344395574  -1.1159927737  -0.6707920575
1.0278246915  -1.1088028682  -0.6774118086
1.0211941978  -1.1016220554  -0.6840314273
1.0145476421  -1.0944485984  -0.6906491962
1.0078841028  -1.0872803138  -0.6972634184
1.0012018742  -1.0801142908  -0.7038724198
0.9944977355  -1.0729461782  -0.7104745499
0.9877655276  -1.0657687967  -0.7170681937
0.9809925779  -1.0585686112  -0.7236517818
0.9741491828  -1.0513152063  -0.7302238158
0.9671101659  -1.0438839850  -0.7367828787
0.9599958995  -1.0363997187  -0.7433275047
0.9532240224  -1.0292789520  -0.7498560418
0.9467651243  -1.0224840378  -0.7563667991
0.9403634014  -1.0157535440  -0.7628582831
0.9339841298  -1.0090494333  -0.7693291883
0.9276268320  -1.0023690462  -0.7757782876
0.9212913335  -0.9957107723  -0.7822044159
0.9149774651  -0.9890731843  -0.7886064844
0.9086850759  -0.9824549756  -0.7949834840
0.9024140344  -0.9758549628  -0.8013344911
0.8961642276  -0.9692720855  -0.8076586682
0.8899355589  -0.9627054047  -0.8139552668
0.8837279491  -0.9561541017  -0.8202236355
0.8775413359  -0.9496174764  -0.8264632222
0.8713756699  -0.9430949442  -0.8326735728
0.8652309125  -0.9365860329  -0.8388543342
0.8591070378  -0.9300903789  -0.8450052630
0.8530040318  -0.9236077223  -0.8511262290
0.8469218884  -0.9171379012  -0.8572172141
0.8408606087  -0.9106808463  -0.8632783197
0.8348202008  -0.9042365758  -0.8693097728
0.8288006792  -0.8978051883  -0.8753119309
0.8228020632  -0.8913868567  -0.8812852914
0.8168243781  -0.8849818210  -0.8872305037
0.8108676568  -0.8785903831  -0.8931483873
0.8049319427  -0.8722129001  -0.8990399589
0.7990172980  -0.8658497808  -0.9049064793
0.7931238216  -0.8595014851  -0.9107495413
0.7872516901  -0.8531685337  -0.9165712509
0.7814012679  -0.8468515573  -0.9223746729
0.7755736841  -0.8405513618  -0.9281659656
0.7697699607  -0.8342687171  -0.9339511788
0.7639874601  -0.8280038112  -0.9397266196
0.7582211047  -0.8217561840  -0.9454836817
0.7524696224  -0.8155254006  -0.9512202501
0.7467352714  -0.8093114341  -0.9569376307
0.7410193766  -0.8031144239  -0.9626361428
0.7353219701  -0.7969344678  -0.9683159224
0.7296429304  -0.7907716237  -0.9739771071
0.7239821370  -0.7846259294  -0.9796198373
0.7183394716  -0.7784974045  -0.9852442560
0.7127148174  -0.7723860505  -0.9908505082
0.7071080590  -0.7662918510  -0.9964387403
0.7015190828  -0.7602147725  -1.0020090997
0.6959477763  -0.7541547650  -1.0075617343
0.6903940287  -0.7481117626  -1.0130967917
0.6848577301  -0.7420856847  -1.0186144187
0.6793387724  -0.7360764367  -1.0241147606
0.6738370486  -0.7300839111  -1.0295979607
0.6683524530  -0.7241079895  -1.0350641591
0.6628848813  -0.7181485430  -1.0405134927
0.6574342307  -0.7122054341  -1.0459460941
0.6520003996  -0.7062785183  -1.0513620906
0.6465832879  -0.7003676450  -1.0567616042
0.6411827971  -0.6944726598  -1.0621447499
0.6357988299  -0.6885934055  -1.0675116358
0.6304312904  -0.6827297241  -1.0728623612
0.6250800843  -0.6768814584  -1.0781970159
0.6197451181  -0.6710484537  -1.0835156783
0.6144262995  -0.6652305601  -1.0888184128
0.6091235356  -0.6594276346  -1.0941052636
0.6038367297  -0.6536395483  -1.0993762363
0.5985657786  -0.6478661824  -1.1046312867
0.5933105933  -0.6421074047  -1.1098703923
0.5880711306  -0.6363630758  -1.1150936513
0.5828473750  -0.6306330887  -1.1203012374
0.5776392815  -0.6249173590  -1.1254932775
0.5724467658  -0.6192157968  -1.1306698401
0.5672697407  -0.6135283165  -1.1358309854
0.5621081339  -0.6078548509  -1.1409767776
0.5569618808  -0.6021953483  -1.1461072802
0.5518309190  -0.5965497690  -1.1512225545
0.5467151878  -0.5909180848  -1.1563226604
0.5416146281  -0.5853002791  -1.1614076557
0.5365291824  -0.5796963462  -1.1664775966
0.5314587949  -0.5741062909  -1.1715325374
0.5264034112  -0.5685301279  -1.1765725308
0.5213629787  -0.5629678813  -1.1815976278
0.5163374462  -0.5574195834  -1.1866078777
0.5113267638  -0.5518852743  -1.1916033283
0.5063308835  -0.5463650012  -1.1965840259
0.5013497583  -0.5408588168  -1.2015500149
0.4963833430  -0.5353667791  -1.2065013387
0.4914315937  -0.5298889498  -1.2114380390
0.4864944677  -0.5244253932  -1.2163601563
0.4815719238  -0.5189761756  -1.2212677296
0.4766639222  -0.5135413638  -1.2261607968
0.4717704242  -0.5081210240  -1.2310393945
0.4668913925  -0.5027152205  -1.2359035582
0.4620267911  -0.4973240143  -1.2407533224
0.4571765850  -0.4919474610  -1.2455887207
0.4523407405  -0.4865856077  -1.2504097854
0.4475192251  -0.4812384849  -1.2552165488
0.4427120075  -0.4759060975  -1.2600090423
0.4379190574  -0.4705884412  -1.2647872972
0.4331403454  -0.4652855526  -1.2695513434
0.4283758430  -0.4599975264  -1.2743012083
0.4236255222  -0.4547244720  -1.2790369176
0.4188893564  -0.4494664783  -1.2837584958
0.4141673199  -0.4442236218  -1.2884659673
0.4094593884  -0.4389959805  -1.2931593559
0.4047655382  -0.4337836359  -1.2978386846
0.4000857466  -0.4285866714  -1.3025039752
0.3954199914  -0.4234051724  -1.3071552492
0.3907682515  -0.4182392262  -1.3117925269
0.3861305063  -0.4130889216  -1.3164158282
0.3815067360  -0.4079543034  -1.3210251723
0.3768969213  -0.4028353281  -1.3256205779
0.3723010439  -0.3977320547  -1.3302020629
0.3677190862  -0.3926447944  -1.3347696443
0.3631510312  -0.3875738389  -1.3393233381
0.3585968622  -0.3825192885  -1.3438631601
0.3540565632  -0.3774812031  -1.3483891260
0.3495301188  -0.3724596671  -1.3529012510
0.3450175138  -0.3674547622  -1.3573995500
0.3405187337  -0.3624665674  -1.3618840374
0.3360337641  -0.3574951597  -1.3663547272
0.3315625912  -0.3525406143  -1.3708116333
0.3271052014  -0.3476030060  -1.3752547692
0.3226615816  -0.3426824094  -1.3796841480
0.3182317187  -0.3377788996  -1.3840997827
0.3138156000  -0.3328925525  -1.3885016860
0.3094132131  -0.3280234458  -1.3928898705
0.3050245455  -0.3231716588  -1.3972643484
0.3006495853  -0.3183372730  -1.4016251320
0.2962883202  -0.3135203723  -1.4059722332
0.2919407384  -0.3087210431  -1.4103056640
0.2876068279  -0.3039393745  -1.4146254363
0.2832865770  -0.2991754580  -1.4189315619
0.2789799737  -0.2944293879  -1.4232240525
0.2746870061  -0.2897012607  -1.4275029201
0.2704076624  -0.2849911755  -1.4317681765
0.2661419304  -0.2802992331  -1.4360198337
0.2618897980  -0.2756255361  -1.4402579039
0.2576512529  -0.2709701886  -1.4444823992
0.2534262826  -0.2663332954  -1.4486933323
0.2492148744  -0.2617149621  -1.4528907157
0.2450170152  -0.2571152942  -1.4570745624
0.2408326962  -0.2525349742  -1.4612449226
0.2366619131  -0.2479748724  -1.4654018893
0.2325046464  -0.2434337157  -1.4695454496
0.2283608586  -0.2389098354  -1.4736754931
0.2242305286  -0.2344040133  -1.4777919910
0.2201136526  -0.2299172720  -1.4818949641
0.2160102221  -0.2254497730  -1.4859844159
0.2119202226  -0.2210016658  -1.4900603533
0.2078436393  -0.2165730912  -1.4941227865
0.2037804570  -0.2121641800  -1.4981717292
0.1997306600  -0.2077750518  -1.5022071992
0.1956942317  -0.2034058149  -1.5062292182
0.1916711552  -0.1990565649  -1.5102378122
0.1876614125  -0.1947273855  -1.5142330115
0.1836649848  -0.1904183472  -1.5182148505
0.1796818524  -0.1861295083  -1.5221833682
0.1757119946  -0.1818609142  -1.5261386077
0.1717553899  -0.1776125987  -1.5300806164
0.1678120156  -0.1733845832  -1.5340094455
0.1638818480  -0.1691768785  -1.5379251503
0.1599648624  -0.1649894842  -1.5418277895
0.1560610331  -0.1608223905  -1.5457174252
0.1521703333  -0.1566755779  -1.5495941221
0.1482927352  -0.1525490187  -1.5534579476
0.1444282101  -0.1484426776  -1.5573089713
0.1405767283  -0.1443565125  -1.5611472638
0.1367382592  -0.1402904751  -1.5649728971
0.1329127711  -0.1362445121  -1.5687859433
0.1291002315  -0.1322185660  -1.5725864742
0.1253006071  -0.1282125754  -1.5763745603
0.1215138634  -0.1242264761  -1.5801502708
0.1177399652  -0.1202602033  -1.5839136717
0.1139811158  -0.1163141690  -1.5877202118
0.1102387325  -0.1123885590  -1.5915973981
0.1065069685  -0.1084820327  -1.5954505986
0.1027840863  -0.1045942061  -1.5993042676
0.0990730576  -0.1007256878  -1.6031567380
0.0953737962  -0.0968764184  -1.6070061105
0.0916862267  -0.0930463416  -1.6108502538
0.0880102856  -0.0892354046  -1.6146868046
0.0843459215  -0.0854435567  -1.6185131675
0.0806930967  -0.0816707491  -1.6223265149
0.0770517870  -0.0779169340  -1.6261237872
0.0734219826  -0.0741820639  -1.6299016927
0.0698036889  -0.0704660906  -1.6336567077
0.0661969265  -0.0667689642  -1.6373850764
0.0626017320  -0.0630906324  -1.6410828109
0.0590181582  -0.0594310392  -1.6447456910
0.0554462741  -0.0557901241  -1.6483692649
0.0518861654  -0.0521678212  -1.6519488483
0.0483379341  -0.0485640582  -1.6554795250
0.0448016983  -0.0449787558  -1.6589561467
0.0412775925  -0.0414118273  -1.6623733330
0.0377657662  -0.0378631777  -1.6657254715
0.0342663841  -0.0343327041  -1.6690067176
0.0307796249  -0.0308202954  -1.6722109947
0.0273056799  -0.0273258325  -1.6753319941
0.0238447524  -0.0238491892  -1.6783631750
0.0203970558  -0.0203902328  -1.6812977646
0.0169628118  -0.0169488254  -1.6841287580
0.0135422485  -0.0135248250  -1.6868489180
0.0101355979  -0.0101180873  -1.6894507758
0.0067430935  -0.0067284677  -1.6919266300
0.0033649668  -0.0033558225  -1.6942685474
0.0033619243  -0.0033558023  -1.6942685474
