0.19202
0.9849536660  -1.1069853124   0.0000346445
0.9849536660  -1.1069853124   0.0000346445
0.9849580920  -1.1069895583   0.0000303468
0.9849579028  -1.1069832837   0.0000177494
0.9849503514  -1.1069636563  -0.0000033620
0.9849341096  -1.1069291949  -0.0000332014
0.9849086380  -1.1068793123  -0.0000719821
0.9848736149  -1.1068136659  -0.0001199168
0.9848288014  -1.1067320047  -0.0001772180
0.9847739956  -1.1066341174  -0.0002440972
0.9847090141  -1.1065198112  -0.0003207658
0.9846336830  -1.1063889019  -0.0004074345
0.9845478337  -1.1062412086  -0.0005043132
0.9844513002  -1.1060765511  -0.0006116118
0.9843439174  -1.1058947482  -0.0007295393
0.9842255207  -1.1056956166  -0.0008583041
0.9840959452  -1.1054789702  -0.0009981144
0.9839550250  -1.1052446201  -0.0011491776
0.9838025934  -1.1049923737  -0.0013117008
0.9836384825  -1.1047220350  -0.0014858902
0.9834625230  -1.1044334045  -0.0016719518
0.9832745443  -1.1041262789  -0.0018700909
0.9830743741  -1.1038004512  -0.0020805125
0.9828618387  -1.1034557108  -0.0023034207
0.9826367628  -1.1030918432  -0.0025390194
0.9823989696  -1.1027086306  -0.0027875117
0.9821482804  -1.1023058513  -0.0030491004
0.9818845151  -1.1018832802  -0.0033239876
0.9816074919  -1.1014406889  -0.0036123750
0.9813170271  -1.1009778454  -0.0039144636
0.9810129357  -1.1004945144  -0.0042304540
0.9806950307  -1.0999904575  -0.0045605464
0.9803631190  -1.0994652178  -0.0049054525
0.9800170156  -1.0989187480  -0.0052648999
0.9796565350  -1.0983510858  -0.0056389131
0.9792814788  -1.0977618236  -0.0060276823
0.9788916497  -1.0971506329  -0.0064313969
0.9784868505  -1.0965172373  -0.0068502526
0.9780668824  -1.0958613662  -0.0072844466
0.9776315452  -1.0951827503  -0.0077341786
0.9771806373  -1.0944811198  -0.0081996502
0.9767139553  -1.0937562037  -0.0086810652
0.9762312943  -1.0930077300  -0.0091786287
0.9757324479  -1.0922354257  -0.0096925479
0.9752172080  -1.0914390169  -0.0102230314
0.9746853652  -1.0906182289  -0.0107702893
0.9741367083  -1.0897727861  -0.0113345335
0.9735710248  -1.0889024129  -0.0119159775
0.9729881006  -1.0880068335  -0.0125148363
0.9723877204  -1.0870857722  -0.0131313264
0.9717696671  -1.0861389538  -0.0137656657
0.9711337225  -1.0851661034  -0.0144180732
0.9704796668  -1.0841669470  -0.0150887694
0.9698072793  -1.0831412117  -0.0157779758
0.9691163381  -1.0820886260  -0.0164859152
0.9684066202  -1.0810089198  -0.0172128116
0.9676779011  -1.0799018242  -0.0179588904
0.9669299554  -1.0787670722  -0.0187243778
0.9661625562  -1.0776043986  -0.0195095015
0.9653754759  -1.0764135407  -0.0203144900
0.9645684856  -1.0751942378  -0.0211395730
0.9637413555  -1.0739462323  -0.0219849811
0.9628938542  -1.0726692688  -0.0228509456
0.9620257493  -1.0713630336  -0.0237376989
0.9611368080  -1.0700272555  -0.0246454739
0.9602267974  -1.0686618158  -0.0255745045
0.9592954843  -1.0672665339  -0.0265250258
0.9583426350  -1.0658411282  -0.0274972741
0.9573680149  -1.0643853434  -0.0284914862
0.9563713890  -1.0628989444  -0.0295078993
0.9553525212  -1.0613817018  -0.0305467505
0.9543111727  -1.0598333892  -0.0316082773
0.9532471034  -1.0582537826  -0.0326927175
0.9521600720  -1.0566426610  -0.0338003099
0.9510498366  -1.0549998070  -0.0349312944
0.9499161544  -1.0533250077  -0.0360859112
0.9487587841  -1.0516180564  -0.0372644005
0.9475774874  -1.0498787542  -0.0384670017
0.9463720276  -1.0481069082  -0.0396939539
0.9451421685  -1.0463023302  -0.0409454963
0.9438876751  -1.0444648376  -0.0422218682
0.9426083106  -1.0425942503  -0.0435233091
0.9413038345  -1.0406903897  -0.0448500580
0.9399740050  -1.0387530799  -0.0462023541
0.9386185805  -1.0367821504  -0.0475804370
0.9372373192  -1.0347774350  -0.0489845459
0.9358299811  -1.0327387744  -0.0504149190
0.9343963290  -1.0306660175  -0.0518717940
0.9329361264  -1.0285590188  -0.0533554079
0.9314491366  -1.0264176386  -0.0548659965
0.9299351237  -1.0242417432  -0.0564037943
0.9283938545  -1.0220312071  -0.0579690346
0.9268250948  -1.0197859092  -0.0595619506
0.9252286073  -1.0175057307  -0.0611827751
0.9236041544  -1.0151905559  -0.0628317395
0.9219514980  -1.0128402725  -0.0645090727
0.9202704072  -1.0104547857  -0.0662150014
0.9185606640  -1.0080340269  -0.0679497516
0.9168220576  -1.0055779420  -0.0697135492
0.9150543772  -1.0030864869  -0.0715066183
0.9132574002  -1.0005596268  -0.0733291791
0.9114308912  -0.9979973303  -0.0751814480
0.9095746125  -0.9953995023  -0.0770636412
0.9076883324  -0.9927659239  -0.0789759762
0.9057718401  -0.9900963703  -0.0809186692
0.9038249443  -0.9873907858  -0.0828919321
0.9018474600  -0.9846492868  -0.0848959726
0.8998391899  -0.9818720346  -0.0869309954
0.8977999113  -0.9790591560  -0.0889972030
0.8957293906  -0.9762107509  -0.0910947953
0.8936274132  -0.9733269260  -0.0932239697
0.8914937871  -0.9704077990  -0.0953849204
0.8893283218  -0.9674534766  -0.0975778383
0.8871308206  -0.9644640476  -0.0998029112
0.8849010959  -0.9614395962  -0.1020603242
0.8826389836  -0.9583802168  -0.1043502594
0.8803443259  -0.9552859991  -0.1066728955
0.8780169483  -0.9521570073  -0.1090284074
0.8756566712  -0.9489932899  -0.1114169641
0.8732633273  -0.9457948997  -0.1138387305
0.8708367520  -0.9425618878  -0.1162938698
0.8683767679  -0.9392942867  -0.1187825422
0.8658831940  -0.9359921232  -0.1213049028
0.8633558807  -0.9326554551  -0.1238611019
0.8607947139  -0.9292843759  -0.1264512851
0.8581995785  -0.9258789819  -0.1290755919
0.8555703209  -0.9224393357  -0.1317341550
0.8529067603  -0.9189654748  -0.1344271031
0.8502087494  -0.9154574767  -0.1371545602
0.8474762013  -0.9119154833  -0.1399166416
0.8447090539  -0.9083396578  -0.1427134532
0.8419071834  -0.9047300770  -0.1455450919
0.8390703861  -0.9010866146  -0.1484116389
0.8361985079  -0.8974093247  -0.1513131681
0.8332915387  -0.8936993383  -0.1542497983
0.8303495154  -0.8899584111  -0.1572217096
0.8273723724  -0.8861870577  -0.1602290597
0.8243599621  -0.8823843702  -0.1632719217
0.8213121691  -0.8785495567  -0.1663503146
0.8182289207  -0.8746825621  -0.1694642458
0.8151101578  -0.8707837069  -0.1726137232
0.8119558440  -0.8668534272  -0.1757987471
0.8087659546  -0.8628922097  -0.1790193024
0.8055404557  -0.8589005642  -0.1822753688
0.8022793163  -0.8548790314  -0.1855669241
0.7989825358  -0.8508282131  -0.1888939373
0.7956501335  -0.8467487582  -0.1922563678
0.7922821261  -0.8426413336  -0.1956541672
0.7888785476  -0.8385066399  -0.1990872810
0.7854394022  -0.8343453665  -0.2025556473
0.7819646428  -0.8301581648  -0.2060591961
0.7784543310  -0.8259458025  -0.2095978495
0.7749086187  -0.8217091450  -0.2131715212
0.7713276011  -0.8174490025  -0.2167801144
0.7677113516  -0.8131661612  -0.2204235203
0.7640599649  -0.8088614217  -0.2241016135
0.7603735467  -0.8045355872  -0.2278142479
0.7566521424  -0.8001893855  -0.2315612494
0.7528958102  -0.7958235395  -0.2353424045
0.7491047455  -0.7914388893  -0.2391574361
0.7452790894  -0.7870361962  -0.2430059616
0.7414188553  -0.7826160660  -0.2468874087
0.7375240883  -0.7781790991  -0.2508008228
0.7335947856  -0.7737258056  -0.2547444275
0.7296305268  -0.7692564181  -0.2587135725
0.7256315473  -0.7647715623  -0.2627080419
0.7216006743  -0.7602734237  -0.2667396976
0.7175407951  -0.7557645918  -0.2708191898
0.7134513393  -0.7512459607  -0.2749472875
0.7093302430  -0.7467172102  -0.2791217625
0.7051765004  -0.7421780338  -0.2833410093
0.7009900596  -0.7376284267  -0.2876036535
0.6967712713  -0.7330685995  -0.2919082141
0.6925200929  -0.7284982621  -0.2962531046
0.6882364582  -0.7239169990  -0.3006366399
0.6839207570  -0.7193247659  -0.3050570443
0.6795732686  -0.7147213193  -0.3095124587
0.6751941283  -0.7101061856  -0.3140009474
0.6707834914  -0.7054788384  -0.3185205052
0.6663415856  -0.7008387595  -0.3230690649
0.6618686678  -0.6961854016  -0.3276445045
0.6573649310  -0.6915181011  -0.3322446557
0.6528305536  -0.6868361350  -0.3368673096
0.6482657313  -0.6821387651  -0.3415102205
0.6436705780  -0.6774251475  -0.3461711124
0.6390451044  -0.6726943185  -0.3508476873
0.6343892129  -0.6679452001  -0.3555376314
0.6297026025  -0.6631765148  -0.3602386206
0.6249846640  -0.6583866947  -0.3649483286
0.6202342974  -0.6535737138  -0.3696644335
0.6154495654  -0.6487347511  -0.3743846218
0.6106270296  -0.6438655552  -0.3791065940
0.6057607691  -0.6389595030  -0.3838280752
0.6008397201  -0.6340049996  -0.3885468243
0.5958414421  -0.6289793610  -0.3932606442
0.5907184984  -0.6238355093  -0.3979674100
0.5853014912  -0.6184065139  -0.4026650592
0.5799043059  -0.6130085641  -0.4073514589
0.5749815812  -0.6080908775  -0.4120243336
0.5703711078  -0.6034828199  -0.4166814354
0.5658436202  -0.5989518113  -0.4213207122
0.5613407995  -0.5944386295  -0.4259402772
0.5568609860  -0.5899407851  -0.4305383367
0.5524038856  -0.5854571492  -0.4351131748
0.5479693631  -0.5809868410  -0.4396631708
0.5435573063  -0.5765290973  -0.4441868144
0.5391676240  -0.5720832719  -0.4486827022
0.5348002416  -0.5676488329  -0.4531495394
0.5304551027  -0.5632253601  -0.4575861521
0.5261321692  -0.5588125421  -0.4619914939
0.5218314193  -0.5544101723  -0.4663646495
0.5175528443  -0.5500181435  -0.4707048394
0.5132964481  -0.5456364431  -0.4750114263
0.5090622452  -0.5412651468  -0.4792839221
0.5048502600  -0.5369044133  -0.4835219931
0.5006605237  -0.5325544766  -0.4877254672
0.4964930741  -0.5282156403  -0.4918943427
0.4923479538  -0.5238882698  -0.4960287971
0.4882252094  -0.5195727855  -0.5001291992
0.4841248904  -0.5152696558  -0.5041961237
0.4800470501  -0.5109793904  -0.5082303724
0.4759917475  -0.5067025345  -0.5122330050
0.4719590520  -0.5024396648  -0.5162053897
0.4679490541  -0.4981913876  -0.5201492845
0.4639618867  -0.4939583432  -0.5240669887
0.4599977770  -0.4897412254  -0.5279616617
0.4560571678  -0.4855408416  -0.5318380198
0.4521412426  -0.4813582538  -0.5357051118
0.4482504200  -0.4771942180  -0.5395689434
0.4443813090  -0.4730481588  -0.5434221742
0.4405295987  -0.4689189782  -0.5472552731
0.4366949730  -0.4648066152  -0.5510664867
0.4328793486  -0.4607117271  -0.5548567942
0.4290836971  -0.4566347978  -0.5586266353
0.4253080867  -0.4525760664  -0.5623761558
0.4215523961  -0.4485356947  -0.5661054997
0.4178164999  -0.4445138190  -0.5698148147
0.4141002730  -0.4405105527  -0.5735042524
0.4104035904  -0.4365259869  -0.5771739679
0.4067263281  -0.4325601913  -0.5808241189
0.4030683623  -0.4286132147  -0.5844548658
0.3994295695  -0.4246850860  -0.5880663701
0.3958098266  -0.4207758152  -0.5916587944
0.3922090110  -0.4168853947  -0.5952323016
0.3886270005  -0.4130138004  -0.5987870538
0.3850636731  -0.4091609930  -0.6023232119
0.3815189077  -0.4053269191  -0.6058409349
0.3779925833  -0.4015115132  -0.6093403787
0.3744845799  -0.3977146983  -0.6128216958
0.3709947777  -0.3939363877  -0.6162850344
0.3675230579  -0.3901764863  -0.6197305374
0.3640693021  -0.3864348920  -0.6231583416
0.3606333929  -0.3827114964  -0.6265685770
0.3572152134  -0.3790061861  -0.6299613657
0.3538146473  -0.3753188430  -0.6333368201
0.3504315790  -0.3716493437  -0.6366950416
0.3470658930  -0.3679975567  -0.6400361165
0.3437174733  -0.3643633339  -0.6433601097
0.3403862009  -0.3607464770  -0.6466670455
0.3370719550  -0.3571467876  -0.6499569104
0.3337746277  -0.3535643101  -0.6532297376
0.3304941379  -0.3499993596  -0.6564856765
0.3272304127  -0.3464521237  -0.6597249216
0.3239833581  -0.3429224743  -0.6629476186
0.3207528618  -0.3394102023  -0.6661538710
0.3175388121  -0.3359151847  -0.6693437767
0.3143411046  -0.3324373575  -0.6725174361
0.3111596386  -0.3289766716  -0.6756749497
0.3079943147  -0.3255330814  -0.6788164172
0.3048450342  -0.3221065451  -0.6819419373
0.3017116991  -0.3186970238  -0.6850516081
0.2985942124  -0.3153044815  -0.6881455264
0.2954924775  -0.3119288850  -0.6912237885
0.2924063987  -0.3085702028  -0.6942864897
0.2893358809  -0.3052284058  -0.6973337245
0.2862808300  -0.3019034659  -0.7003655867
0.2832411521  -0.2985953561  -0.7033821693
0.2802167544  -0.2953040498  -0.7063835647
0.2772075444  -0.2920295207  -0.7093698642
0.2742134305  -0.2887717418  -0.7123411590
0.2712343217  -0.2855306853  -0.7152975392
0.2682701274  -0.2823063220  -0.7182390945
0.2653207579  -0.2790986208  -0.7211659139
0.2623861238  -0.2759075481  -0.7240780861
0.2594661366  -0.2727330676  -0.7269756989
0.2565607080  -0.2695751395  -0.7298588399
0.2536697506  -0.2664337200  -0.7327275960
0.2507931773  -0.2633087600  -0.7355820540
0.2479309016  -0.2602002044  -0.7384223001
0.2450828376  -0.2571079878  -0.7412484205
0.2422488999  -0.2540320332  -0.7440605010
0.2394290034  -0.2509722623  -0.7468586275
0.2366230638  -0.2479286154  -0.7496428848
0.2338309970  -0.2449010520  -0.7524133566
0.2310527197  -0.2418895321  -0.7551701254
0.2282881488  -0.2388940058  -0.7579132734
0.2255372020  -0.2359144182  -0.7606428829
0.2227997973  -0.2329507130  -0.7633590355
0.2200758533  -0.2300028337  -0.7660618126
0.2173652891  -0.2270707231  -0.7687512948
0.2146680240  -0.2241543234  -0.7714275626
0.2119839782  -0.2212535760  -0.7740906958
0.2093130718  -0.2183684216  -0.7767407738
0.2066552259  -0.2154988004  -0.7793778756
0.2040103616  -0.2126446456  -0.7820020798
0.2013784006  -0.2098058781  -0.7846134646
0.1987592650  -0.2069824319  -0.7872121075
0.1961528775  -0.2041742735  -0.7897980858
0.1935591613  -0.2013813654  -0.7923714763
0.1909780398  -0.1986036441  -0.7949323553
0.1884094369  -0.1958410400  -0.7974807988
0.1858532768  -0.1930934863  -0.8000168823
0.1833094842  -0.1903609149  -0.8025406811
0.1807779841  -0.1876432569  -0.8050522698
0.1782587022  -0.1849404427  -0.8075517229
0.1757515642  -0.1822524019  -0.8100391143
0.1732564964  -0.1795790635  -0.8125145175
0.1707734256  -0.1769203562  -0.8149780056
0.1683022788  -0.1742762083  -0.8174296515
0.1658429835  -0.1716465478  -0.8198695274
0.1633954675  -0.1690313024  -0.8222977053
0.1609596591  -0.1664304001  -0.8247142569
0.1585354870  -0.1638437683  -0.8271192532
0.1561228801  -0.1612713348  -0.8295127651
0.1537217679  -0.1587130271  -0.8318948630
0.1513320801  -0.1561687730  -0.8342656169
0.1489537470  -0.1536385003  -0.8366250964
0.1465866989  -0.1511221367  -0.8389733708
0.1442308669  -0.1486196102  -0.8413105089
0.1418861822  -0.1461308487  -0.8436365793
0.1395525765  -0.1436557804  -0.8459516502
0.1372299817  -0.1411943333  -0.8482557891
0.1349183303  -0.1387464355  -0.8505490636
0.1326175550  -0.1363120152  -0.8528315407
0.1303275889  -0.1338910004  -0.8551032869
0.1280483655  -0.1314833193  -0.8573643686
0.1257798193  -0.1290889705  -0.8596148607
0.1235218857  -0.1267079739  -0.8618548484
0.1212744982  -0.1243400875  -0.8640843903
0.1190375886  -0.1219850250  -0.8663035206
0.1168110916  -0.1196428001  -0.8685122931
0.1145949443  -0.1173134536  -0.8707107732
0.1123890834  -0.1149969208  -0.8728990218
0.1101934456  -0.1126931354  -0.8750770998
0.1080079675  -0.1104020302  -0.8772450687
0.1058325865  -0.1081235368  -0.8794029903
0.1036672400  -0.1058575860  -0.8815509269
0.1015118659  -0.1036041072  -0.8836889412
0.0993664024  -0.1013630287  -0.8858170965
0.0972307881  -0.0991342778  -0.8879354568
0.0951049617  -0.0969177806  -0.8900440865
0.0929888624  -0.0947134623  -0.8921430505
0.0908824297  -0.0925212471  -0.8942324143
0.0887856032  -0.0903410581  -0.8963122442
0.0866983231  -0.0881728178  -0.8983826065
0.0846205297  -0.0860164480  -0.9004435683
0.0825521636  -0.0838718696  -0.9024951970
0.0804931658  -0.0817390032  -0.9045375602
0.0784434775  -0.0796177689  -0.9065707257
0.0764030403  -0.0775080866  -0.9085947615
0.0743717962  -0.0754098756  -0.9106097354
0.0723496871  -0.0733230554  -0.9126157153
0.0703366556  -0.0712475454  -0.9146127685
0.0683326446  -0.0691832651  -0.9166009621
0.0663375971  -0.0671301338  -0.9185803623
0.0643514565  -0.0650880716  -0.9205510348
0.0623741666  -0.0630569983  -0.9225130440
0.0604056713  -0.0610368347  -0.9244664532
0.0584464721  -0.0590275481  -0.9264393023
0.0564968766  -0.0570290834  -0.9284455091
0.0545553864  -0.0550412392  -0.9304373331
0.0526215228  -0.0530639091  -0.9324271604
0.0506959796  -0.0510970820  -0.9344141878
0.0487786907  -0.0491406829  -0.9363974956
0.0468695934  -0.0471946377  -0.9383760471
0.0449686285  -0.0452588730  -0.9403486888
0.0430757401  -0.0433333160  -0.9423141501
0.0411908766  -0.0414178949  -0.9442710439
0.0393139902  -0.0395125383  -0.9462178658
0.0374450373  -0.0376171754  -0.9481529949
0.0355839787  -0.0357317359  -0.9500746932
0.0337307795  -0.0338561499  -0.9519811061
0.0318854098  -0.0319903477  -0.9538702617
0.0300478439  -0.0301342598  -0.9557400716
0.0282180612  -0.0282878171  -0.9575883304
0.0263960457  -0.0264509502  -0.9594127158
0.0245817863  -0.0246235902  -0.9612107887
0.0227752765  -0.0228056677  -0.9629799932
0.0209765144  -0.0209971137  -0.9647176562
0.0191855028  -0.0191978586  -0.9664209881
0.0174022486  -0.0174078333  -0.9680870822
0.0156267631  -0.0156269682  -0.9697129151
0.0138590612  -0.0138551940  -0.9712953464
0.0120991613  -0.0120924412  -0.9728311189
0.0103470849  -0.0103386406  -0.9743168585
0.0086028560  -0.0085937232  -0.9757490743
0.0068665007  -0.0068576204  -0.9771241583
0.0051380463  -0.0051302639  -0.9784383859
0.0034175210  -0.0034115863  -0.9796879156
0.0017049526  -0.0017015207  -0.9808687888
0.0017041777  -0.0017015184  -0.9808687888
