0.132493
1.4950438566  -1.9291717200   0.0000711080
1.4950438566  -1.9291717200   0.0000711080
1.4950517081  -1.9291782481   0.0000600675
1.4950493094  -1.9291505238   0.0000307022
1.4950310701  -1.9290814288  -0.0000175211
1.4949936064  -1.9289649833  -0.0000851283
1.4949356017  -1.9287990625  -0.0001726383
1.4948562909  -1.9285825508  -0.0002805628
1.4947551190  -1.9283147104  -0.0004094065
1.4946316261  -1.9279949696  -0.0005596671
1.4944854012  -1.9276228369  -0.0007318348
1.4943160603  -1.9271978605  -0.0009263933
1.4941232353  -1.9267196077  -0.0011438185
1.4939065680  -1.9261876532  -0.0013845799
1.4936657060  -1.9256015733  -0.0016491393
1.4934003014  -1.9249609417  -0.0019379518
1.4931100087  -1.9242653274  -0.0022514652
1.4927944843  -1.9235142934  -0.0025901202
1.4924533862  -1.9227073963  -0.0029543506
1.4920863732  -1.9218441857  -0.0033445828
1.4916931052  -1.9209242046  -0.0037612364
1.4912732424  -1.9199469896  -0.0042047235
1.4908264461  -1.9189120707  -0.0046754496
1.4903523782  -1.9178189728  -0.0051738128
1.4898507016  -1.9166672157  -0.0057002040
1.4893210800  -1.9154563151  -0.0062550073
1.4887631783  -1.9141857831  -0.0068385994
1.4881766625  -1.9128551288  -0.0074513501
1.4875612000  -1.9114638596  -0.0080936220
1.4869164596  -1.9100114816  -0.0087657707
1.4862421117  -1.9084975007  -0.0094681446
1.4855378285  -1.9069214235  -0.0102010850
1.4848032788  -1.9052819899  -0.0109660361
1.4840381473  -1.9035794127  -0.0117623315
1.4832421196  -1.9018141732  -0.0125899382
1.4824148679  -1.8999852178  -0.0134491405
1.4815560726  -1.8980918390  -0.0143402255
1.4806654199  -1.8961335018  -0.0152634962
1.4797425997  -1.8941097048  -0.0162192519
1.4787873053  -1.8920199703  -0.0172077900
1.4777992332  -1.8898638361  -0.0182294056
1.4767780841  -1.8876408544  -0.0192843909
1.4757235623  -1.8853505923  -0.0203730348
1.4746353765  -1.8829926327  -0.0214956225
1.4735132397  -1.8805665752  -0.0226524351
1.4723568693  -1.8780720371  -0.0238437494
1.4711659876  -1.8755086537  -0.0250698375
1.4699403215  -1.8728760797  -0.0263309668
1.4686796033  -1.8701739899  -0.0276273998
1.4673835702  -1.8674020797  -0.0289593935
1.4660519652  -1.8645600657  -0.0303271996
1.4646845365  -1.8616476867  -0.0317310636
1.4632810380  -1.8586647040  -0.0331712246
1.4618412254  -1.8556108989  -0.0346479156
1.4603648585  -1.8524860760  -0.0361613640
1.4588517069  -1.8492900687  -0.0377117908
1.4573015482  -1.8460227388  -0.0392994110
1.4557141666  -1.8426839751  -0.0409244335
1.4540893532  -1.8392736948  -0.0425870602
1.4524269060  -1.8357918418  -0.0442874870
1.4507266300  -1.8322383867  -0.0460259027
1.4489883375  -1.8286133266  -0.0478024890
1.4472118479  -1.8249166865  -0.0496174199
1.4453969879  -1.8211483269  -0.0514708614
1.4435435906  -1.8173082601  -0.0533629720
1.4416514975  -1.8133969800  -0.0552939034
1.4397205599  -1.8094147992  -0.0572638004
1.4377506361  -1.8053617490  -0.0592728010
1.4357415903  -1.8012379661  -0.0613210360
1.4336932935  -1.7970436581  -0.0634086290
1.4316056117  -1.7927790556  -0.0655356964
1.4294784159  -1.7884444162  -0.0677023466
1.4273115963  -1.7840400345  -0.0699086791
1.4251050544  -1.7795662337  -0.0721547847
1.4228586997  -1.7750233637  -0.0744407473
1.4205724503  -1.7704118012  -0.0767666441
1.4182462323  -1.7657319498  -0.0791325452
1.4158799798  -1.7609842392  -0.0815385138
1.4134736353  -1.7561691244  -0.0839846060
1.4110271489  -1.7512870847  -0.0864708711
1.4085404786  -1.7463386243  -0.0889973512
1.4060135904  -1.7413242742  -0.0915640812
1.4034464526  -1.7362445878  -0.0941710875
1.4008390162  -1.7311001229  -0.0968183877
1.3981912390  -1.7258914587  -0.0995059909
1.3955031096  -1.7206192129  -0.1022338980
1.3927746278  -1.7152840258  -0.1050021017
1.3900058016  -1.7098865579  -0.1078105872
1.3871966463  -1.7044274917  -0.1106593325
1.3843471853  -1.6989075334  -0.1135483130
1.3814574501  -1.6933274132  -0.1164775020
1.3785274790  -1.6876878874  -0.1194468666
1.3755573164  -1.6819897382  -0.1224563650
1.3725470009  -1.6762337637  -0.1255059483
1.3694965385  -1.6704207435  -0.1285955609
1.3664059480  -1.6645514613  -0.1317251408
1.3632752913  -1.6586267529  -0.1348946214
1.3601046411  -1.6526475003  -0.1381039356
1.3568940776  -1.6466146081  -0.1413530177
1.3536436876  -1.6405289939  -0.1446418004
1.3503535636  -1.6343915977  -0.1479702137
1.3470238030  -1.6282034064  -0.1513381853
1.3436545092  -1.6219654671  -0.1547456411
1.3402457531  -1.6156787332  -0.1581925059
1.3367975670  -1.6093438884  -0.1616787036
1.3333100206  -1.6029615456  -0.1652041582
1.3297832277  -1.5965325979  -0.1687687913
1.3262173088  -1.5900582393  -0.1723725215
1.3226123902  -1.5835397567  -0.1760152643
1.3189686033  -1.5769784111  -0.1796969331
1.3152860830  -1.5703754330  -0.1834174347
1.3115649666  -1.5637320283  -0.1871766695
1.3078053979  -1.5570494068  -0.1909745439
1.3040074971  -1.5503287483  -0.1948109787
1.3001713396  -1.5435711328  -0.1986859069
1.2962969807  -1.5367775679  -0.2025992716
1.2923844692  -1.5299490243  -0.2065510164
1.2884338450  -1.5230864359  -0.2105410696
1.2844451387  -1.5161906992  -0.2145693346
1.2804183737  -1.5092626768  -0.2186356923
1.2763536130  -1.5023032544  -0.2227400036
1.2722511016  -1.4953135250  -0.2268821129
1.2681110599  -1.4882945387  -0.2310618646
1.2639335249  -1.4812470970  -0.2352791146
1.2597185056  -1.4741719434  -0.2395337201
1.2554660021  -1.4670698008  -0.2438255324
1.2511760078  -1.4599413831  -0.2481544022
1.2468485119  -1.4527874000  -0.2525201821
1.2424835600  -1.4456086272  -0.2569227246
1.2380813889  -1.4384060729  -0.2613618780
1.2336422643  -1.4311807732  -0.2658374848
1.2291663442  -1.4239336250  -0.2703493820
1.2246537833  -1.4166655212  -0.2748974017
1.2201047389  -1.4093773667  -0.2794813549
1.2155193695  -1.4020700792  -0.2841010318
1.2108978609  -1.3947445690  -0.2887562875
1.2062404578  -1.3874017880  -0.2934470909
1.2015474001  -1.3800428117  -0.2981733965
1.1968188610  -1.3726688270  -0.3029350341
1.1920549889  -1.3652809901  -0.3077317607
1.1872559490  -1.3578803515  -0.3125633311
1.1824219165  -1.3504679229  -0.3174295042
1.1775528137  -1.3430445138  -0.3223300344
1.1726486871  -1.3356110735  -0.3272646725
1.1677101485  -1.3281690733  -0.3322331678
1.1627380377  -1.3207202096  -0.3372352661
1.1577332475  -1.3132662418  -0.3422707127
1.1526967007  -1.3058089702  -0.3473392544
1.1476289596  -1.2983499142  -0.3524406390
1.1425299508  -1.2908899416  -0.3575746168
1.1373993042  -1.2834295045  -0.3627409371
1.1322365941  -1.2759689610  -0.3679393483
1.1270413346  -1.2685085971  -0.3731695992
1.1218131452  -1.2610488241  -0.3784314366
1.1165523958  -1.2535909126  -0.3837246223
1.1112597144  -1.2461363938  -0.3890488572
1.1059352951  -1.2386862698  -0.3944036251
1.1005792849  -1.2312414447  -0.3997884453
1.0951919567  -1.2238028803  -0.4052031505
1.0897737005  -1.2163717046  -0.4106476222
1.0843248342  -1.2089489950  -0.4161216357
1.0788455504  -1.2015356044  -0.4216249069
1.0733360058  -1.1941322863  -0.4271570419
1.0677963544  -1.1867397798  -0.4327174334
1.0622267403  -1.1793587824  -0.4383049618
1.0566263664  -1.1719893143  -0.4439142588
1.0509948475  -1.1646315614  -0.4495429926
1.0453361326  -1.1572882992  -0.4552031485
1.0396550042  -1.1499634711  -0.4609064197
1.0339506756  -1.1426583403  -0.4666529571
1.0282197430  -1.1353719535  -0.4724401208
1.0224608247  -1.1281036684  -0.4782664835
1.0166739807  -1.1208534464  -0.4841307228
1.0108593819  -1.1136211277  -0.4900314261
1.0050171349  -1.1064063030  -0.4959670965
0.9991474833  -1.0992086861  -0.5019361475
0.9932506602  -1.0920278541  -0.5079368976
0.9873267833  -1.0848630784  -0.5139675741
0.9813761024  -1.0777137642  -0.5200263177
0.9753988719  -1.0705792094  -0.5261111924
0.9693953298  -1.0634585707  -0.5322202074
0.9633657510  -1.0563510381  -0.5383513358
0.9573101881  -1.0492554609  -0.5445025234
0.9512287997  -1.0421707763  -0.5506716979
0.9451218923  -1.0350960267  -0.5568567756
0.9389896913  -1.0280301476  -0.5630556532
0.9328332585  -1.0209728973  -0.5692662002
0.9266484641  -1.0139188305  -0.5754862743
0.9204247508  -1.0068560753  -0.5817137346
0.9141671030  -0.9997885052  -0.5879464413
0.9078847353  -0.9927243893  -0.5941822528
0.9015759198  -0.9856608858  -0.6004190335
0.8952388554  -0.9785950458  -0.6066546649
0.8888701245  -0.9715223667  -0.6128870532
0.8824634177  -0.9644355758  -0.6191141359
0.8760061343  -0.9573212980  -0.6253338901
0.8694682329  -0.9501487523  -0.6315443796
0.8625965865  -0.9426662645  -0.6377437717
0.8556785049  -0.9351673959  -0.6439301444
0.8492742833  -0.9282094078  -0.6501013276
0.8431965942  -0.9215935851  -0.6562551383
0.8371765867  -0.9150451175  -0.6623896489
0.8311806573  -0.9085272060  -0.6685031335
0.8252082225  -0.9020371467  -0.6745939465
0.8192591049  -0.8955732214  -0.6806605131
0.8133331378  -0.8891338868  -0.6867013495
0.8074301786  -0.8827177349  -0.6927150681
0.8015501074  -0.8763234935  -0.6987003806
0.7956928275  -0.8699500252  -0.7046561073
0.7898582647  -0.8635963269  -0.7105811807
0.7840463645  -0.8572615298  -0.7164746484
0.7782570909  -0.8509448975  -0.7223356797
0.7724904254  -0.8446458242  -0.7281635694
0.7667463666  -0.8383638313  -0.7339577472
0.7610249288  -0.8320985622  -0.7397177836
0.7553261382  -0.8258497764  -0.7454433898
0.7496500301  -0.8196173429  -0.7511344233
0.7439966437  -0.8134012327  -0.7567908779
0.7383660433  -0.8072015168  -0.7624129753
0.7327583845  -0.8010183679  -0.7680013774
0.7271738488  -0.7948520489  -0.7735569815
0.7216124777  -0.7887028886  -0.7790806057
0.7160742353  -0.7825712668  -0.7845732065
0.7105591597  -0.7764576140  -0.7900360459
0.7050673447  -0.7703624114  -0.7954706763
0.6995989129  -0.7642861881  -0.8008790342
0.6941540537  -0.7582295254  -0.8062636187
0.6887331261  -0.7521931210  -0.8116279433
0.6833378367  -0.7461778972  -0.8169811451
0.6779696522  -0.7401847207  -0.8223311034
0.6726245234  -0.7342137449  -0.8276704280
0.6672962365  -0.7282644635  -0.8329884450
0.6619842925  -0.7223365058  -0.8382838437
0.6566915389  -0.7164299200  -0.8435580056
0.6514192347  -0.7105448770  -0.8488112434
0.6461673958  -0.7046814979  -0.8540436961
0.6409359002  -0.6988398656  -0.8592555051
0.6357246267  -0.6930200402  -0.8644468163
0.6305334553  -0.6872220602  -0.8696177795
0.6253622672  -0.6814459428  -0.8747685482
0.6202109450  -0.6756916850  -0.8798992783
0.6150793721  -0.6699592637  -0.8850101281
0.6099674329  -0.6642486374  -0.8901012573
0.6048750129  -0.6585597460  -0.8951728263
0.5998019982  -0.6528925127  -0.9002249952
0.5947482760  -0.6472468440  -0.9052579234
0.5897137343  -0.6416226314  -0.9102717685
0.5846982620  -0.6360197526  -0.9152666853
0.5797017490  -0.6304380730  -0.9202428253
0.5747240863  -0.6248774472  -0.9252003356
0.5697651650  -0.6193377213  -0.9301393558
0.5648248769  -0.6138187333  -0.9350600159
0.5599031145  -0.6083203157  -0.9399624371
0.5549997727  -0.6028422977  -0.9448467352
0.5501147488  -0.5973845069  -0.9497130184
0.5452479408  -0.5919467702  -0.9545613840
0.5403992472  -0.5865289141  -0.9593919170
0.5355685671  -0.5811307671  -0.9642046873
0.5307557994  -0.5757521582  -0.9689997445
0.5259608371  -0.5703929027  -0.9737770879
0.5211835634  -0.5650528032  -0.9785366489
0.5164238794  -0.5597317481  -0.9832784009
0.5116817405  -0.5544297703  -0.9880024800
0.5069571260  -0.5491468880  -0.9927090939
0.5022499744  -0.5438829763  -0.9973983791
0.4975601854  -0.5386378624  -1.0020704121
0.4928876607  -0.5334114247  -1.0067252656
0.4882323169  -0.5282035824  -1.0113630168
0.4835940771  -0.5230142706  -1.0159837423
0.4789728656  -0.5178434354  -1.0205875171
0.4743686086  -0.5126910326  -1.0251744148
0.4697812330  -0.5075570281  -1.0297445077
0.4652106673  -0.5024413969  -1.0342978666
0.4606568408  -0.4973441231  -1.0388345610
0.4561196843  -0.4922651988  -1.0433546591
0.4515991295  -0.4872046238  -1.0478582278
0.4470951092  -0.4821624040  -1.0523453327
0.4426075576  -0.4771385518  -1.0568160384
0.4381364094  -0.4721330840  -1.0612704082
0.4336816008  -0.4671460220  -1.0657085044
0.4292430688  -0.4621773898  -1.0701303882
0.4248207513  -0.4572272132  -1.0745361197
0.4204145873  -0.4522955171  -1.0789257585
0.4160245166  -0.4473823248  -1.0832993628
0.4116504800  -0.4424876588  -1.0876569906
0.4072924190  -0.4376115404  -1.0919986988
0.4029502760  -0.4327539877  -1.0963245435
0.3986239942  -0.4279150146  -1.1006345805
0.3943135176  -0.4230946285  -1.1049288647
0.3900187908  -0.4182928291  -1.1092074509
0.3857397594  -0.4135095990  -1.1134703935
0.3814763695  -0.4087448931  -1.1177177470
0.3772285680  -0.4039986587  -1.1219495662
0.3729963023  -0.3992708852  -1.1261659047
0.3687795201  -0.3945616127  -1.1303668138
0.3645781695  -0.3898708862  -1.1345523435
0.3603921993  -0.3851987290  -1.1387225432
0.3562215591  -0.3805451543  -1.1428774627
0.3520661994  -0.3759101761  -1.1470171515
0.3479260708  -0.3712938096  -1.1511416584
0.3438011243  -0.3666960704  -1.1552510318
0.3396913118  -0.3621169741  -1.1593453198
0.3355965850  -0.3575565368  -1.1634245700
0.3315168965  -0.3530147746  -1.1674888295
0.3274521989  -0.3484916777  -1.1715381453
0.3234024454  -0.3439871858  -1.1755725641
0.3193675894  -0.3395012962  -1.1795921321
0.3153475849  -0.3350341472  -1.1835968951
0.3113423862  -0.3305858643  -1.1875868983
0.3073519476  -0.3261564641  -1.1915621870
0.3033762238  -0.3217459395  -1.1955228064
0.2994151698  -0.3173542967  -1.1994688013
0.2954687407  -0.3129815391  -1.2034002166
0.2915368917  -0.3086276678  -1.2073170968
0.2876195785  -0.3042926822  -1.2112194864
0.2837167565  -0.2999765796  -1.2151074298
0.2798283817  -0.2956793565  -1.2189809711
0.2759544100  -0.2914010084  -1.2228401545
0.2720947973  -0.2871415302  -1.2266850239
0.2682494998  -0.2829009167  -1.2305156233
0.2644184737  -0.2786791626  -1.2343319965
0.2606016753  -0.2744762628  -1.2381341871
0.2567990609  -0.2702922128  -1.2419222391
0.2530105868  -0.2661270082  -1.2456961959
0.2492362093  -0.2619806456  -1.2494561013
0.2454758849  -0.2578531219  -1.2532019988
0.2417295699  -0.2537444349  -1.2569339322
0.2379972206  -0.2496545827  -1.2606519449
0.2342787934  -0.2455835642  -1.2643560808
0.2305742443  -0.2415313786  -1.2680463836
0.2268835297  -0.2374980255  -1.2717228969
0.2232066057  -0.2334835047  -1.2753856647
0.2195434282  -0.2294878158  -1.2790347309
0.2158939531  -0.2255109584  -1.2826701395
0.2122581363  -0.2215529315  -1.2862919346
0.2086359335  -0.2176137337  -1.2899001605
0.2050273026  -0.2136936770  -1.2934948874
0.2014322044  -0.2097931734  -1.2970762155
0.1978505908  -0.2059114657  -1.3006441708
0.1942824036  -0.2020475866  -1.3041987109
0.1907275939  -0.1982019041  -1.3077398504
0.1871861232  -0.1943749139  -1.3112676384
0.1836579496  -0.1905666411  -1.3147821117
0.1801430285  -0.1867771038  -1.3182833095
0.1766413149  -0.1830063144  -1.3217712730
0.1731527637  -0.1792542797  -1.3252460458
0.1696773295  -0.1755210000  -1.3287076740
0.1662149667  -0.1718064692  -1.3321562064
0.1627656294  -0.1681106742  -1.3355916947
0.1593292714  -0.1644335953  -1.3390141932
0.1559058460  -0.1607752056  -1.3424237591
0.1524953062  -0.1571354719  -1.3458204524
0.1490976048  -0.1535143540  -1.3492043358
0.1457126937  -0.1499118054  -1.3525754751
0.1423405248  -0.1463277737  -1.3559339382
0.1389810494  -0.1427622005  -1.3592797956
0.1356342184  -0.1392150220  -1.3626131204
0.1322999822  -0.1356861695  -1.3659339872
0.1289782911  -0.1321755697  -1.3692424727
0.1256690945  -0.1286831452  -1.3725386551
0.1223723419  -0.1252088147  -1.3758226136
0.1190879821  -0.1217524939  -1.3790944282
0.1158159637  -0.1183140956  -1.3823541793
0.1125562349  -0.1148935303  -1.3856019470
0.1093087436  -0.1114907066  -1.3888378113
0.1060734374  -0.1081055315  -1.3920618505
0.1028502636  -0.1047379110  -1.3952741418
0.0996391691  -0.1013877510  -1.3984747598
0.0964416676  -0.0980551962  -1.4017104704
0.0932587260  -0.0947402771  -1.4050044786
0.0900862259  -0.0914422620  -1.4082770390
0.0869229224  -0.0881609003  -1.4115487879
0.0837708672  -0.0848964374  -1.4148183430
0.0806299730  -0.0816487846  -1.4180841262
0.0775001602  -0.0784178553  -1.4213443642
0.0743813580  -0.0752035644  -1.4245970878
0.0712735046  -0.0720058285  -1.4278401325
0.0681765480  -0.0688245656  -1.4310711383
0.0650904462  -0.0656596941  -1.4342875496
0.0620151678  -0.0625111332  -1.4374866152
0.0589506927  -0.0593788019  -1.4406653885
0.0558970120  -0.0562626189  -1.4438207272
0.0528541283  -0.0531625020  -1.4469492936
0.0498220566  -0.0500783675  -1.4500475545
0.0468008236  -0.0470101300  -1.4531117811
0.0437904684  -0.0439577021  -1.4561380490
0.0407910422  -0.0409209934  -1.4591222383
0.0378026084  -0.0378999110  -1.4620600337
0.0348252421  -0.0348943587  -1.4649469243
0.0318590301  -0.0319042370  -1.4677782035
0.0289040701  -0.0289294430  -1.4705489695
0.0259604704  -0.0259698707  -1.4732541246
0.0230283488  -0.0230254109  -1.4758883758
0.0201078321  -0.0200959516  -1.4784462346
0.0171990546  -0.0171813783  -1.4809220168
0.0143021569  -0.0142815751  -1.4833098427
0.0114172845  -0.0113964245  -1.4856036372
0.0085445862  -0.0085258089  -1.4877971297
0.0056842118  -0.0056696112  -1.4898838537
0.0028363099  -0.0028277155  -1.4918571476
0.0028341488  -0.0028277005  -1.4918571476
