0.126264
1.5575838259  -2.0227476418   0.0000784976
1.5575838259  -2.0227476418   0.0000784976
1.5575922251  -2.0227533283   0.0000658809
1.5575891630  -2.0227198057   0.0000327863
1.5575684812  -2.0226395373  -0.0000213923
1.5575263077  -2.0225055438  -0.0000972517
1.5574611474  -2.0223153961  -0.0001953793
1.5573721355  -2.0220678462  -0.0003163538
1.5572586469  -2.0217620869  -0.0004607443
1.5571201656  -2.0213975049  -0.0006291111
1.5569562318  -2.0209735805  -0.0008220051
1.5567664171  -2.0204898402  -0.0010399680
1.5565503120  -2.0199458328  -0.0012835327
1.5563075184  -2.0193411165  -0.0015532224
1.5560376463  -2.0186752508  -0.0018495516
1.5557403109  -2.0179477928  -0.0021730255
1.5554151310  -2.0171582947  -0.0025241400
1.5550617286  -2.0163063021  -0.0029033819
1.5546797280  -2.0153913534  -0.0033112291
1.5542687552  -2.0144129798  -0.0037481498
1.5538284384  -2.0133707056  -0.0042146036
1.5533584073  -2.0122640483  -0.0047110407
1.5528582935  -2.0110925194  -0.0052379020
1.5523277307  -2.0098556252  -0.0057956194
1.5517663542  -2.0085528673  -0.0063846156
1.5511738014  -2.0071837435  -0.0070053043
1.5505497122  -2.0057477492  -0.0076580897
1.5498937288  -2.0042443777  -0.0083433671
1.5492054957  -2.0026731218  -0.0090615226
1.5484846605  -2.0010334746  -0.0098129331
1.5477308738  -1.9993249308  -0.0105979663
1.5469437893  -1.9975469875  -0.0114169807
1.5461230595  -1.9956982499  -0.0122715599
1.5452683537  -1.9937790484  -0.0131609432
1.5443793423  -1.9917900188  -0.0140850724
1.5434556846  -1.9897300088  -0.0150442342
1.5424970502  -1.9875982815  -0.0160387187
1.5415031166  -1.9853942978  -0.0170688344
1.5404735667  -1.9831175599  -0.0181348846
1.5394080881  -1.9807676005  -0.0192371692
1.5383063743  -1.9783439735  -0.0203759847
1.5371681241  -1.9758462519  -0.0215516228
1.5359930424  -1.9732740290  -0.0227643701
1.5347808400  -1.9706269181  -0.0240145075
1.5335312342  -1.9679045545  -0.0253023097
1.5322439489  -1.9651065954  -0.0266280452
1.5309187146  -1.9622327217  -0.0279919760
1.5295552687  -1.9592826393  -0.0293943564
1.5281533559  -1.9562560800  -0.0308354332
1.5267127281  -1.9531528025  -0.0323154455
1.5252331415  -1.9499725889  -0.0338346251
1.5237143574  -1.9467152465  -0.0353931962
1.5221561471  -1.9433806134  -0.0369913754
1.5205582930  -1.9399685596  -0.0386293713
1.5189205855  -1.9364789854  -0.0403073844
1.5172428237  -1.9329118219  -0.0420256072
1.5155248155  -1.9292670324  -0.0437842234
1.5137663776  -1.9255446134  -0.0455834083
1.5119673354  -1.9217445945  -0.0474233275
1.5101275236  -1.9178670389  -0.0493041369
1.5082467861  -1.9139120433  -0.0512259835
1.5063249758  -1.9098797377  -0.0531890060
1.5043619554  -1.9057702852  -0.0551933342
1.5023575967  -1.9015836598  -0.0572390892
1.5003117798  -1.8973200098  -0.0593263834
1.4982243953  -1.8929800355  -0.0614553195
1.4960953421  -1.8885642234  -0.0636259917
1.4939245147  -1.8840727267  -0.0658384843
1.4917118173  -1.8795058235  -0.0680928707
1.4894571752  -1.8748638855  -0.0703892152
1.4871605250  -1.8701473249  -0.0727275735
1.4848218132  -1.8653565869  -0.0751079928
1.4824409963  -1.8604921469  -0.0775305116
1.4800180406  -1.8555545093  -0.0799951601
1.4775529219  -1.8505442076  -0.0825019593
1.4750456256  -1.8454618047  -0.0850509219
1.4724961464  -1.8403078922  -0.0876420500
1.4699044880  -1.8350830893  -0.0902753352
1.4672706627  -1.8297880409  -0.0929507612
1.4645946706  -1.8244233997  -0.0956683040
1.4618765103  -1.8189898335  -0.0984279322
1.4591162084  -1.8134880519  -0.1012296067
1.4563138107  -1.8079187999  -0.1040732813
1.4534693722  -1.8022828503  -0.1069589023
1.4505829569  -1.7965810016  -0.1098864091
1.4476546372  -1.7908140757  -0.1128557326
1.4446844936  -1.7849829148  -0.1158667941
1.4416726142  -1.7790883800  -0.1189195054
1.4386190949  -1.7731313502  -0.1220137692
1.4355240279  -1.7671127148  -0.1251494796
1.4323874751  -1.7610333540  -0.1283265225
1.4292095125  -1.7548941735  -0.1315447780
1.4259902587  -1.7486961313  -0.1348041240
1.4227298442  -1.7424402153  -0.1381044378
1.4194284062  -1.7361274245  -0.1414455897
1.4160860880  -1.7297587558  -0.1448274413
1.4127030386  -1.7233352307  -0.1482498475
1.4092794132  -1.7168579136  -0.1517126571
1.4058153701  -1.7103278859  -0.1552157137
1.4023110217  -1.7037462002  -0.1587588604
1.3987664694  -1.6971139132  -0.1623419437
1.3951818690  -1.6904321588  -0.1659648113
1.3915574001  -1.6837021445  -0.1696273094
1.3878932476  -1.6769250145  -0.1733292834
1.3841896007  -1.6701016712  -0.1770705787
1.3804466518  -1.6632329093  -0.1808510410
1.3766645970  -1.6563197639  -0.1846705164
1.3728436155  -1.6493635620  -0.1885288499
1.3689838176  -1.6423656848  -0.1924258854
1.3650853290  -1.6353274907  -0.1963614660
1.3611483482  -1.6282503463  -0.2003354348
1.3571730838  -1.6211355966  -0.2043476345
1.3531597465  -1.6139845570  -0.2083979020
1.3491085489  -1.6067985115  -0.2124860725
1.3450197085  -1.5995787150  -0.2166119944
1.3408934502  -1.5923264047  -0.2207755342
1.3367299881  -1.5850428213  -0.2249765716
1.3325294783  -1.5777291160  -0.2292149946
1.3282920218  -1.5703863106  -0.2334906841
1.3240177017  -1.5630153702  -0.2378034983
1.3197065882  -1.5556172192  -0.2421532707
1.3153587438  -1.5481927462  -0.2465398150
1.3109742259  -1.5407428083  -0.2509629287
1.3065531612  -1.5332683261  -0.2554224064
1.3020958799  -1.5257704582  -0.2599180550
1.2976026474  -1.5182502789  -0.2644496864
1.2930735156  -1.5107085893  -0.2690171095
1.2885085105  -1.5031461484  -0.2736201341
1.2839076497  -1.4955636995  -0.2782585712
1.2792709439  -1.4879619750  -0.2829322316
1.2745984108  -1.4803417188  -0.2876409242
1.2698902649  -1.4727039245  -0.2923844545
1.2651468423  -1.4650497370  -0.2971626240
1.2603683752  -1.4573801962  -0.3019752158
1.2555550515  -1.4496962992  -0.3068219942
1.2507070762  -1.4419988592  -0.3117027830
1.2458246867  -1.4342885144  -0.3166175166
1.2409081308  -1.4265662314  -0.3215661244
1.2359576446  -1.4188334953  -0.3265484176
1.2309734333  -1.4110917623  -0.3315641329
1.2259556885  -1.4033421742  -0.3366130046
1.2209046213  -1.3955857650  -0.3416947749
1.2158204531  -1.3878235701  -0.3468091841
1.2107033364  -1.3800565729  -0.3519559691
1.2055531801  -1.3722855674  -0.3571348659
1.2003702298  -1.3645116677  -0.3623456091
1.1951553246  -1.3567365292  -0.3675879298
1.1899094235  -1.3489619321  -0.3728615580
1.1846335377  -1.3411897081  -0.3781662235
1.1793285370  -1.3334215972  -0.3835016578
1.1739946319  -1.3256587181  -0.3888675931
1.1686314743  -1.3179015290  -0.3942637604
1.1632386153  -1.3101502879  -0.3996898936
1.1578155435  -1.3024051711  -0.4051457334
1.1523617574  -1.2946663621  -0.4106310311
1.1468774708  -1.2869348678  -0.4161455167
1.1413633057  -1.2792121509  -0.4216887150
1.1358195231  -1.2714992052  -0.4272600810
1.1302463632  -1.2637968944  -0.4328593647
1.1246441525  -1.2561061237  -0.4384864363
1.1190132345  -1.2484279118  -0.4441410730
1.1133538980  -1.2407632225  -0.4498229955
1.1076663294  -1.2331127918  -0.4555318267
1.1019506537  -1.2254772268  -0.4612669891
1.0962069467  -1.2178570305  -0.4670274370
1.0904344905  -1.2102522511  -0.4728082315
1.0846328940  -1.2026630995  -0.4786067604
1.0788058274  -1.1950921070  -0.4844338349
1.0729580729  -1.1875430376  -0.4903010966
1.0670891794  -1.1800173075  -0.4962091740
1.0611958268  -1.1725140940  -0.5021554354
1.0552764629  -1.1650325577  -0.5081384740
1.0493310719  -1.1575725055  -0.5141570150
1.0433598784  -1.1501338374  -0.5202096923
1.0373630098  -1.1427161395  -0.5262950542
1.0313406296  -1.1353189400  -0.5324115766
1.0252930063  -1.1279418331  -0.5385576664
1.0192203174  -1.1205841441  -0.5447316519
1.0131227419  -1.1132451185  -0.5509317791
1.0070005549  -1.1059240701  -0.5571562157
1.0008539668  -1.0986200936  -0.5634030574
0.9946832608  -1.0913323443  -0.5696703455
0.9884885659  -1.0840597473  -0.5759560907
0.9822699452  -1.0768010971  -0.5822582858
0.9760276473  -1.0695553498  -0.5885749132
0.9697619501  -1.0623214631  -0.5949039529
0.9634734834  -1.0550987229  -0.6012433770
0.9571610624  -1.0478845932  -0.6075911399
0.9508135517  -1.0406665859  -0.6139451895
0.9444316486  -1.0334442013  -0.6203034774
0.9380257470  -1.0262268488  -0.6266639571
0.9315955797  -1.0190131687  -0.6330245877
0.9251393191  -1.0118001642  -0.6393833425
0.9186538194  -1.0045835759  -0.6457382175
0.9121332338  -0.9973565504  -0.6520872397
0.9055659210  -0.9901066083  -0.6584284762
0.8989245232  -0.9828055485  -0.6647600767
0.8919768533  -0.9752221410  -0.6710802923
0.8849586473  -0.9675984430  -0.6773872966
0.8784152895  -0.9604777539  -0.6836790215
0.8722089393  -0.9537111622  -0.6899533685
0.8660634008  -0.9470162411  -0.6962084799
0.8599417235  -0.9403526164  -0.7024427033
0.8538433170  -0.9337174493  -0.7086544692
0.8477680016  -0.9271089776  -0.7148422747
0.8417156058  -0.9205256233  -0.7210047020
0.8356859813  -0.9139659425  -0.7271404274
0.8296790030  -0.9074286267  -0.7332482232
0.8236945677  -0.9009125030  -0.7393269631
0.8177325939  -0.8944165309  -0.7453756295
0.8117930202  -0.8879398017  -0.7513933159
0.8058758034  -0.8814815369  -0.7573792316
0.7999809174  -0.8750410866  -0.7633327069
0.7941083523  -0.8686179274  -0.7692531989
0.7882581142  -0.8622116590  -0.7751403006
0.7824302221  -0.8558219991  -0.7809937422
0.7766247040  -0.8494487759  -0.7868133929
0.7708415935  -0.8430919217  -0.7925992589
0.7650809360  -0.8367514683  -0.7983515177
0.7593428541  -0.8304275467  -0.8040707436
0.7536275339  -0.8241203817  -0.8097578370
0.7479350506  -0.8178302713  -0.8154136449
0.7422653665  -0.8115575676  -0.8210390834
0.7366184955  -0.8053026724  -0.8266353541
0.7309945194  -0.7990660382  -0.8322039423
0.7253935525  -0.7928481669  -0.8377466941
0.7198157723  -0.7866496131  -0.8432659823
0.7142615136  -0.7804710453  -0.8487651163
0.7087323731  -0.7743133410  -0.8542525692
0.7032298663  -0.7681773480  -0.8597362076
0.6977503352  -0.7620632904  -0.8652097325
0.6922876304  -0.7559707309  -0.8706626475
0.6868409139  -0.7498992585  -0.8760932500
0.6814129499  -0.7438488487  -0.8815029403
0.6760050858  -0.7378196401  -0.8868920495
0.6706173543  -0.7318117403  -0.8922607161
0.6652496337  -0.7258252202  -0.8976090809
0.6599018024  -0.7198601279  -0.9029372887
0.6545737405  -0.7139164911  -0.9082454883
0.6492653297  -0.7079943163  -0.9135338318
0.6439764526  -0.7020935901  -0.9188024736
0.6387069933  -0.6962142794  -0.9240515704
0.6334568366  -0.6903563332  -0.9292812800
0.6282258686  -0.6845196826  -0.9344917608
0.6230139763  -0.6787042430  -0.9396831712
0.6178210477  -0.6729099138  -0.9448556684
0.6126469717  -0.6671365805  -0.9500094079
0.6074916384  -0.6613841147  -0.9551445424
0.6023549387  -0.6556523765  -0.9602612215
0.5972367648  -0.6499412151  -0.9653595901
0.5921370095  -0.6442504718  -0.9704397867
0.5870555660  -0.6385799817  -0.9755019402
0.5819923281  -0.6329295736  -0.9805461702
0.5769471920  -0.6272990721  -0.9855725899
0.5719200564  -0.6216883000  -0.9905813056
0.5669108210  -0.6160970803  -0.9955724136
0.5619193864  -0.6105252370  -1.0005459975
0.5569456534  -0.6049725964  -1.0055021265
0.5519895230  -0.5994389877  -1.0104408499
0.5470508906  -0.5939242359  -1.0153621696
0.5421296415  -0.5884281605  -1.0202660200
0.5372256772  -0.5829506307  -1.0251523695
0.5323389535  -0.5774916152  -1.0300213427
0.5274694530  -0.5720510927  -1.0348731420
0.5226171199  -0.5666289489  -1.0397079048
0.5177818576  -0.5612250275  -1.0445257062
0.5129635698  -0.5558392085  -1.0493266156
0.5081621754  -0.5504714080  -1.0541107071
0.5033776001  -0.5451215588  -1.0588780541
0.4986097719  -0.5397896050  -1.0636287284
0.4938586197  -0.5344755016  -1.0683628003
0.4891240740  -0.5291792141  -1.0730803386
0.4844060667  -0.5239007179  -1.0777814106
0.4797045306  -0.5186399983  -1.0824660822
0.4750194002  -0.5133970493  -1.0871344178
0.4703506109  -0.5081718732  -1.0917864805
0.4656980995  -0.5029644796  -1.0964223319
0.4610618038  -0.4977748846  -1.1010420326
0.4564416629  -0.4926031099  -1.1056456416
0.4518376169  -0.4874491823  -1.1102332171
0.4472496072  -0.4823131318  -1.1148048159
0.4426775761  -0.4771949910  -1.1193604937
0.4381214670  -0.4720947923  -1.1239003053
0.4335812242  -0.4670125669  -1.1284243045
0.4290567931  -0.4619483448  -1.1329325444
0.4245481201  -0.4569021555  -1.1374250769
0.4200551524  -0.4518740258  -1.1419019535
0.4155778381  -0.4468639784  -1.1463632246
0.4111161263  -0.4418720302  -1.1508089402
0.4066699668  -0.4368981898  -1.1552391498
0.4022393102  -0.4319424495  -1.1596539024
0.3978241081  -0.4270047728  -1.1640532472
0.3934243127  -0.4220851137  -1.1684372334
0.3890398770  -0.4171834684  -1.1728059092
0.3846707541  -0.4122998878  -1.1771593204
0.3803168977  -0.4074344308  -1.1814975111
0.3759782624  -0.4025871345  -1.1858205252
0.3716548037  -0.3977580247  -1.1901284064
0.3673464776  -0.3929471281  -1.1944211982
0.3630532409  -0.3881544731  -1.1986989436
0.3587750506  -0.3833800889  -1.2029616848
0.3545118645  -0.3786240051  -1.2072094639
0.3502636407  -0.3738862522  -1.2114423221
0.3460303377  -0.3691668610  -1.2156603005
0.3418119146  -0.3644658324  -1.2198634397
0.3376083308  -0.3597831093  -1.2240517799
0.3334195459  -0.3551187013  -1.2282253613
0.3292455206  -0.3504727823  -1.2323842229
0.3250862154  -0.3458455121  -1.2365284035
0.3209415913  -0.3412369238  -1.2406579417
0.3168116094  -0.3366470240  -1.2447728762
0.3126962314  -0.3320758344  -1.2488732453
0.3085954190  -0.3275233740  -1.2529590872
0.3045091340  -0.3229896598  -1.2570304398
0.3004373388  -0.3184747062  -1.2610873409
0.2963799955  -0.3139785264  -1.2651298281
0.2923370668  -0.3095011324  -1.2691579390
0.2883085152  -0.3050425352  -1.2731717109
0.2842943036  -0.3006027459  -1.2771711811
0.2802943948  -0.2961817751  -1.2811563868
0.2763087518  -0.2917796341  -1.2851273650
0.2723373376  -0.2873963342  -1.2890841528
0.2683801153  -0.2830318880  -1.2930267871
0.2644370480  -0.2786863084  -1.2969553050
0.2605080988  -0.2743596094  -1.3008697431
0.2565932308  -0.2700518062  -1.3047701386
0.2526924071  -0.2657629146  -1.3086565282
0.2488055907  -0.2614929516  -1.3125289490
0.2449327446  -0.2572419350  -1.3163874380
0.2410738316  -0.2530098833  -1.3202320322
0.2372288147  -0.2487968156  -1.3240627688
0.2333976564  -0.2446027514  -1.3278796851
0.2295803195  -0.2404277106  -1.3316828185
0.2257767662  -0.2362717127  -1.3354722064
0.2219869589  -0.2321347771  -1.3392478866
0.2182108597  -0.2280169227  -1.3430098970
0.2144484334  -0.2239185356  -1.3467583040
0.2106996479  -0.2198401188  -1.3504932073
0.2069644608  -0.2157808087  -1.3542146246
0.2032428180  -0.2117394938  -1.3579224986
0.1995346762  -0.2077166250  -1.3616168345
0.1958400039  -0.2037128032  -1.3652976758
0.1921587659  -0.1997280794  -1.3689650527
0.1884909236  -0.1957624965  -1.3726189976
0.1848364380  -0.1918160909  -1.3762595456
0.1811952700  -0.1878888925  -1.3798867344
0.1775673800  -0.1839809238  -1.3835006045
0.1739527282  -0.1800921996  -1.3871011994
0.1703512743  -0.1762227267  -1.3906885658
0.1667629775  -0.1723725040  -1.3942627535
0.1631877968  -0.1685415223  -1.3978238156
0.1596256903  -0.1647297644  -1.4013718081
0.1560766159  -0.1609372054  -1.4049067906
0.1525405307  -0.1571638125  -1.4084288252
0.1490173914  -0.1534095459  -1.4119379774
0.1455071540  -0.1496743590  -1.4154343153
0.1420097742  -0.1459581985  -1.4189179096
0.1385252069  -0.1422610052  -1.4223888333
0.1350534064  -0.1385827144  -1.4258471615
0.1315943268  -0.1349232563  -1.4292929708
0.1281479212  -0.1312825568  -1.4327263395
0.1247141427  -0.1276605375  -1.4361473465
0.1212929436  -0.1240571171  -1.4395560714
0.1178842757  -0.1204722109  -1.4429525937
0.1144880906  -0.1169057320  -1.4463369923
0.1111043392  -0.1133575917  -1.4497093452
0.1077329720  -0.1098276996  -1.4530697285
0.1043739393  -0.1063159653  -1.4564182160
0.1010289185  -0.1028225829  -1.4598038394
0.0976989836  -0.0993476107  -1.4632509269
0.0943796017  -0.0958901976  -1.4666758522
0.0910694088  -0.0924500655  -1.4701002487
0.0877706755  -0.0890275279  -1.4735226611
0.0844833136  -0.0856224998  -1.4769414290
0.0812072436  -0.0822348983  -1.4803546869
0.0779423952  -0.0788646428  -1.4837603642
0.0746887083  -0.0755116542  -1.4871561854
0.0714461331  -0.0721758548  -1.4905396697
0.0682146310  -0.0688571677  -1.4939081314
0.0649941750  -0.0655555164  -1.4972586797
0.0617847500  -0.0622708244  -1.5005882186
0.0585863534  -0.0590030143  -1.5038934473
0.0553989953  -0.0557520079  -1.5071708596
0.0522226989  -0.0525177248  -1.5104167444
0.0490575005  -0.0493000825  -1.5136271856
0.0459034497  -0.0460989957  -1.5167980618
0.0427606094  -0.0429143756  -1.5199250469
0.0396290556  -0.0397461300  -1.5230036093
0.0365088772  -0.0365941627  -1.5260290126
0.0334001758  -0.0334583730  -1.5289963152
0.0303030649  -0.0303386565  -1.5319003707
0.0272176694  -0.0272349041  -1.5347358271
0.0241441247  -0.0241470030  -1.5374971279
0.0210825757  -0.0210748368  -1.5401785111
0.0180331758  -0.0180182859  -1.5427740100
0.0149960851  -0.0149772282  -1.5452774524
0.0119714689  -0.0119515402  -1.5476824614
0.0089594960  -0.0089410975  -1.5499824549
0.0059603363  -0.0059457760  -1.5521706456
0.0029741588  -0.0029654532  -1.5542400413
0.0029717824  -0.0029654370  -1.5542400413
