0.0897549
2.1111709170  -2.0704249671   0.0000668619
2.1111709170  -2.0704249671   0.0000668619
2.1111748501  -2.0704142403   0.0000542565
2.1111690014  -2.0703763125   0.0000232989
2.1111487210  -2.0703116764  -0.0000265214
2.1111096989  -2.0702150705  -0.0000957104
2.1110503935  -2.0700849148  -0.0001847696
2.1109699466  -2.0699204887  -0.0002941963
2.1108677552  -2.0697213843  -0.0004244833
2.1107433317  -2.0694873296  -0.0005761191
2.1105962472  -2.0692181160  -0.0007495876
2.1104261047  -2.0689135646  -0.0009453684
2.1102325257  -2.0685735086  -0.0011639369
2.1100151422  -2.0681977834  -0.0014057637
2.1097735928  -2.0677862214  -0.0016713154
2.1095075196  -2.0673386487  -0.0019610539
2.1092165664  -2.0668548825  -0.0022754369
2.1089003782  -2.0663347306  -0.0026149175
2.1085585997  -2.0657779903  -0.0029799447
2.1081908752  -2.0651844482  -0.0033709629
2.1077968482  -2.0645538800  -0.0037884120
2.1073761613  -2.0638860507  -0.0042327277
2.1069284559  -2.0631807147  -0.0047043412
2.1064533721  -2.0624376160  -0.0052036794
2.1059505488  -2.0616564887  -0.0057311647
2.1054196236  -2.0608370574  -0.0062872151
2.1048602328  -2.0599790371  -0.0068722442
2.1042720116  -2.0590821346  -0.0074866614
2.1036545938  -2.0581460483  -0.0081308713
2.1030076125  -2.0571704688  -0.0088052745
2.1023306994  -2.0561550799  -0.0095102670
2.1016234857  -2.0550995588  -0.0102462405
2.1008855892  -2.0540027549  -0.0110146115
2.1001166545  -2.0528650781  -0.0118148572
2.0993163265  -2.0516872101  -0.0126470462
2.0984842193  -2.0504682266  -0.0135114746
2.0976199546  -2.0492075636  -0.0144084703
2.0967231582  -2.0479047849  -0.0153383996
2.0957934571  -2.0465594832  -0.0163016272
2.0948304781  -2.0451712740  -0.0172985204
2.0938338486  -2.0437397800  -0.0183294477
2.0928031964  -2.0422646291  -0.0193947789
2.0917381497  -2.0407454545  -0.0204948840
2.0906383369  -2.0391818952  -0.0216301329
2.0895033872  -2.0375735962  -0.0228008950
2.0883329311  -2.0359202096  -0.0240075389
2.0871266001  -2.0342213947  -0.0252504320
2.0858840270  -2.0324768182  -0.0265299413
2.0846048458  -2.0306861552  -0.0278464335
2.0832886903  -2.0288490894  -0.0292002740
2.0819351969  -2.0269653156  -0.0305918261
2.0805440053  -2.0250345411  -0.0320214511
2.0791147583  -2.0230564853  -0.0334895080
2.0776471012  -2.0210308805  -0.0349963539
2.0761406862  -2.0189574769  -0.0365423437
2.0745951619  -2.0168360327  -0.0381278299
2.0730101640  -2.0146663042  -0.0397531623
2.0713853231  -2.0124480534  -0.0414186881
2.0697202702  -2.0101810549  -0.0431247514
2.0680146543  -2.0078651142  -0.0448716938
2.0662681421  -2.0055000684  -0.0466598540
2.0644804036  -2.0030857709  -0.0484895668
2.0626511127  -2.0006220922  -0.0503611619
2.0607799438  -1.9981086976  -0.0522749650
2.0588665663  -1.9955454003  -0.0542312999
2.0569106509  -1.9929325408  -0.0562304876
2.0549118744  -1.9902702484  -0.0582728437
2.0528699209  -1.9875583329  -0.0603586767
2.0507844807  -1.9847967014  -0.0624882896
2.0486552489  -1.9819853135  -0.0646619841
2.0464819246  -1.9791241551  -0.0668800590
2.0442642119  -1.9762132354  -0.0691428055
2.0420018197  -1.9732525793  -0.0714505067
2.0396944623  -1.9702422258  -0.0738034404
2.0373418628  -1.9671822332  -0.0762018807
2.0349437463  -1.9640726754  -0.0786460968
2.0324998333  -1.9609136342  -0.0811363525
2.0300098445  -1.9577052013  -0.0836729055
2.0274735194  -1.9544474950  -0.0862560065
2.0248906287  -1.9511406734  -0.0888858985
2.0222609585  -1.9477849188  -0.0915628194
2.0195842785  -1.9443804052  -0.0942870018
2.0168603416  -1.9409272966  -0.0970586703
2.0140889071  -1.9374257703  -0.0998780412
2.0112697543  -1.9338760323  -0.1027453234
2.0084026756  -1.9302783091  -0.1056607193
2.0054874670  -1.9266328372  -0.1086244246
2.0025239318  -1.9229398676  -0.1116366290
1.9995118802  -1.9191996653  -0.1146975138
1.9964511253  -1.9154125038  -0.1178072504
1.9933414973  -1.9115786801  -0.1209660047
1.9901828550  -1.9076985265  -0.1241739375
1.9869750576  -1.9037723826  -0.1274312009
1.9837179241  -1.8998005537  -0.1307379371
1.9804112494  -1.8957833166  -0.1340942804
1.9770548983  -1.8917210117  -0.1375003570
1.9736488342  -1.8876140978  -0.1409562841
1.9701930018  -1.8834630457  -0.1444621705
1.9666872276  -1.8792682147  -0.1480181201
1.9631312950  -1.8750299202  -0.1516242294
1.9595251155  -1.8707486211  -0.1552805829
1.9558687298  -1.8664249399  -0.1589872566
1.9521621128  -1.8620594386  -0.1627443225
1.9484050929  -1.8576523868  -0.1665518427
1.9445975167  -1.8532038525  -0.1704098677
1.9407393578  -1.8487140592  -0.1743184399
1.9368306156  -1.8441835495  -0.1782775943
1.9328712730  -1.8396130719  -0.1822873588
1.9288613419  -1.8350034349  -0.1863477533
1.9248008102  -1.8303553903  -0.1904587882
1.9206896111  -1.8256696051  -0.1946204638
1.9165277241  -1.8209467615  -0.1988327705
1.9123152183  -1.8161876013  -0.2030956924
1.9080521459  -1.8113928198  -0.2074092053
1.9037384790  -1.8065629992  -0.2117732745
1.8993742100  -1.8016987075  -0.2161878595
1.8949593898  -1.7968005407  -0.2206529116
1.8904940747  -1.7918690713  -0.2251683690
1.8859783743  -1.7869048971  -0.2297341640
1.8814124071  -1.7819085991  -0.2343502255
1.8767961601  -1.7768806003  -0.2390164714
1.8721296319  -1.7718213101  -0.2437328088
1.8674130095  -1.7667313104  -0.2484991372
1.8626464769  -1.7616111675  -0.2533153477
1.8578300944  -1.7564613060  -0.2581813228
1.8529639420  -1.7512821572  -0.2630969382
1.8480481585  -1.7460742053  -0.2680620620
1.8430828690  -1.7408379168  -0.2730765525
1.8380681451  -1.7355736993  -0.2781402550
1.8330041524  -1.7302820546  -0.2832530035
1.8278911959  -1.7249636306  -0.2884146271
1.8227294201  -1.7196189102  -0.2936249480
1.8175188547  -1.7142482416  -0.2988837701
1.8122597682  -1.7088521802  -0.3041908683
1.8069524805  -1.7034314570  -0.3095460179
1.8015970839  -1.6979869273  -0.3149490802
1.7961937221  -1.6925195496  -0.3203999941
1.7907426354  -1.6870299505  -0.3258986266
1.7852440704  -1.6815185227  -0.3314447163
1.7796983096  -1.6759858507  -0.3370379546
1.7741055907  -1.6704326350  -0.3426780323
1.7684661310  -1.6648596084  -0.3483646371
1.7627801080  -1.6592674887  -0.3540974486
1.7570478010  -1.6536571139  -0.3598761400
1.7512695977  -1.6480294531  -0.3657003780
1.7454457079  -1.6423853126  -0.3715698281
1.7395763628  -1.6367255316  -0.3774841531
1.7336620130  -1.6310511875  -0.3834430048
1.7277028845  -1.6253631398  -0.3894460322
1.7216991229  -1.6196621685  -0.3954928844
1.7156512586  -1.6139494482  -0.4015832032
1.7095597214  -1.6082260578  -0.4077166264
1.7034247318  -1.6024928597  -0.4138927917
1.6972466257  -1.5967508212  -0.4201113319
1.6910257908  -1.5910009538  -0.4263718707
1.6847626196  -1.5852442629  -0.4326740251
1.6784574704  -1.5794816965  -0.4390174039
1.6721107213  -1.5737141987  -0.4454016016
1.6657227880  -1.5679427276  -0.4518261922
1.6592940798  -1.5621681936  -0.4582907187
1.6528248812  -1.5563913362  -0.4647946726
1.6463154683  -1.5506128333  -0.4713374488
1.6397662909  -1.5448334597  -0.4779182630
1.6331776862  -1.5390537510  -0.4845359474
1.6265496741  -1.5332736806  -0.4911883752
1.6198817330  -1.5274924895  -0.4978712603
1.6131749089  -1.5217116968  -0.5045863983
1.6064341827  -1.5159382015  -0.5113455689
1.5996629685  -1.5101774357  -0.5181554049
1.5928590211  -1.5044276441  -0.5250139716
1.5860194972  -1.4986853323  -0.5319190830
1.5791438787  -1.4929491641  -0.5388693001
1.5722324199  -1.4872186000  -0.5458631570
1.5652853500  -1.4814929771  -0.5528991116
1.5583029351  -1.4757715304  -0.5599755501
1.5512855538  -1.4700534740  -0.5670907908
1.5442335662  -1.4643378763  -0.5742430928
1.5371475419  -1.4586238977  -0.5814306661
1.5300277700  -1.4529103094  -0.5886516720
1.5228743858  -1.4471956289  -0.5959042318
1.5156879678  -1.4414787347  -0.6031864377
1.5084689714  -1.4357583104  -0.6104963524
1.5012177025  -1.4300328241  -0.6178320108
1.4939345281  -1.4243007527  -0.6251914328
1.4866198284  -1.4185605468  -0.6325726288
1.4792738952  -1.4128105405  -0.6399736017
1.4718969700  -1.4070489992  -0.6473923519
1.4644891836  -1.4012740718  -0.6548268833
1.4570504596  -1.3954837089  -0.6622752082
1.4495804703  -1.3896756318  -0.6697353511
1.4420784260  -1.3838471261  -0.6772053536
1.4345427993  -1.3779947918  -0.6846832814
1.4269707592  -1.3721139866  -0.6921672322
1.4193569766  -1.3661976461  -0.6996553373
1.4116910457  -1.3602337286  -0.7071457693
1.4039502355  -1.3541979437  -0.7146367628
1.3960790838  -1.3480333682  -0.7221266510
1.3879562865  -1.3416205731  -0.7296138174
1.3799687102  -1.3353501147  -0.7370964753
1.3724345442  -1.3295377651  -0.7445726260
1.3650717924  -1.3238943845  -0.7520403745
1.3577314445  -1.3182643693  -0.7594981081
1.3504037736  -1.3126334585  -0.7669443725
1.3430883710  -1.3069987263  -0.7743777805
1.3357850274  -1.3013581327  -0.7817970239
1.3284935494  -1.2957098228  -0.7892008874
1.3212137678  -1.2900521045  -0.7965882509
1.3139455361  -1.2843834514  -0.8039580928
1.3066887290  -1.2787025059  -0.8113094916
1.2994432425  -1.2730080805  -0.8186416319
1.2922089964  -1.2672991601  -0.8259538160
1.2849859311  -1.2615749007  -0.8332454611
1.2777740016  -1.2558346267  -0.8405160988
1.2705731786  -1.2500778269  -0.8477653848
1.2633834497  -1.2443041522  -0.8549931038
1.2562048152  -1.2385134110  -0.8621991710
1.2490372862  -1.2327055631  -0.8693836378
1.2418808840  -1.2268807126  -0.8765466979
1.2347356385  -1.2210391006  -0.8836886938
1.2276015872  -1.2151810973  -0.8908101260
1.2204787757  -1.2093071945  -0.8979116653
1.2133672585  -1.2034179966  -0.9049941700
1.2062671019  -1.1975142149  -0.9120587116
1.1991783926  -1.1915966632  -0.9191066182
1.1921012543  -1.1856662611  -0.9261395496
1.1850358858  -1.1797240512  -0.9331596449
1.1779826552  -1.1737712603  -0.9401698537
1.1709423584  -1.1678094702  -0.9471747834
1.1639167855  -1.1618407104  -0.9541825196
1.1569056587  -1.1558660308  -0.9611959032
1.1499029384  -1.1498839119  -0.9682059687
1.1429033095  -1.1438923729  -0.9752058927
1.1359081080  -1.1378914592  -0.9821962381
1.1289202193  -1.1318821538  -0.9891779421
1.1219403643  -1.1258650370  -0.9961512451
1.1149684174  -1.1198404014  -1.0031163434
1.1080042040  -1.1138084683  -1.0100734377
1.1010475495  -1.1077694235  -1.0170227341
1.0940982805  -1.1017234194  -1.0239644433
1.0871562238  -1.0956705749  -1.0308987801
1.0802212067  -1.0896109748  -1.0378259626
1.0732930568  -1.0835446715  -1.0447462115
1.0663716019  -1.0774716855  -1.0516597493
1.0594566698  -1.0713920053  -1.0585667996
1.0525480886  -1.0653055880  -1.0654675859
1.0456456865  -1.0592123618  -1.0723623310
1.0387492918  -1.0531122271  -1.0792512559
1.0318587333  -1.0470050581  -1.0861345789
1.0249738397  -1.0408907042  -1.0930125144
1.0180944403  -1.0347689930  -1.0998852721
1.0112203648  -1.0286397323  -1.1067530557
1.0043514433  -1.0225027129  -1.1136160620
0.9974875062  -1.0163577116  -1.1204744796
0.9906283847  -1.0102044949  -1.1273284876
0.9837739102  -1.0040428230  -1.1341782537
0.9769239144  -0.9978724563  -1.1410239328
0.9700782286  -0.9916931649  -1.1478656630
0.9632366829  -0.9855047474  -1.1547035604
0.9563991030  -0.9793070745  -1.1615377068
0.9495653027  -0.9731001859  -1.1683681221
0.9427350927  -0.9668840356  -1.1751947863
0.9359083345  -0.9606577761  -1.1820177812
0.9290849705  -0.9544200034  -1.1888373552
0.9222649439  -0.9481699820  -1.1956537750
0.9154481202  -0.9419077625  -1.2024672150
0.9086343213  -0.9356333757  -1.2092778057
0.9018233855  -0.9293466154  -1.2160856810
0.8950151714  -0.9230472216  -1.2228909772
0.8882095441  -0.9167349499  -1.2296938288
0.8814063709  -0.9104095741  -1.2364943682
0.8746055207  -0.9040708868  -1.2432927255
0.8678068643  -0.8977186994  -1.2500890288
0.8610102743  -0.8913528413  -1.2568834039
0.8542156255  -0.8849731587  -1.2636759745
0.8474227942  -0.8785795147  -1.2704668620
0.8406316590  -0.8721717916  -1.2772561853
0.8338421003  -0.8657498908  -1.2840440613
0.8270540007  -0.8593137259  -1.2908306044
0.8202672446  -0.8528632176  -1.2976159269
0.8134817189  -0.8463982942  -1.3044001388
0.8066973125  -0.8399188913  -1.3111833476
0.7999139163  -0.8334249495  -1.3179656588
0.7931314238  -0.8269164119  -1.3247471754
0.7863497306  -0.8203932211  -1.3315279984
0.7795687345  -0.8138553164  -1.3383082262
0.7727883358  -0.8073026303  -1.3450879550
0.7660084374  -0.8007350844  -1.3518672790
0.7592289445  -0.7941525840  -1.3586462899
0.7524497648  -0.7875550103  -1.3654250773
0.7456708087  -0.7809422056  -1.3722037291
0.7388919894  -0.7743139434  -1.3789823312
0.7321132231  -0.7676699206  -1.3857609684
0.7253344284  -0.7610098647  -1.3925397232
0.7185555260  -0.7543336772  -1.3993186737
0.7117764381  -0.7476413938  -1.4060978925
0.7049970898  -0.7409330251  -1.4128774486
0.6982174100  -0.7342085133  -1.4196574084
0.6914373312  -0.7274677851  -1.4264378364
0.6846567892  -0.7207107790  -1.4332187937
0.6778757229  -0.7139374427  -1.4400003384
0.6710940740  -0.7071477311  -1.4467825251
0.6643117877  -0.7003416060  -1.4535654048
0.6575288127  -0.6935190368  -1.4603490253
0.6507451008  -0.6866800004  -1.4671334306
0.6439606079  -0.6798242198  -1.4739186616
0.6371752939  -0.6729509009  -1.4807047566
0.6303891221  -0.6660598154  -1.4874917499
0.6236020584  -0.6591522071  -1.4942796681
0.6168140718  -0.6522292535  -1.5010685313
0.6100251365  -0.6452910306  -1.5078583578
0.6032352326  -0.6383373765  -1.5146491642
0.5964443443  -0.6313682776  -1.5214409629
0.5896524597  -0.6243837101  -1.5282337622
0.5828595708  -0.6173836368  -1.5350275658
0.5760656744  -0.6103680113  -1.5418223733
0.5692707717  -0.6033367831  -1.5486181795
0.5624748687  -0.5962899026  -1.5554149744
0.5556779760  -0.5892273261  -1.5622127432
0.5488801092  -0.5821490202  -1.5690114659
0.5420812888  -0.5750549675  -1.5758111169
0.5352815404  -0.5679451707  -1.5826116654
0.5284808948  -0.5608196569  -1.5894130746
0.5216793883  -0.5536784827  -1.5962153020
0.5148770623  -0.5465217368  -1.6030182990
0.5080739638  -0.5393495439  -1.6098220108
0.5012701457  -0.5321620667  -1.6166263762
0.4944656666  -0.5249595090  -1.6234313279
0.4876605907  -0.5177421183  -1.6302367921
0.4808549884  -0.5105101881  -1.6370426883
0.4740489364  -0.5032640585  -1.6438489295
0.4672425171  -0.4960041179  -1.6506554222
0.4604358195  -0.4887308024  -1.6574620662
0.4536289389  -0.4814445965  -1.6642687545
0.4468219770  -0.4741460323  -1.6710753737
0.4400150420  -0.4668356883  -1.6778818037
0.4332082488  -0.4595141883  -1.6846879179
0.4264017465  -0.4521862605  -1.6914937268
0.4195957303  -0.4448581719  -1.6982993994
0.4127903024  -0.4375211837  -1.7051046838
0.4059854374  -0.4301633674  -1.7119089407
0.3991812242  -0.4227900136  -1.7187118418
0.3923778989  -0.4154084247  -1.7255132434
0.3855756740  -0.4080199470  -1.7323129275
0.3787747292  -0.4006259256  -1.7391106806
0.3719752523  -0.3932277108  -1.7459062944
0.3651774382  -0.3858266458  -1.7526995668
0.3583814884  -0.3784240569  -1.7594903028
0.3515876102  -0.3710212434  -1.7662783151
0.3447960160  -0.3636194708  -1.7730634246
0.3380069230  -0.3562199632  -1.7798454611
0.3312205519  -0.3488238980  -1.7866242626
0.3244371271  -0.3414324020  -1.7933996761
0.3176568758  -0.3340465482  -1.8001715573
0.3108800277  -0.3266673540  -1.8069397699
0.3041068148  -0.3192957805  -1.8137041855
0.2973374709  -0.3119327331  -1.8204646825
0.2905722320  -0.3045790628  -1.8272211459
0.2838113356  -0.2972355688  -1.8339734656
0.2770550213  -0.2899030014  -1.8407215358
0.2703035301  -0.2825820664  -1.8474652534
0.2635571049  -0.2752734298  -1.8542045168
0.2568159905  -0.2679777227  -1.8609392242
0.2500804333  -0.2606955476  -1.8676692717
0.2433506814  -0.2534274839  -1.8743945520
0.2366269844  -0.2461740946  -1.8811149521
0.2299095931  -0.2389359325  -1.8878303516
0.2231987593  -0.2317135464  -1.8945406203
0.2164947354  -0.2245075046  -1.9012456158
0.2098065020  -0.2173232961  -1.9080493220
0.2031399401  -0.2101643360  -1.9150032301
0.1964726487  -0.2030181502  -1.9219289946
0.1897982886  -0.1958818916  -1.9288723112
0.1831288521  -0.1887631117  -1.9358297270
0.1764644146  -0.1816625182  -1.9427973459
0.1698050978  -0.1745808946  -1.9497708290
0.1631510698  -0.1675190892  -1.9567453944
0.1565025467  -0.1604780098  -1.9637158172
0.1498597936  -0.1534586174  -1.9706764295
0.1432231258  -0.1464619171  -1.9776211205
0.1365929098  -0.1394889485  -1.9845433365
0.1299695637  -0.1325407725  -1.9914360805
0.1233535573  -0.1256184586  -1.9982919129
0.1167454120  -0.1187230692  -2.0051029509
0.1101457004  -0.1118556441  -2.0118608689
0.1035550452  -0.1050171837  -2.0185568981
0.0969741184  -0.0982086319  -2.0251818270
0.0904036395  -0.0914308602  -2.0317260009
0.0838443733  -0.0846846514  -2.0381793222
0.0772971279  -0.0779706860  -2.0445312503
0.0707627517  -0.0712895295  -2.0507708018
0.0642421302  -0.0646416232  -2.0568865501
0.0577361823  -0.0580272781  -2.0628666258
0.0512458565  -0.0514466726  -2.0686987164
0.0447721261  -0.0448998543  -2.0743700664
0.0383159839  -0.0383867469  -2.0798674776
0.0318784377  -0.0319071620  -2.0851773084
0.0254605034  -0.0254608156  -2.0902854747
0.0190631990  -0.0190473488  -2.0951774490
0.0126875377  -0.0126663534  -2.0998382611
0.0063345204  -0.0063173994  -2.1042524977
0.0063237301  -0.0063172809  -2.1042524977
