0.0956379
2.0381284744  -1.9905235173   0.0000636839
2.0381284744  -1.9905235173   0.0000636839
2.0381323732  -1.9905139704   0.0000518449
2.0381269948  -1.9904792219   0.0000226217
2.0381078981  -1.9904196612  -0.0000244656
2.0380710466  -1.9903305312  -0.0000898931
2.0380149903  -1.9902103921  -0.0001741335
2.0379389207  -1.9900585822  -0.0002776552
2.0378422687  -1.9898747229  -0.0004009233
2.0377245734  -1.9896585590  -0.0005443989
2.0375854289  -1.9894098927  -0.0007085394
2.0374244591  -1.9891285530  -0.0008937985
2.0372413050  -1.9888143798  -0.0011006260
2.0370356173  -1.9884672150  -0.0013294682
2.0368070526  -1.9880868976  -0.0015807674
2.0365552706  -1.9876732604  -0.0018549623
2.0362799326  -1.9872261284  -0.0021524877
2.0359807003  -1.9867453175  -0.0024737747
2.0356572353  -1.9862306340  -0.0028192507
2.0353091982  -1.9856818740  -0.0031893394
2.0349362489  -1.9850988237  -0.0035844606
2.0345380459  -1.9844812590  -0.0040050303
2.0341142464  -1.9838289459  -0.0044514610
2.0336645058  -1.9831416405  -0.0049241612
2.0331884783  -1.9824190895  -0.0054235357
2.0326858164  -1.9816610303  -0.0059499857
2.0321561713  -1.9808671918  -0.0065039085
2.0315991927  -1.9800372944  -0.0070856976
2.0310145288  -1.9791710505  -0.0076957428
2.0304018265  -1.9782681651  -0.0083344302
2.0297607313  -1.9773283362  -0.0090021421
2.0290908875  -1.9763512553  -0.0096992571
2.0283919262  -1.9753358438  -0.0104271313
2.0276635043  -1.9742824713  -0.0111852729
2.0269052792  -1.9731917646  -0.0119737535
2.0261168789  -1.9720628577  -0.0127928646
2.0252979365  -1.9708952126  -0.0136429268
2.0244480877  -1.9696884100  -0.0145242965
2.0235669671  -1.9684420561  -0.0154373293
2.0226542090  -1.9671557761  -0.0163823836
2.0217094463  -1.9658292015  -0.0173598204
2.0207323114  -1.9644619668  -0.0183700016
2.0197224364  -1.9630537106  -0.0194132897
2.0186794571  -1.9616040786  -0.0204900471
2.0176030114  -1.9601127231  -0.0216006363
2.0164927368  -1.9585793012  -0.0227454195
2.0153482714  -1.9570034759  -0.0239247587
2.0141692546  -1.9553849169  -0.0251390154
2.0129553267  -1.9537233010  -0.0263885502
2.0117061284  -1.9520183121  -0.0276737228
2.0104212993  -1.9502696410  -0.0289948918
2.0091004795  -1.9484769868  -0.0303524146
2.0077433102  -1.9466400579  -0.0317466473
2.0063494335  -1.9447585725  -0.0331779448
2.0049184931  -1.9428322586  -0.0346466607
2.0034501358  -1.9408608573  -0.0361531460
2.0019440111  -1.9388441234  -0.0376977489
2.0003997702  -1.9367818245  -0.0392808149
1.9988170659  -1.9346737397  -0.0409026880
1.9971955538  -1.9325196607  -0.0425637116
1.9955348917  -1.9303193926  -0.0442642269
1.9938347401  -1.9280727557  -0.0460045705
1.9920947620  -1.9257795855  -0.0477850739
1.9903146236  -1.9234395263  -0.0496060656
1.9884939944  -1.9210523680  -0.0514678735
1.9866325475  -1.9186183987  -0.0533708229
1.9847299580  -1.9161377043  -0.0553152343
1.9827859005  -1.9136100616  -0.0573014222
1.9808000501  -1.9110353323  -0.0593296964
1.9787720903  -1.9084134329  -0.0614003642
1.9767017202  -1.9057443147  -0.0635137297
1.9745886508  -1.9030279559  -0.0656700929
1.9724325951  -1.9002643476  -0.0678697500
1.9702332579  -1.8974534829  -0.0701129926
1.9679903392  -1.8945953608  -0.0724001065
1.9657035434  -1.8916899956  -0.0747313717
1.9633725855  -1.8887374225  -0.0771070639
1.9609971917  -1.8857376959  -0.0795274549
1.9585770912  -1.8826908828  -0.0819928110
1.9561120179  -1.8795970637  -0.0845033910
1.9536017112  -1.8764563322  -0.0870594481
1.9510459161  -1.8732687934  -0.0896612298
1.9484443817  -1.8700345641  -0.0923089784
1.9457968631  -1.8667537752  -0.0950029310
1.9431031318  -1.8634265805  -0.0977433194
1.9403629758  -1.8600531578  -0.1005303673
1.9375761788  -1.8566336898  -0.1033642900
1.9347425019  -1.8531683419  -0.1062452975
1.9318616922  -1.8496572704  -0.1091735962
1.9289335310  -1.8461006717  -0.1121493849
1.9259578647  -1.8424988162  -0.1151728536
1.9229345713  -1.8388520132  -0.1182441857
1.9198634755  -1.8351605247  -0.1213635574
1.9167443300  -1.8314245453  -0.1245311372
1.9135768926  -1.8276442720  -0.1277470853
1.9103610166  -1.8238199922  -0.1310115558
1.9070966404  -1.8199520975  -0.1343246985
1.9037836687  -1.8160409749  -0.1376866538
1.9004219049  -1.8120869190  -0.1410975514
1.8970111243  -1.8080901969  -0.1445575161
1.8935511910  -1.8040511808  -0.1480666680
1.8900420348  -1.7999703447  -0.1516251161
1.8864835640  -1.7958481353  -0.1552329578
1.8828756891  -1.7916848436  -0.1588902832
1.8792183498  -1.7874805887  -0.1625971767
1.8755114586  -1.7832355166  -0.1663537179
1.8717548901  -1.7789500256  -0.1701599782
1.8679485543  -1.7746247568  -0.1740160186
1.8640924335  -1.7702604490  -0.1779218897
1.8601865196  -1.7658578188  -0.1818776325
1.8562307444  -1.7614174944  -0.1858832825
1.8522250245  -1.7569400597  -0.1899388680
1.8481693289  -1.7524261216  -0.1940444063
1.8440636466  -1.7478762779  -0.1981999068
1.8399079787  -1.7432911067  -0.2024053740
1.8357023802  -1.7386712082  -0.2066608003
1.8314468804  -1.7340171279  -0.2109661668
1.8271414024  -1.7293292742  -0.2153214520
1.8227859097  -1.7246080670  -0.2197266277
1.8183805222  -1.7198540602  -0.2241816544
1.8139253547  -1.7150677824  -0.2286864847
1.8094204178  -1.7102496333  -0.2332410635
1.8048657297  -1.7054000002  -0.2378453254
1.8002613602  -1.7005193074  -0.2424991955
1.7956073902  -1.6956079789  -0.2472025910
1.7909038587  -1.6906663865  -0.2519554239
1.7861508116  -1.6856949006  -0.2567575980
1.7813484443  -1.6806940408  -0.2616090042
1.7764969554  -1.6756643302  -0.2665095195
1.7715963523  -1.6706060947  -0.2714590142
1.7666466826  -1.6655196966  -0.2764573542
1.7616482221  -1.6604057310  -0.2815043945
1.7566011767  -1.6552646957  -0.2865999708
1.7515055417  -1.6500968232  -0.2917438904
1.7463613963  -1.6449026358  -0.2969359676
1.7411689399  -1.6396832923  -0.3021761064
1.7359284473  -1.6344400310  -0.3074642733
1.7306402129  -1.6291734259  -0.3128003552
1.7253044116  -1.6238835751  -0.3181841198
1.7199211811  -1.6185707881  -0.3236152903
1.7144906398  -1.6132356159  -0.3290935868
1.7090129761  -1.6078787603  -0.3346187226
1.7034885291  -1.6025011059  -0.3401904051
1.6979175251  -1.5971034482  -0.3458083364
1.6923000980  -1.5916865091  -0.3514722140
1.6866365975  -1.5862512487  -0.3571817321
1.6809273568  -1.5807986312  -0.3629365743
1.6751724377  -1.5753293576  -0.3687364133
1.6693721422  -1.5698443777  -0.3745809245
1.6635269934  -1.5643448829  -0.3804697828
1.6576372467  -1.5588318008  -0.3864026539
1.6517031235  -1.5533060188  -0.3923791971
1.6457249614  -1.5477685418  -0.3983990678
1.6397031184  -1.5422203916  -0.4044619172
1.6336379526  -1.5366625808  -0.4105673901
1.6275297909  -1.5310960750  -0.4167151236
1.6213789977  -1.5255218598  -0.4229047441
1.6151859651  -1.5199409276  -0.4291358636
1.6089510777  -1.5143542303  -0.4354080707
1.6026745978  -1.5087625592  -0.4417209158
1.5963568060  -1.5031666807  -0.4480738933
1.5899981748  -1.4975674993  -0.4544664008
1.5835990963  -1.4919657583  -0.4608976400
1.5771597896  -1.4863618859  -0.4673663896
1.5706801709  -1.4807557486  -0.4738701131
1.5641596498  -1.4751465777  -0.4804047093
1.5575997735  -1.4695365436  -0.4869731798
1.5510056494  -1.4639327252  -0.4935875127
1.5443800727  -1.4583398377  -0.5002537203
1.5377206709  -1.4527559374  -0.5069697249
1.5310248311  -1.4471777895  -0.5137333785
1.5242920511  -1.4416041126  -0.5205432366
1.5175225213  -1.4360343193  -0.5273978143
1.5107164512  -1.4304677335  -0.5342955433
1.5038741701  -1.4249036573  -0.5412347788
1.4969960404  -1.4193412907  -0.5482138101
1.4900824952  -1.4137797765  -0.5552308655
1.4831340347  -1.4082182038  -0.5622841148
1.4761507480  -1.4026551371  -0.5693716836
1.4691329706  -1.3970892882  -0.5764916585
1.4620813234  -1.3915195723  -0.5836420849
1.4549961149  -1.3859445156  -0.5908209760
1.4478776639  -1.3803625868  -0.5980263243
1.4407263798  -1.3747722926  -0.6052561043
1.4335426041  -1.3691720313  -0.6125082760
1.4263266075  -1.3635601000  -0.6197807911
1.4190786364  -1.3579347557  -0.6270715985
1.4117987865  -1.3522940993  -0.6343786497
1.4044869512  -1.3466360350  -0.6416999026
1.3971427305  -1.3409581908  -0.6490333264
1.3897652663  -1.3352577713  -0.6563769096
1.3823528853  -1.3295312175  -0.6637286659
1.3749025199  -1.3237736399  -0.6710866363
1.3674084427  -1.3179775734  -0.6784488934
1.3598593029  -1.3121300336  -0.6858135548
1.3522305755  -1.3062049219  -0.6931788058
1.3444451802  -1.3001237842  -0.7005429339
1.3364268074  -1.2938127672  -0.7079042570
1.3285880352  -1.2876877091  -0.7152609025
1.3211960325  -1.2820121672  -0.7226108073
1.3139641784  -1.2764921935  -0.7299520372
1.3067533645  -1.2709824582  -0.7372829335
1.2995555906  -1.2654707715  -0.7446019888
1.2923704590  -1.2599543255  -0.7519077658
1.2851977705  -1.2544311050  -0.7591989098
1.2780373429  -1.2488992739  -0.7664741593
1.2708890179  -1.2433571614  -0.7737323493
1.2637526603  -1.2378032653  -0.7809724149
1.2566281569  -1.2322362540  -0.7881933930
1.2495154185  -1.2266549693  -0.7953944343
1.2424143804  -1.2210584281  -0.8025748088
1.2353249960  -1.2154458195  -0.8097338996
1.2282472342  -1.2098165003  -0.8168712099
1.2211810826  -1.2041699952  -0.8239863731
1.2141265448  -1.1985059934  -0.8310791524
1.2070836370  -1.1928243421  -0.8381494460
1.2000523870  -1.1871250402  -0.8451972930
1.1930328332  -1.1814082318  -0.8522228789
1.1860250224  -1.1756741987  -0.8592265429
1.1790290098  -1.1699233522  -0.8662087878
1.1720448587  -1.1641562249  -0.8731702932
1.1650726419  -1.1583734631  -0.8801119336
1.1581124451  -1.1525758201  -0.8870348060
1.1511643752  -1.1467641523  -0.8939402763
1.1442285791  -1.1409394221  -0.9008300599
1.1373052846  -1.1351027177  -0.9077063827
1.1303949021  -1.1292553272  -0.9145723385
1.1234984123  -1.1233989448  -0.9214331334
1.1166176309  -1.1175356320  -0.9282969366
1.1097517153  -1.1116662277  -0.9351654555
1.1028943423  -1.1057890635  -0.9420293486
1.0960406773  -1.0999023123  -0.9488822798
1.0891923615  -1.0940061982  -0.9557249262
1.0823521925  -1.0881017498  -0.9625581698
1.0755208271  -1.0821895593  -0.9693822297
1.0686981424  -1.0762699444  -0.9761972901
1.0618839764  -1.0703431564  -0.9830035402
1.0550781673  -1.0644094110  -0.9898011743
1.0482805542  -1.0584688895  -0.9965903912
1.0414909767  -1.0525217390  -1.0033713939
1.0347092751  -1.0465680723  -1.0101443889
1.0279352899  -1.0406079693  -1.0169095849
1.0211688618  -1.0346414766  -1.0236671925
1.0144098319  -1.0286686080  -1.0304174232
1.0076580416  -1.0226893458  -1.0371604884
1.0009133323  -1.0167036429  -1.0438965985
0.9941755461  -1.0107114235  -1.0506259620
0.9874445250  -1.0047125847  -1.0573487842
0.9807201117  -0.9987069992  -1.0640652667
0.9740021494  -0.9926945167  -1.0707756057
0.9672904816  -0.9866749672  -1.0774799913
0.9605849527  -0.9806481629  -1.0841786064
0.9538854076  -0.9746139019  -1.0908716250
0.9471916916  -0.9685719713  -1.0975592114
0.9405036509  -0.9625221517  -1.1042415179
0.9338211318  -0.9564642226  -1.1109186834
0.9271439806  -0.9503979721  -1.1175908291
0.9204720423  -0.9443232139  -1.1242580531
0.9138051564  -0.9382398366  -1.1309204150
0.9071431505  -0.9321478707  -1.1375779088
0.9004858531  -0.9260472096  -1.1442304995
0.8938331497  -0.9199370518  -1.1508782672
0.8871850023  -0.9138162244  -1.1575214518
0.8805413652  -0.9076841637  -1.1641602992
0.8739021151  -0.9015409133  -1.1707949627
0.8672670909  -0.8953864721  -1.1774255558
0.8606361494  -0.8892206536  -1.1840521958
0.8540091668  -0.8830432371  -1.1906750017
0.8473860256  -0.8768540185  -1.1972940904
0.8407666104  -0.8706528127  -1.2039095765
0.8341508079  -0.8644394535  -1.2105215725
0.8275385067  -0.8582137938  -1.2171301882
0.8209295975  -0.8519757050  -1.2237355312
0.8143239732  -0.8457250757  -1.2303377066
0.8077215286  -0.8394618114  -1.2369368172
0.8011221608  -0.8331858371  -1.2435329632
0.7945257692  -0.8268970958  -1.2501262423
0.7879322550  -0.8205955433  -1.2567167498
0.7813415221  -0.8142811437  -1.2633045785
0.7747534766  -0.8079538696  -1.2698898188
0.7681680267  -0.8016137009  -1.2764725586
0.7615850833  -0.7952606233  -1.2830528834
0.7550045595  -0.7888946251  -1.2896308761
0.7484263709  -0.7825156949  -1.2962066173
0.7418504357  -0.7761238185  -1.3027801852
0.7352766744  -0.7697189755  -1.3093516553
0.7287050104  -0.7633011352  -1.3159211010
0.7221353694  -0.7568702516  -1.3224885932
0.7155676801  -0.7504262553  -1.3290542006
0.7090018738  -0.7439690377  -1.3356179898
0.7024378847  -0.7374984205  -1.3421800258
0.6958756501  -0.7310141588  -1.3487403718
0.6893151099  -0.7245160524  -1.3552990890
0.6827562062  -0.7180040714  -1.3618562336
0.6761988826  -0.7114783019  -1.3684118563
0.6696430859  -0.7049388008  -1.3749660042
0.6630887668  -0.6983855642  -1.3815187221
0.6565358797  -0.6918185770  -1.3880700523
0.6499843822  -0.6852378365  -1.3946200342
0.6434342349  -0.6786433491  -1.4011687037
0.6368854017  -0.6720351291  -1.4077160932
0.6303378495  -0.6654131983  -1.4142622319
0.6237915490  -0.6587775868  -1.4208071454
0.6172464742  -0.6521283327  -1.4273508556
0.6107026027  -0.6454652561  -1.4338933813
0.6041599160  -0.6387877326  -1.4404347387
0.5976183992  -0.6320956304  -1.4469749400
0.5910780404  -0.6253900895  -1.4535139902
0.5845388306  -0.6186721913  -1.4600518888
0.5780007657  -0.6119420685  -1.4665886330
0.5714638469  -0.6051996508  -1.4731242180
0.5649280795  -0.5984449973  -1.4796586352
0.5583934723  -0.5916781593  -1.4861918718
0.5518600381  -0.5848991784  -1.4927239110
0.5453277942  -0.5781080905  -1.4992547318
0.5387967618  -0.5713049297  -1.5057843089
0.5322669668  -0.5644897332  -1.5123126124
0.5257384393  -0.5576625451  -1.5188396082
0.5192112140  -0.5508234207  -1.5253652573
0.5126853301  -0.5439724307  -1.5318895157
0.5061608315  -0.5371096652  -1.5384123346
0.4996377668  -0.5302352373  -1.5449336602
0.4931161893  -0.5233492866  -1.5514534332
0.4865961572  -0.5164519824  -1.5579715894
0.4800777336  -0.5095435257  -1.5644880587
0.4735609867  -0.5026241516  -1.5710027661
0.4670459895  -0.4956941312  -1.5775156308
0.4605328204  -0.4887537740  -1.5840265667
0.4540215628  -0.4818034294  -1.5905354821
0.4475123052  -0.4748434869  -1.5970422797
0.4410051416  -0.4678743774  -1.6035468567
0.4345001710  -0.4608965724  -1.6100491050
0.4279974980  -0.4539105843  -1.6165489109
0.4214972322  -0.4469169652  -1.6230461553
0.4149994888  -0.4399163059  -1.6295407137
0.4085043884  -0.4329092347  -1.6360324567
0.4020120800  -0.4258998735  -1.6425213739
0.3955227504  -0.4188936361  -1.6490075930
0.3890365080  -0.4118831503  -1.6554908774
0.3825533560  -0.4048583721  -1.6619706550
0.3760733936  -0.3978239305  -1.6684466245
0.3695968404  -0.3907861373  -1.6749186451
0.3631238952  -0.3837462214  -1.6813865127
0.3566547296  -0.3767054051  -1.6878500275
0.3501895213  -0.3696649097  -1.6943089956
0.3437284530  -0.3626259455  -1.7007632289
0.3372717122  -0.3555897030  -1.7072125468
0.3308194906  -0.3485573454  -1.7136567764
0.3243719832  -0.3415300017  -1.7200957526
0.3179293878  -0.3345087617  -1.7265293193
0.3114919047  -0.3274946712  -1.7329573288
0.3050597360  -0.3204887288  -1.7393796423
0.2986330852  -0.3134918836  -1.7457961296
0.2922121569  -0.3065050339  -1.7522066689
0.2857971563  -0.2995290270  -1.7586111464
0.2793882894  -0.2925646596  -1.7650094557
0.2729857627  -0.2856126795  -1.7714014972
0.2665897826  -0.2786737873  -1.7777871774
0.2602005562  -0.2717486398  -1.7841664074
0.2538182906  -0.2648378532  -1.7905391024
0.2474431932  -0.2579420072  -1.7969051803
0.2410754713  -0.2510616492  -1.8032645599
0.2347153327  -0.2441972997  -1.8096171601
0.2283629849  -0.2373494566  -1.8159628979
0.2220186354  -0.2305186008  -1.8223016869
0.2156824914  -0.2237052013  -1.8286334352
0.2093547595  -0.2169097202  -1.8349580440
0.2030356452  -0.2101326314  -1.8412754050
0.1967329218  -0.2033784408  -1.8476827540
0.1904516692  -0.1966499229  -1.8542282493
0.1841724445  -0.1899368492  -1.8607452012
0.1778897366  -0.1832369034  -1.8672763605
0.1716139273  -0.1765562673  -1.8738185336
0.1653450625  -0.1698955098  -1.8803681148
0.1590832271  -0.1632552554  -1.8869210856
0.1528285450  -0.1566361757  -1.8934730154
0.1465811802  -0.1500389847  -1.9000190611
0.1403413388  -0.1434644337  -1.9065539670
0.1341092692  -0.1369133039  -1.9130720651
0.1278852637  -0.1303863983  -1.9195672751
0.1216696588  -0.1238845319  -1.9260331040
0.1154628353  -0.1174085208  -1.9324626467
0.1092652188  -0.1109591711  -1.9388485855
0.1030772792  -0.1045372659  -1.9451831901
0.0968995303  -0.0981435530  -1.9514583182
0.0907325291  -0.0917787319  -1.9576654147
0.0845768745  -0.0854434417  -1.9637955122
0.0784332057  -0.0791382490  -1.9698392309
0.0723022007  -0.0728636380  -1.9757867787
0.0661845740  -0.0666200012  -1.9816279508
0.0600810738  -0.0604076331  -1.9873521301
0.0539924790  -0.0542267262  -1.9929482873
0.0479195961  -0.0480773693  -1.9984049802
0.0418632551  -0.0419595508  -2.0037103547
0.0358243051  -0.0358731637  -2.0088521438
0.0298036097  -0.0298180154  -2.0138176685
0.0238020416  -0.0237938411  -2.0185938371
0.0178204771  -0.0178003199  -2.0231671455
0.0118597892  -0.0118370950  -2.0275236773
0.0059208413  -0.0059037944  -2.0316491036
0.0059114149  -0.0059036951  -2.0316491036
