0.102346
1.9597785487  -1.9045872583   0.0000603747
1.9597785487  -1.9045872583   0.0000603747
1.9597823667  -1.9045787796   0.0000493009
1.9597774273  -1.9045471260   0.0000218309
1.9597595121  -1.9044926187  -0.0000224854
1.9597248502  -1.9044109923  -0.0000840948
1.9596720828  -1.9043009474  -0.0001634410
1.9596004502  -1.9041618825  -0.0002609643
1.9595094175  -1.9039934506  -0.0003771021
1.9593985505  -1.9037954153  -0.0005122882
1.9592674667  -1.9035675913  -0.0006669533
1.9591158110  -1.9033098175  -0.0008415251
1.9589432442  -1.9030219421  -0.0010364279
1.9587494364  -1.9027038150  -0.0012520826
1.9585340626  -1.9023552830  -0.0014889073
1.9582968007  -1.9019761872  -0.0017473165
1.9580373297  -1.9015663610  -0.0020277216
1.9577553289  -1.9011256297  -0.0023305310
1.9574504772  -1.9006538091  -0.0026561494
1.9571224525  -1.9001507058  -0.0030049789
1.9567709315  -1.8996161168  -0.0033774178
1.9563955896  -1.8990498295  -0.0037738615
1.9559961004  -1.8984516220  -0.0041947021
1.9555721360  -1.8978212628  -0.0046403285
1.9551233668  -1.8971585117  -0.0051111263
1.9546494615  -1.8964631194  -0.0056074781
1.9541500868  -1.8957348284  -0.0061297629
1.9536249079  -1.8949733729  -0.0066783570
1.9530735885  -1.8941784794  -0.0072536329
1.9524957901  -1.8933498669  -0.0078559603
1.9518911731  -1.8924872475  -0.0084857055
1.9512593963  -1.8915903268  -0.0091432317
1.9506001051  -1.8906581014  -0.0098298261
1.9499129697  -1.8896909000  -0.0105450277
1.9491976604  -1.8886892906  -0.0112889092
1.9484538177  -1.8876524635  -0.0120617541
1.9476810881  -1.8865799080  -0.0128638730
1.9468791215  -1.8854712252  -0.0136956097
1.9460475672  -1.8843260392  -0.0145573079
1.9451860744  -1.8831439915  -0.0154493137
1.9442942911  -1.8819247293  -0.0163719756
1.9433718653  -1.8806679027  -0.0173256436
1.9424184443  -1.8793731643  -0.0183106687
1.9414336751  -1.8780401691  -0.0193274027
1.9404172044  -1.8766685756  -0.0203761982
1.9393686790  -1.8752580458  -0.0214574081
1.9382877454  -1.8738082465  -0.0225713854
1.9371740505  -1.8723188497  -0.0237184826
1.9360272413  -1.8707895337  -0.0248990516
1.9348469659  -1.8692199827  -0.0261134434
1.9336328717  -1.8676098865  -0.0273620090
1.9323846060  -1.8659589406  -0.0286450996
1.9311018163  -1.8642668485  -0.0299630665
1.9297841508  -1.8625333227  -0.0313162598
1.9284312581  -1.8607580843  -0.0327050272
1.9270427881  -1.8589408642  -0.0341297141
1.9256183949  -1.8570814056  -0.0355906642
1.9241577362  -1.8551794644  -0.0370882212
1.9226604725  -1.8532348081  -0.0386227283
1.9211262668  -1.8512472165  -0.0401945276
1.9195547814  -1.8492164793  -0.0418039576
1.9179456762  -1.8471423959  -0.0434513530
1.9162986121  -1.8450247763  -0.0451370463
1.9146132515  -1.8428632511  -0.0468613686
1.9128892582  -1.8406575827  -0.0486246494
1.9111263013  -1.8384079997  -0.0504272148
1.9093240571  -1.8361145497  -0.0522693887
1.9074822030  -1.8337769917  -0.0541514924
1.9056004174  -1.8313951618  -0.0560738443
1.9036783820  -1.8289689443  -0.0580367583
1.9017157818  -1.8264982465  -0.0600405448
1.8997123052  -1.8239829930  -0.0620855110
1.8976676441  -1.8214231209  -0.0641719617
1.8955814927  -1.8188185772  -0.0663001979
1.8934535492  -1.8161693228  -0.0684705153
1.8912835213  -1.8134753387  -0.0706832051
1.8890711249  -1.8107366236  -0.0729385541
1.8868160811  -1.8079531907  -0.0752368455
1.8845181051  -1.8051250549  -0.0775783580
1.8821769021  -1.8022522271  -0.0799633667
1.8797921754  -1.7993347242  -0.0823921423
1.8773636424  -1.7963725847  -0.0848649494
1.8748910549  -1.7933658879  -0.0873820453
1.8723741921  -1.7903147477  -0.0899436831
1.8698128316  -1.7872192843  -0.0925501134
1.8672067163  -1.7840795895  -0.0952015812
1.8645555569  -1.7808957286  -0.0978983247
1.8618590684  -1.7776677771  -0.1006405758
1.8591170164  -1.7743958681  -0.1034285606
1.8563292230  -1.7710801981  -0.1062624994
1.8534955240  -1.7677209844  -0.1091426051
1.8506157118  -1.7643184072  -0.1120690838
1.8476895246  -1.7608725972  -0.1150421366
1.8447167041  -1.7573836936  -0.1180619610
1.8416970498  -1.7538518932  -0.1211287461
1.8386304042  -1.7502774334  -0.1242426715
1.8355166007  -1.7466605600  -0.1274039117
1.8323554669  -1.7430015382  -0.1306126375
1.8291468523  -1.7393006642  -0.1338690112
1.8258906148  -1.7355582474  -0.1371731842
1.8225865875  -1.7317745909  -0.1405253005
1.8192345869  -1.7279500144  -0.1439254976
1.8158344606  -1.7240848495  -0.1473739073
1.8123861067  -1.7201793101  -0.1508706566
1.8088894386  -1.7162334436  -0.1544158658
1.8053443325  -1.7122473446  -0.1580096473
1.8017506342  -1.7082213656  -0.1616521031
1.7981082220  -1.7041560802  -0.1653433253
1.7944170117  -1.7000521173  -0.1690833995
1.7906769168  -1.6959100724  -0.1728724043
1.7868878723  -1.6917305361  -0.1767104074
1.7830498584  -1.6875141184  -0.1805974705
1.7791628286  -1.6832613743  -0.1845336503
1.7752266557  -1.6789727468  -0.1885189933
1.7712412328  -1.6746486667  -0.1925535331
1.7672065772  -1.6702896600  -0.1966372997
1.7631227415  -1.6658962630  -0.2007703173
1.7589896978  -1.6614689027  -0.2049525999
1.7548073874  -1.6570079457  -0.2091841533
1.7505757961  -1.6525137795  -0.2134649766
1.7462949398  -1.6479868005  -0.2177950605
1.7419648262  -1.6434273781  -0.2221743857
1.7375854259  -1.6388358257  -0.2266029232
1.7331567422  -1.6342124749  -0.2310806369
1.7286789079  -1.6295577786  -0.2356074843
1.7241520418  -1.6248721693  -0.2401834148
1.7195761039  -1.6201559093  -0.2448083660
1.7149510719  -1.6154092720  -0.2494822641
1.7102771199  -1.6106327320  -0.2542050291
1.7055544304  -1.6058267770  -0.2589765733
1.7007829884  -1.6009916890  -0.2637967971
1.6959627848  -1.5961277443  -0.2686655880
1.6910939190  -1.5912352813  -0.2735828130
1.6861765041  -1.5863146041  -0.2785483131
1.6812107380  -1.5813664386  -0.2835619481
1.6761968441  -1.5763921951  -0.2886236680
1.6711350066  -1.5713931276  -0.2937334709
1.6660253695  -1.5663694919  -0.2988912697
1.6608679820  -1.5613210231  -0.3040968627
1.6556629657  -1.5562478951  -0.3093500068
1.6504105800  -1.5511507754  -0.3146504549
1.6451109770  -1.5460303287  -0.3199979540
1.6397642430  -1.5408871840  -0.3253922437
1.6343706637  -1.5357221997  -0.3308330558
1.6289305417  -1.5305362810  -0.3363201200
1.6234439179  -1.5253300890  -0.3418531603
1.6179109746  -1.5201044416  -0.3474318870
1.6123321819  -1.5148604712  -0.3530560058
1.6067078139  -1.5095991289  -0.3587252204
1.6010380287  -1.5043212547  -0.3644392277
1.5953230987  -1.4990278094  -0.3701977193
1.5895633323  -1.4937197957  -0.3760003822
1.5837590547  -1.4883982370  -0.3818468977
1.5779105671  -1.4830641236  -0.3877369417
1.5720181709  -1.4777184371  -0.3936701846
1.5660822179  -1.4723622019  -0.3996462857
1.5601030641  -1.4669964237  -0.4056648887
1.5540810420  -1.4616220598  -0.4117256216
1.5480163699  -1.4562399261  -0.4178280912
1.5419093694  -1.4508509037  -0.4239718645
1.5357605171  -1.4454559875  -0.4301564416
1.5295701770  -1.4400560007  -0.4363812149
1.5233386387  -1.4346516049  -0.4426453685
1.5170660978  -1.4292432186  -0.4489476363
1.5107522440  -1.4238304798  -0.4552850288
1.5043966387  -1.4184128415  -0.4616537063
1.4980013557  -1.4129931596  -0.4680580605
1.4915713560  -1.4075784004  -0.4745102169
1.4851089434  -1.4021726694  -0.4810154450
1.4786116708  -1.3967738933  -0.4875715406
1.4720770536  -1.3913790044  -0.4941764090
1.4655045937  -1.3859867607  -0.5008285989
1.4588944265  -1.3805965337  -0.5075266014
1.4522468340  -1.3752077282  -0.5142688258
1.4455621735  -1.3698196833  -0.5210536028
1.4388407747  -1.3644315697  -0.5278791887
1.4320832014  -1.3590426605  -0.5347437779
1.4252896108  -1.3536516964  -0.5416455117
1.4184601488  -1.3482572926  -0.5485824765
1.4115954274  -1.3428584357  -0.5555527110
1.4046958330  -1.3374537995  -0.5625542180
1.3977616670  -1.3320418921  -0.5695849701
1.3907932859  -1.3266212096  -0.5766429131
1.3837910815  -1.3211902301  -0.5837259710
1.3767553628  -1.3157473061  -0.5908320533
1.3696863997  -1.3102907207  -0.5979590601
1.3625844121  -1.3048186887  -0.6051048870
1.3554494444  -1.2993292418  -0.6122674300
1.3482813439  -1.2938202193  -0.6194445909
1.3410796568  -1.2882891826  -0.6266342854
1.3338434434  -1.2827332456  -0.6338344481
1.3265708272  -1.2771486277  -0.6410430329
1.3192584179  -1.2715301070  -0.6482580193
1.3119000186  -1.2658697506  -0.6554774225
1.3044831624  -1.2601534700  -0.6626993034
1.2969815502  -1.2543534048  -0.6699217973
1.2892935017  -1.2483666613  -0.6771431435
1.2813971674  -1.2421743433  -0.6843615848
1.2737307876  -1.2362173134  -0.6915751587
1.2664998500  -1.2306962335  -0.6987817382
1.2594161854  -1.2253155326  -0.7059793467
1.2523521440  -1.2199417851  -0.7131662774
1.2453015241  -1.2145649651  -0.7203409687
1.2382639420  -1.2091823871  -0.7275019320
1.2312392093  -1.2037920656  -0.7346477625
1.2242271550  -1.1983921902  -0.7417771490
1.2172276326  -1.1929811183  -0.7488888792
1.2102405193  -1.1875573775  -0.7559818407
1.2032657162  -1.1821196700  -0.7630550297
1.1963031513  -1.1766668747  -0.7701075629
1.1893527746  -1.1711980452  -0.7771386716
1.1824145530  -1.1657124074  -0.7841477041
1.1754884723  -1.1602093597  -0.7911341366
1.1685745378  -1.1546884703  -0.7980975767
1.1616727696  -1.1491494711  -0.8050377657
1.1547832012  -1.1435922531  -0.8119545844
1.1479058785  -1.1380168597  -0.8188480591
1.1410408576  -1.1324234802  -0.8257183671
1.1341882039  -1.1268124419  -0.8325658454
1.1273479914  -1.1211842017  -0.8393910010
1.1205203025  -1.1155393381  -0.8461945242
1.1137052293  -1.1098785432  -0.8529773082
1.1069028776  -1.1042026157  -0.8597404795
1.1001133770  -1.0985124576  -0.8664854491
1.0933368999  -1.0928090779  -0.8732139984
1.0865737064  -1.0870936154  -0.8799284556
1.0798242522  -1.0813674240  -0.8866320773
1.0730897197  -1.0756323195  -0.8933307463
1.0663719286  -1.0698903858  -0.9000326588
1.0596693796  -1.0641422073  -0.9067381811
1.0529754777  -1.0583859545  -0.9134376242
1.0462859753  -1.0526199911  -0.9201252523
1.0396028352  -1.0468447404  -0.9268018512
1.0329287323  -1.0410612743  -0.9334682385
1.0262642506  -1.0352701968  -0.9401246110
1.0196092707  -1.0294718529  -0.9467711405
1.0129636438  -1.0236665260  -0.9534080037
1.0063272212  -1.0178544635  -0.9600353825
0.9996998556  -1.0120358780  -0.9666534634
0.9930814000  -1.0062109471  -0.9732624373
0.9864717081  -1.0003798139  -0.9798624979
0.9798706339  -0.9945425875  -0.9864538418
0.9732780319  -0.9886993429  -0.9930366670
0.9666937569  -0.9828501215  -0.9996111723
0.9601176640  -0.9769949332  -1.0061775565
0.9535496086  -0.9711337571  -1.0127360170
0.9469894467  -0.9652665435  -1.0192867493
0.9404370347  -0.9593932150  -1.0258299454
0.9338922294  -0.9535136693  -1.0323657932
0.9273548883  -0.9476277807  -1.0388944751
0.9208248696  -0.9417354034  -1.0454161672
0.9143020321  -0.9358363736  -1.0519310376
0.9077862354  -0.9299305128  -1.0584392455
0.9012773398  -0.9240176308  -1.0649409397
0.8947752066  -0.9180975306  -1.0714362567
0.8882796971  -0.9121700134  -1.0779253187
0.8817906728  -0.9062348871  -1.0844082294
0.8753079937  -0.9002919812  -1.0908850683
0.8688315140  -0.8943411979  -1.0973558714
0.8623610749  -0.8883825511  -1.1038206062
0.8558965238  -0.8824158867  -1.1102792239
0.8494377713  -0.8764404835  -1.1167318051
0.8429847987  -0.8704554152  -1.1231785815
0.8365375704  -0.8644602791  -1.1296197762
0.8300959739  -0.8584551045  -1.1360555214
0.8236598657  -0.8524398633  -1.1424859135
0.8172291211  -0.8464143942  -1.1489110530
0.8108036341  -0.8403785194  -1.1553310417
0.8043833045  -0.8343320791  -1.1617459791
0.7979680342  -0.8282749327  -1.1681559623
0.7915577275  -0.8222069587  -1.1745610859
0.7851522906  -0.8161280549  -1.1809614421
0.7787516321  -0.8100381376  -1.1873571203
0.7723556627  -0.8039371406  -1.1937482077
0.7659642953  -0.7978250154  -1.2001347884
0.7595774454  -0.7917017316  -1.2065169446
0.7531950304  -0.7855672770  -1.2128947552
0.7468169703  -0.7794216522  -1.2192682971
0.7404431873  -0.7732648670  -1.2256376441
0.7340736063  -0.7670969400  -1.2320028680
0.7277081544  -0.7609178978  -1.2383640374
0.7213467613  -0.7547277729  -1.2447212189
0.7149893591  -0.7485266005  -1.2510744762
0.7086358826  -0.7423144169  -1.2574238706
0.7022862690  -0.7360912555  -1.2637694609
0.6959404584  -0.7298571446  -1.2701113032
0.6895983932  -0.7236121026  -1.2764494515
0.6832600188  -0.7173561332  -1.2827839572
0.6769252832  -0.7110892177  -1.2891148692
0.6705941372  -0.7048112974  -1.2954422348
0.6642665347  -0.6985222447  -1.3017660992
0.6579424325  -0.6922218751  -1.3080865064
0.6516217901  -0.6859100634  -1.3144034974
0.6453045689  -0.6795868484  -1.3207171086
0.6389907323  -0.6732523658  -1.3270273711
0.6326802469  -0.6669067184  -1.3333343120
0.6263730828  -0.6605499557  -1.3396379569
0.6200692142  -0.6541821209  -1.3459383284
0.6137686180  -0.6478032689  -1.3522354464
0.6074712744  -0.6414134639  -1.3585293274
0.6011771665  -0.6350127780  -1.3648199846
0.5948862805  -0.6286012915  -1.3711074279
0.5885986062  -0.6221790928  -1.3773916639
0.5823141365  -0.6157462789  -1.3836726957
0.5760328677  -0.6093027624  -1.3899505234
0.5697548000  -0.6028480800  -1.3962251444
0.5634799366  -0.5963821903  -1.4024965525
0.5572082842  -0.5899061337  -1.4087647351
0.5509398521  -0.5834208992  -1.4150296746
0.5446746540  -0.5769266712  -1.4212913513
0.5384127084  -0.5704234642  -1.4275497434
0.5321540371  -0.5639114030  -1.4338048256
0.5258986658  -0.5573906069  -1.4400565686
0.5196466234  -0.5508611884  -1.4463049398
0.5133979430  -0.5443232566  -1.4525499026
0.5071526611  -0.5377769209  -1.4587914166
0.5009108186  -0.5312222946  -1.4650294376
0.4946724598  -0.5246594986  -1.4712639173
0.4884376334  -0.5180886644  -1.4774948033
0.4822063919  -0.5115099383  -1.4837220391
0.4759787916  -0.5049234840  -1.4899455640
0.4697548933  -0.4983294858  -1.4961653128
0.4635347615  -0.4917281515  -1.5023812161
0.4573184650  -0.4851197149  -1.5085932000
0.4511060767  -0.4785044369  -1.5148011861
0.4448976737  -0.4718826077  -1.5210050916
0.4386933372  -0.4652545480  -1.5272048293
0.4324931526  -0.4586206110  -1.5334003076
0.4262972096  -0.4519811831  -1.5395914303
0.4201056021  -0.4453366842  -1.5457780970
0.4139184280  -0.4386875680  -1.5519602030
0.4077357895  -0.4320343216  -1.5581376391
0.4015577931  -0.4253774650  -1.5643102920
0.3953845492  -0.4187175501  -1.5704780445
0.3892161725  -0.4120551598  -1.5766407750
0.3830527816  -0.4053909059  -1.5827983583
0.3768945185  -0.3987283215  -1.5889507721
0.3707415553  -0.3920720028  -1.5950981127
0.3645939984  -0.3854158426  -1.6012401651
0.3584518697  -0.3787515363  -1.6073764278
0.3523152698  -0.3720830623  -1.6135066317
0.3461843954  -0.3654157784  -1.6196306464
0.3400594252  -0.3587507805  -1.6257482881
0.3339405158  -0.3520891531  -1.6318593775
0.3278278274  -0.3454319747  -1.6379637412
0.3217215240  -0.3387803093  -1.6440612119
0.3156217725  -0.3321351992  -1.6501516294
0.3095287424  -0.3254976591  -1.6562348414
0.3034426049  -0.3188686705  -1.6623107032
0.2973635327  -0.3122491776  -1.6683790788
0.2912916996  -0.3056400838  -1.6744398407
0.2852272799  -0.2990422490  -1.6804928698
0.2791704478  -0.2924564884  -1.6865380557
0.2731213777  -0.2858835711  -1.6925752965
0.2670802436  -0.2793242207  -1.6986044979
0.2610472187  -0.2727791154  -1.7046255737
0.2550224757  -0.2662488898  -1.7106384443
0.2490061863  -0.2597341369  -1.7166430365
0.2429985215  -0.2532354101  -1.7226392827
0.2369996513  -0.2467532269  -1.7286271194
0.2310097446  -0.2402880717  -1.7346064871
0.2250289695  -0.2338404000  -1.7405773281
0.2190574929  -0.2274106419  -1.7465395858
0.2130954806  -0.2209992067  -1.7524932032
0.2071430971  -0.2146064866  -1.7584381213
0.2012005057  -0.2082328612  -1.7643742778
0.1952678677  -0.2018787015  -1.7703016050
0.1893453429  -0.1955443845  -1.7762200281
0.1834395743  -0.1892335267  -1.7822199659
0.1775548941  -0.1829483275  -1.7883462093
0.1716746225  -0.1766805520  -1.7944438420
0.1657940194  -0.1704283425  -1.8005526360
0.1599219604  -0.1641966508  -1.8066696568
0.1540584639  -0.1579859150  -1.8127915875
0.1482035800  -0.1517966125  -1.8189147295
0.1423573916  -0.1456292537  -1.8250350019
0.1365200156  -0.1394843787  -1.8311479421
0.1306916037  -0.1333625524  -1.8372487049
0.1248723440  -0.1272643590  -1.8433320637
0.1190624615  -0.1211903957  -1.8493924093
0.1132622187  -0.1151412648  -1.8554237509
0.1074719165  -0.1091175660  -1.8614197153
0.1016918937  -0.1031198870  -1.8673735475
0.0959225280  -0.0971487945  -1.8732781103
0.0901642346  -0.0912048247  -1.8791258846
0.0844174667  -0.0852884736  -1.8849089691
0.0786827141  -0.0794001883  -1.8906190806
0.0729605024  -0.0735403581  -1.8962475538
0.0672513914  -0.0677093073  -1.9017853414
0.0615559736  -0.0619072889  -1.9072230138
0.0558748719  -0.0561344803  -1.9125507598
0.0502087372  -0.0503909804  -1.9177583859
0.0445582454  -0.0446768098  -1.9228353164
0.0389240947  -0.0389919125  -1.9277705939
0.0333070010  -0.0333361612  -1.9325528788
0.0277076944  -0.0277093649  -1.9371704493
0.0221269144  -0.0221112790  -1.9416112019
0.0165654044  -0.0165416183  -1.9458626507
0.0110239064  -0.0110000717  -1.9499119280
0.0055031548  -0.0054863183  -1.9537457840
0.0054950121  -0.0054862357  -1.9537457840
