0.0845411
2.1798253166  -2.1451622468   0.0000699270
2.1798253166  -2.1451622468   0.0000699270
2.1798293466  -2.1451504607   0.0000565559
2.1798230819  -2.1451094747   0.0000238821
2.1798016516  -2.1450398481  -0.0000286359
2.1797604921  -2.1449358408  -0.0001015348
2.1796979754  -2.1447957434  -0.0001953461
2.1796131959  -2.1446187838  -0.0003105960
2.1795055186  -2.1444045314  -0.0004478057
2.1793744303  -2.1441527034  -0.0006074915
2.1792194799  -2.1438630857  -0.0007901643
2.1790402503  -2.1435354967  -0.0009963301
2.1788363440  -2.1431697674  -0.0012264896
2.1786073751  -2.1427657315  -0.0014811385
2.1783529647  -2.1423232192  -0.0017607674
2.1780727376  -2.1418420535  -0.0020658618
2.1777663212  -2.1413220482  -0.0023969020
2.1774333438  -2.1407630064  -0.0027543633
2.1770734341  -2.1401647201  -0.0031387159
2.1766862205  -2.1395269695  -0.0035504247
2.1762713309  -2.1388495234  -0.0039899497
2.1758283924  -2.1381321386  -0.0044577458
2.1753570312  -2.1373745610  -0.0049542626
2.1748568726  -2.1365765252  -0.0054799448
2.1743275409  -2.1357377553  -0.0060352318
2.1737686592  -2.1348579652  -0.0066205581
2.1731798501  -2.1339368591  -0.0072363528
2.1725607348  -2.1329741323  -0.0078830403
2.1719109339  -2.1319694711  -0.0085610395
2.1712300672  -2.1309225544  -0.0092707644
2.1705177537  -2.1298330535  -0.0100126238
2.1697736123  -2.1287006334  -0.0107870215
2.1689972489  -2.1275240743  -0.0115954408
2.1681882969  -2.1263038295  -0.0124373247
2.1673463901  -2.1250406363  -0.0133127382
2.1664711314  -2.1237335146  -0.0142219817
2.1655621320  -2.1223818771  -0.0151653877
2.1646190083  -2.1209852720  -0.0161433286
2.1636413778  -2.1195432777  -0.0171561754
2.1626288590  -2.1180554965  -0.0182043016
2.1615810711  -2.1165215394  -0.0192880823
2.1604976345  -2.1149410247  -0.0204078927
2.1593781703  -2.1133135779  -0.0215641078
2.1582223007  -2.1116388312  -0.0227571013
2.1570296494  -2.1099164229  -0.0239872464
2.1557998419  -2.1081459991  -0.0252549150
2.1545325053  -2.1063272154  -0.0265604778
2.1532272688  -2.1044597376  -0.0279043040
2.1518837628  -2.1025432414  -0.0292867608
2.1505016198  -2.1005774134  -0.0307082138
2.1490804752  -2.0985619525  -0.0321690262
2.1476199673  -2.0964965707  -0.0336695586
2.1461197367  -2.0943809938  -0.0352101688
2.1445794259  -2.0922149609  -0.0367912119
2.1429986803  -2.0899982252  -0.0384130420
2.1413771493  -2.0877305553  -0.0400760102
2.1397144856  -2.0854117370  -0.0417804642
2.1380103446  -2.0830415727  -0.0435267473
2.1362643841  -2.0806198817  -0.0453151995
2.1344762671  -2.0781465021  -0.0471461571
2.1326456613  -2.0756212897  -0.0490199525
2.1307722354  -2.0730441172  -0.0509369144
2.1288556621  -2.0704148762  -0.0528973667
2.1268956241  -2.0677332497  -0.0549016299
2.1248918124  -2.0649990925  -0.0569500200
2.1228439312  -2.0622128333  -0.0590428486
2.1207516702  -2.0593746545  -0.0611804208
2.1186146812  -2.0564843533  -0.0633630355
2.1164326101  -2.0535418179  -0.0655909878
2.1142051474  -2.0505470352  -0.0678645707
2.1119320237  -2.0475000567  -0.0701840711
2.1096129747  -2.0444009587  -0.0725497663
2.1072477324  -2.0412498267  -0.0749619268
2.1048360180  -2.0380467451  -0.0774208208
2.1023775511  -2.0347918070  -0.0799267124
2.0998720628  -2.0314851298  -0.0824798558
2.0973192986  -2.0281268609  -0.0850804959
2.0947190120  -2.0247171671  -0.0877288723
2.0920709617  -2.0212562294  -0.0904252200
2.0893749133  -2.0177442441  -0.0931697677
2.0866306400  -2.0141814227  -0.0959627374
2.0838379264  -2.0105679967  -0.0988043429
2.0809965553  -2.0069042066  -0.1016947889
2.0781062991  -2.0031902900  -0.1046342738
2.0751669406  -1.9994265016  -0.1076229899
2.0721783093  -1.9956131502  -0.1106611204
2.0691402716  -1.9917505905  -0.1137488391
2.0660526681  -1.9878391576  -0.1168863115
2.0629153075  -1.9838791600  -0.1200736960
2.0597280118  -1.9798709262  -0.1233111440
2.0564906306  -1.9758148192  -0.1265987993
2.0532030245  -1.9717112198  -0.1299367941
2.0498650591  -1.9675605194  -0.1333252507
2.0464766086  -1.9633631224  -0.1367642863
2.0430375510  -1.9591194328  -0.1402540106
2.0395477872  -1.9548298707  -0.1437945220
2.0360072543  -1.9504949120  -0.1473859091
2.0324158684  -1.9461150424  -0.1510282515
2.0287734822  -1.9416906900  -0.1547216197
2.0250799703  -1.9372223029  -0.1584660763
2.0213353453  -1.9327104822  -0.1622616790
2.0175396672  -1.9281559116  -0.1661084775
2.0136928427  -1.9235591290  -0.1700065079
2.0097946844  -1.9189204358  -0.1739557983
2.0058451694  -1.9142400733  -0.1779563728
2.0018444363  -1.9095184596  -0.1820082451
1.9977925013  -1.9047561785  -0.1861114155
1.9936892109  -1.8999538702  -0.1902658745
1.9895345064  -1.8951123045  -0.1944716059
1.9853284686  -1.8902323625  -0.1987285871
1.9810711604  -1.8853148780  -0.2030367872
1.9767626505  -1.8803606573  -0.2073961650
1.9724030078  -1.8753704755  -0.2118066686
1.9679922268  -1.8703450000  -0.2162682396
1.9635303285  -1.8652848899  -0.2207808134
1.9590174445  -1.8601908820  -0.2253443147
1.9544536931  -1.8550636686  -0.2299586605
1.9498390961  -1.8499038135  -0.2346237600
1.9451737029  -1.8447118764  -0.2393395094
1.9404576224  -1.8394884502  -0.2441057966
1.9356909836  -1.8342341229  -0.2489225079
1.9308739811  -1.8289495263  -0.2537895199
1.9260067404  -1.8236352027  -0.2587066980
1.9210892583  -1.8182915442  -0.2636738998
1.9161216844  -1.8129190797  -0.2686909760
1.9111043043  -1.8075184697  -0.2737577690
1.9060372736  -1.8020902342  -0.2788741122
1.9009206967  -1.7966348309  -0.2840398304
1.8957547482  -1.7911527855  -0.2892547400
1.8905396112  -1.7856446328  -0.2945186477
1.8852754049  -1.7801108430  -0.2998313503
1.8799623304  -1.7745519674  -0.3051926352
1.8746007476  -1.7689687186  -0.3106022751
1.8691908417  -1.7633616092  -0.3160600168
1.8637326852  -1.7577311035  -0.3215656074
1.8582266493  -1.7520781875  -0.3271188748
1.8526731228  -1.7464039072  -0.3327197230
1.8470722127  -1.7407088055  -0.3383679914
1.8414240459  -1.7349933538  -0.3440633952
1.8357288522  -1.7292582152  -0.3498056005
1.8299869664  -1.7235042197  -0.3555942747
1.8241987454  -1.7177322429  -0.3614290818
1.8183644694  -1.7119431013  -0.3673096761
1.8124843696  -1.7061375759  -0.3732357044
1.8065586854  -1.7003164718  -0.3792068103
1.8005878294  -1.6944807838  -0.3852226367
1.7945721402  -1.6886314455  -0.3912828242
1.7885118217  -1.6827692628  -0.3973870041
1.7824073055  -1.6768952781  -0.4035348010
1.7762589586  -1.6710104764  -0.4097258435
1.7700669118  -1.6651156046  -0.4159597589
1.7638316435  -1.6592117561  -0.4222361676
1.7575536855  -1.6533000815  -0.4285546860
1.7512332934  -1.6473814453  -0.4349149265
1.7448708006  -1.6414567716  -0.4413164993
1.7384666215  -1.6355270546  -0.4477590107
1.7320211737  -1.6295932770  -0.4542420547
1.7255348362  -1.6236563534  -0.4607652108
1.7190080034  -1.6177171851  -0.4673280414
1.7124411075  -1.6117766809  -0.4739300802
1.7058345671  -1.6058356881  -0.4805708111
1.6991886526  -1.5998948485  -0.4872496329
1.6925036435  -1.5939547394  -0.4939657801
1.6857799424  -1.5880159408  -0.5007181270
1.6790176788  -1.5820785201  -0.5075046734
1.6722163315  -1.5761416699  -0.5143211327
1.6653768629  -1.5702067445  -0.5211687624
1.6585040369  -1.5642803933  -0.5280588994
1.6516014648  -1.5583682809  -0.5349984152
1.6446671859  -1.5524689626  -0.5419855947
1.6376982245  -1.5465787917  -0.5490182302
1.6306939574  -1.5406962984  -0.5560948940
1.6236547015  -1.5348209928  -0.5632141424
1.6165807592  -1.5289522778  -0.5703744552
1.6094723513  -1.5230893346  -0.5775742446
1.6023298150  -1.5172313302  -0.5848118615
1.5951535449  -1.5113773679  -0.5920855994
1.5879439915  -1.5055264923  -0.5993936998
1.5807016771  -1.4996777131  -0.6067343626
1.5734267365  -1.4938295529  -0.6141057502
1.5661195156  -1.4879806614  -0.6215059903
1.5587806385  -1.4821298994  -0.6289331889
1.5514104196  -1.4762757560  -0.6363854315
1.5440091878  -1.4704166816  -0.6438607828
1.5365773420  -1.4645511570  -0.6513572973
1.5291151927  -1.4586775488  -0.6588730272
1.5216229777  -1.4527941349  -0.6664060236
1.5141008643  -1.4468991180  -0.6739543408
1.5065487979  -1.4409904828  -0.6815160421
1.4989664816  -1.4350659936  -0.6890892046
1.4913532162  -1.4291230474  -0.6966719235
1.4837075767  -1.4231583562  -0.7042623159
1.4760269219  -1.4171674770  -0.7118585293
1.4683062860  -1.4111437209  -0.7194587494
1.4605359914  -1.4050757690  -0.7270612039
1.4526950242  -1.3989410360  -0.7346641778
1.4447328721  -1.3926874173  -0.7422660534
1.4365188856  -1.3861857635  -0.7498652696
1.4284156693  -1.3798028113  -0.7574601069
1.4207558165  -1.3738696326  -0.7650486309
1.4132763844  -1.3681162717  -0.7726289931
1.4058206183  -1.3623791218  -0.7801996243
1.3983771825  -1.3566420464  -0.7877591199
1.3909456594  -1.3509020128  -0.7953061420
1.3835258306  -1.3451569609  -0.8028394271
1.3761174922  -1.3394050210  -0.8103578028
1.3687204649  -1.3336444853  -0.8178601920
1.3613345917  -1.3278738103  -0.8253456137
1.3539597367  -1.3220916183  -0.8328131864
1.3465957835  -1.3162966988  -0.8402621300
1.3392426373  -1.3104880116  -0.8476917759
1.3319002252  -1.3046646862  -0.8551015730
1.3245684902  -1.2988260186  -0.8624910816
1.3172473882  -1.2929714684  -0.8698599797
1.3099368914  -1.2871006558  -0.8772080726
1.3026369853  -1.2812133563  -0.8845352926
1.2953476658  -1.2753094956  -0.8918417039
1.2880689382  -1.2693891433  -0.8991275093
1.2808008165  -1.2634525056  -0.9063930554
1.2735433220  -1.2574999166  -0.9136388421
1.2662964834  -1.2515318314  -0.9208655340
1.2590603382  -1.2455488179  -0.9280739764
1.2518349350  -1.2395515501  -0.9352652196
1.2446203415  -1.2335408037  -0.9424405598
1.2374166602  -1.2275174590  -0.9496016095
1.2302240636  -1.2214825174  -0.9567504343
1.2230428814  -1.2154371571  -0.9638898589
1.2158738350  -1.2093828992  -0.9710242346
1.2087186847  -1.2033217415  -0.9781614834
1.2015773738  -1.1972548103  -0.9853048862
1.1944441143  -1.1911806893  -0.9924459680
1.1873134457  -1.1850973445  -0.9995777607
1.1801864424  -1.1790046829  -1.0067006492
1.1730659744  -1.1729036249  -1.0138156143
1.1659528144  -1.1667947357  -1.0209229167
1.1588468341  -1.1606782841  -1.0280227638
1.1517478469  -1.1545544634  -1.0351153678
1.1446556665  -1.1484234312  -1.0422009460
1.1375701071  -1.1422853129  -1.0492797203
1.1304909835  -1.1361402008  -1.0563519167
1.1234181109  -1.1299881540  -1.0634177646
1.1163513043  -1.1238291993  -1.0704774962
1.1092903792  -1.1176633323  -1.0775313453
1.1022351508  -1.1114905177  -1.0845795471
1.0951854344  -1.1053106899  -1.0916223368
1.0881410455  -1.0991237539  -1.0986599490
1.0811017995  -1.0929295880  -1.1056926169
1.0740675119  -1.0867280449  -1.1127205709
1.0670379985  -1.0805189531  -1.1197440380
1.0600130751  -1.0743021194  -1.1267632406
1.0529925579  -1.0680773315  -1.1337783957
1.0459762633  -1.0618443604  -1.1407897135
1.0389640079  -1.0556029636  -1.1477973963
1.0319556090  -1.0493528885  -1.1548016377
1.0249508837  -1.0430938770  -1.1618026201
1.0179496496  -1.0368256721  -1.1688005137
1.0109517234  -1.0305480275  -1.1757954729
1.0039569209  -1.0242607278  -1.1827876310
0.9969650532  -1.0179636343  -1.1897770890
0.9899759200  -1.0116568043  -1.1967638878
0.9829893155  -1.0053402312  -1.2037480250
0.9760050818  -0.9990130117  -1.2107295918
0.9690231423  -0.9926735493  -1.2177088459
0.9620434261  -0.9863209616  -1.2246860706
0.9550657858  -0.9799552950  -1.2316614595
0.9480900276  -0.9735766069  -1.2386351607
0.9411159721  -0.9671846758  -1.2456073247
0.9341434605  -0.9607792065  -1.2525781048
0.9271723409  -0.9543599176  -1.2595476529
0.9202024630  -0.9479265455  -1.2665161190
0.9132336783  -0.9414788450  -1.2734836512
0.9062658397  -0.9350165890  -1.2804503954
0.8992988019  -0.9285395685  -1.2874164959
0.8923324212  -0.9220475905  -1.2943820947
0.8853665558  -0.9155404783  -1.3013473321
0.8784010654  -0.9090180750  -1.3083123461
0.8714358115  -0.9024802434  -1.3152772726
0.8644706574  -0.8959268576  -1.3222422457
0.8575054685  -0.8893577978  -1.3292073970
0.8505401117  -0.8827729505  -1.3361728567
0.8435744561  -0.8761722094  -1.3431387524
0.8366083729  -0.8695554724  -1.3501052099
0.8296417349  -0.8629226396  -1.3570723530
0.8226744173  -0.8562736097  -1.3640403033
0.8157062972  -0.8496082777  -1.3710091803
0.8087372541  -0.8429265309  -1.3779791018
0.8017671693  -0.8362282449  -1.3849501831
0.7947959269  -0.8295132784  -1.3919225379
0.7878234128  -0.8227814648  -1.3988962776
0.7808495157  -0.8160325980  -1.4058715123
0.7738741267  -0.8092664013  -1.4128483501
0.7668971397  -0.8024825146  -1.4198268983
0.7599184510  -0.7956806009  -1.4268072623
0.7529379586  -0.7888604997  -1.4337895433
0.7459555620  -0.7820221953  -1.4407738371
0.7389711630  -0.7751656503  -1.4477602359
0.7319846673  -0.7682907539  -1.4547488299
0.7249959840  -0.7613973756  -1.4617397071
0.7180050253  -0.7544853958  -1.4687329526
0.7110117064  -0.7475547037  -1.4757286484
0.7040159452  -0.7406051949  -1.4827268733
0.6970176627  -0.7336367712  -1.4897277027
0.6900167836  -0.7266493407  -1.4967312086
0.6830132355  -0.7196428185  -1.5037374596
0.6760069499  -0.7126168278  -1.5107465213
0.6689978624  -0.7055703979  -1.5177584571
0.6619859122  -0.6985032008  -1.5247733262
0.6549710401  -0.6914165897  -1.5317911797
0.6479531898  -0.6843118437  -1.5388120615
0.6409323109  -0.6771889800  -1.5458360143
0.6339083590  -0.6700477396  -1.5528630794
0.6268812940  -0.6628880323  -1.5598932942
0.6198510796  -0.6557097547  -1.5669266915
0.6128176834  -0.6485127852  -1.5739633000
0.6057810779  -0.6412969892  -1.5810031437
0.5987412402  -0.6340622247  -1.5880462420
0.5916981520  -0.6268083479  -1.5950926093
0.5846518004  -0.6195352185  -1.6021422548
0.5776021771  -0.6122427059  -1.6091951822
0.5705492793  -0.6049306944  -1.6162513898
0.5634931095  -0.5975990885  -1.6233108695
0.5564336757  -0.5902478186  -1.6303736074
0.5493709916  -0.5828768455  -1.6374395831
0.5423050765  -0.5754861652  -1.6445087695
0.5352359560  -0.5680758120  -1.6515811327
0.5281636617  -0.5606458625  -1.6586566318
0.5210882316  -0.5531964381  -1.6657352191
0.5140097101  -0.5457277091  -1.6728168392
0.5069281483  -0.5382398970  -1.6799014296
0.4998436040  -0.5307332762  -1.6869889204
0.4927561421  -0.5232081753  -1.6940792337
0.4856658344  -0.5156649778  -1.7011722844
0.4785727603  -0.5081041225  -1.7082679794
0.4714770062  -0.5005261028  -1.7153662179
0.4643786664  -0.4929314666  -1.7224668916
0.4572778427  -0.4853208144  -1.7295698840
0.4501746773  -0.4776994970  -1.7366752351
0.4430693672  -0.4700746686  -1.7437831653
0.4359620010  -0.4624361283  -1.7508934143
0.4288525142  -0.4547699265  -1.7580052787
0.4217409760  -0.4470820231  -1.7651184092
0.4146276329  -0.4393807440  -1.7722326667
0.4075127039  -0.4316675366  -1.7793478266
0.4003963695  -0.4239438532  -1.7864636684
0.3932788202  -0.4162111580  -1.7935799766
0.3861602556  -0.4084709124  -1.8006965421
0.3790408839  -0.4007245640  -1.8078131625
0.3719209209  -0.3929735349  -1.8149296434
0.3648005896  -0.3852192128  -1.8220457987
0.3576801191  -0.3774629429  -1.8291614506
0.3505597441  -0.3697060210  -1.8362764300
0.3434397046  -0.3619496890  -1.8433905767
0.3363202449  -0.3541951302  -1.8505037385
0.3292016138  -0.3464434679  -1.8576157712
0.3220840636  -0.3386957637  -1.8647265379
0.3149678506  -0.3309530182  -1.8718359082
0.3078532346  -0.3232161724  -1.8789437569
0.3007404789  -0.3154861100  -1.8860499633
0.2936298507  -0.3077636617  -1.8931544095
0.2865216205  -0.3000496095  -1.9002569787
0.2794160628  -0.2923446921  -1.9073575543
0.2723134557  -0.2846496115  -1.9144560171
0.2652140814  -0.2769650393  -1.9215522444
0.2581182256  -0.2692916245  -1.9286461071
0.2510261778  -0.2616300010  -1.9357374680
0.2439382310  -0.2539807948  -1.9428261794
0.2368546811  -0.2463446326  -1.9499120810
0.2297758265  -0.2387221697  -1.9569949968
0.2227119332  -0.2311199679  -1.9641856165
0.2156697368  -0.2235421464  -1.9715387435
0.2086236788  -0.2159737271  -1.9788644515
0.2015665321  -0.2084112536  -1.9862113593
0.1945120048  -0.2008637846  -1.9935757535
0.1874602019  -0.1933321704  -2.0009534467
0.1804112839  -0.1858173622  -2.0083397778
0.1733654658  -0.1783203979  -2.0157296116
0.1663230190  -0.1708423966  -2.0231173393
0.1592842725  -0.1633845506  -2.0304968782
0.1522496144  -0.1559481157  -2.0378616716
0.1452194921  -0.1485343979  -2.0452046893
0.1381944132  -0.1411447386  -2.0525184268
0.1311749450  -0.1337804980  -2.0597949061
0.1241617144  -0.1264430356  -2.0670256753
0.1171554070  -0.1191336905  -2.0742018085
0.1101567657  -0.1118537596  -2.0813139060
0.1031665890  -0.1046044762  -2.0883520945
0.0961857291  -0.0973869883  -2.0953060266
0.0892150891  -0.0902023382  -2.1021648810
0.0822556198  -0.0830514433  -2.1089173628
0.0753083165  -0.0759350798  -2.1155517030
0.0683742148  -0.0688538695  -2.1220556591
0.0614543863  -0.0618082711  -2.1284165143
0.0545499336  -0.0547985757  -2.1346210784
0.0476619852  -0.0478249084  -2.1406556870
0.0407916897  -0.0408872361  -2.1465062020
0.0339402094  -0.0339853811  -2.1521580116
0.0271087138  -0.0271190418  -2.1575960299
0.0202983727  -0.0202878187  -2.1628046973
0.0135103485  -0.0134912462  -2.1677679803
0.0067457885  -0.0067288285  -2.1724693717
0.0067335506  -0.0067286886  -2.1724693717
