0.267681
0.7308779878  -0.6411684315   0.0000198753
0.7308779878  -0.6411684315   0.0000198753
0.7308799792  -0.6411680725   0.0000170881
0.7308793020  -0.6411632826   0.0000093804
0.7308744981  -0.6411538743  -0.0000033705
0.7308646471  -0.6411393909  -0.0000212875
0.7308493930  -0.6411196702  -0.0000444935
0.7308285296  -0.6410946250  -0.0000731116
0.7308019073  -0.6410641952  -0.0001072651
0.7307694016  -0.6410283324  -0.0001470773
0.7307309008  -0.6409869929  -0.0001926718
0.7306862999  -0.6409401352  -0.0002441720
0.7306354972  -0.6408877176  -0.0003017019
0.7305783931  -0.6408296980  -0.0003653853
0.7305148883  -0.6407660330  -0.0004353461
0.7304448843  -0.6406966777  -0.0005117086
0.7303682817  -0.6406215854  -0.0005945971
0.7302849809  -0.6405407073  -0.0006841359
0.7301948815  -0.6404539930  -0.0007804496
0.7300978822  -0.6403613896  -0.0008836628
0.7299938806  -0.6402628424  -0.0009939004
0.7298827733  -0.6401582946  -0.0011112873
0.7297644558  -0.6400476869  -0.0012359485
0.7296388224  -0.6399309581  -0.0013680093
0.7295057660  -0.6398080450  -0.0015075950
0.7293651784  -0.6396788818  -0.0016548310
0.7292169501  -0.6395434009  -0.0018098429
0.7290609703  -0.6394015323  -0.0019727565
0.7288971267  -0.6392532041  -0.0021436975
0.7287253057  -0.6390983421  -0.0023227921
0.7285453925  -0.6389368699  -0.0025101662
0.7283572706  -0.6387687093  -0.0027059462
0.7281608183  -0.6385936482  -0.0029105467
0.7279559205  -0.6384117242  -0.0031238292
0.7277424623  -0.6382230292  -0.0033458241
0.7275203177  -0.6380273856  -0.0035766454
0.7272893615  -0.6378246593  -0.0038164110
0.7270494680  -0.6376147438  -0.0040652458
0.7268005103  -0.6373975363  -0.0043232762
0.7265423600  -0.6371729352  -0.0045906306
0.7262748874  -0.6369408377  -0.0048674393
0.7259979612  -0.6367011400  -0.0051538346
0.7257114484  -0.6364537368  -0.0054499505
0.7254152147  -0.6361985210  -0.0057559224
0.7251091243  -0.6359353844  -0.0060718877
0.7247930395  -0.6356642173  -0.0063979853
0.7244668213  -0.6353849086  -0.0067343558
0.7241303292  -0.6350973457  -0.0070811413
0.7237834207  -0.6348014151  -0.0074384858
0.7234259521  -0.6344970017  -0.0078065346
0.7230577780  -0.6341839896  -0.0081854350
0.7226787512  -0.6338622617  -0.0085753357
0.7222887232  -0.6335316999  -0.0089763871
0.7218875434  -0.6331921852  -0.0093887414
0.7214750599  -0.6328435976  -0.0098125523
0.7210511190  -0.6324858166  -0.0102479751
0.7206155654  -0.6321187206  -0.0106951671
0.7201682419  -0.6317421875  -0.0111542868
0.7197089899  -0.6313560944  -0.0116254949
0.7192376489  -0.6309603182  -0.0121089533
0.7187540569  -0.6305547349  -0.0126048259
0.7182580500  -0.6301392203  -0.0131132781
0.7177494626  -0.6297136497  -0.0136344773
0.7172281276  -0.6292778588  -0.0141685924
0.7166938758  -0.6288317075  -0.0147157941
0.7161465362  -0.6283751518  -0.0152762547
0.7155859367  -0.6279081072  -0.0158501482
0.7150119036  -0.6274304218  -0.0164376504
0.7144242610  -0.6269419552  -0.0170389389
0.7138228313  -0.6264425761  -0.0176541930
0.7132074353  -0.6259321548  -0.0182835937
0.7125778921  -0.6254105626  -0.0189273238
0.7119340192  -0.6248776708  -0.0195855677
0.7112756321  -0.6243333503  -0.0202585115
0.7106025450  -0.6237774717  -0.0209463432
0.7099145701  -0.6232099045  -0.0216492524
0.7092115181  -0.6226305177  -0.0223674304
0.7084931978  -0.6220391794  -0.0231010704
0.7077594167  -0.6214357572  -0.0238503671
0.7070099801  -0.6208201182  -0.0246155171
0.7062446922  -0.6201921291  -0.0253967185
0.7054633551  -0.6195516556  -0.0261941711
0.7046657695  -0.6188985627  -0.0270080764
0.7038517344  -0.6182327145  -0.0278386373
0.7030210472  -0.6175539746  -0.0286860585
0.7021735030  -0.6168622053  -0.0295505463
0.7013088957  -0.6161572683  -0.0304323086
0.7004270170  -0.6154390248  -0.0313315550
0.6995276575  -0.6147073352  -0.0322484962
0.6986106056  -0.6139620597  -0.0331833448
0.6976756485  -0.6132030583  -0.0341363147
0.6967225717  -0.6124301905  -0.0351076213
0.6957511589  -0.6116433161  -0.0360974817
0.6947611929  -0.6108422955  -0.0371061143
0.6937524552  -0.6100269898  -0.0381337391
0.6927247265  -0.6091972601  -0.0391805774
0.6916777855  -0.6083529765  -0.0402468520
0.6906114097  -0.6074940259  -0.0413327867
0.6895253754  -0.6066202786  -0.0424386066
0.6884194579  -0.6057315285  -0.0435645387
0.6872934319  -0.6048275004  -0.0447108119
0.6861470698  -0.6039079423  -0.0458776565
0.6849801422  -0.6029726955  -0.0470653038
0.6837924180  -0.6020216849  -0.0482739853
0.6825836659  -0.6010548782  -0.0495039332
0.6813536540  -0.6000722534  -0.0507553806
0.6801021500  -0.5990737811  -0.0520285612
0.6788289207  -0.5980594177  -0.0533237089
0.6775337323  -0.5970291046  -0.0546410573
0.6762163505  -0.5959827678  -0.0559808414
0.6748765401  -0.5949203176  -0.0573432972
0.6735140647  -0.5938416470  -0.0587286631
0.6721286860  -0.5927466316  -0.0601371783
0.6707201652  -0.5916351321  -0.0615690834
0.6692882623  -0.5905069944  -0.0630246193
0.6678327368  -0.5893620509  -0.0645040273
0.6663533499  -0.5882001242  -0.0660075493
0.6648498637  -0.5870210278  -0.0675354277
0.6633220378  -0.5858245633  -0.0690879052
0.6617696301  -0.5846105222  -0.0706652238
0.6601923979  -0.5833786885  -0.0722676261
0.6585900983  -0.5821288413  -0.0738953541
0.6569624901  -0.5808607587  -0.0755486495
0.6553093345  -0.5795742169  -0.0772277534
0.6536303930  -0.5782689875  -0.0789329059
0.6519254275  -0.5769448365  -0.0806643460
0.6501942006  -0.5756015258  -0.0824223109
0.6484364761  -0.5742387984  -0.0842070354
0.6466520149  -0.5728562083  -0.0860187469
0.6448405737  -0.5714532042  -0.0878576652
0.6430019180  -0.5700301718  -0.0897240219
0.6411358384  -0.5685888833  -0.0916180832
0.6392421370  -0.5671307359  -0.0935401342
0.6373205993  -0.5656552078  -0.0954904400
0.6353709881  -0.5641605955  -0.0974692319
0.6333930585  -0.5626453311  -0.0994767169
0.6313865776  -0.5611084507  -0.1015130885
0.6293513201  -0.5595495298  -0.1035785333
0.6272870462  -0.5579684443  -0.1056732340
0.6251935026  -0.5563651766  -0.1077973692
0.6230704402  -0.5547397685  -0.1099511124
0.6209176439  -0.5530923466  -0.1121346328
0.6187349337  -0.5514231152  -0.1143480942
0.6165221398  -0.5497323261  -0.1165916556
0.6142790962  -0.5480202730  -0.1188654709
0.6120056265  -0.5462872748  -0.1211696893
0.6097015495  -0.5445336731  -0.1235044542
0.6073666928  -0.5427598407  -0.1258699029
0.6050009005  -0.5409661930  -0.1282661649
0.6026040210  -0.5391531676  -0.1306933638
0.6001758918  -0.5373211994  -0.1331516140
0.5977163625  -0.5354707460  -0.1356410153
0.5952253010  -0.5336022902  -0.1381616538
0.5927025736  -0.5317163064  -0.1407135964
0.5901480479  -0.5298132640  -0.1432968777
0.5875616039  -0.5278936377  -0.1459114850
0.5849431196  -0.5259578770  -0.1485573333
0.5822924729  -0.5240064070  -0.1512342241
0.5796095385  -0.5220396190  -0.1539418241
0.5768941380  -0.5200577853  -0.1566794198
0.5741458761  -0.5180609586  -0.1594442474
0.5713643938  -0.5160491894  -0.1622340786
0.5685503735  -0.5140233142  -0.1650536112
0.5657053623  -0.5119850769  -0.1679116459
0.5628300870  -0.5099359294  -0.1708139070
0.5599240348  -0.5078763562  -0.1737623577
0.5569863477  -0.5058062259  -0.1767570186
0.5540163172  -0.5037251306  -0.1797969224
0.5510135180  -0.5016326103  -0.1828809397
0.5479777334  -0.4995281636  -0.1860080040
0.5449088362  -0.4974112175  -0.1891769387
0.5418067099  -0.4952810773  -0.1923864665
0.5386712416  -0.4931369246  -0.1956352157
0.5355023075  -0.4909778081  -0.1989217249
0.5322997764  -0.4888026529  -0.2022444488
0.5290635134  -0.4866102690  -0.2056017646
0.5257933853  -0.4843993663  -0.2089919782
0.5224892338  -0.4821685314  -0.2124133308
0.5191508841  -0.4799162479  -0.2158640048
0.5157780847  -0.4776408447  -0.2193421293
0.5123705297  -0.4753405208  -0.2228457861
0.5089279706  -0.4730134845  -0.2263730154
0.5054498566  -0.4706575847  -0.2299218222
0.5019354570  -0.4682704510  -0.2334901808
0.4983839689  -0.4658496268  -0.2370760412
0.4947940724  -0.4633921263  -0.2406773345
0.4911637576  -0.4608942782  -0.2442919789
0.4874899642  -0.4583513906  -0.2479178850
0.4837680200  -0.4557572204  -0.2515529627
0.4799905065  -0.4531028585  -0.2551951270
0.4761485442  -0.4503781235  -0.2588423068
0.4722165118  -0.4475565121  -0.2624924651
0.4680735265  -0.4445170305  -0.2661436129
0.4637913732  -0.4413314514  -0.2697937526
0.4596704582  -0.4382972414  -0.2734407959
0.4558176263  -0.4355154084  -0.2770825948
0.4521555672  -0.4329041556  -0.2807170535
0.4486033987  -0.4303806817  -0.2843421844
0.4451015281  -0.4278845738  -0.2879561007
0.4416172580  -0.4253825382  -0.2915570011
0.4381489723  -0.4228722212  -0.2951431615
0.4346960210  -0.4203521339  -0.2987129348
0.4312581526  -0.4178212555  -0.3022647580
0.4278353215  -0.4152788938  -0.3057971592
0.4244275344  -0.4127245339  -0.3093087650
0.4210348185  -0.4101578059  -0.3127983062
0.4176572198  -0.4075784822  -0.3162646253
0.4142948022  -0.4049864733  -0.3197066827
0.4109476462  -0.4023818233  -0.3231235637
0.4076158469  -0.3997647038  -0.3265144856
0.4042995133  -0.3971354077  -0.3298788063
0.4009987663  -0.3944943423  -0.3332160331
0.3977137364  -0.3918420210  -0.3365258291
0.3944445620  -0.3891790547  -0.3398080250
0.3911913895  -0.3865061447  -0.3430626351
0.3879543714  -0.3838240733  -0.3462898680
0.3847336641  -0.3811336944  -0.3494901461
0.3815294306  -0.3784359273  -0.3526641360
0.3783418436  -0.3757317514  -0.3558127886
0.3751710909  -0.3730222031  -0.3589373979
0.3720173863  -0.3703083768  -0.3620396924
0.3688809752  -0.3675914255  -0.3651219243
0.3657621968  -0.3648726200  -0.3681872381
0.3626619630  -0.3621537102  -0.3712418120
0.3595812907  -0.3594365070  -0.3742926621
0.3565190023  -0.3567210727  -0.3773401559
0.3534718213  -0.3540057317  -0.3803789353
0.3504375991  -0.3512894626  -0.3834046000
0.3474163811  -0.3485727713  -0.3864151767
0.3444089873  -0.3458567381  -0.3894100323
0.3414161077  -0.3431423761  -0.3923893027
0.3384381079  -0.3404304731  -0.3953532124
0.3354750504  -0.3377215868  -0.3983018397
0.3325268824  -0.3350161655  -0.4012352707
0.3295935444  -0.3323146207  -0.4041535970
0.3266749742  -0.3296173303  -0.4070569142
0.3237711077  -0.3269246388  -0.4099453224
0.3208818803  -0.3242368592  -0.4128189252
0.3180072262  -0.3215542731  -0.4156778295
0.3151470793  -0.3188771322  -0.4185221443
0.3123013725  -0.3162056592  -0.4213519801
0.3094700381  -0.3135400489  -0.4241674484
0.3066530077  -0.3108804701  -0.4269686600
0.3038502125  -0.3082270669  -0.4297557249
0.3010615831  -0.3055799602  -0.4325287513
0.2982870499  -0.3029392501  -0.4352878441
0.2955265429  -0.3003050166  -0.4380331046
0.2927799918  -0.2976773223  -0.4407646291
0.2900473262  -0.2950562136  -0.4434825083
0.2873284757  -0.2924417218  -0.4461868256
0.2846233696  -0.2898338639  -0.4488776562
0.2819319371  -0.2872326430  -0.4515550650
0.2792541070  -0.2846380473  -0.4542191048
0.2765898078  -0.2820500459  -0.4568698128
0.2739389656  -0.2794685345  -0.4595071968
0.2713015025  -0.2768933331  -0.4621312228
0.2686773442  -0.2743244614  -0.4647418545
0.2660664349  -0.2717623764  -0.4673391249
0.2634687353  -0.2692076724  -0.4699231390
0.2608842027  -0.2666606579  -0.4724940152
0.2583127787  -0.2641213605  -0.4750518496
0.2557543951  -0.2615897328  -0.4775967188
0.2532089828  -0.2590657589  -0.4801286886
0.2506764748  -0.2565494770  -0.4826478220
0.2481568065  -0.2540409642  -0.4851541821
0.2456499148  -0.2515403110  -0.4876478323
0.2431557371  -0.2490476113  -0.4901288359
0.2406742108  -0.2465629614  -0.4925972555
0.2382052735  -0.2440864599  -0.4950531537
0.2357488631  -0.2416182069  -0.4974965926
0.2333049175  -0.2391583039  -0.4999276342
0.2308733748  -0.2367068532  -0.5023463400
0.2284541731  -0.2342639577  -0.5047527716
0.2260472508  -0.2318297198  -0.5071469901
0.2236525464  -0.2294042414  -0.5095290563
0.2212699984  -0.2269876231  -0.5118990312
0.2188995455  -0.2245799633  -0.5142569754
0.2165411265  -0.2221813580  -0.5166029493
0.2141946803  -0.2197918996  -0.5189370133
0.2118601459  -0.2174116769  -0.5212592278
0.2095374626  -0.2150407736  -0.5235696530
0.2072265694  -0.2126792680  -0.5258683491
0.2049274057  -0.2103272322  -0.5281553764
0.2026399109  -0.2079847311  -0.5304307951
0.2003640245  -0.2056518209  -0.5326946655
0.1980996861  -0.2033285467  -0.5349470481
0.1958468353  -0.2010149376  -0.5371880037
0.1936054118  -0.1987110108  -0.5394175934
0.1913753556  -0.1964167890  -0.5416358782
0.1891566064  -0.1941323125  -0.5438429186
0.1869491041  -0.1918576325  -0.5460387744
0.1847527888  -0.1895927986  -0.5482235049
0.1825676006  -0.1873378541  -0.5503971696
0.1803934799  -0.1850928362  -0.5525598279
0.1782303669  -0.1828577782  -0.5547115393
0.1760782023  -0.1806327104  -0.5568523631
0.1739369267  -0.1784176610  -0.5589823586
0.1718064806  -0.1762126558  -0.5611015851
0.1696868050  -0.1740177181  -0.5632101016
0.1675778407  -0.1718328693  -0.5653079670
0.1654795288  -0.1696581284  -0.5673952403
0.1633918103  -0.1674935123  -0.5694719802
0.1613146265  -0.1653390358  -0.5715382453
0.1592479187  -0.1631947116  -0.5735940943
0.1571916284  -0.1610605442  -0.5756395854
0.1551456971  -0.1589365252  -0.5776747770
0.1531100665  -0.1568226572  -0.5796997273
0.1510846785  -0.1547189724  -0.5817144944
0.1490694751  -0.1526254981  -0.5837191360
0.1470643984  -0.1505422352  -0.5857137099
0.1450693906  -0.1484691779  -0.5876982739
0.1430843941  -0.1464063213  -0.5896728854
0.1411093513  -0.1443536585  -0.5916376018
0.1391442048  -0.1423111804  -0.5935924803
0.1371888974  -0.1402788759  -0.5955375781
0.1352433721  -0.1382567324  -0.5974729520
0.1333075718  -0.1362447353  -0.5993986589
0.1313814398  -0.1342428687  -0.6013147553
0.1294649194  -0.1322511154  -0.6032212979
0.1275579542  -0.1302694568  -0.6051183428
0.1256604878  -0.1282978731  -0.6070059463
0.1237724640  -0.1263363432  -0.6088841642
0.1218938270  -0.1243848451  -0.6107530525
0.1200245209  -0.1224433558  -0.6126126668
0.1181644899  -0.1205118513  -0.6144630625
0.1163136787  -0.1185903068  -0.6163042950
0.1144720320  -0.1166786965  -0.6181364192
0.1126394946  -0.1147769941  -0.6199594903
0.1108160116  -0.1128851722  -0.6217735628
0.1090015282  -0.1110032027  -0.6235786913
0.1071959900  -0.1091310568  -0.6253749302
0.1053993425  -0.1072687049  -0.6271623335
0.1036115315  -0.1054161167  -0.6289409554
0.1018325032  -0.1035732610  -0.6307108495
0.1000622036  -0.1017401059  -0.6324720694
0.0983005793  -0.0999166187  -0.6342246684
0.0965475772  -0.0981028341  -0.6359687052
0.0948031447  -0.0962988063  -0.6377042446
0.0930672284  -0.0945043358  -0.6394313354
0.0913397739  -0.0927191813  -0.6411500113
0.0896207285  -0.0909433906  -0.6428603184
0.0879100404  -0.0891770354  -0.6445623093
0.0862076581  -0.0874200849  -0.6462560343
0.0845135298  -0.0856725066  -0.6479415436
0.0828276039  -0.0839342663  -0.6496188875
0.0811498291  -0.0822053283  -0.6512881169
0.0794801542  -0.0804856554  -0.6529492826
0.0778185283  -0.0787752086  -0.6546024358
0.0761649009  -0.0770739473  -0.6562476282
0.0745192213  -0.0753818294  -0.6578849114
0.0728814394  -0.0736988112  -0.6595143377
0.0712515051  -0.0720248478  -0.6611359595
0.0696293685  -0.0703598926  -0.6627498295
0.0680149801  -0.0687038980  -0.6643560008
0.0664082904  -0.0670568148  -0.6659545266
0.0648092503  -0.0654185932  -0.6675454605
0.0632178108  -0.0637891820  -0.6691288560
0.0616339231  -0.0621685294  -0.6707047669
0.0600575388  -0.0605565827  -0.6722732471
0.0584886095  -0.0589532886  -0.6738343505
0.0569270872  -0.0573585931  -0.6753881307
0.0553729241  -0.0557724418  -0.6769346415
0.0538260727  -0.0541947801  -0.6784739362
0.0522864855  -0.0526255529  -0.6800060680
0.0507541157  -0.0510647050  -0.6815310893
0.0492289162  -0.0495121813  -0.6830490523
0.0477108407  -0.0479679265  -0.6845600084
0.0461998427  -0.0464318854  -0.6860640082
0.0446962108  -0.0449040551  -0.6875825180
0.0432001162  -0.0433844070  -0.6891261925
0.0417106456  -0.0418727492  -0.6906584963
0.0402275006  -0.0403689948  -0.6921889134
0.0387510857  -0.0388731629  -0.6937168334
0.0372813492  -0.0373852008  -0.6952415569
0.0358182414  -0.0359050562  -0.6967622948
0.0343617149  -0.0344326777  -0.6982781690
0.0329117242  -0.0329680142  -0.6997882121
0.0314682263  -0.0315110148  -0.7012913673
0.0300311807  -0.0300616293  -0.7027864887
0.0286005493  -0.0286198076  -0.7042723409
0.0271762967  -0.0271854998  -0.7057475994
0.0257583902  -0.0257586561  -0.7072108504
0.0243467998  -0.0243392270  -0.7086605907
0.0229414982  -0.0229271627  -0.7100952280
0.0215424611  -0.0215224135  -0.7115130805
0.0201496671  -0.0201249296  -0.7129123773
0.0187630973  -0.0187346609  -0.7142912582
0.0173827359  -0.0173515572  -0.7156477736
0.0160085697  -0.0159755680  -0.7169798848
0.0146405885  -0.0146066426  -0.7182854637
0.0132787842  -0.0132447299  -0.7195622930
0.0119231514  -0.0118897788  -0.7208080659
0.0105736871  -0.0105417379  -0.7220203866
0.0092303902  -0.0092005555  -0.7231967700
0.0078932615  -0.0078661802  -0.7243346415
0.0065623033  -0.0065385602  -0.7254313373
0.0052375191  -0.0052176442  -0.7264841046
0.0039189135  -0.0039033809  -0.7274901009
0.0026064912  -0.0025957196  -0.7284463947
0.0013002570  -0.0012946099  -0.7293499651
0.0012998032  -0.0012946057  -0.7293499651
