0.183785
1.2532318993  -1.1487696727   0.0000349386
1.2532318993  -1.1487696727   0.0000349386
1.2532347679  -1.1487673494   0.0000293770
1.2532327924  -1.1487551495   0.0000148024
1.2532234863  -1.1487330337  -0.0000090180
1.2532049751  -1.1486996433  -0.0000423167
1.2531765587  -1.1486545337  -0.0000853259
1.2531378389  -1.1485974830  -0.0001382772
1.2530885309  -1.1485283512  -0.0002014019
1.2530284011  -1.1484470330  -0.0002749307
1.2529572412  -1.1483534393  -0.0003590940
1.2528748569  -1.1482474875  -0.0004541217
1.2527810611  -1.1481290974  -0.0005602435
1.2526756708  -1.1479981881  -0.0006776882
1.2525585051  -1.1478546766  -0.0008066847
1.2524293838  -1.1476984768  -0.0009474610
1.2522881265  -1.1475294991  -0.0011002451
1.2521345525  -1.1473476498  -0.0012652642
1.2519684797  -1.1471528309  -0.0014427452
1.2517897252  -1.1469449402  -0.0016329147
1.2515981042  -1.1467238705  -0.0018359986
1.2513934308  -1.1464895106  -0.0020522227
1.2511755170  -1.1462417443  -0.0022818122
1.2509441732  -1.1459804510  -0.0025249917
1.2506992080  -1.1457055055  -0.0027819856
1.2504404280  -1.1454167781  -0.0030530179
1.2501676380  -1.1451141346  -0.0033383119
1.2498806408  -1.1447974363  -0.0036380908
1.2495792373  -1.1444665404  -0.0039525771
1.2492632262  -1.1441212995  -0.0042819931
1.2489324043  -1.1437615622  -0.0046265604
1.2485865666  -1.1433871728  -0.0049865003
1.2482254983  -1.1429976718  -0.0053625514
1.2478489984  -1.1425931684  -0.0057544667
1.2474568657  -1.1421738861  -0.0061623007
1.2470488798  -1.1417394458  -0.0065862425
1.2466248220  -1.1412895790  -0.0070264925
1.2461844739  -1.1408240724  -0.0074832671
1.2457276155  -1.1403427215  -0.0079567842
1.2452540250  -1.1398453263  -0.0084472648
1.2447634786  -1.1393316862  -0.0089549328
1.2442557505  -1.1388015991  -0.0094800145
1.2437306132  -1.1382548613  -0.0100227386
1.2431878370  -1.1376912673  -0.0105833358
1.2426271903  -1.1371106100  -0.0111620391
1.2420484397  -1.1365126811  -0.0117590833
1.2414513500  -1.1358972715  -0.0123747056
1.2408356844  -1.1352641705  -0.0130091448
1.2402012037  -1.1346131666  -0.0136626417
1.2395476671  -1.1339440472  -0.0143354389
1.2388748318  -1.1332565993  -0.0150277809
1.2381824534  -1.1325506097  -0.0157399140
1.2374702853  -1.1318258649  -0.0164720862
1.2367380794  -1.1310821518  -0.0172245475
1.2359855858  -1.1303192573  -0.0179975494
1.2352125528  -1.1295369689  -0.0187913454
1.2344187270  -1.1287350746  -0.0196061907
1.2336038533  -1.1279133636  -0.0204423423
1.2327676749  -1.1270716258  -0.0213000587
1.2319099331  -1.1262096522  -0.0221796002
1.2310303677  -1.1253272353  -0.0230812283
1.2301287171  -1.1244241694  -0.0240052063
1.2292047188  -1.1235002509  -0.0249517984
1.2282581084  -1.1225551915  -0.0259212709
1.2272886200  -1.1215887595  -0.0269138908
1.2262959862  -1.1206009340  -0.0279299268
1.2252799395  -1.1195916083  -0.0289696487
1.2242402112  -1.1185605346  -0.0300333282
1.2231765305  -1.1175074949  -0.0311212383
1.2220886247  -1.1164322910  -0.0322336533
1.2209762192  -1.1153347301  -0.0333708488
1.2198390392  -1.1142146234  -0.0345331009
1.2186768083  -1.1130717842  -0.0357206868
1.2174892493  -1.1119060292  -0.0369338840
1.2162760838  -1.1107171780  -0.0381729711
1.2150370324  -1.1095050525  -0.0394382280
1.2137718151  -1.1082694766  -0.0407299357
1.2124801516  -1.1070102769  -0.0420483769
1.2111617608  -1.1057272817  -0.0433938351
1.2098163595  -1.1044203201  -0.0447665941
1.2084436635  -1.1030892225  -0.0461669383
1.2070433876  -1.1017338206  -0.0475951519
1.2056152460  -1.1003539480  -0.0490515196
1.2041589521  -1.0989494398  -0.0505363269
1.2026742193  -1.0975201344  -0.0520498592
1.2011607620  -1.0960658740  -0.0535924027
1.1996182962  -1.0945865039  -0.0551642433
1.1980465381  -1.0930818722  -0.0567656673
1.1964452042  -1.0915518303  -0.0583969609
1.1948140116  -1.0899962332  -0.0600584103
1.1931526772  -1.0884149390  -0.0617503016
1.1914609152  -1.0868078066  -0.0634729205
1.1897384374  -1.0851746951  -0.0652265523
1.1879849547  -1.0835154655  -0.0670114816
1.1862001778  -1.0818299792  -0.0688279926
1.1843838174  -1.0801180980  -0.0706763690
1.1825355873  -1.0783796955  -0.0725568937
1.1806552068  -1.0766146651  -0.0744698489
1.1787423991  -1.0748229123  -0.0764155156
1.1767968891  -1.0730043614  -0.0783941736
1.1748184043  -1.0711589613  -0.0804061017
1.1728066725  -1.0692866146  -0.0824515771
1.1707614141  -1.0673870631  -0.0845308754
1.1686823415  -1.0654599449  -0.0866442720
1.1665691643  -1.0635050124  -0.0887920415
1.1644215927  -1.0615222290  -0.0909744561
1.1622393496  -1.0595116895  -0.0931917853
1.1600221763  -1.0574735212  -0.0954442953
1.1577698241  -1.0554078439  -0.0977322502
1.1554820485  -1.0533147634  -0.1000559121
1.1531585971  -1.0511943580  -0.1024155411
1.1507992038  -1.0490466707  -0.1048113950
1.1484035998  -1.0468717187  -0.1072437292
1.1459715179  -1.0446694979  -0.1097127952
1.1435027017  -1.0424399935  -0.1122188422
1.1409969061  -1.0401831805  -0.1147621176
1.1384538873  -1.0378990135  -0.1173428672
1.1358734022  -1.0355874287  -0.1199613332
1.1332552104  -1.0332483483  -0.1226177528
1.1305990760  -1.0308816837  -0.1253123596
1.1279047693  -1.0284873372  -0.1280453845
1.1251720651  -1.0260652044  -0.1308170548
1.1224007397  -1.0236151743  -0.1336275940
1.1195905693  -1.0211371276  -0.1364772217
1.1167413315  -1.0186309399  -0.1393661524
1.1138528102  -1.0160964918  -0.1422945948
1.1109247994  -1.0135336720  -0.1452627518
1.1079571010  -1.0109423741  -0.1482708200
1.1049495210  -1.0083224907  -0.1513189899
1.1019018662  -1.0056738997  -0.1544074453
1.0988139463  -1.0029964400  -0.1575363606
1.0956855796  -1.0002897461  -0.1607058912
1.0925165853  -0.9975534707  -0.1639161784
1.0893067800  -0.9947886334  -0.1671674020
1.0860560081  -0.9919977756  -0.1704598157
1.0827641571  -0.9891822342  -0.1737936789
1.0794311099  -0.9863406332  -0.1771691731
1.0760567084  -0.9834708217  -0.1805864047
1.0726407717  -0.9805716946  -0.1840454501
1.0691831391  -0.9776430875  -0.1875463778
1.0656836835  -0.9746851885  -0.1910892478
1.0621422928  -0.9716982909  -0.1946741113
1.0585588671  -0.9686827508  -0.1983010110
1.0549333226  -0.9656389937  -0.2019699822
1.0512655579  -0.9625674727  -0.2056810523
1.0475554556  -0.9594686655  -0.2094342398
1.0438029565  -0.9563431492  -0.2132295556
1.0400080643  -0.9531915959  -0.2170670032
1.0361707774  -0.9500147052  -0.2209465781
1.0322910380  -0.9468131444  -0.2248682672
1.0283687830  -0.9435875945  -0.2288320491
1.0244040143  -0.9403388183  -0.2328378933
1.0203967664  -0.9370676186  -0.2368857587
1.0163470723  -0.9337748042  -0.2409755918
1.0122549891  -0.9304612037  -0.2451073245
1.0081205784  -0.9271276449  -0.2492808692
1.0039438626  -0.9237748996  -0.2534961119
0.9997248765  -0.9204037313  -0.2577528996
0.9954636561  -0.9170148768  -0.2620510207
0.9911602299  -0.9136090267  -0.2663901711
0.9868146652  -0.9101868596  -0.2707698788
0.9824270047  -0.9067489592  -0.2751893572
0.9779971570  -0.9032956415  -0.2796472267
0.9735245573  -0.8998266094  -0.2841393934
0.9690090849  -0.8963420582  -0.2886637106
0.9644532780  -0.8928452069  -0.2932290574
0.9598606277  -0.8893407690  -0.2978477002
0.9552316064  -0.8858305948  -0.3025237062
0.9505641970  -0.8823134931  -0.3072556184
0.9458567104  -0.8787878642  -0.3120416505
0.9411086014  -0.8752528439  -0.3168804067
0.9363198178  -0.8717078666  -0.3217704649
0.9314903881  -0.8681522960  -0.3267102924
0.9266203834  -0.8645853790  -0.3316982505
0.9217098999  -0.8610062327  -0.3367326008
0.9167590767  -0.8574138808  -0.3418115142
0.9117679969  -0.8538071477  -0.3469330787
0.9067367405  -0.8501847265  -0.3520953068
0.9016654551  -0.8465452703  -0.3572961404
0.8965542670  -0.8428872971  -0.3625334583
0.8914032748  -0.8392091987  -0.3678050841
0.8862125702  -0.8355092826  -0.3731087944
0.8809822171  -0.8317857562  -0.3784423246
0.8757122390  -0.8280367228  -0.3838033740
0.8704025668  -0.8242601439  -0.3891896123
0.8650530076  -0.8204538264  -0.3945986860
0.8596632125  -0.8166154022  -0.4000282245
0.8542324711  -0.8127421366  -0.4054758471
0.8487596534  -0.8088308866  -0.4109391699
0.8432427766  -0.8048776876  -0.4164158118
0.8376786522  -0.8008774309  -0.4219034017
0.8320618587  -0.7968228679  -0.4273995852
0.8263823478  -0.7927022640  -0.4329020322
0.8206214566  -0.7884955087  -0.4384084508
0.8147440448  -0.7841664991  -0.4439166207
0.8085872276  -0.7795527155  -0.4494243995
0.8023211314  -0.7748259623  -0.4549295825
0.7964156925  -0.7704526972  -0.4604297608
0.7908959766  -0.7664495347  -0.4659224572
0.7855252415  -0.7625741508  -0.4714053680
0.7801884818  -0.7587091772  -0.4768764011
0.7748686201  -0.7548359364  -0.4823335884
0.7695646702  -0.7509518404  -0.4877750447
0.7642764279  -0.7470551838  -0.4931989738
0.7590038133  -0.7431445288  -0.4986036795
0.7537467738  -0.7392186132  -0.5039875718
0.7485052841  -0.7352763536  -0.5093491731
0.7432793454  -0.7313168452  -0.5146871250
0.7380689857  -0.7273393622  -0.5200001958
0.7328742571  -0.7233433553  -0.5252872854
0.7276952346  -0.7193284483  -0.5305474315
0.7225320142  -0.7152944351  -0.5357798169
0.7173847117  -0.7112412736  -0.5409837761
0.7122534605  -0.7071690805  -0.5461588024
0.7071384091  -0.7030781234  -0.5513045556
0.7020397198  -0.6989688139  -0.5564208705
0.6969575665  -0.6948416982  -0.5615077674
0.6918921334  -0.6906974487  -0.5665654634
0.6868436135  -0.6865368546  -0.5715943891
0.6818122101  -0.6823608128  -0.5765952091
0.6767981379  -0.6781703202  -0.5815688532
0.6718016292  -0.6739664676  -0.5865165623
0.6668229449  -0.6697504383  -0.5914399608
0.6618624017  -0.6655235182  -0.5963411943
0.6569204298  -0.6612871279  -0.6012231872
0.6519976825  -0.6570429195  -0.6060901194
0.6470957860  -0.6527931506  -0.6109501925
0.6422161347  -0.6485399017  -0.6158112779
0.6373555621  -0.6442826903  -0.6206698309
0.6325078247  -0.6400190819  -0.6255159267
0.6276706342  -0.6357482530  -0.6303451232
0.6228461180  -0.6314715409  -0.6351576595
0.6180363453  -0.6271904498  -0.6399541078
0.6132419264  -0.6229058796  -0.6447346308
0.6084628809  -0.6186184350  -0.6494993170
0.6036991499  -0.6143286462  -0.6542482582
0.5989506708  -0.6100370037  -0.6589815518
0.5942173813  -0.6057439603  -0.6636993009
0.5894992191  -0.6014499307  -0.6684016136
0.5847961220  -0.5971552914  -0.6730886021
0.5801080280  -0.5928603813  -0.6777603822
0.5754348747  -0.5885655024  -0.6824170717
0.5707766000  -0.5842709206  -0.6870587900
0.5661331415  -0.5799768671  -0.6916856569
0.5615044369  -0.5756835401  -0.6962977916
0.5568904239  -0.5713911060  -0.7008953112
0.5522910402  -0.5670997020  -0.7054783300
0.5477062239  -0.5628094376  -0.7100469583
0.5431359133  -0.5585203973  -0.7146013008
0.5385800470  -0.5542326428  -0.7191414558
0.5340385642  -0.5499462154  -0.7236675135
0.5295114042  -0.5456611385  -0.7281795550
0.5249985071  -0.5413774192  -0.7326776503
0.5204998132  -0.5370950506  -0.7371618561
0.5160152628  -0.5328140116  -0.7416322138
0.5115447960  -0.5285342652  -0.7460887443
0.5070883512  -0.5242557505  -0.7505314406
0.5026458605  -0.5199783364  -0.7549602443
0.4982172474  -0.5157018443  -0.7593750322
0.4938024526  -0.5114263621  -0.7637757063
0.4894014716  -0.5071524416  -0.7681623178
0.4850143369  -0.5028806558  -0.7725350257
0.4806410506  -0.4986111456  -0.7768939570
0.4762815658  -0.4943437920  -0.7812391682
0.4719358220  -0.4900785420  -0.7855706914
0.4676037711  -0.4858154607  -0.7898885596
0.4632853761  -0.4815546636  -0.7941928071
0.4589806035  -0.4772962841  -0.7984834675
0.4546894212  -0.4730404682  -0.8027605728
0.4504117982  -0.4687873735  -0.8070241539
0.4461477046  -0.4645371698  -0.8112742404
0.4418971113  -0.4602900376  -0.8155108606
0.4376599904  -0.4560461682  -0.8197340417
0.4334363148  -0.4518057627  -0.8239438094
0.4292260584  -0.4475690307  -0.8281401886
0.4250291959  -0.4433361900  -0.8323232030
0.4208457031  -0.4391074652  -0.8364928752
0.4166755566  -0.4348830860  -0.8406492269
0.4125187336  -0.4306632858  -0.8447922789
0.4083752125  -0.4264482999  -0.8489220511
0.4042449722  -0.4222383647  -0.8530385627
0.4001279925  -0.4180337156  -0.8571418319
0.3960242538  -0.4138345855  -0.8612318767
0.3919337374  -0.4096412027  -0.8653087140
0.3878564250  -0.4054537891  -0.8693723608
0.3837922992  -0.4012725578  -0.8734228331
0.3797413432  -0.3970977099  -0.8774601472
0.3757035405  -0.3929294301  -0.8814843187
0.3716788755  -0.3887678766  -0.8854953638
0.3676673330  -0.3846131691  -0.8894932989
0.3636688983  -0.3804654101  -0.8934781409
0.3596835570  -0.3763247453  -0.8974499062
0.3557112949  -0.3721913895  -0.9014086087
0.3517520978  -0.3680655831  -0.9053542609
0.3478059518  -0.3639475464  -0.9092868745
0.3438728442  -0.3598374792  -0.9132064617
0.3399527623  -0.3557355761  -0.9171130349
0.3360456941  -0.3516420312  -0.9210066061
0.3321516276  -0.3475570383  -0.9248871872
0.3282705509  -0.3434807905  -0.9287547898
0.3244024524  -0.3394134801  -0.9326094254
0.3205473208  -0.3353552982  -0.9364511053
0.3167051448  -0.3313064353  -0.9402798406
0.3128759132  -0.3272670805  -0.9440956424
0.3090596151  -0.3232373876  -0.9478985217
0.3052562393  -0.3192174426  -0.9516884897
0.3014657749  -0.3152074053  -0.9554655574
0.2976882113  -0.3112076198  -0.9592297355
0.2939235377  -0.3072184124  -0.9629810348
0.2901717433  -0.3032399662  -0.9667194659
0.2864328171  -0.2992724327  -0.9704450402
0.2827067482  -0.2953159782  -0.9741577689
0.2789935253  -0.2913707638  -0.9778576633
0.2752931373  -0.2874369465  -0.9815447351
0.2716055727  -0.2835146788  -0.9852189960
0.2679308198  -0.2796041099  -0.9888804581
0.2642688669  -0.2757053862  -0.9925291334
0.2606197018  -0.2718186513  -0.9961650346
0.2569833124  -0.2679440468  -0.9997881743
0.2533596861  -0.2640817130  -1.0033985654
0.2497488099  -0.2602317884  -1.0069962214
0.2461506707  -0.2563944109  -1.0105811556
0.2425652551  -0.2525697172  -1.0141533822
0.2389925491  -0.2487578435  -1.0177129152
0.2354325386  -0.2449589252  -1.0212597693
0.2318852090  -0.2411730968  -1.0247939596
0.2283505452  -0.2374004927  -1.0283155015
0.2248285318  -0.2336412466  -1.0318244108
0.2213191530  -0.2298954915  -1.0353207037
0.2178223923  -0.2261633597  -1.0388043971
0.2143382331  -0.2224449825  -1.0422755081
0.2108666579  -0.2187404900  -1.0457340543
0.2074076490  -0.2150500111  -1.0491800542
0.2039611880  -0.2113736726  -1.0526135262
0.2005272560  -0.2077115996  -1.0560344899
0.1971058337  -0.2040639149  -1.0594429650
0.1936969035  -0.2004311724  -1.0628389957
0.1903004502  -0.1968140612  -1.0662226541
0.1869164491  -0.1932116576  -1.0695939446
0.1835448651  -0.1896227495  -1.0729528089
0.1801856722  -0.1860479646  -1.0762992420
0.1768388543  -0.1824881011  -1.0796332710
0.1735043913  -0.1789433072  -1.0829549123
0.1701822598  -0.1754137207  -1.0862641847
0.1668724359  -0.1718994708  -1.0895611098
0.1635748949  -0.1684006770  -1.0928457113
0.1602896116  -0.1649174487  -1.0961180161
0.1570165599  -0.1614498851  -1.0993780540
0.1537557130  -0.1579980742  -1.1026258575
0.1505070435  -0.1545620935  -1.1058614623
0.1472705227  -0.1511420096  -1.1090849071
0.1440461215  -0.1477378781  -1.1122962335
0.1408338097  -0.1443497445  -1.1154954863
0.1376335562  -0.1409776439  -1.1186827128
0.1344453293  -0.1376216018  -1.1218579635
0.1312690960  -0.1342816342  -1.1250212912
0.1281048228  -0.1309577485  -1.1281727513
0.1249524752  -0.1276499440  -1.1313124015
0.1218120180  -0.1243582123  -1.1344403014
0.1186834149  -0.1210825379  -1.1375565123
0.1155666291  -0.1178228993  -1.1406610970
0.1124616230  -0.1145792690  -1.1437541195
0.1093683583  -0.1113516149  -1.1468356443
0.1062867958  -0.1081399000  -1.1499057363
0.1032168959  -0.1049440837  -1.1529644604
0.1001586180  -0.1017641224  -1.1560118807
0.0971119212  -0.0985999693  -1.1590480605
0.0940767636  -0.0954515769  -1.1620730612
0.0910545462  -0.0923192612  -1.1651309845
0.0880461586  -0.0892031617  -1.1682437086
0.0850478138  -0.0861022578  -1.1713360159
0.0820583771  -0.0830162598  -1.1744273633
0.0790797450  -0.0799456297  -1.1775164417
0.0761118433  -0.0768903203  -1.1806017578
0.0731546049  -0.0738502864  -1.1836816347
0.0702079703  -0.0708254842  -1.1867542113
0.0672718876  -0.0678158711  -1.1898174429
0.0643463134  -0.0648214050  -1.1928691007
0.0614312132  -0.0618420442  -1.1959067720
0.0585265613  -0.0588777464  -1.1989278603
0.0556323416  -0.0559284685  -1.2019295851
0.0527485478  -0.0529941656  -1.2049089819
0.0498751834  -0.0500747907  -1.2078629026
0.0470122622  -0.0471702939  -1.2107880150
0.0441598084  -0.0442806218  -1.2136808030
0.0413178563  -0.0414057170  -1.2165375665
0.0384864506  -0.0385455176  -1.2193544217
0.0356656464  -0.0356999567  -1.2221273009
0.0328555087  -0.0328689620  -1.2248519522
0.0300561123  -0.0300524558  -1.2275239402
0.0272675412  -0.0272503549  -1.2301386452
0.0244898884  -0.0244625706  -1.2326912639
0.0217232549  -0.0216890088  -1.2351768090
0.0189677491  -0.0189295708  -1.2375901092
0.0162234859  -0.0161841536  -1.2399258094
0.0134905852  -0.0134526507  -1.2421783707
0.0107691711  -0.0107349532  -1.2443420700
0.0080593702  -0.0080309506  -1.2464110005
0.0053613098  -0.0053405321  -1.2483790716
0.0026751162  -0.0026635876  -1.2502400085
0.0026731937  -0.0026635693  -1.2502400085
