0.0756284
2.3072333629  -2.2821537949   0.0000761226
2.3072333629  -2.2821537949   0.0000761226
2.3072376122  -2.2821398818   0.0000612578
2.3072305438  -2.2820928018   0.0000251992
2.3072068427  -2.2820132611  -0.0000326564
2.3071614505  -2.2818945812  -0.0001129054
2.3070925693  -2.2817348008  -0.0002161378
2.3069992016  -2.2815330509  -0.0003429369
2.3068806487  -2.2812888597  -0.0004938797
2.3067363471  -2.2810019268  -0.0006695363
2.3065658026  -2.2806720317  -0.0008704705
2.3063685585  -2.2802989912  -0.0010972392
2.3061441804  -2.2798826367  -0.0013503931
2.3058922471  -2.2794228025  -0.0016304760
2.3056123454  -2.2789193189  -0.0019380255
2.3053040672  -2.2783720078  -0.0022735722
2.3049670072  -2.2777806802  -0.0026376404
2.3046007620  -2.2771451353  -0.0030307479
2.3042049291  -2.2764651593  -0.0034534057
2.3037791062  -2.2757405252  -0.0039061183
2.3033228911  -2.2749709927  -0.0043893837
2.3028358815  -2.2741563086  -0.0049036933
2.3023176746  -2.2732962070  -0.0054495318
2.3017678675  -2.2723904095  -0.0060273776
2.3011860566  -2.2714386264  -0.0066377023
2.3005718384  -2.2704405566  -0.0072809710
2.2999248086  -2.2693958885  -0.0079576422
2.2992445631  -2.2683043009  -0.0086681680
2.2985306974  -2.2671654634  -0.0094129936
2.2977828073  -2.2659790375  -0.0101925579
2.2970004887  -2.2647446773  -0.0110072931
2.2961833379  -2.2634620304  -0.0118576250
2.2953309395  -2.2621297456  -0.0127451621
2.2944429068  -2.2607483714  -0.0136692775
2.2935188537  -2.2593187653  -0.0146300242
2.2925583632  -2.2578398415  -0.0156277107
2.2915610289  -2.2563109714  -0.0166626820
2.2905264510  -2.2547316773  -0.0177353273
2.2894542321  -2.2531015170  -0.0188460317
2.2883439764  -2.2514200785  -0.0199951815
2.2871952903  -2.2496869614  -0.0211831627
2.2860077818  -2.2479017740  -0.0224103604
2.2847810620  -2.2460641332  -0.0236771580
2.2835147446  -2.2441736653  -0.0249839370
2.2822084460  -2.2422300071  -0.0263310762
2.2808617850  -2.2402328052  -0.0277189518
2.2794743835  -2.2381817163  -0.0291479379
2.2780458672  -2.2360764108  -0.0306184051
2.2765758653  -2.2339165745  -0.0321307180
2.2750640103  -2.2317019076  -0.0336852347
2.2735099381  -2.2294321228  -0.0352823099
2.2719132890  -2.2271069476  -0.0369222968
2.2702737082  -2.2247261278  -0.0386055448
2.2685908450  -2.2222894274  -0.0403323988
2.2668643524  -2.2197966284  -0.0421031983
2.2650938885  -2.2172475323  -0.0439182789
2.2632791177  -2.2146419611  -0.0457779714
2.2614197082  -2.2119797571  -0.0476826021
2.2595153327  -2.2092607828  -0.0496324925
2.2575656707  -2.2064849236  -0.0516279591
2.2555704077  -2.2036520881  -0.0536693126
2.2535292331  -2.2007622064  -0.0557568578
2.2514418424  -2.1978152322  -0.0578908947
2.2493079394  -2.1948108824  -0.0600717201
2.2471272305  -2.1917490617  -0.0622996248
2.2448994287  -2.1886303100  -0.0645748918
2.2426242587  -2.1854549172  -0.0668977975
2.2403014488  -2.1822227913  -0.0692686130
2.2379307320  -2.1789339567  -0.0716876032
2.2355118505  -2.1755885079  -0.0741550263
2.2330445519  -2.1721865722  -0.0766711340
2.2305285895  -2.1687283035  -0.0792361725
2.2279637262  -2.1652138803  -0.0818503811
2.2253497291  -2.1616434994  -0.0845139900
2.2226863726  -2.1580173798  -0.0872272211
2.2199734403  -2.1543357649  -0.0899902930
2.2172107191  -2.1505989159  -0.0928034184
2.2143980166  -2.1468071254  -0.0956667975
2.2115351789  -2.1429607360  -0.0985806214
2.2086220076  -2.1390600593  -0.1015450785
2.2056581928  -2.1351053039  -0.1045603501
2.2026434617  -2.1310967250  -0.1076266043
2.1995776712  -2.1270347199  -0.1107440000
2.1964607148  -2.1229197340  -0.1139126906
2.1932924482  -2.1187521825  -0.1171328230
2.1900726969  -2.1145324573  -0.1204045356
2.1868013076  -2.1102609797  -0.1237279569
2.1834781538  -2.1059382076  -0.1271032052
2.1801031180  -2.1015646162  -0.1305303917
2.1766760906  -2.0971406932  -0.1340096196
2.1731969751  -2.0926669453  -0.1375409806
2.1696656793  -2.0881438921  -0.1411245564
2.1660820882  -2.0835720362  -0.1447604206
2.1624460985  -2.0789518951  -0.1484486392
2.1587576986  -2.0742840735  -0.1521892695
2.1550169027  -2.0695691935  -0.1559823560
2.1512236502  -2.0648078205  -0.1598279332
2.1473778662  -2.0600005362  -0.1637260300
2.1434795209  -2.0551479759  -0.1676766659
2.1395286029  -2.0502507929  -0.1716798484
2.1355251056  -2.0453096526  -0.1757355754
2.1314690259  -2.0403252515  -0.1798438346
2.1273603883  -2.0352983299  -0.1840046027
2.1231992685  -2.0302295535  -0.1882178499
2.1189856902  -2.0251193033  -0.1924835400
2.1147195831  -2.0199678454  -0.1968016238
2.1104010080  -2.0147758508  -0.2011720426
2.1060301990  -2.0095444148  -0.2055947303
2.1016072166  -2.0042745057  -0.2100696068
2.0971319397  -1.9989668655  -0.2145965779
2.0926044858  -1.9936224380  -0.2191755411
2.0880251533  -1.9882423249  -0.2238063907
2.0833939886  -1.9828273403  -0.2284890173
2.0787109290  -1.9773781452  -0.2332233021
2.0739761225  -1.9718955787  -0.2380091137
2.0691897724  -1.9663805059  -0.2428463118
2.0643520698  -1.9608337421  -0.2477347507
2.0594631902  -1.9552560516  -0.2526742756
2.0545232126  -1.9496480694  -0.2576647230
2.0495322825  -1.9440104642  -0.2627059232
2.0444906625  -1.9383439951  -0.2677976951
2.0393985179  -1.9326492999  -0.2729398495
2.0342559546  -1.9269269316  -0.2781321946
2.0290631585  -1.9211775028  -0.2833745304
2.0238203554  -1.9154016514  -0.2886666470
2.0185278415  -1.9096000726  -0.2940083277
2.0131858285  -1.9037733658  -0.2993993469
2.0077943885  -1.8979219775  -0.3048394704
2.0023538029  -1.8920465596  -0.3103284576
1.9968644438  -1.8861478598  -0.3158660615
1.9913265109  -1.8802264508  -0.3214520255
1.9857402084  -1.8742829070  -0.3270860806
1.9801058100  -1.8683178800  -0.3327679454
1.9744235210  -1.8623319615  -0.3384973183
1.9686935727  -1.8563257846  -0.3442738918
1.9629164219  -1.8503001748  -0.3500974328
1.9570924134  -1.8442557982  -0.3559677929
1.9512217107  -1.8381932916  -0.3618847733
1.9453047246  -1.8321137682  -0.3678480495
1.9393417939  -1.8260182527  -0.3738572374
1.9333330240  -1.8199073964  -0.3799119561
1.9272786517  -1.8137819394  -0.3860118299
1.9211790570  -1.8076427808  -0.3921564736
1.9150346889  -1.8014909014  -0.3983454930
1.9088459455  -1.7953272399  -0.4045784941
1.9026131368  -1.7891526540  -0.4108550829
1.8963365330  -1.7829679693  -0.4171748631
1.8900165510  -1.7767741626  -0.4235374362
1.8836536349  -1.7705722444  -0.4299423956
1.8772480370  -1.7643630331  -0.4363893332
1.8708002039  -1.7581475407  -0.4428778456
1.8643105702  -1.7519267687  -0.4494075251
1.8577793104  -1.7457014468  -0.4559779593
1.8512069497  -1.7394726464  -0.4625887369
1.8445940478  -1.7332414703  -0.4692394443
1.8379408893  -1.7270087270  -0.4759296631
1.8312478570  -1.7207752982  -0.4826589665
1.8245154015  -1.7145421124  -0.4894269163
1.8177439591  -1.7083100570  -0.4962330609
1.8109339301  -1.7020799476  -0.5030769247
1.8040857455  -1.6958525907  -0.5099579856
1.7971998454  -1.6896287463  -0.5168756439
1.7902765613  -1.6834089911  -0.5238291570
1.7833160639  -1.6771936280  -0.5308174699
1.7763185291  -1.6709827315  -0.5378387817
1.7692835795  -1.6647755659  -0.5448889131
1.7622119795  -1.6585731506  -0.5519683275
1.7551083465  -1.6523819015  -0.5590874695
1.7479763724  -1.6462076048  -0.5662535087
1.7408144688  -1.6400492318  -0.5734651359
1.7336197492  -1.6339031950  -0.5807201098
1.7263913277  -1.6277677081  -0.5880170226
1.7191294769  -1.6216422032  -0.5953544805
1.7118346148  -1.6155261894  -0.6027310195
1.7045070644  -1.6094189458  -0.6101451078
1.6971470597  -1.6033195293  -0.6175951537
1.6897549627  -1.5972270068  -0.6250795138
1.6823311739  -1.5911403772  -0.6325965016
1.6748762270  -1.5850586711  -0.6401443904
1.6673905287  -1.5789806982  -0.6477214168
1.6598742362  -1.5729049338  -0.6553257903
1.6523278369  -1.5668301161  -0.6629556982
1.6447518428  -1.5607549534  -0.6706093069
1.6371465522  -1.5546778907  -0.6782847738
1.6295123272  -1.5485973978  -0.6859802490
1.6218495098  -1.5425119001  -0.6936938738
1.6141583454  -1.5364197114  -0.7014237916
1.6064390168  -1.5303190801  -0.7091681544
1.5986915426  -1.5242080994  -0.7169251236
1.5909156793  -1.5180846169  -0.7246928742
1.5831108043  -1.5119461312  -0.7324696010
1.5752757023  -1.5057895965  -0.7402535222
1.5674080362  -1.4996108995  -0.7480428835
1.5595033789  -1.4934039007  -0.7558359657
1.5515532094  -1.4871584403  -0.7636310955
1.5435390784  -1.4808544816  -0.7714266575
1.5354177290  -1.4744469957  -0.7792211279
1.5270513938  -1.4677990832  -0.7870130468
1.5187570248  -1.4612323872  -0.7948008139
1.5108820700  -1.4550943203  -0.8025826130
1.5032014870  -1.4491532340  -0.8103566907
1.4955467444  -1.4432333885  -0.8181215595
1.4879036881  -1.4373153745  -0.8258759039
1.4802718799  -1.4313959599  -0.8336184785
1.4726510873  -1.4254730598  -0.8413481065
1.4650410878  -1.4195447897  -0.8490636950
1.4574416822  -1.4136094204  -0.8567642437
1.4498526945  -1.4076653826  -0.8644488473
1.4422739694  -1.4017112699  -0.8721166962
1.4347053696  -1.3957458399  -0.8797670787
1.4271467757  -1.3897680144  -0.8873993841
1.4195980885  -1.3837768802  -0.8950131139
1.4120592274  -1.3777716890  -0.9026078821
1.4045301240  -1.3717518522  -0.9101834120
1.3970107224  -1.3657169382  -0.9177395450
1.3895009802  -1.3596666694  -0.9252762457
1.3820008655  -1.3536009156  -0.9327936032
1.3745103549  -1.3475196866  -0.9402918377
1.3670294331  -1.3414231267  -0.9477713054
1.3595580912  -1.3353115082  -0.9552325066
1.3520963274  -1.3291852223  -0.9626760959
1.3446441478  -1.3230447716  -0.9701028979
1.3372015688  -1.3168907635  -0.9775139282
1.3297686234  -1.3107239057  -0.9849104292
1.3223453759  -1.3045450081  -0.9922939347
1.3149319530  -1.2983549972  -0.9996663896
1.3075286195  -1.2921549662  -1.0070304173
1.3001359791  -1.2859463336  -1.0143899735
1.2927556989  -1.2797310236  -1.0217525897
1.2853880192  -1.2735102555  -1.0291221292
1.2780276406  -1.2672827843  -1.0364910598
1.2706689692  -1.2610465104  -1.0438522865
1.2633126176  -1.2548011104  -1.0512058700
1.2559613800  -1.2485473895  -1.0585528591
1.2486161101  -1.2422858826  -1.0658935508
1.2412766735  -1.2360168165  -1.0732281737
1.2339428615  -1.2297403335  -1.0805569608
1.2266144655  -1.2234565402  -1.0878801505
1.2192912775  -1.2171655126  -1.0951979856
1.2119730896  -1.2108672956  -1.1025107133
1.2046596938  -1.2045619022  -1.1098185838
1.1973508823  -1.1982493136  -1.1171218506
1.1900464471  -1.1919294806  -1.1244207692
1.1827461798  -1.1856023253  -1.1317155962
1.1754498720  -1.1792677409  -1.1390065889
1.1681573150  -1.1729255927  -1.1462940042
1.1608682998  -1.1665757195  -1.1535780977
1.1535826174  -1.1602179357  -1.1608591230
1.1463000585  -1.1538520328  -1.1681373308
1.1390204137  -1.1474777816  -1.1754129676
1.1317434736  -1.1410949345  -1.1826862751
1.1244690287  -1.1347032280  -1.1899574890
1.1171968694  -1.1283023858  -1.1972268379
1.1099267862  -1.1218921227  -1.2044945422
1.1026585695  -1.1154721487  -1.2117608126
1.0953920094  -1.1090421763  -1.2190258482
1.0881268952  -1.1026019309  -1.2262898340
1.0808630147  -1.0961511728  -1.2335529358
1.0736001516  -1.0896897461  -1.2408152902
1.0663380777  -1.0832177353  -1.2480769779
1.0590765569  -1.0767352070  -1.2553380319
1.0518153953  -1.0702411846  -1.2625985655
1.0445544795  -1.0637337477  -1.2698588553
1.0372937091  -1.0572117346  -1.2771192146
1.0300329105  -1.0506751665  -1.2843798741
1.0227718596  -1.0441241528  -1.2916410154
1.0155103434  -1.0375584516  -1.2989028217
1.0082481691  -1.0309777070  -1.3061654800
1.0009851512  -1.0243815722  -1.3134291761
0.9937211053  -1.0177697178  -1.3206940946
0.9864558483  -1.0111418313  -1.3279604188
0.9791891980  -1.0044976182  -1.3352283304
0.9719209735  -0.9978368002  -1.3424980098
0.9646509950  -0.9911591139  -1.3497696359
0.9573790838  -0.9844643113  -1.3570433862
0.9501050626  -0.9777521648  -1.3643194366
0.9428287549  -0.9710224679  -1.3715979617
0.9355499858  -0.9642750242  -1.3788791343
0.9282685815  -0.9575096398  -1.3861631259
0.9209843698  -0.9507261251  -1.3934501065
0.9136971796  -0.9439242960  -1.4007402448
0.9064068413  -0.9371039723  -1.4080337079
0.8991131867  -0.9302649740  -1.4153306615
0.8918160491  -0.9234071190  -1.4226312699
0.8845152633  -0.9165302195  -1.4299356959
0.8772106657  -0.9096340787  -1.4372441008
0.8699020941  -0.9027184865  -1.4445566444
0.8625893882  -0.8957832142  -1.4518734854
0.8552723894  -0.8888280059  -1.4591947809
0.8479509408  -0.8818525648  -1.4665206869
0.8406248875  -0.8748565198  -1.4738513585
0.8332940770  -0.8678394066  -1.4811869501
0.8259583583  -0.8608007700  -1.4885276152
0.8186175818  -0.8537403327  -1.4958735037
0.8112715984  -0.8466579794  -1.5032247612
0.8039202611  -0.8395535802  -1.5105815297
0.7965634255  -0.8324269227  -1.5179439497
0.7892009507  -0.8252777669  -1.5253121605
0.7818326981  -0.8181058814  -1.5326862988
0.7744585313  -0.8109110421  -1.5400664991
0.7670783163  -0.8036930293  -1.5474528929
0.7596919217  -0.7964516273  -1.5548456093
0.7522992188  -0.7891866243  -1.5622447741
0.7449000818  -0.7818978130  -1.5696505108
0.7374943882  -0.7745846123  -1.5770629399
0.7300820194  -0.7672456832  -1.5844821814
0.7226628598  -0.7598804908  -1.5919083513
0.7152367937  -0.7524906312  -1.5993415564
0.7078037071  -0.7450776102  -1.6067818956
0.7003634927  -0.7376413252  -1.6142294681
0.6929160499  -0.7301813139  -1.6216843730
0.6854612818  -0.7226973262  -1.6291467060
0.6779990948  -0.7151890918  -1.6366165589
0.6705293989  -0.7076563113  -1.6440940194
0.6630521085  -0.7000986623  -1.6515791711
0.6555671426  -0.6925158067  -1.6590720932
0.6480744245  -0.6849073966  -1.6665728602
0.6405738826  -0.6772730824  -1.6740815413
0.6330654502  -0.6696125191  -1.6815982003
0.6255490657  -0.6619253734  -1.6891228954
0.6180246730  -0.6542113310  -1.6966556784
0.6104922213  -0.6464701029  -1.7041965946
0.6029516661  -0.6387014319  -1.7117456826
0.5954029685  -0.6309050988  -1.7193029737
0.5878460962  -0.6230809271  -1.7268684915
0.5802810233  -0.6152287875  -1.7344422522
0.5727077308  -0.6073486025  -1.7420242636
0.5651262068  -0.5994403512  -1.7496145254
0.5575364468  -0.5915040732  -1.7572130288
0.5499384538  -0.5835398711  -1.7648197560
0.5423322389  -0.5755479128  -1.7724346804
0.5347178214  -0.5675284330  -1.7800577663
0.5270952289  -0.5594817343  -1.7876889684
0.5194644979  -0.5514081875  -1.7953282322
0.5118256742  -0.5433082309  -1.8029754934
0.5041788125  -0.5351823701  -1.8106306778
0.4965240205  -0.5270372589  -1.8182939106
0.4888614807  -0.5188819373  -1.8259655469
0.4811912317  -0.5107029985  -1.8336453294
0.4735130992  -0.5024820397  -1.8413324352
0.4658270852  -0.4942263862  -1.8490264913
0.4581334365  -0.4859465146  -1.8567273917
0.4504323652  -0.4776440281  -1.8644349206
0.4427240296  -0.4693205481  -1.8721488660
0.4350086020  -0.4609777213  -1.8798690210
0.4272862680  -0.4526172021  -1.8875951852
0.4195572256  -0.4442406365  -1.8953271654
0.4118216841  -0.4358496479  -1.9030647764
0.4040798638  -0.4274458248  -1.9108078414
0.3963319948  -0.4190307095  -1.9185561922
0.3885783163  -0.4106057896  -1.9263096693
0.3808190763  -0.4021724901  -1.9340681214
0.3730545308  -0.3937321686  -1.9418314049
0.3652849438  -0.3852861111  -1.9495993832
0.3575105866  -0.3768355308  -1.9573719256
0.3497317384  -0.3683815676  -1.9651489060
0.3419486859  -0.3599252897  -1.9729302015
0.3341617236  -0.3514676971  -1.9807156905
0.3263711543  -0.3430097261  -1.9885052510
0.3185772890  -0.3345522558  -1.9962987582
0.3107804476  -0.3260961150  -2.0040960828
0.3029809593  -0.3176420908  -2.0118970876
0.2951791624  -0.3091909386  -2.0197016261
0.2873754049  -0.3007433920  -2.0275095388
0.2795700443  -0.2923001735  -2.0353206511
0.2717634476  -0.2838620064  -2.0431347704
0.2639559909  -0.2754296260  -2.0509516831
0.2561480584  -0.2670038208  -2.0587711509
0.2483527405  -0.2585935648  -2.0667173295
0.2405786588  -0.2502045748  -2.0748516764
0.2327932726  -0.2418160249  -2.0829610313
0.2249873741  -0.2334229683  -2.0910998724
0.2171784478  -0.2250378987  -2.0992639587
0.2093666547  -0.2166619463  -2.1074485113
0.2015522335  -0.2082964099  -2.1156482140
0.1937354979  -0.1999427343  -2.1238572130
0.1859168388  -0.1916025044  -2.1320691169
0.1780967257  -0.1832774357  -2.1402769968
0.1702757079  -0.1749693607  -2.1484733864
0.1624544152  -0.1666802111  -2.1566502818
0.1546335580  -0.1584119970  -2.1647991414
0.1468139264  -0.1501667810  -2.1729108862
0.1389963892  -0.1419466504  -2.1809758997
0.1311818920  -0.1337536858  -2.1889840277
0.1233714548  -0.1255899280  -2.1969245788
0.1155661692  -0.1174573431  -2.2047863238
0.1077671939  -0.1093577879  -2.2125574959
0.0999757514  -0.1012929755  -2.2202257909
0.0921931223  -0.0932644437  -2.2277783672
0.0844206402  -0.0852735261  -2.2352018454
0.0766596857  -0.0773213287  -2.2424823087
0.0689116797  -0.0694087119  -2.2496053027
0.0611780769  -0.0615362807  -2.2565558356
0.0534603580  -0.0537043836  -2.2633183779
0.0457600226  -0.0459131210  -2.2698768628
0.0380785808  -0.0381623638  -2.2762146857
0.0304175450  -0.0304517831  -2.2823147045
0.0227784221  -0.0227808898  -2.2881592398
0.0151627044  -0.0151490829  -2.2937300744
0.0075718611  -0.0075557055  -2.2990084537
0.0075564397  -0.0075555154  -2.2990084537
