0.0433243
2.9398099476  -2.9081343656   0.0001120734
2.9398099476  -2.9081343656   0.0001120734
2.9398147918  -2.9081045850   0.0000879198
2.9398022702  -2.9080182252   0.0000312364
2.9397645498  -2.9078778841  -0.0000589616
2.9396934097  -2.9076710003  -0.0001836406
2.9395859913  -2.9073941371  -0.0003437496
2.9394407262  -2.9070459142  -0.0005402195
2.9392565274  -2.9066256903  -0.0007739633
2.9390325276  -2.9061331411  -0.0010458764
2.9387679732  -2.9055680880  -0.0013568361
2.9384621750  -2.9049304190  -0.0017077019
2.9381144827  -2.9042200483  -0.0020993154
2.9377242716  -2.9034368943  -0.0025325006
2.9372909344  -2.9025808675  -0.0030080634
2.9368138761  -2.9016518638  -0.0035267917
2.9362925117  -2.9006497601  -0.0040894560
2.9357262637  -2.8995744131  -0.0046968085
2.9351145615  -2.8984256581  -0.0053495838
2.9344568404  -2.8972033092  -0.0060484985
2.9337525416  -2.8959071603  -0.0067942515
2.9330011117  -2.8945369856  -0.0075875236
2.9322020030  -2.8930925413  -0.0084289781
2.9313546735  -2.8915735670  -0.0093192601
2.9304585868  -2.8899797868  -0.0102589970
2.9295132129  -2.8883109122  -0.0112487983
2.9285180281  -2.8865666429  -0.0122892557
2.9274725157  -2.8847466691  -0.0133809430
2.9263761654  -2.8828506732  -0.0145244161
2.9252284750  -2.8808783317  -0.0157202131
2.9240289496  -2.8788293180  -0.0169688543
2.9227771031  -2.8767033038  -0.0182708420
2.9214724524  -2.8744982894  -0.0196284537
2.9201145441  -2.8722155348  -0.0210406033
2.9187029245  -2.8698567424  -0.0225072215
2.9172371244  -2.8674203416  -0.0240285854
2.9157166968  -2.8649056298  -0.0256050316
2.9141412134  -2.8623121403  -0.0272369637
2.9125102572  -2.8596394758  -0.0289247697
2.9108234223  -2.8568873032  -0.0306688305
2.9090803153  -2.8540553238  -0.0324695175
2.9072805546  -2.8511432673  -0.0343271920
2.9054237714  -2.8481508912  -0.0362422035
2.9035096103  -2.8450779816  -0.0382148894
2.9015377291  -2.8419243538  -0.0402455739
2.8995077998  -2.8386898555  -0.0423345681
2.8974195080  -2.8353743665  -0.0444821689
2.8952725535  -2.8319777986  -0.0466886593
2.8930666506  -2.8285000974  -0.0489543078
2.8908015288  -2.8249412454  -0.0512793679
2.8884769330  -2.8213012632  -0.0536640784
2.8860926232  -2.8175802064  -0.0561086625
2.8836483748  -2.8137781674  -0.0586133283
2.8811439787  -2.8098952760  -0.0611782681
2.8785792409  -2.8059317007  -0.0638036585
2.8759539839  -2.8018876504  -0.0664896602
2.8732680470  -2.7977633753  -0.0692364178
2.8705212854  -2.7935591650  -0.0720440600
2.8677135699  -2.7892753477  -0.0749126995
2.8648447880  -2.7849122931  -0.0778424326
2.8619148426  -2.7804704110  -0.0808333395
2.8589236539  -2.7759501509  -0.0838854844
2.8558711579  -2.7713520021  -0.0869989152
2.8527573070  -2.7666760808  -0.0901736640
2.8495820675  -2.7619228168  -0.0934097468
2.8463454222  -2.7570936364  -0.0967071632
2.8430473776  -2.7521895455  -0.1000658976
2.8396879535  -2.7472109643  -0.1034859192
2.8362671808  -2.7421585129  -0.1069671820
2.8327851053  -2.7370329086  -0.1105096246
2.8292417895  -2.7318349154  -0.1141131707
2.8256373123  -2.7265653448  -0.1177777296
2.8219717660  -2.7212250443  -0.1215031978
2.8182452571  -2.7158148884  -0.1252894538
2.8144579048  -2.7103357793  -0.1291363520
2.8106098421  -2.7047886486  -0.1330437344
2.8067012187  -2.6991744555  -0.1370114356
2.8027321977  -2.6934941862  -0.1410392773
2.7987029526  -2.6877488567  -0.1451270697
2.7946136733  -2.6819395057  -0.1492746136
2.7904645613  -2.6760671934  -0.1534816992
2.7862558271  -2.6701330052  -0.1577481060
2.7819876957  -2.6641380477  -0.1620736072
2.7776604034  -2.6580834477  -0.1664579696
2.7732741957  -2.6519703560  -0.1709009493
2.7688293292  -2.6457999361  -0.1754022933
2.7643260694  -2.6395733661  -0.1799617415
2.7597646899  -2.6332918467  -0.1845790273
2.7551454765  -2.6269565974  -0.1892538785
2.7504687232  -2.6205688484  -0.1939860131
2.7457347282  -2.6141298368  -0.1987751439
2.7409437990  -2.6076408192  -0.2036209810
2.7360962507  -2.6011030596  -0.2085232240
2.7311924030  -2.5945178240  -0.2134815680
2.7262325831  -2.5878863731  -0.2184957051
2.7212171246  -2.5812099502  -0.2235653167
2.7161463638  -2.5744898280  -0.2286900799
2.7110206413  -2.5677273346  -0.2338696716
2.7058403039  -2.5609238040  -0.2391037634
2.7006057017  -2.5540805588  -0.2443920206
2.6953171868  -2.5471989270  -0.2497341051
2.6899751137  -2.5402802510  -0.2551296750
2.6845798371  -2.5333258950  -0.2605783813
2.6791317285  -2.5263371535  -0.2660798729
2.6736312568  -2.5193151918  -0.2716337978
2.6680784808  -2.5122606665  -0.2772397989
2.6624733772  -2.5051743489  -0.2828975142
2.6568164069  -2.4980577643  -0.2886065810
2.6511079577  -2.4909124493  -0.2943666322
2.6453483295  -2.4837398075  -0.3001772951
2.6395378992  -2.4765412746  -0.3060381932
2.6336770588  -2.4693182578  -0.3119489472
2.6277661359  -2.4620720571  -0.3179091781
2.6218054817  -2.4548039535  -0.3239185026
2.6157956351  -2.4475153720  -0.3299765342
2.6097370256  -2.4402075824  -0.3360828851
2.6036299712  -2.4328816908  -0.3422371603
2.5974748759  -2.4255388442  -0.3484389600
2.5912721428  -2.4181801452  -0.3546878858
2.5850222495  -2.4108067309  -0.3609835390
2.5787256346  -2.4034196623  -0.3673255155
2.5723825722  -2.3960197899  -0.3737134066
2.5659936473  -2.3886082413  -0.3801468021
2.5595593303  -2.3811860033  -0.3866252881
2.5530798339  -2.3737537649  -0.3931484474
2.5465557959  -2.3663126136  -0.3997158592
2.5399875891  -2.3588633527  -0.4063270972
2.5333754395  -2.3514066086  -0.4129817348
2.5267198991  -2.3439433230  -0.4196793439
2.5200215194  -2.3364744314  -0.4264194898
2.5132806852  -2.3290006903  -0.4332017340
2.5064977875  -2.3215228591  -0.4400256348
2.4996733457  -2.3140418489  -0.4468907431
2.4928077250  -2.3065585401  -0.4537965948
2.4859012817  -2.2990737642  -0.4607427161
2.4789545425  -2.2915876911  -0.4677286808
2.4719680427  -2.2840997822  -0.4747541505
2.4649421030  -2.2766103922  -0.4818187910
2.4578771919  -2.2691216762  -0.4889221732
2.4507738446  -2.2616358642  -0.4960638030
2.4436324020  -2.2541541018  -0.5032431863
2.4364532784  -2.2466771826  -0.5104598385
2.4292368296  -2.2392057888  -0.5177132771
2.4219835612  -2.2317407457  -0.5250030224
2.4146940281  -2.2242829253  -0.5323286015
2.4073685491  -2.2168329474  -0.5396895421
2.4000076792  -2.2093916615  -0.5470853706
2.3926118585  -2.2019597933  -0.5545156192
2.3851813165  -2.1945378438  -0.5619798284
2.3777165204  -2.1871265502  -0.5694775448
2.3702180454  -2.1797267554  -0.5770083156
2.3626864050  -2.1723392282  -0.5845716892
2.3551219408  -2.1649645518  -0.5921672244
2.3475250724  -2.1576033746  -0.5997944824
2.3398963137  -2.1502564271  -0.6074530226
2.3322360177  -2.1429242639  -0.6151424117
2.3245446769  -2.1356075632  -0.6228622160
2.3168226475  -2.1283068461  -0.6306119968
2.3090702737  -2.1210225968  -0.6383913155
2.3012881643  -2.1137555440  -0.6461997215
2.2934766907  -2.1065061474  -0.6540367359
2.2856361794  -2.0992747740  -0.6619018362
2.2777670486  -2.0920618297  -0.6697944148
2.2698696289  -2.0848675472  -0.6777136755
2.2619441177  -2.0776918384  -0.6856583811
2.2539902136  -2.0705338251  -0.6936254554
2.2460081151  -2.0633934858  -0.7016137870
2.2380010129  -2.0562752376  -0.7096300004
2.2299728069  -2.0491848890  -0.7176809889
2.2219232156  -2.0421228108  -0.7257668264
2.2138496115  -2.0350856239  -0.7338854673
2.2057508309  -2.0280711031  -0.7420357028
2.1976269794  -2.0210784056  -0.7502164099
2.1894783744  -2.0141068898  -0.7584264187
2.1813052549  -2.0071557384  -0.7666645158
2.1731079573  -2.0002241264  -0.7749294453
2.1648868675  -1.9933111810  -0.7832199182
2.1566422528  -1.9864158166  -0.7915346165
2.1483743570  -1.9795368396  -0.7998721949
2.1400835229  -1.9726730877  -0.8082312923
2.1317701946  -1.9658234404  -0.8166105337
2.1234347508  -1.9589866549  -0.8250085287
2.1150773588  -1.9521612266  -0.8334238756
2.1066983651  -1.9453457946  -0.8418551701
2.0982981625  -1.9385390218  -0.8503010092
2.0898769527  -1.9317393607  -0.8587599913
2.0814349872  -1.9249453062  -0.8672307216
2.0729724344  -1.9181552728  -0.8757118159
2.0644893419  -1.9113675616  -0.8842019034
2.0559856195  -1.9045803570  -0.8926996330
2.0474608949  -1.8977915920  -0.9012036710
2.0389143844  -1.8909988231  -0.9097127051
2.0303446043  -1.8841989468  -0.9182254527
2.0217487729  -1.8773876084  -0.9267406627
2.0131215166  -1.8705578980  -0.9352571198
2.0044515305  -1.8636969481  -0.9437736556
1.9957128855  -1.8567767807  -0.9522891768
1.9867972873  -1.8496881913  -0.9608026631
1.9778574213  -1.8425886666  -0.9693130262
1.9692106081  -1.8357995332  -0.9778189944
1.9607744518  -1.8292348348  -0.9863192835
1.9523688851  -1.8227072363  -0.9948128115
1.9439719077  -1.8161882406  -1.0032986679
1.9355830210  -1.8096739719  -1.0117760116
1.9272019312  -1.8031623377  -1.0202440555
1.9188283455  -1.7966515068  -1.0287020809
1.9104619875  -1.7901397792  -1.0371494415
1.9021025961  -1.7836255893  -1.0455855637
1.8937499258  -1.7771075109  -1.0540099513
1.8854037471  -1.7705842596  -1.0624221899
1.8770638455  -1.7640546943  -1.0708219478
1.8687300174  -1.7575178172  -1.0792089748
1.8604020699  -1.7509727713  -1.0875831051
1.8520798216  -1.7444188380  -1.0959442640
1.8437631028  -1.7378554360  -1.1042924701
1.8354517507  -1.7312821188  -1.1126278326
1.8271456086  -1.7246985701  -1.1209505573
1.8188445267  -1.7181045980  -1.1292609510
1.8105483603  -1.7115001297  -1.1375594230
1.8022569690  -1.7048852056  -1.1458464915
1.7939702162  -1.6982599728  -1.1541227900
1.7856879699  -1.6916246786  -1.1623890771
1.7774101048  -1.6849796631  -1.1706462516
1.7691365054  -1.6783253560  -1.1788953752
1.7608670757  -1.6716622777  -1.1871377123
1.7526017577  -1.6649910486  -1.1953748064
1.7443405790  -1.6583124223  -1.2036086422
1.7360837718  -1.6516274164  -1.2118420326
1.7278323872  -1.6449375471  -1.2200804587
1.7195870432  -1.6382440559  -1.2283283582
1.7113443792  -1.6315461514  -1.2365818131
1.7030993420  -1.6248416356  -1.2448345111
1.6948511319  -1.6181294925  -1.2530855811
1.6866018462  -1.6114101058  -1.2613361825
1.6783524105  -1.6046838638  -1.2695867524
1.6701026357  -1.5979508172  -1.2778376164
1.6618522116  -1.5912109069  -1.2860891045
1.6536008271  -1.5844640381  -1.2943415523
1.6453481700  -1.5777100903  -1.3025953005
1.6370939268  -1.5709489176  -1.3108506941
1.6288377829  -1.5641803493  -1.3191080827
1.6205794219  -1.5574041914  -1.3273678193
1.6123185259  -1.5506202248  -1.3356302603
1.6040547754  -1.5438282061  -1.3438957648
1.5957878489  -1.5370278696  -1.3521646940
1.5875174232  -1.5302189304  -1.3604374106
1.5792431729  -1.5234010830  -1.3687142783
1.5709647710  -1.5165740012  -1.3769956611
1.5626818881  -1.5097373407  -1.3852819226
1.5543941932  -1.5028907418  -1.3935734255
1.5461013527  -1.4960338310  -1.4018705307
1.5378030314  -1.4891662233  -1.4101735969
1.5294988916  -1.4822875251  -1.4184829796
1.5211885934  -1.4753973382  -1.4267990301
1.5128717947  -1.4684952640  -1.4351220950
1.5045481507  -1.4615809117  -1.4434525148
1.4962173139  -1.4546539102  -1.4517906218
1.4878789330  -1.4477139350  -1.4601367373
1.4795326518  -1.4407607679  -1.4684911653
1.4711781026  -1.4337945464  -1.4768541727
1.4628149046  -1.4268155921  -1.4852259833
1.4544426979  -1.4198228939  -1.4936068600
1.4460611854  -1.4128135815  -1.5019971947
1.4376700968  -1.4057853386  -1.5103974419
1.4292691086  -1.3987378998  -1.5188080057
1.4208578416  -1.3916715904  -1.5272292422
1.4124359131  -1.3845861647  -1.5356615064
1.4040029557  -1.3774810622  -1.5441051609
1.3955586069  -1.3703557039  -1.5525605714
1.3871025023  -1.3632095221  -1.5610281058
1.3786342749  -1.3560419611  -1.5695081346
1.3701535551  -1.3488524769  -1.5780010306
1.3616599704  -1.3416405338  -1.5865071695
1.3531531457  -1.3344055960  -1.5950269298
1.3446327029  -1.3271471333  -1.6035606926
1.3360982609  -1.3198646537  -1.6121088420
1.3275494352  -1.3125577122  -1.6206717643
1.3189858379  -1.3052258622  -1.6292498487
1.3104070784  -1.2978686210  -1.6378434878
1.3018127631  -1.2904854865  -1.6464530780
1.2932024949  -1.2830759558  -1.6550790190
1.2845758733  -1.2756395236  -1.6637217143
1.2759324941  -1.2681756772  -1.6723815708
1.2672719495  -1.2606838939  -1.6810589995
1.2585938281  -1.2531636380  -1.6897544152
1.2498977145  -1.2456143571  -1.6984682366
1.2411831895  -1.2380354786  -1.7072008867
1.2324498301  -1.2304264034  -1.7159527930
1.2236972089  -1.2227864985  -1.7247243870
1.2149248949  -1.2151150828  -1.7335161053
1.2061324526  -1.2074113934  -1.7423283893
1.1973194429  -1.1996745489  -1.7511616861
1.1884854221  -1.1919036291  -1.7600164480
1.1796299415  -1.1840978713  -1.7688931314
1.1707525461  -1.1762567161  -1.7777921955
1.1618527758  -1.1683796221  -1.7867141027
1.1529301662  -1.1604659389  -1.7956593209
1.1439842490  -1.1525149503  -1.8046283238
1.1350145513  -1.1445259328  -1.8136215903
1.1260205947  -1.1364981596  -1.8226396048
1.1170018957  -1.1284308927  -1.8316828567
1.1079579655  -1.1203233811  -1.8407518411
1.0988883101  -1.1121748591  -1.8498470584
1.0897924298  -1.1039845452  -1.8589690148
1.0806698221  -1.0957506032  -1.8681182246
1.0715199846  -1.0874690505  -1.8772952154
1.0623424065  -1.0791380478  -1.8865005213
1.0531365532  -1.0707616836  -1.8957346603
1.0439018761  -1.0623438595  -1.9049981397
1.0346378355  -1.0538839025  -1.9142914849
1.0253439006  -1.0453800312  -1.9236152442
1.0160195350  -1.0368310665  -1.9329699751
1.0066641925  -1.0282357673  -1.9423562419
0.9972773190  -1.0195927621  -1.9517746176
0.9878583546  -1.0109005637  -1.9612256833
0.9784067331  -1.0021575839  -1.9707100284
0.9689218821  -0.9933621504  -1.9802282497
0.9594032230  -0.9845125223  -1.9897809509
0.9498501703  -0.9756069082  -1.9993687422
0.9402621324  -0.9666434825  -2.0089922394
0.9306385111  -0.9576204033  -2.0186520637
0.9209787015  -0.9485358290  -2.0283488406
0.9112820927  -0.9393879358  -2.0380831996
0.9015480673  -0.9301749330  -2.0478557738
0.8917760017  -0.9208950782  -2.0576671992
0.8819652667  -0.9115466898  -2.0675181148
0.8721152272  -0.9021281603  -2.0774091618
0.8622252429  -0.8926379692  -2.0873409841
0.8522946684  -0.8830746942  -2.0973142280
0.8423228535  -0.8734370206  -2.1073295421
0.8323091438  -0.8637237484  -2.1173875775
0.8222528809  -0.8539337979  -2.1274889881
0.8121534031  -0.8440662135  -2.1376344304
0.8020100457  -0.8341201661  -2.1478245643
0.7918221415  -0.8240949531  -2.1580600526
0.7815890215  -0.8139899984  -2.1683415613
0.7713101558  -0.8038225976  -2.1786703981
0.7609852718  -0.7936176025  -2.1890486214
0.7506136006  -0.7833347579  -2.1994764676
0.7401934657  -0.7729172684  -2.2099524592
0.7297237131  -0.7623822624  -2.2204765065
0.7192041462  -0.7517571237  -2.2310493635
0.7086344399  -0.7410438836  -2.2416714793
0.6980140081  -0.7302446582  -2.2523433445
0.6873422833  -0.7193616420  -2.2630654953
0.6766187128  -0.7083970518  -2.2738385162
0.6658427553  -0.6973530735  -2.2846630431
0.6550138779  -0.6862318125  -2.2955397644
0.6441315531  -0.6750352465  -2.3064694212
0.6331952559  -0.6637651835  -2.3174528065
0.6222044617  -0.6524232226  -2.3284907632
0.6111586451  -0.6410107207  -2.3395841799
0.6000572789  -0.6295287630  -2.3507339868
0.5888998349  -0.6179781397  -2.3619411485
0.5776857853  -0.6063593280  -2.3732066563
0.5664146052  -0.5946724796  -2.3845315185
0.5550857762  -0.5829174144  -2.3959167499
0.5436987911  -0.5710936209  -2.4073633587
0.5322531597  -0.5592002625  -2.4188723333
0.5207484149  -0.5472361909  -2.4304446275
0.5091841203  -0.5351999666  -2.4420811445
0.4975598778  -0.5230898865  -2.4537827210
0.4858753358  -0.5109040187  -2.4655501101
0.4741301973  -0.4986402455  -2.4773839649
0.4623242291  -0.4862963144  -2.4892848221
0.4504572692  -0.4738698957  -2.5012530863
0.4385292357  -0.4613586502  -2.5132890160
0.4265401301  -0.4487604490  -2.5253927079
0.4145288041  -0.4361046142  -2.5377815624
0.4025214581  -0.4234105682  -2.5505634844
0.3904181212  -0.4105926300  -2.5633667017
0.3781889840  -0.3976246033  -2.5762860151
0.3658861936  -0.3845500357  -2.5893138139
0.3535093076  -0.3713683091  -2.6024414487
0.3410582824  -0.3580800275  -2.6156592311
0.3285334281  -0.3446868989  -2.6289564340
0.3159354309  -0.3311918250  -2.6423212916
0.3032653707  -0.3175989736  -2.6557409990
0.2905247372  -0.3039138254  -2.6692017129
0.2777154419  -0.2901431938  -2.6826885507
0.2648398248  -0.2762952095  -2.6961855915
0.2519006570  -0.2623792666  -2.7096758753
0.2389011365  -0.2484059269  -2.7231414033
0.2258448779  -0.2343867784  -2.7365631380
0.2127358945  -0.2203342481  -2.7499210031
0.1995785738  -0.2062613697  -2.7631938833
0.1863776446  -0.1921815100  -2.7763596247
0.1731381371  -0.1781080608  -2.7893950346
0.1598653368  -0.1640541053  -2.8022758814
0.1465647313  -0.1500320716  -2.8149768947
0.1332419539  -0.1360533903  -2.8274717652
0.1199027225  -0.1221281724  -2.8397331452
0.1065527794  -0.1082649293  -2.8517326476
0.0931978303  -0.0944703548  -2.8634408470
0.0798434888  -0.0807491902  -2.8748272789
0.0664952263  -0.0671041914  -2.8858604401
0.0531583312  -0.0535362116  -2.8965077887
0.0398378806  -0.0400444111  -2.9067357437
0.0265387271  -0.0266265931  -2.9165096856
0.0132655026  -0.0132796566  -2.9257939559
0.0132178970  -0.0132793498  -2.9257939559
