0.056406
2.6411041104  -2.6252440557   0.0000940988
2.6411041104  -2.6252440557   0.0000940988
2.6411087476  -2.6252227229   0.0000746566
2.6410990516  -2.6251565141   0.0000283927
2.6410684395  -2.6250469181  -0.0000454837
2.6410103077  -2.6248843535  -0.0001477516
2.6409223370  -2.6246661105  -0.0002791784
2.6408032483  -2.6243910479  -0.0004405197
2.6406521508  -2.6240585915  -0.0006325195
2.6404683303  -2.6236684109  -0.0008559102
2.6402511627  -2.6232202893  -0.0011114122
2.6400000751  -2.6227140615  -0.0013997345
2.6397145242  -2.6221495837  -0.0017215742
2.6393939858  -2.6215267155  -0.0020776169
2.6390379478  -2.6208453109  -0.0024685363
2.6386459065  -2.6201052125  -0.0028949945
2.6382173643  -2.6193062482  -0.0033576419
2.6377518274  -2.6184482296  -0.0038571173
2.6372488057  -2.6175309510  -0.0043940476
2.6367078118  -2.6165541895  -0.0049690481
2.6361283605  -2.6155177049  -0.0055827225
2.6355099689  -2.6144212405  -0.0062356627
2.6348521563  -2.6132645240  -0.0069284488
2.6341544440  -2.6120472677  -0.0076616495
2.6334163557  -2.6107691703  -0.0084358215
2.6326374172  -2.6094299174  -0.0092515100
2.6318171570  -2.6080291829  -0.0101092484
2.6309551060  -2.6065666300  -0.0110095585
2.6300507986  -2.6050419134  -0.0119529502
2.6291037721  -2.6034546793  -0.0129399220
2.6281135671  -2.6018045679  -0.0139709605
2.6270797279  -2.6000912136  -0.0150465406
2.6260017927  -2.5983129076  -0.0161686197
2.6248793306  -2.5964705228  -0.0173363524
2.6237119117  -2.5945653182  -0.0185497432
2.6224990798  -2.5925959389  -0.0198090997
2.6212403945  -2.5905616870  -0.0211147773
2.6199354272  -2.5884620602  -0.0224671871
2.6185837564  -2.5862966097  -0.0238667309
2.6171849659  -2.5840649322  -0.0253138080
2.6157386459  -2.5817666471  -0.0268088134
2.6142443941  -2.5794013927  -0.0283521370
2.6127018155  -2.5769688251  -0.0299441626
2.6111105217  -2.5744686172  -0.0315852674
2.6094701316  -2.5719004609  -0.0332758210
2.6077802730  -2.5692640697  -0.0350161857
2.6060405808  -2.5665591774  -0.0368067156
2.6042506985  -2.5637855381  -0.0386477563
2.6024102792  -2.5609429292  -0.0405396448
2.6005189841  -2.5580311519  -0.0424827091
2.5985764832  -2.5550500332  -0.0444772679
2.5965824569  -2.5519994285  -0.0465236305
2.5945365946  -2.5488792183  -0.0486220965
2.5924385949  -2.5456893094  -0.0507729555
2.5902881671  -2.5424296390  -0.0529764870
2.5880850300  -2.5391001727  -0.0552329602
2.5858289137  -2.5357009066  -0.0575426339
2.5835195583  -2.5322318679  -0.0599057559
2.5811567146  -2.5286931140  -0.0623225635
2.5787401448  -2.5250847330  -0.0647932829
2.5762696213  -2.5214068447  -0.0673181293
2.5737449279  -2.5176596056  -0.0698973065
2.5711658595  -2.5138432049  -0.0725310073
2.5685322224  -2.5099575193  -0.0752194131
2.5658438330  -2.5060026776  -0.0779626957
2.5631005196  -2.5019796360  -0.0807610132
2.5603021266  -2.4978890174  -0.0836145049
2.5574485073  -2.4937309560  -0.0865232970
2.5545395252  -2.4895057429  -0.0894875089
2.5515750555  -2.4852137561  -0.0925072506
2.5485549860  -2.4808554224  -0.0955826196
2.5454792156  -2.4764312050  -0.0987137034
2.5423476549  -2.4719415936  -0.1019005799
2.5391602256  -2.4673871077  -0.1051433169
2.5359168613  -2.4627682978  -0.1084419711
2.5326175068  -2.4580857431  -0.1117965890
2.5292621189  -2.4533400517  -0.1152072106
2.5258506660  -2.4485318594  -0.1186738673
2.5223831263  -2.4436618255  -0.1221965790
2.5188594890  -2.4387306355  -0.1257753553
2.5152797532  -2.4337390003  -0.1294101970
2.5116439297  -2.4286876521  -0.1331010959
2.5079520390  -2.4235773408  -0.1368480358
2.5042041134  -2.4184088427  -0.1406509914
2.5004001937  -2.4131829565  -0.1445099255
2.4965403309  -2.4079005025  -0.1484247938
2.4926245859  -2.4025623198  -0.1523955471
2.4886530283  -2.3971692634  -0.1564221220
2.4846257366  -2.3917222053  -0.1605044460
2.4805427966  -2.3862220305  -0.1646424432
2.4764043052  -2.3806696441  -0.1688360246
2.4722103657  -2.3750659680  -0.1730850893
2.4679610907  -2.3694119346  -0.1773895318
2.4636565987  -2.3637084855  -0.1817492410
2.4592970137  -2.3579565640  -0.1861640959
2.4548824795  -2.3521571142  -0.1906339654
2.4504132267  -2.3463111871  -0.1951587119
2.4458892773  -2.3404196683  -0.1997381898
2.4413104446  -2.3344832336  -0.2043722428
2.4366768638  -2.3285028756  -0.2090607066
2.4319888125  -2.3224797474  -0.2138034118
2.4272464172  -2.3164148719  -0.2186001812
2.4224498167  -2.3103093010  -0.2234508258
2.4175992047  -2.3041640415  -0.2283551507
2.4126947837  -2.2979798761  -0.2333129569
2.4077367550  -2.2917575190  -0.2383240366
2.4027252580  -2.2854978608  -0.2433881729
2.3976605295  -2.2792021459  -0.2485051390
2.3925429350  -2.2728718159  -0.2536746998
2.3873727063  -2.2665081371  -0.2588966162
2.3821500287  -2.2601122816  -0.2641706410
2.3768751610  -2.2536854594  -0.2694965179
2.3715483664  -2.2472288439  -0.2748739867
2.3661699238  -2.2407435796  -0.2803027775
2.3607401873  -2.2342308466  -0.2857826089
2.3552594094  -2.2276916800  -0.2913131947
2.3497277560  -2.2211269801  -0.2968942458
2.3441457116  -2.2145379294  -0.3025254668
2.3385136424  -2.2079255577  -0.3082065527
2.3328316125  -2.2012905442  -0.3139371906
2.3271000884  -2.1946339327  -0.3197170631
2.3213195042  -2.1879567120  -0.3255458446
2.3154899466  -2.1812594828  -0.3314232029
2.3096117350  -2.1745430482  -0.3373487993
2.3036853371  -2.1678083439  -0.3433222855
2.2977111624  -2.1610562254  -0.3493433093
2.2916894954  -2.1542874015  -0.3554115150
2.2856206526  -2.1475025930  -0.3615265351
2.2795050873  -2.1407026474  -0.3676879965
2.2733431066  -2.1338882618  -0.3738955296
2.2671349991  -2.1270601097  -0.3801487631
2.2608811639  -2.1202189811  -0.3864473160
2.2545820849  -2.1133657721  -0.3927907989
2.2482380910  -2.1065013041  -0.3991788038
2.2418494253  -2.0996262701  -0.4056109121
2.2354166210  -2.0927411014  -0.4120867700
2.2289401560  -2.0858457723  -0.4186061152
2.2224203694  -2.0789409320  -0.4251686617
2.2158576428  -2.0720283277  -0.4317740116
2.2092522538  -2.0651095236  -0.4384217024
2.2026046186  -2.0581856398  -0.4451112705
2.1959152869  -2.0512576869  -0.4518422579
2.1891845369  -2.0443263721  -0.4586142070
2.1824128255  -2.0373925788  -0.4654266613
2.1756006862  -2.0304572728  -0.4722791641
2.1687483518  -2.0235211081  -0.4791712550
2.1618561414  -2.0165848217  -0.4861024738
2.1549245881  -2.0096493711  -0.4930723670
2.1479542455  -2.0027157336  -0.5000804839
2.1409455526  -1.9957847650  -0.5071263694
2.1338988379  -1.9888571988  -0.5142095704
2.1268145544  -1.9819338857  -0.5213296404
2.1196932175  -1.9750157333  -0.5284861310
2.1125351613  -1.9681034552  -0.5356785959
2.1053409085  -1.9611979416  -0.5429065947
2.0981108397  -1.9542999254  -0.5501696832
2.0908452695  -1.9474100493  -0.5574674124
2.0835448428  -1.9405292708  -0.5647993290
2.0762099953  -1.9336583153  -0.5721649713
2.0688410595  -1.9267977653  -0.5795638586
2.0614385007  -1.9199483020  -0.5869954789
2.0540027581  -1.9131105401  -0.5944592671
2.0465342127  -1.9062849711  -0.6019545503
2.0390332171  -1.8994719610  -0.6094804209
2.0315000025  -1.8926715401  -0.6170354265
2.0239340510  -1.8858826899  -0.6246159595
2.0163356797  -1.8791056895  -0.6322213091
2.0087089053  -1.8723460556  -0.6398596471
2.0010577968  -1.8656099127  -0.6475382379
1.9933815119  -1.8588970632  -0.6552566672
1.9856771315  -1.8522038455  -0.6630127478
1.9779436500  -1.8455282455  -0.6708051651
1.9701812815  -1.8388695697  -0.6786326598
1.9623902655  -1.8322271133  -0.6864939160
1.9545709806  -1.8256001979  -0.6943875665
1.9467238424  -1.8189880677  -0.7023121940
1.9388491536  -1.8123897409  -0.7102663413
1.9309471769  -1.8058040935  -0.7182485205
1.9230182975  -1.7992300366  -0.7262572112
1.9150629395  -1.7926664426  -0.7342908631
1.9070816361  -1.7861122194  -0.7423479033
1.8990745809  -1.7795658685  -0.7504267447
1.8910420562  -1.7730259293  -0.7585257893
1.8829846280  -1.7664911877  -0.7666434291
1.8749025576  -1.7599600934  -0.7747780537
1.8667961423  -1.7534311099  -0.7829280535
1.8586656579  -1.7469026691  -0.7910918234
1.8505112786  -1.7403731000  -0.7992677703
1.8423330880  -1.7338406528  -0.8074543115
1.8341309403  -1.7273033647  -0.8156498772
1.8259043850  -1.7207589979  -0.8238529208
1.8176524947  -1.7142048781  -0.8320619203
1.8093734859  -1.7076375247  -0.8402753805
1.8010640076  -1.7010519428  -0.8484918396
1.7927175467  -1.6944400196  -0.8567098752
1.7843202908  -1.6877863502  -0.8649281149
1.7758404681  -1.6810571591  -0.8731452729
1.7671515322  -1.6741255736  -0.8813601407
1.7584674361  -1.6672106225  -0.8895714109
1.7501313140  -1.6606581337  -0.8977775684
1.7420078493  -1.6543277804  -0.9059771114
1.7339140809  -1.6480291123  -0.9141687735
1.7258303235  -1.6417363261  -0.9223514645
1.7177560977  -1.6354457598  -0.9305241633
1.7096911368  -1.6291552988  -0.9386859113
1.7016351795  -1.6228630653  -0.9468358258
1.6935879819  -1.6165673247  -0.9549731016
1.6855493186  -1.6102664882  -0.9630970167
1.6775189840  -1.6039591195  -0.9712069376
1.6694967902  -1.5976439360  -0.9793023206
1.6614825648  -1.5913198068  -0.9873827118
1.6534761481  -1.5849857508  -0.9954477480
1.6454773950  -1.5786409400  -1.0034971647
1.6374861757  -1.5722846988  -1.0115308018
1.6295023713  -1.5659164991  -1.0195485983
1.6215258703  -1.5595359550  -1.0275505975
1.6135565708  -1.5531428194  -1.0355369539
1.6055943793  -1.5467369790  -1.0435079343
1.5976392080  -1.5403184477  -1.0514639233
1.5896909742  -1.5338873599  -1.0594054286
1.5817496008  -1.5274439622  -1.0673330897
1.5738150165  -1.5209886070  -1.0752476901
1.5658871584  -1.5145217474  -1.0831501741
1.5579659760  -1.5080439321  -1.0910416751
1.5500514424  -1.5015558052  -1.0989235634
1.5421435781  -1.4950581169  -1.1067975388
1.5342425082  -1.4885517639  -1.1146658301
1.5263486085  -1.4820379312  -1.1225316704
1.5184632128  -1.4755183217  -1.1304014322
1.5105869032  -1.4689942221  -1.1382795836
1.5027155551  -1.4624647018  -1.1461608101
1.4948437260  -1.4559275884  -1.1540382524
1.4869710902  -1.4493821094  -1.1619113187
1.4791000947  -1.4428288096  -1.1697811549
1.4712316928  -1.4362681424  -1.1776481421
1.4633657270  -1.4297002331  -1.1855125621
1.4555019327  -1.4231251071  -1.1933747014
1.4476400447  -1.4165427536  -1.2012348517
1.4397797977  -1.4099531330  -1.2090933094
1.4319209261  -1.4033561782  -1.2169503753
1.4240631634  -1.3967517949  -1.2248063542
1.4162062422  -1.3901398611  -1.2326615538
1.4083498944  -1.3835202265  -1.2405162848
1.4004938510  -1.3768927145  -1.2483708597
1.3926378419  -1.3702571241  -1.2562255926
1.3847815957  -1.3636132313  -1.2640807978
1.3769248404  -1.3569607879  -1.2719367899
1.3690673025  -1.3502995234  -1.2797938826
1.3612087075  -1.3436291473  -1.2876523877
1.3533487801  -1.3369493516  -1.2955126151
1.3454872436  -1.3302598118  -1.3033748709
1.3376238202  -1.3235601899  -1.3112394577
1.3297582311  -1.3168501377  -1.3191066727
1.3218901965  -1.3101293002  -1.3269768073
1.3140194351  -1.3033973202  -1.3348501459
1.3061456644  -1.2966538457  -1.3427269641
1.2982686000  -1.2898985420  -1.3506075267
1.2903879552  -1.2831311167  -1.3584920840
1.2825034385  -1.2763513754  -1.3663808642
1.2746147472  -1.2695594434  -1.3742740501
1.2667215669  -1.2627555482  -1.3821717763
1.2588236124  -1.2559386548  -1.3900742312
1.2509206709  -1.2491062194  -1.3979817487
1.2430125535  -1.2422563952  -1.4058947188
1.2350990095  -1.2353890634  -1.4138134672
1.2271797326  -1.2285044626  -1.4217382687
1.2192544188  -1.2216023367  -1.4296693973
1.2113227822  -1.2146822022  -1.4376071331
1.2033845436  -1.2077435700  -1.4455517571
1.1954394236  -1.2007859655  -1.4535035505
1.1874871419  -1.1938089285  -1.4614627956
1.1795274177  -1.1868120133  -1.4694297746
1.1715599693  -1.1797947869  -1.4774047705
1.1635845144  -1.1727568248  -1.4853880670
1.1556007697  -1.1656977134  -1.4933799482
1.1476084512  -1.1586170656  -1.5013806990
1.1396072740  -1.1515145232  -1.5093906044
1.1315969522  -1.1443897326  -1.5174099500
1.1235771991  -1.1372423279  -1.5254390225
1.1155477276  -1.1300719379  -1.5334781093
1.1075082493  -1.1228781935  -1.5415274988
1.0994584753  -1.1156607259  -1.5495874803
1.0913981155  -1.1084191625  -1.5576583440
1.0833268789  -1.1011531244  -1.5657403810
1.0752444739  -1.0938622228  -1.5738338838
1.0671506076  -1.0865460557  -1.5819391454
1.0590449864  -1.0792042032  -1.5900564604
1.0509273158  -1.0718362225  -1.5981861243
1.0427973003  -1.0644416387  -1.6063284342
1.0346546437  -1.0570199321  -1.6144836884
1.0264990491  -1.0495705023  -1.6226521870
1.0183302188  -1.0420926382  -1.6308342323
1.0101478545  -1.0345856076  -1.6390301284
1.0019516561  -1.0270488476  -1.6472401794
0.9937413214  -1.0194819863  -1.6554646881
0.9855165464  -1.0118846568  -1.6637039569
0.9772770273  -1.0042563919  -1.6719582894
0.9690224604  -0.9965966750  -1.6802279910
0.9607525413  -0.9889049893  -1.6885133682
0.9524669649  -0.9811808205  -1.6968147282
0.9441654249  -0.9734236508  -1.7051323787
0.9358476145  -0.9656329579  -1.7134666285
0.9275132264  -0.9578082146  -1.7218177866
0.9191619524  -0.9499488884  -1.7301861629
0.9107934854  -0.9420537790  -1.7385720691
0.9024075203  -0.9341203306  -1.7469758217
0.8940037507  -0.9261473704  -1.7553977374
0.8855818606  -0.9181374828  -1.7638381208
0.8771415300  -0.9100931132  -1.7722972676
0.8686824462  -0.9020138332  -1.7807754810
0.8602043042  -0.8938985418  -1.7892730729
0.8517067993  -0.8857465109  -1.7977903566
0.8431896249  -0.8775569697  -1.8063276451
0.8346524739  -0.8693290742  -1.8148852525
0.8260950401  -0.8610619173  -1.8234634929
0.8175170177  -0.8527545393  -1.8320626806
0.8089181019  -0.8444059384  -1.8406831293
0.8002979888  -0.8360150823  -1.8493251516
0.7916563759  -0.8275809189  -1.8579890588
0.7829929616  -0.8191023884  -1.8666751598
0.7743074463  -0.8105784344  -1.8753837613
0.7655995320  -0.8020080151  -1.8841151661
0.7568689229  -0.7933901146  -1.8928696738
0.7481153257  -0.7847237532  -1.9016475791
0.7393384497  -0.7760079965  -1.9104491722
0.7305380075  -0.7672419638  -1.9192747376
0.7217137153  -0.7584248364  -1.9281245542
0.7128652932  -0.7495558659  -1.9369988947
0.7039924657  -0.7406343822  -1.9458980249
0.6950949625  -0.7316597992  -1.9548222037
0.6861725185  -0.7226316192  -1.9637716825
0.6772248746  -0.7135494370  -1.9727467050
0.6682517784  -0.7044129425  -1.9817475067
0.6592529845  -0.6952219228  -1.9907743143
0.6502282553  -0.6859762625  -1.9998273459
0.6411773617  -0.6766759440  -2.0089068099
0.6321001669  -0.6673321754  -2.0180132895
0.6229966843  -0.6579607412  -2.0271478026
0.6138666418  -0.6485364671  -2.0363102518
0.6047092892  -0.6390243593  -2.0454995010
0.5955242031  -0.6294361658  -2.0547152443
0.5863114865  -0.6197897723  -2.0639576714
0.5770711732  -0.6100869910  -2.0732267754
0.5678031684  -0.6003296886  -2.0825225607
0.5585073992  -0.5905197921  -2.0918450453
0.5491838133  -0.5806592554  -2.1011942622
0.5398323775  -0.5707500296  -2.1105702605
0.5304530767  -0.5607940354  -2.1199731058
0.5210459128  -0.5507931375  -2.1294028805
0.5116109033  -0.5407491232  -2.1388596828
0.5021480809  -0.5306636821  -2.1483436258
0.4926574925  -0.5205383904  -2.1578548357
0.4831391998  -0.5103746980  -2.1673934494
0.4735932789  -0.5001739189  -2.1769596114
0.4640198213  -0.4899372255  -2.1865534704
0.4544189354  -0.4796656459  -2.1961751754
0.4447907474  -0.4693600653  -2.2058248705
0.4351354039  -0.4590212307  -2.2155026906
0.4254530736  -0.4486497597  -2.2252087551
0.4157439503  -0.4382461518  -2.2349431623
0.4060082554  -0.4278108042  -2.2447059835
0.3962462404  -0.4173440308  -2.2544972561
0.3864581900  -0.4068460834  -2.2643169774
0.3766444245  -0.3963171774  -2.2741650980
0.3668053020  -0.3857575191  -2.2840415155
0.3569412206  -0.3751673359  -2.2939460679
0.3470526199  -0.3645469087  -2.3038785281
0.3371399807  -0.3538966774  -2.3138385963
0.3272271803  -0.3432347630  -2.3239932456
0.3173301275  -0.3325730363  -2.3344251538
0.3073889073  -0.3218653564  -2.3448477455
0.2973862674  -0.3110993921  -2.3553340413
0.2873541732  -0.3003011878  -2.3658781480
0.2772928112  -0.2894722155  -2.3764734164
0.2672025591  -0.2786144942  -2.3871124413
0.2570839709  -0.2677305300  -2.3977870617
0.2469377823  -0.2568233248  -2.4084883603
0.2367649159  -0.2458963749  -2.4192066640
0.2265664837  -0.2349536571  -2.4299315438
0.2163437886  -0.2239996012  -2.4406518145
0.2060983236  -0.2130390495  -2.4513555352
0.1958317693  -0.2020772011  -2.4620300086
0.1855459894  -0.1911195425  -2.4726617820
0.1752430233  -0.1801717643  -2.4832366461
0.1649250776  -0.1692396657  -2.4937396360
0.1545945145  -0.1583290481  -2.5041550307
0.1442538388  -0.1474456014  -2.5144663534
0.1339056825  -0.1365947862  -2.5246563710
0.1235527879  -0.1257817148  -2.5347070945
0.1131979891  -0.1150110384  -2.5445997792
0.1028441929  -0.1042868427  -2.5543149241
0.0924943581  -0.0936125600  -2.5638322723
0.0821514755  -0.0829909024  -2.5731308110
0.0718185477  -0.0724238221  -2.5821887714
0.0614985694  -0.0619125031  -2.5909836286
0.0511945100  -0.0514573894  -2.5994921018
0.0409092966  -0.0410582514  -2.6076901542
0.0306458012  -0.0307142918  -2.6155529931
0.0204068294  -0.0204242884  -2.6230550697
0.0101951139  -0.0101867679  -2.6301700793
0.0101671162  -0.0101863973  -2.6301700793
