0.0737456
2.3763876720  -2.6637659341   0.0001129108
2.3763876720  -2.6637659341   0.0001129108
2.3763943673  -2.6637442367   0.0000897846
2.3763836029  -2.6636621812   0.0000344940
2.3763472163  -2.6635188120  -0.0000539475
2.3762775586  -2.6633012015  -0.0001765070
2.3761719072  -2.6630056192  -0.0003341317
2.3760287523  -2.6626304801  -0.0005277494
2.3758470397  -2.6621749779  -0.0007582683
2.3756259235  -2.6616386421  -0.0010265770
2.3753646665  -2.6610211590  -0.0013335444
2.3750625935  -2.6603222883  -0.0016800199
2.3747190676  -2.6595418208  -0.0020668333
2.3743334769  -2.6586795553  -0.0024947947
2.3739052276  -2.6577352862  -0.0029646947
2.3734337389  -2.6567087963  -0.0034773043
2.3729184409  -2.6555998530  -0.0040333750
2.3723587725  -2.6544082063  -0.0046336383
2.3717541806  -2.6531335884  -0.0052788067
2.3711041197  -2.6517757137  -0.0059695725
2.3704080511  -2.6503342799  -0.0067066089
2.3696654437  -2.6488089690  -0.0074905692
2.3688757731  -2.6471994488  -0.0083220873
2.3680385228  -2.6455053747  -0.0092017772
2.3671531833  -2.6437263914  -0.0101302336
2.3662192536  -2.6418621351  -0.0111080315
2.3652362405  -2.6399122353  -0.0121357264
2.3642036597  -2.6378763169  -0.0132138539
2.3631210356  -2.6357540026  -0.0143429304
2.3619879024  -2.6335449148  -0.0155234524
2.3608038038  -2.6312486779  -0.0167558969
2.3595682938  -2.6288649207  -0.0180407214
2.3582809370  -2.6263916297  -0.0193801665
2.3569413202  -2.6238300330  -0.0207730740
2.3555490310  -2.6211817966  -0.0222193089
2.3541036520  -2.6184453204  -0.0237191225
2.3526047895  -2.6156198769  -0.0252728082
2.3510520691  -2.6127050087  -0.0268807142
2.3494451300  -2.6097003321  -0.0285431715
2.3477836245  -2.6066055299  -0.0302605006
2.3460672192  -2.6034203237  -0.0320330114
2.3442955951  -2.6001444686  -0.0338610013
2.3424684466  -2.5967777504  -0.0357447541
2.3405854787  -2.5933199815  -0.0376845396
2.3386464125  -2.5897710104  -0.0396806123
2.3366509890  -2.5861307277  -0.0417332118
2.3345989661  -2.5823990648  -0.0438425615
2.3324901181  -2.5785759967  -0.0460088682
2.3303242364  -2.5746615448  -0.0482323214
2.3281011295  -2.5706557768  -0.0505130939
2.3258206231  -2.5665588038  -0.0528513425
2.3234825607  -2.5623707801  -0.0552472074
2.3210868030  -2.5580919035  -0.0577008120
2.3186332289  -2.5537224150  -0.0602122628
2.3161217347  -2.5492625993  -0.0627816494
2.3135522345  -2.5447127845  -0.0654090437
2.3109246603  -2.5400733434  -0.0680944993
2.3082389569  -2.5353446875  -0.0708380512
2.3054950734  -2.5305272566  -0.0736397177
2.3026929804  -2.5256215381  -0.0764995006
2.2998326778  -2.5206280789  -0.0794173849
2.2969141848  -2.5155474723  -0.0823933391
2.2939375385  -2.5103803570  -0.0854273150
2.2909027931  -2.5051270156  -0.0885192468
2.2878100180  -2.4997880442  -0.0916690486
2.2846593027  -2.4943650100  -0.0948766162
2.2814507598  -2.4888590660  -0.0981418329
2.2781845161  -2.4832707965  -0.1014645705
2.2748607100  -2.4776009921  -0.1048446877
2.2714794731  -2.4718505253  -0.1082820303
2.2680409445  -2.4660203120  -0.1117764313
2.2645453012  -2.4601113370  -0.1153277102
2.2609927439  -2.4541246301  -0.1189356700
2.2573834877  -2.4480612518  -0.1226000921
2.2537177615  -2.4419222965  -0.1263207353
2.2499958083  -2.4357088987  -0.1300973379
2.2462178851  -2.4294222292  -0.1339296198
2.2423842629  -2.4230634847  -0.1378172837
2.2384952173  -2.4166338697  -0.1417600181
2.2345509991  -2.4101345614  -0.1457575059
2.2305518755  -2.4035667559  -0.1498094299
2.2264981628  -2.3969317130  -0.1539154663
2.2223901941  -2.3902307277  -0.1580752831
2.2182283132  -2.3834651228  -0.1622885412
2.2140128750  -2.3766362504  -0.1665548956
2.2097442449  -2.3697454910  -0.1708739961
2.2054227978  -2.3627942492  -0.1752454880
2.2010488894  -2.3557839195  -0.1796690124
2.1966228394  -2.3487158670  -0.1841442057
2.1921450003  -2.3415914926  -0.1886707012
2.1876157744  -2.3344122518  -0.1932481292
2.1830355728  -2.3271796159  -0.1978761170
2.1784048134  -2.3198950663  -0.2025542894
2.1737239201  -2.3125600911  -0.2072822693
2.1689933218  -2.3051761629  -0.2120596773
2.1642133790  -2.2977446632  -0.2168861323
2.1593843516  -2.2902669076  -0.2217612515
2.1545066193  -2.2827443732  -0.2266846503
2.1495807199  -2.2751786890  -0.2316559430
2.1446072061  -2.2675714822  -0.2366747425
2.1395866390  -2.2599243829  -0.2417406616
2.1345195852  -2.2522390523  -0.2468533128
2.1294066174  -2.2445172103  -0.2520123082
2.1242483051  -2.2367605099  -0.2572172566
2.1190450348  -2.2289701134  -0.2624677500
2.1137969640  -2.2211467303  -0.2677633725
2.1085041924  -2.2132912261  -0.2731037436
2.1031668165  -2.2054048188  -0.2784885306
2.0977849242  -2.1974888480  -0.2839174364
2.0923585858  -2.1895445955  -0.2893901741
2.0868879665  -2.1815733878  -0.2949064220
2.0813736099  -2.1735769134  -0.3004658014
2.0758161252  -2.1655568824  -0.3060678900
2.0702159071  -2.1575147075  -0.3117122318
2.0645733398  -2.1494517190  -0.3173983391
2.0588888148  -2.1413691947  -0.3231257084
2.0531627393  -2.1332683748  -0.3288938541
2.0473955380  -2.1251504721  -0.3347023185
2.0415876391  -2.1170166631  -0.3405506499
2.0357394633  -2.1088680708  -0.3464383963
2.0298514275  -2.1007057678  -0.3523651102
2.0239239505  -2.0925307885  -0.3583303485
2.0179574521  -2.0843441339  -0.3643336729
2.0119523538  -2.0761467769  -0.3703746486
2.0059090878  -2.0679396754  -0.3764528441
1.9998280905  -2.0597237641  -0.3825678319
1.9937097891  -2.0514999448  -0.3887191907
1.9875546088  -2.0432691046  -0.3949065088
1.9813629757  -2.0350321244  -0.4011293823
1.9751353143  -2.0267898780  -0.4073874089
1.9688720539  -2.0185432463  -0.4136801861
1.9625736292  -2.0102931244  -0.4200073119
1.9562404702  -2.0020404243  -0.4263683831
1.9498729991  -1.9937862592  -0.4327629760
1.9434716311  -1.9855318710  -0.4391906405
1.9370366279  -1.9772773263  -0.4456509880
1.9305674990  -1.9690207110  -0.4521437674
1.9240645873  -1.9607620785  -0.4586687519
1.9175299093  -1.9525054240  -0.4652256048
1.9109657739  -1.9442553334  -0.4718139189
1.9043745492  -1.9360153790  -0.4784332991
1.8977575909  -1.9277876030  -0.4850833739
1.8911143654  -1.9195720507  -0.4917637818
1.8844437185  -1.9113679823  -0.4984741670
1.8777446839  -1.9031747726  -0.5052141817
1.8710162166  -1.8949917246  -0.5119834883
1.8642571898  -1.8868180664  -0.5187817628
1.8574671465  -1.8786538026  -0.5256086942
1.8506469914  -1.8705004839  -0.5324639834
1.8437976213  -1.8623596610  -0.5393473421
1.8369192734  -1.8542321318  -0.5462584906
1.8300121749  -1.8461186642  -0.5531971597
1.8230765589  -1.8380200340  -0.5601630942
1.8161127111  -1.8299371319  -0.5671560424
1.8091209216  -1.8218708599  -0.5741757208
1.8021014256  -1.8138219870  -0.5812218418
1.7950544646  -1.8057912561  -0.5882941811
1.7879802997  -1.7977794226  -0.5953925476
1.7808792275  -1.7897873277  -0.6025167340
1.7737515539  -1.7818158274  -0.6096665183
1.7665975311  -1.7738656286  -0.6168416597
1.7594173757  -1.7659373309  -0.6240418781
1.7522112972  -1.7580314917  -0.6312668172
1.7449795317  -1.7501487029  -0.6385159644
1.7377222062  -1.7422892505  -0.6457884293
1.7304384071  -1.7344520558  -0.6530798968
1.7231273339  -1.7266362456  -0.6603871888
1.7157926248  -1.7188460479  -0.6677187299
1.7084397480  -1.7110883241  -0.6750852431
1.7010686376  -1.7033645615  -0.6824879838
1.6936756334  -1.6956718064  -0.6899246420
1.6862589395  -1.6880080456  -0.6973939643
1.6788184342  -1.6803725721  -0.7048948130
1.6713541675  -1.6727646782  -0.7124259766
1.6638663065  -1.6651837069  -0.7199862037
1.6563550655  -1.6576289520  -0.7275742078
1.6488205297  -1.6500993810  -0.7351886721
1.6412628290  -1.6425939258  -0.7428282641
1.6336822279  -1.6351116002  -0.7504916327
1.6260789557  -1.6276512271  -0.7581773821
1.6184532630  -1.6202116147  -0.7658840612
1.6108053379  -1.6127914356  -0.7736101870
1.6031353037  -1.6053891941  -0.7813542565
1.5954433669  -1.5980034634  -0.7891147481
1.5877299121  -1.5906329259  -0.7968901250
1.5799946287  -1.5832755435  -0.8046788387
1.5722355317  -1.5759275678  -0.8124793347
1.5644528239  -1.5685874407  -0.8202900570
1.5566485954  -1.5612555872  -0.8281094500
1.5488230587  -1.5539305509  -0.8359359619
1.5409755473  -1.5466099465  -0.8437680484
1.5331052142  -1.5392912332  -0.8516041778
1.5252105623  -1.5319712681  -0.8594428361
1.5172889180  -1.5246457875  -0.8672825315
1.5093354122  -1.5173083959  -0.8751217989
1.5013403688  -1.5099479418  -0.8829592081
1.4932812320  -1.5025396283  -0.8907934129
1.4849531234  -1.4948768815  -0.8986231828
1.4765091814  -1.4871196531  -0.9064472163
1.4684424765  -1.4797658184  -0.9142639318
1.4606864841  -1.4727428874  -0.9220716667
1.4529829899  -1.4657844608  -0.9298689921
1.4452935375  -1.4588450703  -0.9376546937
1.4376175255  -1.4519202190  -0.9454276314
1.4299547064  -1.4450075301  -0.9531867172
1.4223048327  -1.4381049548  -0.9609309320
1.4146676752  -1.4312106031  -0.9686593294
1.4070430252  -1.4243227401  -0.9763710421
1.3994306956  -1.4174397838  -0.9840652866
1.3918305186  -1.4105603058  -0.9917413635
1.3842423430  -1.4036830259  -0.9993986600
1.3766660349  -1.3968068026  -1.0070366541
1.3691014767  -1.3899306354  -1.0146549185
1.3615485673  -1.3830536725  -1.0222531264
1.3540072200  -1.3761752125  -1.0298310536
1.3464773591  -1.3692946978  -1.0373885772
1.3389589213  -1.3624117109  -1.0449256899
1.3314518716  -1.3555259755  -1.0524425466
1.3239561978  -1.3486373493  -1.0599394503
1.3164718671  -1.3417458073  -1.0674167835
1.3089988239  -1.3348514299  -1.0748750300
1.3015370292  -1.3279544022  -1.0823148277
1.2940864678  -1.3210550106  -1.0897369791
1.2866471376  -1.3141536360  -1.0971424673
1.2792190539  -1.3072507488  -1.1045324965
1.2718022661  -1.3003469099  -1.1119085583
1.2643968929  -1.2934427851  -1.1192725683
1.2570032207  -1.2865392725  -1.1266272024
1.2496229383  -1.2796378180  -1.1339796400
1.2422580299  -1.2727399305  -1.1413375554
1.2349050511  -1.2658455867  -1.1486967238
1.2275570323  -1.2589532390  -1.1560478444
1.2202123389  -1.2520618048  -1.1633889884
1.2128738332  -1.2451713187  -1.1707215296
1.2055430872  -1.2382820561  -1.1780458877
1.1982201005  -1.2313941139  -1.1853622808
1.1909046695  -1.2245074994  -1.1926709296
1.1835965906  -1.2176221883  -1.1999720595
1.1762956614  -1.2107381317  -1.2072659001
1.1690016804  -1.2038552565  -1.2145526845
1.1617144470  -1.1969734649  -1.2218326488
1.1544337608  -1.1900926332  -1.2291060318
1.1471594223  -1.1832126133  -1.2363730743
1.1398912322  -1.1763332341  -1.2436340184
1.1326289914  -1.1694543032  -1.2508891068
1.1253725016  -1.1625756080  -1.2581385821
1.1181215643  -1.1556969150  -1.2653826861
1.1108759816  -1.1488179721  -1.2726216588
1.1036355560  -1.1419385136  -1.2798557375
1.0964000896  -1.1350582654  -1.2870851552
1.0891693851  -1.1281769371  -1.2943101401
1.0819432460  -1.1212942156  -1.3015309158
1.0747214765  -1.1144097735  -1.3087477004
1.0675038815  -1.1075232811  -1.3159607050
1.0602902661  -1.1006344081  -1.3231701321
1.0530804357  -1.0937428250  -1.3303761749
1.0458741959  -1.0868482101  -1.3375790150
1.0386713520  -1.0799502607  -1.3447788197
1.0314717080  -1.0730487201  -1.3519757367
1.0242750576  -1.0661436069  -1.3591698633
1.0170811746  -1.0592352566  -1.3663612170
1.0098898500  -1.0523232228  -1.3735498355
1.0027009583  -1.0454056140  -1.3807359233
0.9955144262  -1.0384807068  -1.3879197860
0.9883301277  -1.0315482029  -1.3951016674
0.9811478662  -1.0246083127  -1.4022817382
0.9739674396  -1.0176608914  -1.4094601599
0.9667886690  -1.0107055797  -1.4166370997
0.9596113869  -1.0037420111  -1.4238127243
0.9524354282  -0.9967698363  -1.4309871985
0.9452606295  -0.9897887233  -1.4381606853
0.9380868289  -0.9827983578  -1.4453333460
0.9309138660  -0.9757984424  -1.4525053398
0.9237415823  -0.9687886958  -1.4596768243
0.9165698206  -0.9617688533  -1.4668479549
0.9093984255  -0.9547386693  -1.4740188853
0.9022272434  -0.9476979167  -1.4811897670
0.8950561221  -0.9406463811  -1.4883607497
0.8878849115  -0.9335838559  -1.4955319809
0.8807134631  -0.9265101429  -1.5027036065
0.8735416305  -0.9194250512  -1.5098757702
0.8663692689  -0.9123283954  -1.5170486139
0.8591962356  -0.9052199940  -1.5242222773
0.8520223897  -0.8980996683  -1.5313968984
0.8448475925  -0.8909672397  -1.5385726129
0.8376717070  -0.8838225261  -1.5457495547
0.8304945987  -0.8766653391  -1.5529278556
0.8233161350  -0.8694954799  -1.5601076454
0.8161361855  -0.8623127349  -1.5672890520
0.8089546222  -0.8551168673  -1.5744722014
0.8017713195  -0.8479075886  -1.5816572178
0.7945861543  -0.8406845099  -1.5888442246
0.7873990064  -0.8334471885  -1.5960333438
0.7802097572  -0.8261953044  -1.6032246947
0.7730182899  -0.8189287312  -1.6104183916
0.7658244891  -0.8116473895  -1.6176145441
0.7586282426  -0.8043511273  -1.6248132595
0.7514294420  -0.7970397489  -1.6320146431
0.7442279820  -0.7897130639  -1.6392187978
0.7370237602  -0.7823708929  -1.6464258234
0.7298166767  -0.7750130631  -1.6536358166
0.7226066348  -0.7676394084  -1.6608488710
0.7153935410  -0.7602497691  -1.6680650768
0.7081773049  -0.7528439922  -1.6752845209
0.7009578399  -0.7454216114  -1.6825072874
0.6937350633  -0.7379815236  -1.6897334583
0.6865088958  -0.7305233144  -1.6969631120
0.6792792597  -0.7230483757  -1.7041963177
0.6720460796  -0.7155580189  -1.7114331380
0.6648092863  -0.7080521920  -1.7186736341
0.6575688166  -0.7005305420  -1.7259178664
0.6503246117  -0.6929929012  -1.7331658915
0.6430766163  -0.6854390906  -1.7404177617
0.6358247790  -0.6778689113  -1.7476735248
0.6285690532  -0.6702821497  -1.7549332245
0.6213093966  -0.6626785833  -1.7621968997
0.6140457719  -0.6550579871  -1.7694645846
0.6067781467  -0.6474201389  -1.7767363080
0.5995064935  -0.6397648253  -1.7840120934
0.5922307901  -0.6320918480  -1.7912919587
0.5849510195  -0.6244010289  -1.7985759156
0.5776671704  -0.6166922160  -1.8058639698
0.5703792370  -0.6089652884  -1.8131561204
0.5630872195  -0.6012201610  -1.8204523598
0.5557911240  -0.5934567893  -1.8277526735
0.5484909629  -0.5856751721  -1.8350570398
0.5411867550  -0.5778753548  -1.8423654297
0.5338785256  -0.5700574333  -1.8496778067
0.5265663070  -0.5622215568  -1.8569941269
0.5192501382  -0.5543679293  -1.8643143383
0.5119300655  -0.5464968115  -1.8716383814
0.5046061425  -0.5386085212  -1.8789661884
0.4972784303  -0.5307034340  -1.8862976836
0.4899469976  -0.5227819830  -1.8936327833
0.4826119211  -0.5148446578  -1.9009713954
0.4752732853  -0.5068920036  -1.9083134198
0.4679312189  -0.4989295629  -1.9156589256
0.4605859102  -0.4909647842  -1.9230081783
0.4532374290  -0.4829868653  -1.9303609224
0.4458856758  -0.4749810305  -1.9377164222
0.4385306968  -0.4669534348  -1.9450743254
0.4311727333  -0.4589127437  -1.9524345076
0.4238119971  -0.4508603959  -1.9597967517
0.4164486568  -0.4427978374  -1.9671608448
0.4090828921  -0.4347265278  -1.9745265795
0.4017148926  -0.4266479267  -1.9818937551
0.3943448575  -0.4185634799  -1.9892621782
0.3869729942  -0.4104746089  -1.9966316636
0.3795995182  -0.4023827002  -2.0040020349
0.3722246519  -0.3942890974  -2.0113731247
0.3648486244  -0.3861950937  -2.0187447748
0.3574716702  -0.3781019263  -2.0261168357
0.3500940296  -0.3700107729  -2.0334891669
0.3427159473  -0.3619227487  -2.0408616359
0.3353376733  -0.3538389054  -2.0482341177
0.3279594617  -0.3457602312  -2.0556064937
0.3205815712  -0.3376876528  -2.0629786505
0.3132042649  -0.3296220378  -2.0703504790
0.3058278106  -0.3215641988  -2.0777218723
0.2984524807  -0.3135148982  -2.0850927242
0.2910785523  -0.3054748543  -2.0924629276
0.2837063076  -0.2974447478  -2.0998323721
0.2763360337  -0.2894252293  -2.1072009420
0.2689680227  -0.2814169270  -2.1145685143
0.2616025715  -0.2734204554  -2.1219349558
0.2542399821  -0.2654364232  -2.1293001211
0.2468805604  -0.2574654423  -2.1366638497
0.2395246163  -0.2495081589  -2.1440259631
0.2321832614  -0.2415714893  -2.1515021014
0.2248637995  -0.2336597907  -2.1591495250
0.2175385253  -0.2257571162  -2.1667698076
0.2101995834  -0.2178597341  -2.1744137363
0.2028618173  -0.2099772347  -2.1820774240
0.1955253306  -0.2021104913  -2.1897564868
0.1881902886  -0.1942604926  -2.1974460444
0.1808569173  -0.1864283260  -2.2051407194
0.1735255054  -0.1786151730  -2.2128346381
0.1661964056  -0.1708223002  -2.2205214297
0.1588700365  -0.1630510494  -2.2281942269
0.1515468828  -0.1553028235  -2.2358456656
0.1442274961  -0.1475790705  -2.2434678852
0.1369124948  -0.1398812649  -2.2510525281
0.1296025638  -0.1322108871  -2.2585907401
0.1222984532  -0.1245694011  -2.2660731703
0.1150009773  -0.1169582305  -2.2734899712
0.1077110122  -0.1093787343  -2.2808307983
0.1004294939  -0.1018321828  -2.2880848107
0.0931574147  -0.0943197343  -2.2952406706
0.0858958202  -0.0868424129  -2.3022865435
0.0786458053  -0.0794010905  -2.3092100983
0.0714085093  -0.0719964703  -2.3159985070
0.0641851116  -0.0646290769  -2.3226384452
0.0569768256  -0.0572992505  -2.3291160914
0.0497848929  -0.0500071474  -2.3354171276
0.0426105774  -0.0427527483  -2.3415267391
0.0354551577  -0.0355358726  -2.3474296145
0.0283199203  -0.0283562007  -2.3531099456
0.0212061517  -0.0212133029  -2.3585514274
0.0141151303  -0.0141066748  -2.3637372586
0.0070481178  -0.0070357768  -2.3686501406
0.0070347577  -0.0070356412  -2.3686501406
