0.0871402
2.1738111765  -2.4434265661   0.0000938693
2.1738111765  -2.4434265661   0.0000938693
2.1738174613  -2.4434128084   0.0000755453
2.1738094767  -2.4433512077   0.0000310061
2.1737803978  -2.4432399756  -0.0000405320
2.1737242068  -2.4430692630  -0.0001398399
2.1736387342  -2.4428361143  -0.0002676755
2.1735227686  -2.4425392104  -0.0004247839
2.1733754591  -2.4421778292  -0.0006118974
2.1731961184  -2.4417515075  -0.0008297355
2.1729841442  -2.4412599037  -0.0010790047
2.1727389817  -2.4407027335  -0.0013603988
2.1724601046  -2.4400797374  -0.0016745987
2.1721470052  -2.4393906628  -0.0020222723
2.1717991876  -2.4386352535  -0.0024040750
2.1714161647  -2.4378132446  -0.0028206490
2.1709974557  -2.4369243587  -0.0032726238
2.1705425849  -2.4359683042  -0.0037606161
2.1700510805  -2.4349447750  -0.0042852297
2.1695224745  -2.4338534495  -0.0048470555
2.1689563020  -2.4326939919  -0.0054466716
2.1683521017  -2.4314660519  -0.0060846434
2.1677094150  -2.4301692664  -0.0067615231
2.1670277869  -2.4288032599  -0.0074778505
2.1663067657  -2.4273676457  -0.0082341521
2.1655459029  -2.4258620274  -0.0090309418
2.1647447536  -2.4242859991  -0.0098687207
2.1639028765  -2.4226391481  -0.0107479769
2.1630198352  -2.4209210562  -0.0116691858
2.1620951978  -2.4191313012  -0.0126328098
2.1611285372  -2.4172694580  -0.0136392985
2.1601194313  -2.4153351005  -0.0146890887
2.1590674571  -2.4133264938  -0.0157840978
2.1579722168  -2.4112444411  -0.0169234300
2.1568333138  -2.4090901263  -0.0181070386
2.1556503345  -2.4068621508  -0.0193352129
2.1544228808  -2.4045597675  -0.0206082749
2.1531505678  -2.4021824495  -0.0219265905
2.1518330182  -2.3997297247  -0.0232905164
2.1504698623  -2.3972011677  -0.0247004044
2.1490607384  -2.3945963796  -0.0261566008
2.1476052935  -2.3919149842  -0.0276594450
2.1461031831  -2.3891566289  -0.0292092689
2.1445540719  -2.3863209858  -0.0308063963
2.1429576337  -2.3834077521  -0.0324511419
2.1413135520  -2.3804166509  -0.0341438111
2.1396215201  -2.3773474327  -0.0358846987
2.1378812412  -2.3741998761  -0.0376740893
2.1360924288  -2.3709737883  -0.0395122575
2.1342548072  -2.3676690058  -0.0413994681
2.1323681077  -2.3642853903  -0.0433359749
2.1304320678  -2.3608228279  -0.0453220214
2.1284464388  -2.3572812374  -0.0473578399
2.1264109878  -2.3536605734  -0.0494436516
2.1243254935  -2.3499608229  -0.0515796664
2.1221897467  -2.3461820068  -0.0537660814
2.1200035500  -2.3423241797  -0.0560030795
2.1177667182  -2.3383874311  -0.0582908312
2.1154790788  -2.3343718846  -0.0606294973
2.1131404720  -2.3302776994  -0.0630192283
2.1107507506  -2.3261050707  -0.0654601644
2.1083097800  -2.3218542306  -0.0679524346
2.1058174383  -2.3175254486  -0.0704961570
2.1032736160  -2.3131187042  -0.0730914385
2.1006782146  -2.3086342274  -0.0757383745
2.0980311398  -2.3040730350  -0.0784370468
2.0953323026  -2.2994358080  -0.0811875219
2.0925816321  -2.2947227698  -0.0839898481
2.0897790779  -2.2899343192  -0.0868440560
2.0869246028  -2.2850709480  -0.0897501598
2.0840181830  -2.2801331920  -0.0927081570
2.0810598078  -2.2751216291  -0.0957180299
2.0780494793  -2.2700368790  -0.0987797466
2.0749872132  -2.2648796008  -0.1018932661
2.0718730388  -2.2596504865  -0.1050585442
2.0687069986  -2.2543502559  -0.1082755317
2.0654891459  -2.2489796500  -0.1115441697
2.0622195195  -2.2435394053  -0.1148643896
2.0588981580  -2.2380302710  -0.1182361135
2.0555251344  -2.2324530491  -0.1216592551
2.0521005451  -2.2268085863  -0.1251337196
2.0486244983  -2.2210977627  -0.1286594040
2.0450971141  -2.2153214941  -0.1322361982
2.0415185236  -2.2094807321  -0.1358639848
2.0378888689  -2.2035764588  -0.1395426397
2.0342083022  -2.1976096792  -0.1432720316
2.0304769848  -2.1915814178  -0.1470520226
2.0266950123  -2.1854926518  -0.1508824682
2.0228624540  -2.1793443449  -0.1547632172
2.0189794851  -2.1731375687  -0.1586941127
2.0150463516  -2.1668734738  -0.1626749915
2.0110633150  -2.1605532361  -0.1667056842
2.0070306501  -2.1541780506  -0.1707860152
2.0029486436  -2.1477491281  -0.1749158030
1.9988175931  -2.1412676785  -0.1790948600
1.9946378059  -2.1347349028  -0.1833229932
1.9904096077  -2.1281520556  -0.1876000042
1.9861332596  -2.1215203816  -0.1919256898
1.9818088824  -2.1148409767  -0.1962998415
1.9774365266  -2.1081148385  -0.2007222459
1.9730162290  -2.1013429484  -0.2051926834
1.9685480122  -2.0945263058  -0.2097109145
1.9640318867  -2.0876659554  -0.2142766812
1.9594678610  -2.0807628452  -0.2188897441
1.9548559602  -2.0738176121  -0.2235499035
1.9501964640  -2.0668310056  -0.2282569900
1.9454898420  -2.0598042652  -0.2330108529
1.9407364388  -2.0527388629  -0.2378113256
1.9359365161  -2.0456362853  -0.2426581874
1.9310903296  -2.0384979576  -0.2475511650
1.9261981396  -2.0313252468  -0.2524899474
1.9212602149  -2.0241194744  -0.2574741882
1.9162768323  -2.0168819148  -0.2625035083
1.9112482785  -2.0096138021  -0.2675775117
1.9061748541  -2.0023163346  -0.2726958175
1.9010568733  -1.9949906744  -0.2778580667
1.8958946567  -1.9876379447  -0.2830639007
1.8906885247  -1.9802592254  -0.2883129552
1.8854388009  -1.9728555569  -0.2936048660
1.8801458148  -1.9654279460  -0.2989392716
1.8748099094  -1.9579773800  -0.3043158131
1.8694314361  -1.9505048247  -0.3097341316
1.8640107418  -1.9430112095  -0.3151938660
1.8585481717  -1.9354974347  -0.3206946531
1.8530440743  -1.9279643799  -0.3262361285
1.8474988023  -1.9204129077  -0.3318179282
1.8419127127  -1.9128438728  -0.3374396876
1.8362861737  -1.9052581366  -0.3431010395
1.8306195588  -1.8976565640  -0.3488016136
1.8249132410  -1.8900400168  -0.3545410416
1.8191675971  -1.8824093650  -0.3603189608
1.8133830084  -1.8747654955  -0.3661350148
1.8075597974  -1.8671092629  -0.3719888504
1.8016974983  -1.8594409095  -0.3778801001
1.7957960582  -1.8517611494  -0.3838083826
1.7898570160  -1.8440715340  -0.3897734001
1.7838824444  -1.8363733886  -0.3957749986
1.7778744869  -1.8286690591  -0.4018130236
1.7718350995  -1.8209622828  -0.4078871886
1.7657646580  -1.8132553381  -0.4139971307
1.7596621989  -1.8055483153  -0.4201424917
1.7535268436  -1.7978408928  -0.4263229292
1.7473577341  -1.7901327226  -0.4325381112
1.7411539309  -1.7824233850  -0.4387877132
1.7349144093  -1.7747123868  -0.4450714165
1.7286388396  -1.7670000421  -0.4513889106
1.7223281463  -1.7592880921  -0.4577398957
1.7159831640  -1.7515781891  -0.4641240810
1.7096041213  -1.7438712972  -0.4705411847
1.7031912412  -1.7361683615  -0.4769909327
1.6967447494  -1.7284703332  -0.4834730580
1.6902649133  -1.7207782565  -0.4899873030
1.6837520410  -1.7130932570  -0.4965334214
1.6772064027  -1.7054163657  -0.5031111520
1.6706282222  -1.6977485114  -0.5097201946
1.6640177301  -1.6900906155  -0.5163602766
1.6573752062  -1.6824436587  -0.5230311941
1.6507009953  -1.6748087431  -0.5297327487
1.6439954140  -1.6671869042  -0.5364647206
1.6372587140  -1.6595790106  -0.5432268750
1.6304911357  -1.6519858755  -0.5500189511
1.6236929390  -1.6444083222  -0.5568406388
1.6168644218  -1.6368472232  -0.5636915360
1.6100058041  -1.6293032646  -0.5705710538
1.6031171326  -1.6217766797  -0.5774781660
1.5961973492  -1.6142663584  -0.5844077149
1.5892457824  -1.6067717803  -0.5913565377
1.5822667175  -1.5992979655  -0.5983349915
1.5752658034  -1.5918520264  -0.6053545304
1.5682424778  -1.5844350971  -0.6124157710
1.5611929024  -1.5770441893  -0.6195161084
1.5541153753  -1.5696774031  -0.6266541448
1.5470097873  -1.5623339979  -0.6338286469
1.5398763125  -1.5550134663  -0.6410383203
1.5327152008  -1.5477153065  -0.6482818185
1.5255265955  -1.5404387109  -0.6555577572
1.5183105950  -1.5331826721  -0.6628647120
1.5110674540  -1.5259463015  -0.6702011938
1.5037974325  -1.5187285620  -0.6775656426
1.4965007740  -1.5115282809  -0.6849564510
1.4891777546  -1.5043442814  -0.6923719761
1.4818285210  -1.4971751143  -0.6998105420
1.4744532972  -1.4900193763  -0.7072704444
1.4670523560  -1.4828756488  -0.7147499540
1.4596261194  -1.4757426056  -0.7222473220
1.4521733897  -1.4686172715  -0.7297607871
1.4446923724  -1.4614960187  -0.7372885804
1.4371847477  -1.4543787656  -0.7448289282
1.4296522585  -1.4472655312  -0.7523800539
1.4220945290  -1.4401541943  -0.7599401826
1.4145109679  -1.4330423955  -0.7675075479
1.4069006105  -1.4259274243  -0.7750803974
1.3992617125  -1.4188058479  -0.7826569964
1.3915911864  -1.4116729610  -0.7902356318
1.3838833331  -1.4045215172  -0.7978146188
1.3761267580  -1.3973386541  -0.8053923126
1.3682945466  -1.3900952634  -0.8129671649
1.3601385428  -1.3825421484  -0.8205377505
1.3518835457  -1.3749116571  -0.8281025458
1.3440795384  -1.3677573518  -0.8356597178
1.3365958421  -1.3609407815  -0.8432073736
1.3291639881  -1.3541849600  -0.8507438869
1.3217473897  -1.3474466387  -0.8582678526
1.3143454472  -1.3407215609  -0.8657779420
1.3069579320  -1.3340073914  -0.8732728843
1.2995846177  -1.3273020859  -0.8807514827
1.2922252988  -1.3206037535  -0.8882126227
1.2848797947  -1.3139106604  -0.8956552791
1.2775479477  -1.3072212268  -0.9030785176
1.2702296204  -1.3005340224  -0.9104814968
1.2629246955  -1.2938477688  -0.9178634732
1.2556330750  -1.2871613477  -0.9252238049
1.2483546798  -1.2804738035  -0.9325619571
1.2410894490  -1.2737843388  -0.9398775070
1.2338373367  -1.2670923109  -0.9471701449
1.2265983090  -1.2603972274  -0.9544396746
1.2193723523  -1.2536987460  -0.9616860469
1.2121594883  -1.2469966738  -0.9689093997
1.2049597467  -1.2402909546  -0.9761100014
1.1977731252  -1.2335816509  -0.9832882033
1.1905996140  -1.2268689373  -0.9904444964
1.1834392300  -1.2201530997  -0.9975795477
1.1762920096  -1.2134345296  -1.0046942047
1.1691580008  -1.2067137159  -1.0117895221
1.1620372726  -1.1999912395  -1.0188668064
1.1549299332  -1.1932677747  -1.0259276951
1.1478361711  -1.1865441052  -1.0329743177
1.1407563716  -1.1798212650  -1.0400096991
1.1336925900  -1.1731008721  -1.0470422994
1.1266469850  -1.1663845387  -1.0540804043
1.1196152778  -1.1596721876  -1.0611181604
1.1125898402  -1.1529622718  -1.0681453215
1.1055694664  -1.1462538741  -1.0751602562
1.0985574364  -1.1395471837  -1.0821643772
1.0915553559  -1.1328425637  -1.0891580650
1.0845632407  -1.1261401907  -1.0961415090
1.0775809169  -1.1194401544  -1.1031149022
1.0706082109  -1.1127425103  -1.1100784419
1.0636449507  -1.1060472869  -1.1170323303
1.0566909655  -1.0993544851  -1.1239767731
1.0497460852  -1.0926640792  -1.1309119793
1.0428101408  -1.0859760166  -1.1378381605
1.0358829638  -1.0792902193  -1.1447555303
1.0289643865  -1.0726065843  -1.1516643036
1.0220542419  -1.0659249845  -1.1585646957
1.0151523634  -1.0592452697  -1.1654569213
1.0082585852  -1.0525672671  -1.1723411942
1.0013727421  -1.0458907841  -1.1792177257
0.9944946693  -1.0392156144  -1.1860867235
0.9876242023  -1.0325415380  -1.1929483902
0.9807611776  -1.0258683137  -1.1998029233
0.9739054329  -1.0191956788  -1.2066505149
0.9670568071  -1.0125233603  -1.2134913505
0.9602151400  -1.0058510806  -1.2203256072
0.9533802719  -0.9991785588  -1.2271534526
0.9465520440  -0.9925055136  -1.2339750431
0.9397302979  -0.9858316690  -1.2407905221
0.9329148755  -0.9791567658  -1.2476000165
0.9261056175  -0.9724805831  -1.2544036307
0.9193023533  -0.9658031387  -1.2612014098
0.9125048910  -0.9591246918  -1.2679933099
0.9057130621  -0.9524448012  -1.2747793206
0.8989267907  -0.9457618952  -1.2815596219
0.8921460515  -0.9390746681  -1.2883344934
0.8853707563  -0.9323829507  -1.2951041376
0.8786007455  -0.9256868956  -1.3018686807
0.8718358581  -0.9189863672  -1.3086282417
0.8650759586  -0.9122810869  -1.3153829447
0.8583209225  -0.9055707797  -1.3221329126
0.8515706287  -0.8988551895  -1.3288782661
0.8448249579  -0.8921340792  -1.3356191233
0.8380837930  -0.8854072306  -1.3423555999
0.8313470190  -0.8786744443  -1.3490878093
0.8246145233  -0.8719355391  -1.3558158623
0.8178861953  -0.8651903518  -1.3625398674
0.8111619265  -0.8584387381  -1.3692599301
0.8044416109  -0.8516805718  -1.3759761540
0.7977251447  -0.8449157411  -1.3826886396
0.7910124263  -0.8381441455  -1.3893974852
0.7843033567  -0.8313656951  -1.3961027864
0.7775978391  -0.8245803084  -1.4028046364
0.7708957793  -0.8177879113  -1.4095031258
0.7641970853  -0.8109884355  -1.4161983427
0.7575016679  -0.8041818171  -1.4228903725
0.7508094402  -0.7973679935  -1.4295792984
0.7441203180  -0.7905469004  -1.4362652007
0.7374342196  -0.7837184688  -1.4429481574
0.7307510660  -0.7768826215  -1.4496282440
0.7240707811  -0.7700392682  -1.4563055335
0.7173932913  -0.7631882982  -1.4629800966
0.7107185260  -0.7563295509  -1.4696520019
0.7040464176  -0.7494627710  -1.4763213165
0.6973769018  -0.7425876607  -1.4829881063
0.6907099164  -0.7357040524  -1.4896524335
0.6840454012  -0.7288119598  -1.4963143547
0.6773832980  -0.7219114314  -1.5029739214
0.6707235525  -0.7150024480  -1.5096311826
0.6640661141  -0.7080849569  -1.5162861850
0.6574109359  -0.7011589133  -1.5229389727
0.6507579739  -0.6942242845  -1.5295895862
0.6441071873  -0.6872810463  -1.5362380629
0.6374585385  -0.6803291826  -1.5428844365
0.6308119932  -0.6733686859  -1.5495287375
0.6241675206  -0.6663995574  -1.5561709927
0.6175250936  -0.6594215844  -1.5628112258
0.6108846886  -0.6524341181  -1.5694494579
0.6042462859  -0.6454369960  -1.5760857063
0.5976098685  -0.6384313086  -1.5827199813
0.5909754224  -0.6314180868  -1.5893522872
0.5843429384  -0.6243974232  -1.5959826268
0.5777124123  -0.6173692096  -1.6026110007
0.5710838442  -0.6103334679  -1.6092374056
0.5644572372  -0.6032902153  -1.6158618345
0.5578325989  -0.5962394602  -1.6224842761
0.5512099405  -0.5891812059  -1.6291047153
0.5445892776  -0.5821154547  -1.6357231328
0.5379706302  -0.5750422123  -1.6423395049
0.5313540222  -0.5679614917  -1.6489538036
0.5247394822  -0.5608733174  -1.6555659962
0.5181270431  -0.5537777290  -1.6621760456
0.5115167421  -0.5466747852  -1.6687839096
0.5049086213  -0.5395645673  -1.6753895412
0.4983027271  -0.5324471827  -1.6819928886
0.4916991108  -0.5253227674  -1.6885938946
0.4850978281  -0.5181914889  -1.6951924968
0.4784989399  -0.5110535479  -1.7017886279
0.4719025115  -0.5039091797  -1.7083822151
0.4653086137  -0.4967586566  -1.7149731803
0.4587173216  -0.4896022891  -1.7215614404
0.4521287157  -0.4824404266  -1.7281469066
0.4455428813  -0.4752734578  -1.7347294851
0.4389599090  -0.4681018105  -1.7413090768
0.4323798941  -0.4609259512  -1.7478855773
0.4258029374  -0.4537463845  -1.7544588772
0.4192291444  -0.4465636517  -1.7610288618
0.4126586261  -0.4393783295  -1.7675954117
0.4060915214  -0.4321943339  -1.7741585277
0.3995280069  -0.4250168121  -1.7807183501
0.3929681802  -0.4178386908  -1.7872746526
0.3864120347  -0.4106503461  -1.7938268714
0.3798596589  -0.4034561774  -1.8003747152
0.3733112609  -0.3962621918  -1.8069180547
0.3667670276  -0.3890695388  -1.8134566973
0.3602271189  -0.3818793597  -1.8199904548
0.3536917000  -0.3746927937  -1.8265191450
0.3471609414  -0.3675109688  -1.8330425923
0.3406350179  -0.3603349928  -1.8395606286
0.3341141082  -0.3531659466  -1.8460730936
0.3275983942  -0.3460048779  -1.8525798357
0.3210880606  -0.3388527957  -1.8590807122
0.3145832940  -0.3317106663  -1.8655755893
0.3080842830  -0.3245794104  -1.8720643425
0.3015912173  -0.3174599008  -1.8785468561
0.2951042875  -0.3103529612  -1.8850230234
0.2886236850  -0.3032593659  -1.8914927456
0.2821496016  -0.2961798408  -1.8979559322
0.2756822294  -0.2891150642  -1.9044124994
0.2692217607  -0.2820656695  -1.9108623697
0.2627683878  -0.2750322479  -1.9173054708
0.2563223035  -0.2680153514  -1.9237417346
0.2498837003  -0.2610154972  -1.9301710954
0.2434527710  -0.2540331716  -1.9365934894
0.2370297082  -0.2470688348  -1.9430088522
0.2306147048  -0.2401229258  -1.9494171180
0.2242079533  -0.2331958671  -1.9558182170
0.2178096456  -0.2262880701  -1.9622120744
0.2114199736  -0.2193999396  -1.9685986078
0.2050391275  -0.2125318921  -1.9749777253
0.1986749181  -0.2056881380  -1.9814476667
0.1923324545  -0.1988712614  -1.9880570970
0.1859921423  -0.1920716023  -1.9946376416
0.1796484069  -0.1852869493  -2.0012325002
0.1733116853  -0.1785230972  -2.0078384598
0.1669820062  -0.1717805553  -2.0144518906
0.1606594376  -0.1650598865  -2.0210687458
0.1543440871  -0.1583616986  -2.0276845617
0.1480361035  -0.1516866408  -2.0342944578
0.1417356781  -0.1450353980  -2.0408931364
0.1354430461  -0.1384086844  -2.0474748832
0.1291584876  -0.1318072354  -2.0540335666
0.1228823279  -0.1252317988  -2.0605626383
0.1166149385  -0.1186831242  -2.0670551330
0.1103567372  -0.1121619521  -2.0735036685
0.1041081877  -0.1056690024  -2.0799004456
0.0978697996  -0.0992049616  -2.0862372483
0.0916421272  -0.0927704716  -2.0925054435
0.0854257691  -0.0863661168  -2.0986959813
0.0792213661  -0.0799924138  -2.1047993948
0.0730295998  -0.0736498011  -2.1108058001
0.0668511902  -0.0673386304  -2.1167048965
0.0606868934  -0.0610591608  -2.1224859662
0.0545374980  -0.0548115542  -2.1281378748
0.0484038223  -0.0485958749  -2.1336490706
0.0422867096  -0.0424120911  -2.1390075851
0.0361870245  -0.0362600810  -2.1442010328
0.0301056474  -0.0301396413  -2.1492166115
0.0240434689  -0.0240505005  -2.1540411018
0.0180013845  -0.0179923340  -2.1586608676
0.0119802872  -0.0119647832  -2.1630618556
0.0059810607  -0.0059674763  -2.1672295957
0.0059714415  -0.0059673887  -2.1672295957
