0.134748
1.6431120854  -1.7933985650   0.0000555035
1.6431120854  -1.7933985650   0.0000555035
1.6431168176  -1.7933962429   0.0000462435
1.6431136054  -1.7933711577   0.0000223943
1.6430983873  -1.7933212759  -0.0000164442
1.6430681346  -1.7932425305  -0.0000706693
1.6430217156  -1.7931335666  -0.0001406754
1.6429584863  -1.7929937037  -0.0002268540
1.6428779866  -1.7928225102  -0.0003295937
1.6427798394  -1.7926196638  -0.0004492803
1.6426637092  -1.7923848936  -0.0005862966
1.6425292836  -1.7921179534  -0.0007410227
1.6423762628  -1.7918186077  -0.0009138356
1.6422043545  -1.7914866242  -0.0011051095
1.6420132702  -1.7911217686  -0.0013152160
1.6418027239  -1.7907238030  -0.0015445233
1.6415724302  -1.7902924832  -0.0017933970
1.6413221041  -1.7898275585  -0.0020622000
1.6410514597  -1.7893287703  -0.0023512921
1.6407602104  -1.7887958527  -0.0026610300
1.6404480688  -1.7882285314  -0.0029917681
1.6401147457  -1.7876265245  -0.0033438574
1.6397599508  -1.7869895419  -0.0037176462
1.6393833924  -1.7863172860  -0.0041134800
1.6389847772  -1.7856094513  -0.0045317013
1.6385638104  -1.7848657254  -0.0049726498
1.6381201956  -1.7840857886  -0.0054366622
1.6376536351  -1.7832693146  -0.0059240726
1.6371638295  -1.7824159705  -0.0064352119
1.6366504781  -1.7815254177  -0.0069704082
1.6361132787  -1.7805973117  -0.0075299868
1.6355519280  -1.7796313027  -0.0081142702
1.6349661117  -1.7786264329  -0.0087244291
1.6343555349  -1.7775828937  -0.0093600220
1.6337199029  -1.7765010840  -0.0100210973
1.6330588971  -1.7753802016  -0.0107079225
1.6323722037  -1.7742197023  -0.0114207798
1.6316595112  -1.7730191546  -0.0121599748
1.6309205079  -1.7717781458  -0.0129258128
1.6301548817  -1.7704962757  -0.0137186016
1.6293623196  -1.7691731483  -0.0145386508
1.6285425082  -1.7678083700  -0.0153862710
1.6276951337  -1.7664015501  -0.0162617737
1.6268198818  -1.7649523008  -0.0171654709
1.6259164381  -1.7634602377  -0.0180976748
1.6249844878  -1.7619249807  -0.0190586979
1.6240237161  -1.7603461543  -0.0200488524
1.6230338083  -1.7587233886  -0.0210684505
1.6220144497  -1.7570563193  -0.0221178040
1.6209653303  -1.7553445936  -0.0231972240
1.6198861444  -1.7535878687  -0.0243070212
1.6187765838  -1.7517858066  -0.0254475054
1.6176363389  -1.7499380776  -0.0266189857
1.6164651009  -1.7480443639  -0.0278217700
1.6152625618  -1.7461043593  -0.0290561653
1.6140284149  -1.7441177674  -0.0303224774
1.6127623546  -1.7420843020  -0.0316210107
1.6114640765  -1.7400036873  -0.0329520680
1.6101332778  -1.7378756574  -0.0343159506
1.6087696571  -1.7356999553  -0.0357129582
1.6073729148  -1.7334763316  -0.0371433882
1.6059427530  -1.7312045474  -0.0386075360
1.6044788758  -1.7288843776  -0.0401056949
1.6029809893  -1.7265154501  -0.0416381558
1.6014488012  -1.7240975113  -0.0432052071
1.5998820215  -1.7216307062  -0.0448071343
1.5982803649  -1.7191150236  -0.0464442201
1.5966435484  -1.7165502086  -0.0481167449
1.5949712905  -1.7139360829  -0.0498249860
1.5932633129  -1.7112725212  -0.0515692180
1.5915193401  -1.7085594233  -0.0533497125
1.5897391003  -1.7057967058  -0.0551667379
1.5879223246  -1.7029842961  -0.0570205596
1.5860687478  -1.7001221326  -0.0589114393
1.5841781080  -1.6972101670  -0.0608396355
1.5822501472  -1.6942483663  -0.0628054027
1.5802846107  -1.6912367111  -0.0648089918
1.5782812476  -1.6881751951  -0.0668506499
1.5762398113  -1.6850638238  -0.0689306202
1.5741600590  -1.6819026143  -0.0710491416
1.5720417523  -1.6786915943  -0.0732064490
1.5698846567  -1.6754308029  -0.0754027675
1.5676885416  -1.6721202903  -0.0776383095
1.5654531810  -1.6687601169  -0.0799132844
1.5631783553  -1.6653503533  -0.0822279081
1.5608638505  -1.6618910813  -0.0845824027
1.5585094584  -1.6583823953  -0.0869769937
1.5561149754  -1.6548244025  -0.0894119095
1.5536802035  -1.6512172233  -0.0918873802
1.5512049495  -1.6475609909  -0.0944036363
1.5486890265  -1.6438558515  -0.0969609005
1.5461322518  -1.6401019618  -0.0995593740
1.5435344446  -1.6362994855  -0.1021992319
1.5408954278  -1.6324485935  -0.1048806297
1.5382150304  -1.6285494587  -0.1076037054
1.5354930874  -1.6246022542  -0.1103685791
1.5327294395  -1.6206071723  -0.1131753537
1.5299239336  -1.6165644340  -0.1160241158
1.5270764230  -1.6124742730  -0.1189149362
1.5241867678  -1.6083369314  -0.1218478731
1.5212548361  -1.6041526720  -0.1248229850
1.5182805061  -1.5999218178  -0.1278403421
1.5152636646  -1.5956447609  -0.1309000164
1.5122042068  -1.5913217567  -0.1340020740
1.5091020340  -1.5869527270  -0.1371465779
1.5059570513  -1.5825375550  -0.1403335889
1.5027691699  -1.5780765131  -0.1435631635
1.4995383097  -1.5735702079  -0.1468353536
1.4962643998  -1.5690193111  -0.1501502079
1.4929473774  -1.5644244686  -0.1535077733
1.4895871875  -1.5597863115  -0.1569080951
1.4861837827  -1.5551054577  -0.1603512163
1.4827371180  -1.5503825063  -0.1638371779
1.4792468642  -1.5456177594  -0.1673660187
1.4757126430  -1.5408114423  -0.1709377765
1.4721345436  -1.5359642074  -0.1745524874
1.4685129208  -1.5310769507  -0.1782101876
1.4648481807  -1.5261506025  -0.1819109118
1.4611407758  -1.5211861202  -0.1856546936
1.4573912013  -1.5161844847  -0.1894415638
1.4535999940  -1.5111467003  -0.1932715517
1.4497677253  -1.5060738007  -0.1971446848
1.4458946010  -1.5009664844  -0.2010609911
1.4419802723  -1.4958248968  -0.2050204988
1.4380243285  -1.4906490682  -0.2090232343
1.4340264535  -1.4854390981  -0.2130692217
1.4299862929  -1.4801950517  -0.2171584827
1.4259034526  -1.4749169589  -0.2212910382
1.4217774998  -1.4696048178  -0.2254669086
1.4176079625  -1.4642585975  -0.2296861125
1.4133943296  -1.4588782386  -0.2339486650
1.4091361479  -1.4534637590  -0.2382545759
1.4048336300  -1.4480159177  -0.2426038482
1.4004872443  -1.4425356011  -0.2469964549
1.3960970514  -1.4370233020  -0.2514323496
1.3916630543  -1.4314803615  -0.2559115931
1.3871853062  -1.4259086350  -0.2604343831
1.3826638464  -1.4203088750  -0.2650008588
1.3780986500  -1.4146808995  -0.2696110004
1.3734896739  -1.4090248432  -0.2742647258
1.3688369390  -1.4033414140  -0.2789619568
1.3641405109  -1.3976315268  -0.2837026188
1.3594004429  -1.3918960919  -0.2884866339
1.3546167840  -1.3861360340  -0.2933139202
1.3497895924  -1.3803523180  -0.2981843983
1.3449189376  -1.3745459486  -0.3030979966
1.3400048970  -1.3687179649  -0.3080546399
1.3350475832  -1.3628694998  -0.3130542412
1.3300471395  -1.3570017622  -0.3180967002
1.3250036909  -1.3511159170  -0.3231819048
1.3199173446  -1.3452130872  -0.3283097160
1.3147882018  -1.3392943879  -0.3334799239
1.3096163628  -1.3333609275  -0.3386922743
1.3044019772  -1.3274138788  -0.3439465536
1.2991452718  -1.3214545329  -0.3492425866
1.2938464550  -1.3154841312  -0.3545801817
1.2885056807  -1.3095037926  -0.3599591253
1.2831231004  -1.3035146055  -0.3653791887
1.2776988724  -1.2975176380  -0.3708401256
1.2722332209  -1.2915140477  -0.3763416614
1.2667263979  -1.2855049979  -0.3818834755
1.2611785945  -1.2794914794  -0.3874651680
1.2555899539  -1.2734743458  -0.3930861852
1.2499605621  -1.2674543064  -0.3987456300
1.2442903908  -1.2614317778  -0.4044417086
1.2385780482  -1.2554056753  -0.4101663767
1.2328234052  -1.2493762872  -0.4159187315
1.2270324990  -1.2433504456  -0.4217169599
1.2212105448  -1.2373351260  -0.4275726210
1.2153549855  -1.2313298696  -0.4334832842
1.2094618361  -1.2253315442  -0.4394465032
1.2035299657  -1.2193388078  -0.4454608635
1.1975593942  -1.2133513063  -0.4515249305
1.1915503330  -1.2073687713  -0.4576371596
1.1855029446  -1.2013906446  -0.4637959023
1.1794174060  -1.1954162321  -0.4699994148
1.1732939705  -1.1894448432  -0.4762458654
1.1671327928  -1.1834755016  -0.4825333424
1.1609339811  -1.1775070211  -0.4888598608
1.1546977987  -1.1715383343  -0.4952233688
1.1484244629  -1.1655681695  -0.5016217553
1.1421145110  -1.1595954882  -0.5080528573
1.1357675237  -1.1536182526  -0.5145144682
1.1293813193  -1.1476325254  -0.5210043442
1.1229558432  -1.1416364755  -0.5275202105
1.1164936977  -1.1356309820  -0.5340597642
1.1099959184  -1.1296153125  -0.5406206802
1.1034621705  -1.1235873063  -0.5472006196
1.0968921827  -1.1175448428  -0.5537972368
1.0902854204  -1.1114855406  -0.5604081855
1.0836410092  -1.1054067348  -0.5670311231
1.0769572235  -1.0993049521  -0.5736637157
1.0702311467  -1.0931755933  -0.5803036458
1.0634575223  -1.0870118146  -0.5869486200
1.0566265507  -1.0808023726  -0.5935963796
1.0497178723  -1.0745256543  -0.6002447151
1.0426797974  -1.0681285634  -0.6068915399
1.0351426917  -1.0612451933  -0.6135348859
1.0276848352  -1.0544594234  -0.6201725788
1.0209324274  -1.0483922258  -0.6268020863
1.0144255865  -1.0425735226  -0.6334209418
1.0079531845  -1.0367854895  -0.6400270339
1.0014987775  -1.0310074032  -0.6466184481
0.9950618522  -1.0252362308  -0.6531933383
0.9886422307  -1.0194698831  -0.6597499371
0.9822397510  -1.0137064610  -0.6662865731
0.9758542799  -1.0079442341  -0.6728016788
0.9694857128  -1.0021816449  -0.6792937949
0.9631339728  -0.9964173103  -0.6857615770
0.9567990111  -0.9906500233  -0.6922038046
0.9504808052  -0.9848787533  -0.6986193840
0.9441793557  -0.9791026450  -0.7050073529
0.9378946841  -0.9733210163  -0.7113668814
0.9316268346  -0.9675333577  -0.7176972909
0.9253758913  -0.9617393344  -0.7239981092
0.9191419721  -0.9559387807  -0.7302690607
0.9129251828  -0.9501316812  -0.7365099865
0.9067256050  -0.9443181580  -0.7427208516
0.9005433366  -0.9384984702  -0.7489018073
0.8943785044  -0.9326730110  -0.7550532048
0.8882312492  -0.9268422965  -0.7611755998
0.8821017194  -0.9210069553  -0.7672697708
0.8759900747  -0.9151677197  -0.7733367480
0.8698964930  -0.9093254185  -0.7793778578
0.8638211839  -0.9034809738  -0.7853947958
0.8577644176  -0.8976354069  -0.7913897630
0.8517265970  -0.8917898682  -0.7973657573
0.8457084733  -0.8859458197  -0.8033273672
0.8397131398  -0.8801054780  -0.8092874427
0.8337423187  -0.8742705761  -0.8152538550
0.8277883968  -0.8684401523  -0.8212133447
0.8218430766  -0.8626123066  -0.8271546933
0.8159078880  -0.8567870159  -0.8330788197
0.8099869535  -0.8509652423  -0.8389868845
0.8040813373  -0.8451476125  -0.8448790931
0.7981910091  -0.8393345130  -0.8507555717
0.7923158621  -0.8335262668  -0.8566164516
0.7864557898  -0.8277231626  -0.8624618699
0.7806106872  -0.8219254560  -0.8682919696
0.7747804501  -0.8161333694  -0.8741068983
0.7689649755  -0.8103470921  -0.8799068077
0.7631641610  -0.8045667807  -0.8856918530
0.7573779047  -0.7987925593  -0.8914621915
0.7516061055  -0.7930245209  -0.8972179825
0.7458486629  -0.7872627280  -0.9029593853
0.7401054766  -0.7815072154  -0.9086865586
0.7343764471  -0.7757579920  -0.9143996583
0.7286614749  -0.7700150410  -0.9200988368
0.7229604620  -0.7642783193  -0.9257842430
0.7172733115  -0.7585477617  -0.9314560212
0.7115999274  -0.7528232847  -0.9371143097
0.7059402147  -0.7471047888  -0.9427592389
0.7002940792  -0.7413921604  -0.9483909304
0.6946614277  -0.7356852745  -0.9540094952
0.6890421682  -0.7299839978  -0.9596150327
0.6834362094  -0.7242881915  -0.9652076278
0.6778434609  -0.7185977151  -0.9707873486
0.6722638320  -0.7129124305  -0.9763542415
0.6666972300  -0.7072322089  -0.9819083205
0.6611435476  -0.7015569648  -0.9874495153
0.6556026587  -0.6958866318  -0.9929776586
0.6500744828  -0.6902210277  -0.9984926877
0.6445590437  -0.6845598965  -1.0039947897
0.6390563847  -0.6789030964  -1.0094842002
0.6335664593  -0.6732505795  -1.0149610266
0.6280891656  -0.6676022837  -1.0204253153
0.6226244190  -0.6619581401  -1.0258771181
0.6171721582  -0.6563180995  -1.0313164904
0.6117323291  -0.6506821320  -1.0367434855
0.6063048799  -0.6450502255  -1.0421581548
0.6008897609  -0.6394223855  -1.0475605471
0.5954869239  -0.6337986350  -1.0529507091
0.5900963232  -0.6281790140  -1.0583286853
0.5847179148  -0.6225635790  -1.0636945178
0.5793516564  -0.6169524024  -1.0690482465
0.5739975082  -0.6113455717  -1.0743899093
0.5686554317  -0.6057431882  -1.0797195416
0.5633253908  -0.6001453649  -1.0850371771
0.5580073511  -0.5945522245  -1.0903428471
0.5527012800  -0.5889638988  -1.0956365811
0.5474071470  -0.5833805277  -1.1009184065
0.5421249233  -0.5778022572  -1.1061883488
0.5368545819  -0.5722292374  -1.1114464316
0.5315960979  -0.5666616202  -1.1166926769
0.5263494479  -0.5610995577  -1.1219271047
0.5211146105  -0.5555431990  -1.1271497334
0.5158915660  -0.5499926889  -1.1323605800
0.5106802965  -0.5444481636  -1.1375596598
0.5054807858  -0.5389097477  -1.1427469868
0.5002930195  -0.5333775463  -1.1479225740
0.4951169848  -0.5278516202  -1.1530864333
0.4899526711  -0.5223319591  -1.1582385770
0.4848000690  -0.5168185501  -1.1633790166
0.4796591706  -0.5113115060  -1.1685077610
0.4745299687  -0.5058110531  -1.1736248142
0.4694124571  -0.5003174061  -1.1787301777
0.4643066319  -0.4948307285  -1.1838238522
0.4592124915  -0.4893511724  -1.1889058380
0.4541300357  -0.4838788970  -1.1939761339
0.4490592657  -0.4784140668  -1.1990347376
0.4440001839  -0.4729568499  -1.2040816449
0.4389527943  -0.4675074184  -1.2091168505
0.4339171021  -0.4620659484  -1.2141403477
0.4288931139  -0.4566326195  -1.2191521286
0.4238808377  -0.4512075421  -1.2241521839
0.4188802824  -0.4457906872  -1.2291405035
0.4138914587  -0.4403821883  -1.2341170759
0.4089143783  -0.4349825820  -1.2390818877
0.4039490545  -0.4295923788  -1.2440349238
0.3989955011  -0.4242117860  -1.2489761685
0.3940537336  -0.4188409486  -1.2539056058
0.3891237683  -0.4134800514  -1.2588232183
0.3842056227  -0.4081292765  -1.2637289880
0.3792993151  -0.4027888028  -1.2686228958
0.3744048648  -0.3974588073  -1.2735049217
0.3695222920  -0.3921394663  -1.2783750450
0.3646516179  -0.3868309564  -1.2832332440
0.3597928644  -0.3815334558  -1.2880794965
0.3549460542  -0.3762471453  -1.2929137791
0.3501112108  -0.3709722090  -1.2977360682
0.3452883585  -0.3657088352  -1.3025463390
0.3404775220  -0.3604572174  -1.3073445664
0.3356787268  -0.3552175546  -1.3121307245
0.3308919990  -0.3499900519  -1.3169047867
0.3261173652  -0.3447749207  -1.3216667260
0.3213548524  -0.3395723788  -1.3264165149
0.3166044880  -0.3343826503  -1.3311541255
0.3118663001  -0.3292059661  -1.3358795294
0.3071403167  -0.3240425634  -1.3405926980
0.3024265664  -0.3188926858  -1.3452936024
0.2977250779  -0.3137565825  -1.3499822134
0.2930358800  -0.3086345082  -1.3546585017
0.2883590018  -0.3035267224  -1.3593224380
0.2836944723  -0.2984334886  -1.3639739928
0.2790423206  -0.2933550738  -1.3686131367
0.2744025758  -0.2882917474  -1.3732398405
0.2697752733  -0.2832447474  -1.3778541236
0.2651604564  -0.2782156351  -1.3824560607
0.2605581447  -0.2732023861  -1.3870455881
0.2559683308  -0.2682022989  -1.3916225142
0.2513910320  -0.2632167751  -1.3961867543
0.2468262939  -0.2582476310  -1.4007382883
0.2422741537  -0.2532952441  -1.4052770740
0.2377346405  -0.2483599761  -1.4098030730
0.2332077830  -0.2434421765  -1.4143162514
0.2286936094  -0.2385421800  -1.4188165801
0.2241921469  -0.2336603047  -1.4233040352
0.2197034222  -0.2287968508  -1.4277785979
0.2152274609  -0.2239520993  -1.4322402551
0.2107642874  -0.2191263116  -1.4366889992
0.2063139247  -0.2143197285  -1.4411248284
0.2018763947  -0.2095325701  -1.4455477466
0.1974517175  -0.2047650364  -1.4499577635
0.1930399120  -0.2000173068  -1.4543548943
0.1886409952  -0.1952895413  -1.4587391594
0.1842549825  -0.1905818807  -1.4631105846
0.1798818878  -0.1858944479  -1.4674692003
0.1755217232  -0.1812273486  -1.4718150416
0.1711744992  -0.1765806726  -1.4761481475
0.1668402244  -0.1719544951  -1.4804685603
0.1625189062  -0.1673488778  -1.4847763254
0.1582105500  -0.1627638704  -1.4890714906
0.1539151596  -0.1581995119  -1.4933541049
0.1496327376  -0.1536558321  -1.4976242184
0.1453632844  -0.1491328526  -1.5018818811
0.1411067994  -0.1446305886  -1.5061271421
0.1368632799  -0.1401490496  -1.5103600486
0.1326327220  -0.1356882438  -1.5145806450
0.1284180528  -0.1312490582  -1.5188515654
0.1242211620  -0.1268319681  -1.5232038707
0.1200344308  -0.1224346315  -1.5275305676
0.1158556308  -0.1180564609  -1.5318592625
0.1116886956  -0.1136986998  -1.5361880380
0.1075335531  -0.1093613612  -1.5405147143
0.1033901449  -0.1050444649  -1.5448368494
0.0992584274  -0.1007480354  -1.5491517390
0.0951383726  -0.0964721017  -1.5534564165
0.0910299688  -0.0922166958  -1.5577476532
0.0869332216  -0.0879818510  -1.5620219580
0.0828481542  -0.0837676012  -1.5662755774
0.0787748085  -0.0795739783  -1.5705044960
0.0747132452  -0.0754010110  -1.5747044358
0.0706635444  -0.0712487227  -1.5788708566
0.0666258062  -0.0671171297  -1.5829989560
0.0626001502  -0.0630062390  -1.5870836695
0.0585867164  -0.0589160470  -1.5911196699
0.0545856644  -0.0548465373  -1.5951013681
0.0505971736  -0.0507976797  -1.5990229127
0.0466214426  -0.0467694285  -1.6028781899
0.0426586887  -0.0427617221  -1.6066608236
0.0387091469  -0.0387744821  -1.6103641756
0.0347730688  -0.0348076136  -1.6139813454
0.0308507215  -0.0308610053  -1.6175051700
0.0269423860  -0.0269345306  -1.6209282246
0.0230483550  -0.0230280492  -1.6242428217
0.0191689312  -0.0191414088  -1.6274410117
0.0153044245  -0.0152744480  -1.6305145827
0.0114551489  -0.0114269988  -1.6334550606
0.0076214199  -0.0075988904  -1.6362537090
0.0038035503  -0.0037899524  -1.6389015293
0.0037996623  -0.0037899184  -1.6389015293
