0.105449
1.9419505417  -2.1706669443   0.0000750104
1.9419505417  -2.1706669443   0.0000750104
1.9419561675  -2.1706596663   0.0000613062
1.9419506828  -2.1706170144   0.0000271983
1.9419286223  -2.1705368184  -0.0000279010
1.9418854949  -2.1704121583  -0.0001045726
1.9418196564  -2.1702408586  -0.0002033898
1.9417301819  -2.1700218931  -0.0003249189
1.9416164164  -2.1697546571  -0.0004697188
1.9414778277  -2.1694387303  -0.0006383412
1.9413139464  -2.1690737787  -0.0008313306
1.9411243375  -2.1686595100  -0.0010492243
1.9409085863  -2.1681956499  -0.0012925523
1.9406662906  -2.1676819292  -0.0015618373
1.9403970558  -2.1671180764  -0.0018575948
1.9401004922  -2.1665038137  -0.0021803331
1.9397762133  -2.1658388543  -0.0025305533
1.9394238346  -2.1651229006  -0.0029087490
1.9390429730  -2.1643556441  -0.0033154069
1.9386332463  -2.1635367644  -0.0037510062
1.9381942728  -2.1626659295  -0.0042160191
1.9377256713  -2.1617427961  -0.0047109103
1.9372270609  -2.1607670098  -0.0052361374
1.9366980613  -2.1597382058  -0.0057921507
1.9361382921  -2.1586560091  -0.0063793934
1.9355473740  -2.1575200357  -0.0069983012
1.9349249277  -2.1563298929  -0.0076493028
1.9342705748  -2.1550851803  -0.0083328196
1.9335839377  -2.1537854905  -0.0090492656
1.9328646396  -2.1524304100  -0.0097990478
1.9321123050  -2.1510195201  -0.0105825657
1.9313265595  -2.1495523976  -0.0114002119
1.9305070204  -2.1480276562  -0.0122535472
1.9296533294  -2.1464457502  -0.0131419142
1.9287651296  -2.1448074388  -0.0140653274
1.9278420403  -2.1431115870  -0.0150240825
1.9268836905  -2.1413575064  -0.0160184977
1.9258897162  -2.1395446769  -0.0170489246
1.9248597567  -2.1376726134  -0.0181157108
1.9237934543  -2.1357408586  -0.0192192037
1.9226904542  -2.1337489692  -0.0203597502
1.9215504050  -2.1316965142  -0.0215376951
1.9203729588  -2.1295830745  -0.0227533807
1.9191577714  -2.1274082433  -0.0240071467
1.9179045026  -2.1251716263  -0.0252993292
1.9166128161  -2.1228728425  -0.0266302609
1.9152823799  -2.1205115248  -0.0280002703
1.9139128667  -2.1180873203  -0.0294096819
1.9125039534  -2.1155998910  -0.0308588154
1.9110553187  -2.1130489117  -0.0323479859
1.9095666448  -2.1104340730  -0.0338775035
1.9080376217  -2.1077550867  -0.0354476720
1.9064679460  -2.1050116852  -0.0370587877
1.9048573199  -2.1022036213  -0.0387111394
1.9032054516  -2.0993306691  -0.0404050083
1.9015120550  -2.0963926244  -0.0421406676
1.8997768507  -2.0933893056  -0.0439183831
1.8979995652  -2.0903205551  -0.0457384125
1.8961799319  -2.0871862391  -0.0476010060
1.8943176908  -2.0839862493  -0.0495064061
1.8924125888  -2.0807205033  -0.0514548474
1.8904643801  -2.0773889448  -0.0534465586
1.8884728260  -2.0739915445  -0.0554817646
1.8864376955  -2.0705280510  -0.0575606879
1.8843587636  -2.0669983970  -0.0596835454
1.8822358138  -2.0634031246  -0.0618505468
1.8800686400  -2.0597425435  -0.0640618959
1.8778570362  -2.0560166074  -0.0663177907
1.8756007758  -2.0522253736  -0.0686184234
1.8732996464  -2.0483689795  -0.0709639802
1.8709534722  -2.0444476234  -0.0733546405
1.8685620909  -2.0404615330  -0.0757905778
1.8661253506  -2.0364109550  -0.0782719582
1.8636431093  -2.0322961574  -0.0807989410
1.8611152351  -2.0281174380  -0.0833716783
1.8585416065  -2.0238751281  -0.0859903152
1.8559221117  -2.0195695920  -0.0886549895
1.8532566491  -2.0152012263  -0.0913658324
1.8505451269  -2.0107704604  -0.0941229677
1.8477874627  -2.0062777589  -0.0969265130
1.8449835838  -2.0017236160  -0.0997765787
1.8421334313  -1.9971085557  -0.1026732689
1.8392369473  -1.9924331209  -0.1056166808
1.8362940389  -1.9876978302  -0.1086069042
1.8333045843  -1.9829031803  -0.1116440218
1.8302684591  -1.9780496762  -0.1147281091
1.8271855375  -1.9731378332  -0.1178592340
1.8240556932  -1.9681681757  -0.1210374574
1.8208787993  -1.9631412365  -0.1242628323
1.8176547290  -1.9580575573  -0.1275354046
1.8143833556  -1.9529176887  -0.1308552127
1.8110645540  -1.9477221897  -0.1342222872
1.8076982002  -1.9424716253  -0.1376366510
1.8042842361  -1.9371666349  -0.1410983192
1.8008227484  -1.9318080098  -0.1446072989
1.7973138233  -1.9263965332  -0.1481635835
1.7937574697  -1.9209329220  -0.1517671440
1.7901537024  -1.9154179297  -0.1554179412
1.7865025512  -1.9098523283  -0.1591159548
1.7828040611  -1.9042369010  -0.1628611872
1.7790582884  -1.8985724527  -0.1666536560
1.7752652981  -1.8928598437  -0.1704933894
1.7714251605  -1.8871000072  -0.1743804063
1.7675379470  -1.8812937586  -0.1783146849
1.7636037277  -1.8754415580  -0.1822961557
1.7596225742  -1.8695437252  -0.1863247121
1.7555945648  -1.8636008994  -0.1904002143
1.7515197876  -1.8576140838  -0.1945224882
1.7473983411  -1.8515843787  -0.1986913284
1.7432303350  -1.8455128467  -0.2029065098
1.7390158935  -1.8394005183  -0.2071678142
1.7347551568  -1.8332484018  -0.2114750391
1.7304482781  -1.8270574839  -0.2158279786
1.7260954198  -1.8208287268  -0.2202264162
1.7216967475  -1.8145630571  -0.2246701299
1.7172524295  -1.8082613643  -0.2291588935
1.7127626423  -1.8019245095  -0.2336924794
1.7082275703  -1.7955533275  -0.2382706589
1.7036474053  -1.7891486293  -0.2428932026
1.6990223464  -1.7827112058  -0.2475598802
1.6943526032  -1.7762418351  -0.2522704613
1.6896383976  -1.7697412872  -0.2570247164
1.6848799575  -1.7632103189  -0.2618224183
1.6800775157  -1.7566496787  -0.2666633444
1.6752313119  -1.7500601152  -0.2715472756
1.6703415913  -1.7434423764  -0.2764739919
1.6654086039  -1.7367972112  -0.2814432709
1.6604322807  -1.7301250588  -0.2864548911
1.6554121518  -1.7234259657  -0.2915086344
1.6503485776  -1.7167007861  -0.2966042835
1.6452428941  -1.7099513600  -0.3017416200
1.6400965525  -1.7031796828  -0.3069204234
1.6349110751  -1.6963878423  -0.3121404706
1.6296880188  -1.6895780094  -0.3174015152
1.6244280493  -1.6827515480  -0.3227032883
1.6191306445  -1.6759084305  -0.3280456104
1.6137951451  -1.6690481946  -0.3334284511
1.6084209965  -1.6621708029  -0.3388517642
1.6030075105  -1.6552766141  -0.3443153591
1.5975538893  -1.6483658725  -0.3498189705
1.5920592791  -1.6414385026  -0.3553623399
1.5865233072  -1.6344948767  -0.3609452211
1.5809467216  -1.6275366400  -0.3665673687
1.5753302952  -1.6205654905  -0.3722285377
1.5696742042  -1.6135824645  -0.3779284884
1.5639786145  -1.6065885893  -0.3836669859
1.5582436987  -1.5995849156  -0.3894438004
1.5524696387  -1.5925725238  -0.3952587072
1.5466566695  -1.5855526183  -0.4011114843
1.5408050464  -1.5785264488  -0.4070019126
1.5349149877  -1.5714951748  -0.4129297783
1.5289867023  -1.5644599276  -0.4188948763
1.5230204000  -1.5574218350  -0.4248969906
1.5170162876  -1.5503820221  -0.4309358566
1.5109746303  -1.5433417271  -0.4370112136
1.5048957343  -1.5363022200  -0.4431228713
1.4987798743  -1.5292646584  -0.4492706624
1.4926272985  -1.5222301379  -0.4554543951
1.4864382447  -1.5151997165  -0.4616738654
1.4802130121  -1.5081745425  -0.4679288678
1.4739519230  -1.5011557731  -0.4742191686
1.4676552171  -1.4941443643  -0.4805444465
1.4613230649  -1.4871411002  -0.4869042276
1.4549555887  -1.4801466328  -0.4932977626
1.4485528559  -1.4731613903  -0.4997236683
1.4421136519  -1.4661842779  -0.5061753490
1.4356373605  -1.4592148736  -0.5126499290
1.4291290585  -1.4522589928  -0.5191607778
1.4225945881  -1.4453241568  -0.5257199076
1.4160327179  -1.4384110845  -0.5323269056
1.4094394027  -1.4315165603  -0.5389791460
1.4028131164  -1.4246388219  -0.5456752398
1.3961539277  -1.4177774837  -0.5524139058
1.3894620386  -1.4109321795  -0.5591937648
1.3827374961  -1.4041021462  -0.5660133313
1.3759804395  -1.3972866246  -0.5728710367
1.3691911436  -1.3904848897  -0.5797652425
1.3623698420  -1.3836959619  -0.5866942451
1.3555168143  -1.3769188279  -0.5936562815
1.3486323437  -1.3701524053  -0.6006495351
1.3417165687  -1.3633952913  -0.6076721410
1.3347697441  -1.3566461738  -0.6147221926
1.3277921430  -1.3499036715  -0.6217977484
1.3207842970  -1.3431665832  -0.6288968379
1.3137454469  -1.3364323898  -0.6360174677
1.3066733845  -1.3296970411  -0.6431576266
1.2995690683  -1.3229596783  -0.6503152887
1.2924348825  -1.3162209411  -0.6574884175
1.2852710196  -1.3094792443  -0.6646749732
1.2780769426  -1.3027322096  -0.6718729184
1.2708519999  -1.2959773837  -0.6790802223
1.2635950466  -1.2892118685  -0.6862948644
1.2563039270  -1.2824318047  -0.6935148413
1.2489748537  -1.2756317619  -0.7007381747
1.2416008212  -1.2688031890  -0.7079629197
1.2341676681  -1.2619304852  -0.7151871753
1.2266407032  -1.2549768956  -0.7224091497
1.2187112485  -1.2476340617  -0.7296271822
1.2107323253  -1.2402628480  -0.7368394737
1.2033121363  -1.2334724379  -0.7440438809
1.1962006974  -1.2270031967  -0.7512382388
1.1891360849  -1.2205848921  -0.7584206914
1.1820880452  -1.2141814251  -0.7655896038
1.1750559976  -1.2077889989  -0.7727434135
1.1680397337  -1.2014053497  -0.7798806227
1.1610390540  -1.1950284491  -0.7869998215
1.1540537859  -1.1886564233  -0.7940996947
1.1470837819  -1.1822875614  -0.8011790235
1.1401289185  -1.1759203213  -0.8082366895
1.1331890958  -1.1695533295  -0.8152716800
1.1262642369  -1.1631853814  -0.8222830922
1.1193542874  -1.1568154417  -0.8292701401
1.1124592145  -1.1504426425  -0.8362321598
1.1055790043  -1.1440662815  -0.8431686113
1.0987136576  -1.1376858182  -0.8500790786
1.0918631953  -1.1313008724  -0.8569632948
1.0850276762  -1.1249112244  -0.8638211956
1.0782071809  -1.1185168053  -0.8706528822
1.0714017629  -1.1121176776  -0.8774585503
1.0646114569  -1.1057140263  -0.8842385293
1.0578363213  -1.0993061578  -0.8909933344
1.0510764387  -1.0928944945  -0.8977236734
1.0443319026  -1.0864795639  -0.9044304613
1.0376028201  -1.0800619907  -0.9111148546
1.0308893234  -1.0736424939  -0.9177783067
1.0241915913  -1.0672218903  -0.9244226637
1.0175098997  -1.0608011151  -0.9310503663
1.0108447702  -1.0543813819  -0.9376649752
1.0041987540  -1.0479645586  -0.9442768143
0.9975740629  -1.0415523745  -0.9508945526
0.9909650828  -1.0351445443  -0.9575095658
0.9843635617  -1.0287394298  -0.9641107487
0.9777692198  -1.0223363953  -0.9706972741
0.9711858154  -1.0159358995  -0.9772705271
0.9646148406  -1.0095384223  -0.9838308223
0.9580563052  -1.0031442326  -0.9903783190
0.9515100676  -0.9967535199  -0.9969131799
0.9449759865  -0.9903664409  -1.0034355735
0.9384539222  -0.9839831232  -1.0099456726
0.9319437364  -0.9776036652  -1.0164436545
0.9254452915  -0.9712281353  -1.0229297000
0.9189584514  -0.9648565725  -1.0294039928
0.9124830803  -0.9584889871  -1.0358667186
0.9060190435  -0.9521253619  -1.0423180644
0.8995662070  -0.9457656524  -1.0487582176
0.8931244375  -0.9394097882  -1.0551873649
0.8866936024  -0.9330576745  -1.0616056917
0.8802735699  -0.9267091965  -1.0680133801
0.8738642085  -0.9203642220  -1.0744106076
0.8674653877  -0.9140225967  -1.0807975466
0.8610769784  -0.9076841434  -1.0871743644
0.8546988530  -0.9013486684  -1.0935412218
0.8483308848  -0.8950159685  -1.0998982717
0.8419729483  -0.8886858323  -1.1062456575
0.8356249187  -0.8823580422  -1.1125835117
0.8292866725  -0.8760323785  -1.1189119542
0.8229580869  -0.8697086241  -1.1252310901
0.8166390395  -0.8633865735  -1.1315410056
0.8103294063  -0.8570660498  -1.1378417606
0.8040290505  -0.8507470484  -1.1441333441
0.7977378135  -0.8444297033  -1.1504156472
0.7914555690  -0.8381136206  -1.1566886193
0.7851822931  -0.8317977197  -1.1629524310
0.7789180035  -0.8254812308  -1.1692073394
0.7726626417  -0.8191641002  -1.1754535024
0.7664160806  -0.8128463911  -1.1816910031
0.7601781994  -0.8065279848  -1.1879199218
0.7539489032  -0.8002087036  -1.1941403436
0.7477281072  -0.7938883838  -1.2003523517
0.7415157299  -0.7875668814  -1.2065560267
0.7353116919  -0.7812440716  -1.2127514467
0.7291159164  -0.7749198494  -1.2189386871
0.7229283286  -0.7685941292  -1.2251178206
0.7167488564  -0.7622668440  -1.2312889173
0.7105774296  -0.7559379454  -1.2374520445
0.7044139810  -0.7496074030  -1.2436072669
0.6982584453  -0.7432752035  -1.2497546464
0.6921107599  -0.7369413488  -1.2558942425
0.6859708646  -0.7306058530  -1.2620261117
0.6798387017  -0.7242687407  -1.2681503081
0.6737142158  -0.7179300460  -1.2742668831
0.6675973542  -0.7115898108  -1.2803758855
0.6614880667  -0.7052480840  -1.2864773617
0.6553863055  -0.6989049188  -1.2925713553
0.6492920255  -0.6925603698  -1.2986579075
0.6432051839  -0.6862144906  -1.3047370569
0.6371257408  -0.6798673312  -1.3108088400
0.6310536587  -0.6735189340  -1.3168732905
0.6249889027  -0.6671693300  -1.3229304401
0.6189314407  -0.6608185311  -1.3289803183
0.6128812432  -0.6544665014  -1.3350229526
0.6068382836  -0.6481131177  -1.3410583697
0.6008025380  -0.6417582314  -1.3470865950
0.5947739848  -0.6354018278  -1.3531076501
0.5887526040  -0.6290440511  -1.3591215515
0.5827383774  -0.6226850600  -1.3651283108
0.5767312904  -0.6163249522  -1.3711279377
0.5707313318  -0.6099638020  -1.3771204402
0.5647384934  -0.6036016935  -1.3831058239
0.5587527697  -0.5972387210  -1.3890840916
0.5527741574  -0.5908749866  -1.3950552433
0.5468026563  -0.5845106000  -1.4010192762
0.5408382688  -0.5781456791  -1.4069761847
0.5348810000  -0.5717803496  -1.4129259605
0.5289308580  -0.5654146037  -1.4188685926
0.5229878535  -0.5590481618  -1.4248040679
0.5170520000  -0.5526810571  -1.4307323704
0.5111233141  -0.5463141144  -1.4366534793
0.5052018146  -0.5399481169  -1.4425673702
0.4992875233  -0.5335832583  -1.4484740168
0.4933804656  -0.5272196097  -1.4543733911
0.4874806694  -0.5208573246  -1.4602654626
0.4815881654  -0.5144965547  -1.4661501980
0.4757029871  -0.5081374483  -1.4720275611
0.4698251706  -0.5017801523  -1.4778975134
0.4639547549  -0.4954248153  -1.4837600132
0.4580917817  -0.4890715897  -1.4896150165
0.4522362954  -0.4827206345  -1.4954624763
0.4463883434  -0.4763721172  -1.5013023429
0.4405479754  -0.4700262165  -1.5071345638
0.4347152444  -0.4636831239  -1.5129590838
0.4288902054  -0.4573430462  -1.5187758448
0.4230729167  -0.4510062065  -1.5245847858
0.4172634389  -0.4446728461  -1.5303858431
0.4114618353  -0.4383432257  -1.5361789504
0.4056681718  -0.4320176255  -1.5419640383
0.3998825169  -0.4256963462  -1.5477410352
0.3941049415  -0.4193797100  -1.5535098664
0.3883355193  -0.4130680605  -1.5592704552
0.3825743261  -0.4067617626  -1.5650227218
0.3768214402  -0.4004612028  -1.5707665845
0.3710769422  -0.3941667879  -1.5765019590
0.3653409151  -0.3878789449  -1.5822287588
0.3596134441  -0.3815981196  -1.5879468953
0.3538946162  -0.3753247756  -1.5936562778
0.3481845210  -0.3690593929  -1.5993568137
0.3424832634  -0.3628044634  -1.6050484924
0.3367909684  -0.3565631900  -1.6107313971
0.3311077134  -0.3503313828  -1.6164053689
0.3254335162  -0.3441033778  -1.6220700258
0.3197684504  -0.3378819899  -1.6277251688
0.3141126544  -0.3316709543  -1.6333707087
0.3084662526  -0.3254710545  -1.6390065158
0.3028293529  -0.3192830578  -1.6446324653
0.2972020649  -0.3131077198  -1.6502484381
0.2915844992  -0.3069457792  -1.6558543214
0.2859767677  -0.3007979532  -1.6614500094
0.2803789826  -0.2946649335  -1.6670354036
0.2747912561  -0.2885473830  -1.6726104129
0.2692137006  -0.2824459332  -1.6781749546
0.2636464275  -0.2763611827  -1.6837289537
0.2580895478  -0.2702936951  -1.6892723436
0.2525431712  -0.2642439990  -1.6948050657
0.2470074061  -0.2582125873  -1.7003270695
0.2414823597  -0.2521999179  -1.7058383118
0.2359681372  -0.2462064144  -1.7113387572
0.2304648426  -0.2402324672  -1.7168283769
0.2249725777  -0.2342784354  -1.7223071483
0.2194914429  -0.2283446485  -1.7277750546
0.2140215365  -0.2224314087  -1.7332320836
0.2085629551  -0.2165389934  -1.7386782270
0.2031157935  -0.2106676578  -1.7441134794
0.1976801444  -0.2048176376  -1.7495378372
0.1922560987  -0.1989891519  -1.7549512975
0.1868437455  -0.1931824061  -1.7603538566
0.1814431715  -0.1873975944  -1.7657455087
0.1760544617  -0.1816349029  -1.7711262447
0.1706776982  -0.1758945185  -1.7764960503
0.1653180354  -0.1701786841  -1.7819361254
0.1599788267  -0.1644887204  -1.7874867150
0.1546469789  -0.1588193344  -1.7930088588
0.1493187319  -0.1531693015  -1.7985383042
0.1440009838  -0.1475417079  -1.8040724760
0.1386937018  -0.1419367687  -1.8096084571
0.1333968773  -0.1363547203  -1.8151429884
0.1281105274  -0.1307958167  -1.8206724694
0.1228346956  -0.1252603273  -1.8261929574
0.1175694529  -0.1197485335  -1.8317001679
0.1123148994  -0.1142607261  -1.8371894749
0.1070711646  -0.1087972005  -1.8426559102
0.1018384087  -0.1033582527  -1.8480941639
0.0966168228  -0.0979441742  -1.8534985845
0.0914066298  -0.0925552466  -1.8588631783
0.0862080842  -0.0871917366  -1.8641816100
0.0810214724  -0.0818538903  -1.8694472025
0.0758471128  -0.0765419277  -1.8746529367
0.0706853549  -0.0712560378  -1.8797914519
0.0655365792  -0.0659963737  -1.8848550453
0.0604011959  -0.0607630487  -1.8898356727
0.0552796437  -0.0555561332  -1.8947249476
0.0501723886  -0.0503756519  -1.8995141419
0.0450799218  -0.0452215837  -1.9041941858
0.0400027573  -0.0400938610  -1.9087556674
0.0349414297  -0.0349923721  -1.9131888331
0.0298964906  -0.0299169643  -1.9174835877
0.0248685058  -0.0248674489  -1.9216294938
0.0198580505  -0.0198436072  -1.9256157724
0.0148657057  -0.0148451990  -1.9294313025
0.0098920525  -0.0098719704  -1.9330646216
0.0049376671  -0.0049236646  -1.9365039251
0.0049311127  -0.0049236087  -1.9365039251
