0.0778302
2.3110211099  -2.5944969882   0.0001065216
2.3110211099  -2.5944969882   0.0001065216
2.3110277069  -2.5944781282   0.0000850184
2.3110179105  -2.5944030905   0.0000333536
2.3109839998  -2.5942705853  -0.0000493908
2.3109188853  -2.5940687367  -0.0001641158
2.3108200329  -2.5937940751  -0.0003117052
2.3106860342  -2.5934451032  -0.0004930254
2.3105159036  -2.5930210408  -0.0007089257
2.3103088491  -2.5925214171  -0.0009602381
2.3100641786  -2.5919459065  -0.0012477774
2.3097812574  -2.5912942512  -0.0015723412
2.3094594855  -2.5905662223  -0.0019347100
2.3090982856  -2.5897615987  -0.0023356467
2.3086970964  -2.5888801551  -0.0027758974
2.3082553682  -2.5879216555  -0.0032561907
2.3077725601  -2.5868858493  -0.0037772381
2.3072481392  -2.5857724697  -0.0043397339
2.3066815786  -2.5845812327  -0.0049443550
2.3060723580  -2.5833118376  -0.0055917612
2.3054199624  -2.5819639674  -0.0062825952
2.3047238827  -2.5805372898  -0.0070174822
2.3039836156  -2.5790314584  -0.0077970305
2.3031986635  -2.5774461145  -0.0086218307
2.3023685350  -2.5757808880  -0.0094924568
2.3014927447  -2.5740354001  -0.0104094650
2.3005708144  -2.5722092639  -0.0113733946
2.2996022722  -2.5703020874  -0.0123847676
2.2985866538  -2.5683134744  -0.0134440888
2.2975235026  -2.5662430273  -0.0145518457
2.2964123696  -2.5640903482  -0.0157085087
2.2952528142  -2.5618550411  -0.0169145308
2.2940443998  -2.5595351701  -0.0181720497
2.2927867140  -2.5571318112  -0.0194799966
2.2914793465  -2.5546464682  -0.0208382683
2.2901218775  -2.5520776030  -0.0222471320
2.2887139079  -2.5494244741  -0.0237068938
2.2872550558  -2.5466865935  -0.0252179115
2.2857449512  -2.5438635404  -0.0267805285
2.2841832348  -2.5409549523  -0.0283950806
2.2825695597  -2.5379605007  -0.0300618941
2.2809035913  -2.5348798864  -0.0317812848
2.2791850080  -2.5317128400  -0.0335535570
2.2774135010  -2.5284591229  -0.0353790026
2.2755887753  -2.5251185284  -0.0372578994
2.2737105495  -2.5216908845  -0.0391905117
2.2717785562  -2.5181760569  -0.0411770902
2.2697925425  -2.5145739510  -0.0432178721
2.2677522701  -2.5108845122  -0.0453130808
2.2656575152  -2.5071077236  -0.0474629251
2.2635080693  -2.5032436075  -0.0496675997
2.2613037336  -2.4992922185  -0.0519272841
2.2590443183  -2.4952536434  -0.0542421432
2.2567296535  -2.4911280125  -0.0566123255
2.2543595902  -2.4869155026  -0.0590379630
2.2519339954  -2.4826163310  -0.0615191725
2.2494527527  -2.4782307560  -0.0640560557
2.2469157617  -2.4737590774  -0.0666486993
2.2443229383  -2.4692016370  -0.0692971747
2.2416742147  -2.4645588189  -0.0720015379
2.2389695394  -2.4598310494  -0.0747618297
2.2362088768  -2.4550187975  -0.0775780740
2.2333922073  -2.4501225744  -0.0804502760
2.2305195263  -2.4451425558  -0.0833784249
2.2275908381  -2.4400792021  -0.0863624976
2.2246061474  -2.4349338687  -0.0894024589
2.2215654832  -2.4297075315  -0.0924982611
2.2184689038  -2.4244006507  -0.0956498442
2.2153164814  -2.4190138826  -0.0988571352
2.2121083045  -2.4135479887  -0.1021200480
2.2088444770  -2.4080037826  -0.1054384816
2.2055251173  -2.4023821206  -0.1088123151
2.2021503573  -2.3966838912  -0.1122414056
2.1987203427  -2.3909100157  -0.1157255894
2.1952352330  -2.3850614545  -0.1192646839
2.1916951837  -2.3791391890  -0.1228584893
2.1881003394  -2.3731442062  -0.1265067893
2.1844508752  -2.3670775320  -0.1302093577
2.1807470034  -2.3609402321  -0.1339659661
2.1769889511  -2.3547333916  -0.1377763812
2.1731769578  -2.3484581211  -0.1416403611
2.1693112746  -2.3421155616  -0.1455576546
2.1653921641  -2.3357068841  -0.1495280030
2.1614199003  -2.3292332901  -0.1535511408
2.1573947587  -2.3226960045  -0.1576267964
2.1533169789  -2.3160962378  -0.1617546927
2.1491868116  -2.3094352220  -0.1659345469
2.1450045606  -2.3027142474  -0.1701660711
2.1407705457  -2.2959346295  -0.1744489720
2.1364850960  -2.2890977016  -0.1787829516
2.1321485490  -2.2822048128  -0.1831677073
2.1277612499  -2.2752573272  -0.1876029328
2.1233235508  -2.2682566206  -0.1920883177
2.1188357176  -2.2612039919  -0.1966235482
2.1142979596  -2.2541006691  -0.2012083069
2.1097106223  -2.2469479811  -0.2058422730
2.1050741624  -2.2397473919  -0.2105251230
2.1003890502  -2.2325004320  -0.2152565313
2.0956557666  -2.2252086435  -0.2200361693
2.0908748003  -2.2178735584  -0.2248637065
2.0860466460  -2.2104967113  -0.2297388094
2.0811718126  -2.2030796932  -0.2346611423
2.0762506900  -2.1956240424  -0.2396303662
2.0712834584  -2.1881309797  -0.2446461254
2.0662702053  -2.1806012923  -0.2497080485
2.0612110037  -2.1730355620  -0.2548157879
2.0561059244  -2.1654346157  -0.2599690424
2.0509550355  -2.1577996409  -0.2651675475
2.0457584043  -2.1501319517  -0.2704110586
2.0405163819  -2.1424331315  -0.2756993100
2.0352295559  -2.1347049694  -0.2810319781
2.0298983712  -2.1269490459  -0.2864086887
2.0245231728  -2.1191667658  -0.2918290318
2.0191043117  -2.1113594748  -0.2972925636
2.0136421453  -2.1035284656  -0.3027988128
2.0081370436  -2.0956749880  -0.3083473101
2.0025893961  -2.0878002654  -0.3139376158
1.9969996023  -2.0799054892  -0.3195693055
1.9913680567  -2.0719917988  -0.3252419523
1.9856951502  -2.0640602836  -0.3309551299
1.9799812757  -2.0561119926  -0.3367084136
1.9742268287  -2.0481479399  -0.3425013822
1.9684322082  -2.0401691104  -0.3483336180
1.9625978253  -2.0321764772  -0.3542047047
1.9567240955  -2.0241709919  -0.3601142301
1.9508114275  -2.0161535691  -0.3660617894
1.9448602288  -2.0081251029  -0.3720469847
1.9388709076  -2.0000864776  -0.3780694208
1.9328438709  -1.9920385693  -0.3841287025
1.9267795316  -1.9839822580  -0.3902244339
1.9206783100  -1.9759184341  -0.3963562182
1.9145406243  -1.9678479922  -0.4025236580
1.9083668889  -1.9597718443  -0.4087263521
1.9021575144  -1.9516910947  -0.4149638783
1.8959128643  -1.9436069219  -0.4212357945
1.8896325004  -1.9355187763  -0.4275417324
1.8833164090  -1.9274253926  -0.4338814674
1.8769662825  -1.9193283031  -0.4402547951
1.8705843693  -1.9112317121  -0.4466613978
1.8641729521  -1.9031400676  -0.4531008880
1.8577339122  -1.8950564491  -0.4595728857
1.8512672808  -1.8869816025  -0.4660770225
1.8447719120  -1.8789149075  -0.4726129361
1.8382468785  -1.8708558362  -0.4791802764
1.8316912022  -1.8628038136  -0.4857787018
1.8251038209  -1.8547581874  -0.4924078801
1.8184837799  -1.8467184482  -0.4990674917
1.8118315125  -1.8386856653  -0.5057572290
1.8051481340  -1.8306616919  -0.5124767949
1.7984340521  -1.8226475835  -0.5192259024
1.7916894972  -1.8146441758  -0.5260042729
1.7849146994  -1.8066522976  -0.5328116376
1.7781099137  -1.7986728304  -0.5396477420
1.7712754458  -1.7907067629  -0.5465123308
1.7644115712  -1.7827550169  -0.5534051125
1.7575185147  -1.7748183889  -0.5603257992
1.7505965262  -1.7668976874  -0.5672741700
1.7436458847  -1.7589937591  -0.5742500304
1.7366669113  -1.7511075478  -0.5812531670
1.7296599079  -1.7432399407  -0.5882833521
1.7226251151  -1.7353916562  -0.5953403367
1.7155627552  -1.7275633446  -0.6024238300
1.7084730667  -1.7197556614  -0.6095334605
1.7013562987  -1.7119692625  -0.6166686909
1.6942125557  -1.7042044195  -0.6238285850
1.6870408695  -1.6964600222  -0.6310085684
1.6798404643  -1.6887352819  -0.6382054495
1.6726151961  -1.6810347068  -0.6454282369
1.6653706261  -1.6733652911  -0.6526879270
1.6581065371  -1.6657284107  -0.6599856124
1.6508191914  -1.6581210817  -0.6673188779
1.6435068114  -1.6505413277  -0.6746863984
1.6361692779  -1.6429884328  -0.6820869865
1.6288066671  -1.6354617164  -0.6895194036
1.6214191907  -1.6279605900  -0.6969823673
1.6140070584  -1.6204843423  -0.7044745541
1.6065703395  -1.6130319141  -0.7119946123
1.5991092098  -1.6056023037  -0.7195411717
1.5916239491  -1.5981945329  -0.7271128245
1.5841147774  -1.5908074007  -0.7347081015
1.5765819572  -1.5834397276  -0.7423254864
1.5690256673  -1.5760901520  -0.7499634366
1.5614460610  -1.5687572009  -0.7576203854
1.5538433557  -1.5614394407  -0.7652947461
1.5462179848  -1.5541355832  -0.7729849148
1.5385694214  -1.5468433584  -0.7806892755
1.5308956174  -1.5395589312  -0.7884062059
1.5231972023  -1.5322811633  -0.7961340816
1.5154762485  -1.5250104425  -0.8038712777
1.5077327888  -1.5177451106  -0.8116161725
1.4999661719  -1.5104827769  -0.8193671514
1.4921755129  -1.5032208422  -0.8271226134
1.4843592445  -1.4959560766  -0.8348809750
1.4765145766  -1.4886840900  -0.8426406756
1.4686364008  -1.4813982385  -0.8504001809
1.4607145413  -1.4740868687  -0.8581579931
1.4527252002  -1.4667239476  -0.8659127024
1.4444507789  -1.4590903500  -0.8736630179
1.4360639146  -1.4513657887  -0.8814075693
1.4280759191  -1.4440660772  -0.8891446964
1.4204032076  -1.4371011028  -0.8968726631
1.4127831100  -1.4301998685  -0.9045899778
1.4051774484  -1.4233172578  -0.9122953662
1.3975856209  -1.4164488250  -0.9199876294
1.3900073862  -1.4095922002  -0.9276656226
1.3824425036  -1.4027453370  -0.9353282713
1.3748907513  -1.3959063451  -0.9429745762
1.3673519291  -1.3890734870  -0.9506036204
1.3598258595  -1.3822451803  -0.9582145734
1.3523123841  -1.3754199969  -0.9658066913
1.3448113625  -1.3685966537  -0.9733793201
1.3373226720  -1.3617740102  -0.9809319003
1.3298462074  -1.3549510750  -0.9884639709
1.3223818802  -1.3481270119  -0.9959751748
1.3149296167  -1.3413011362  -1.0034652611
1.3074893544  -1.3344729084  -1.0109340837
1.3000610449  -1.3276419326  -1.0183816198
1.2926446711  -1.3208079563  -1.0258080184
1.2852402352  -1.3139708632  -1.0332135735
1.2778477152  -1.3071306546  -1.0405986578
1.2704670691  -1.3002874393  -1.0479637564
1.2630982752  -1.2934414330  -1.0553095156
1.2557413350  -1.2865929543  -1.0626367509
1.2483962623  -1.2797424172  -1.0699464673
1.2410630896  -1.2728903265  -1.0772398996
1.2337418846  -1.2660372782  -1.0845185830
1.2264327879  -1.2591839749  -1.0917844971
1.2191361162  -1.2523313568  -1.0990404207
1.2118536682  -1.2454809225  -1.1062939099
1.2045874911  -1.2386342142  -1.1135528495
1.1973339043  -1.2317912006  -1.1208125623
1.1900857237  -1.2249503396  -1.1280634354
1.1828414196  -1.2181105946  -1.1353036013
1.1756039854  -1.2112720419  -1.1425344505
1.1683750144  -1.2044349832  -1.1497563918
1.1611545138  -1.1975995408  -1.1569696339
1.1539422894  -1.1907657482  -1.1641743884
1.1467381473  -1.1839336060  -1.1713708716
1.1395418952  -1.1771030893  -1.1785593039
1.1323533416  -1.1702741481  -1.1857399095
1.1251722958  -1.1634467066  -1.1929129156
1.1179985679  -1.1566206628  -1.2000785520
1.1108319683  -1.1497958897  -1.2072370505
1.1036723083  -1.1429722377  -1.2143886442
1.0965193994  -1.1361495345  -1.2215335667
1.0893730535  -1.1293275867  -1.2286720514
1.0822330831  -1.1225061795  -1.2358043307
1.0750993010  -1.1156850791  -1.2429306352
1.0679715205  -1.1088640379  -1.2500511922
1.0608495549  -1.1020427987  -1.2571662248
1.0537332181  -1.0952210866  -1.2642759509
1.0466223247  -1.0883986036  -1.2713805835
1.0395166906  -1.0815750389  -1.2784803300
1.0324161323  -1.0747500790  -1.2855753900
1.0253204666  -1.0679234086  -1.2926659545
1.0182295108  -1.0610947133  -1.2997522045
1.0111430826  -1.0542636854  -1.3068343088
1.0040609995  -1.0474300355  -1.3139124213
0.9969830777  -1.0405935182  -1.3209866755
0.9899091231  -1.0337541529  -1.3280571515
0.9828389209  -1.0269122536  -1.3351238469
0.9757722756  -1.0200673740  -1.3421867830
0.9687090777  -1.0132177161  -1.3492461548
0.9616492705  -1.0063616837  -1.3563022592
0.9545927409  -0.9994990205  -1.3633553261
0.9475393050  -0.9926299205  -1.3704055114
0.9404887747  -0.9857542417  -1.3774529623
0.9334409856  -0.9788716500  -1.3844978313
0.9263957847  -0.9719818074  -1.3915402701
0.9193530219  -0.9650843937  -1.3985804287
0.9123125489  -0.9581791069  -1.4056184546
0.9052742190  -0.9512656627  -1.4126544936
0.8982378875  -0.9443437950  -1.4196886893
0.8912034113  -0.9374132542  -1.4267211831
0.8841706493  -0.9304738079  -1.4337521144
0.8771394623  -0.9235252427  -1.4407816203
0.8701097130  -0.9165673638  -1.4478098359
0.8630812658  -0.9095999895  -1.4548368937
0.8560539876  -0.9026229474  -1.4618629243
0.8490277468  -0.8956360743  -1.4688880562
0.8420024142  -0.8886392149  -1.4759124155
0.8349778627  -0.8816322198  -1.4829361262
0.8279539673  -0.8746149447  -1.4899593102
0.8209306050  -0.8675872482  -1.4969820868
0.8139076551  -0.8605489897  -1.5040045735
0.8068849995  -0.8535000260  -1.5110268853
0.7998625219  -0.8464402077  -1.5180491351
0.7928401087  -0.8393693763  -1.5250714335
0.7858176487  -0.8322873588  -1.5320938890
0.7787950331  -0.8251939600  -1.5391166079
0.7717721558  -0.8180889338  -1.5461396947
0.7647489136  -0.8109719354  -1.5531632526
0.7577252060  -0.8038425693  -1.5601873836
0.7507009349  -0.7967005657  -1.5672121864
0.7436760035  -0.7895458448  -1.5742377547
0.7366503172  -0.7823783704  -1.5812641770
0.7296237846  -0.7751980358  -1.5882915395
0.7225963182  -0.7680046932  -1.5953199263
0.7155678341  -0.7607982016  -1.6023494187
0.7085382509  -0.7535784313  -1.6093800948
0.7015074905  -0.7463452602  -1.6164120297
0.6944754779  -0.7390985734  -1.6234452946
0.6874421415  -0.7318382636  -1.6304799579
0.6804074128  -0.7245642308  -1.6375160840
0.6733712272  -0.7172760974  -1.6445537344
0.6663335243  -0.7099729201  -1.6515929685
0.6592942470  -0.7026543733  -1.6586338413
0.6522533404  -0.6953217416  -1.6656764000
0.6452107524  -0.6879762365  -1.6727206849
0.6381664365  -0.6806178571  -1.6797667348
0.6311203522  -0.6732463377  -1.6868145871
0.6240724631  -0.6658615782  -1.6938642752
0.6170227366  -0.6584634703  -1.7009158284
0.6099711442  -0.6510518895  -1.7079692713
0.6029176617  -0.6436267007  -1.7150246245
0.5958622699  -0.6361877635  -1.7220819038
0.5888049539  -0.6287349370  -1.7291411201
0.5817457039  -0.6212680855  -1.7362022795
0.5746845149  -0.6137870835  -1.7432653825
0.5676213869  -0.6062918213  -1.7503304246
0.5605563252  -0.5987822095  -1.7573973951
0.5534893405  -0.5912581841  -1.7644662777
0.5464204486  -0.5837197111  -1.7715370499
0.5393496713  -0.5761667904  -1.7786096830
0.5322770358  -0.5685994599  -1.7856841415
0.5252025753  -0.5610177976  -1.7927603837
0.5181263291  -0.5534219250  -1.7998383609
0.5110483425  -0.5458120096  -1.8069180177
0.5039686671  -0.5381882675  -1.8139992918
0.4968873610  -0.5305509645  -1.8210821137
0.4898044889  -0.5229004178  -1.8281664069
0.4827201219  -0.5152369957  -1.8352520878
0.4756343382  -0.5075611182  -1.8423390656
0.4685472226  -0.4998732564  -1.8494272422
0.4614588672  -0.4921739314  -1.8565165124
0.4543693711  -0.4844637133  -1.8636067638
0.4472788718  -0.4767475766  -1.8706980359
0.4401875586  -0.4690321585  -1.8777905432
0.4330955165  -0.4613080015  -1.8848840354
0.4260026857  -0.4535621922  -1.8919778328
0.4189091339  -0.4458002805  -1.8990715993
0.4118150961  -0.4380299996  -1.9061652029
0.4047207808  -0.4302527017  -1.9132584295
0.3976263594  -0.4224697407  -1.9203510691
0.3905320124  -0.4146824784  -1.9274429175
0.3834379287  -0.4068922723  -1.9345337770
0.3763443048  -0.3991004638  -1.9416234572
0.3692513439  -0.3913083687  -1.9487117760
0.3621592556  -0.3835172684  -1.9557985600
0.3550682548  -0.3757284026  -1.9628836446
0.3479785615  -0.3679429633  -1.9699668745
0.3408903999  -0.3601620900  -1.9770481035
0.3338039979  -0.3523868666  -1.9841271942
0.3267195870  -0.3446183193  -1.9912040177
0.3196374019  -0.3368574157  -1.9982784530
0.3125576802  -0.3291050650  -2.0053503863
0.3054806623  -0.3213621200  -2.0124197096
0.2984065914  -0.3136293791  -2.0194863202
0.2913357136  -0.3059075903  -2.0265501189
0.2842682778  -0.2981974550  -2.0336110086
0.2772045357  -0.2904996338  -2.0406688929
0.2701447421  -0.2828147516  -2.0477236741
0.2630891547  -0.2751434045  -2.0547752514
0.2560380340  -0.2674861662  -2.0618235186
0.2489916434  -0.2598435949  -2.0688683625
0.2419502487  -0.2522162410  -2.0759096602
0.2349141183  -0.2446046533  -2.0829472769
0.2278835218  -0.2370094062  -2.0899810630
0.2208683857  -0.2294364239  -2.0971207487
0.2138752240  -0.2218894099  -2.1044206750
0.2068792512  -0.2143547639  -2.1116926198
0.1998734359  -0.2068293348  -2.1189847959
0.1928710383  -0.1993213121  -2.1262935469
0.1858721362  -0.1918314427  -2.1336147475
0.1788768610  -0.1843605639  -2.1409438027
0.1718853963  -0.1769095903  -2.1482756488
0.1648979804  -0.1694795087  -2.1556047526
0.1579149075  -0.1620713707  -2.1629251118
0.1509365294  -0.1546862841  -2.1702302547
0.1439632556  -0.1473254004  -2.1775132406
0.1369955549  -0.1399899023  -2.1847666594
0.1300339547  -0.1326809877  -2.1919826321
0.1230790413  -0.1253998528  -2.1991528101
0.1161314593  -0.1181476740  -2.2062683758
0.1091919102  -0.1109255886  -2.2133200423
0.1022611516  -0.1037346755  -2.2202980536
0.0953399946  -0.0965759358  -2.2271921845
0.0884293020  -0.0894502743  -2.2339917403
0.0815299854  -0.0823584828  -2.2406855574
0.0746430017  -0.0753012254  -2.2472620028
0.0677693496  -0.0682790267  -2.2537089745
0.0609100652  -0.0612922642  -2.2600139010
0.0540662176  -0.0543411647  -2.2661637418
0.0472389033  -0.0474258057  -2.2721449871
0.0404292411  -0.0405461228  -2.2779436579
0.0336383652  -0.0337019221  -2.2835453060
0.0268674193  -0.0268928987  -2.2889350139
0.0201175489  -0.0201186611  -2.2940973950
0.0133898941  -0.0133787592  -2.2990165935
0.0066855809  -0.0066727169  -2.3036762842
0.0066735607  -0.0066725995  -2.3036762842
