0.0985714
2.0239652502  -2.2695762825   0.0000812507
2.0239652502  -2.2695762825   0.0000812507
2.0239710885  -2.2695669068   0.0000660112
2.0239647710  -2.2695180097   0.0000284424
2.0239403838  -2.2694275246  -0.0000321082
2.0238929278  -2.2692875479  -0.0001162842
2.0238205843  -2.2690956360  -0.0002247201
2.0237223328  -2.2688506570  -0.0003580415
2.0235974529  -2.2685519600  -0.0005168650
2.0234453608  -2.2681991032  -0.0007017982
2.0232655423  -2.2677917437  -0.0009134398
2.0230575223  -2.2673295854  -0.0011523793
2.0228208486  -2.2668123529  -0.0014191975
2.0225550832  -2.2662397765  -0.0017144660
2.0222597974  -2.2656115843  -0.0020387475
2.0219345683  -2.2649274969  -0.0023925957
2.0215789773  -2.2641872251  -0.0027765552
2.0211926086  -2.2633904681  -0.0031911620
2.0207750487  -2.2625369125  -0.0036369426
2.0203258856  -2.2616262322  -0.0041144149
2.0198447089  -2.2606580886  -0.0046240877
2.0193311092  -2.2596321306  -0.0051664607
2.0187846786  -2.2585479955  -0.0057420247
2.0182050101  -2.2574053093  -0.0063512616
2.0175916981  -2.2562036877  -0.0069946442
2.0169443384  -2.2549427366  -0.0076726364
2.0162625283  -2.2536220536  -0.0083856930
2.0155458666  -2.2522412284  -0.0091342600
2.0147939541  -2.2507998441  -0.0099187742
2.0140063934  -2.2492974780  -0.0107396636
2.0131827894  -2.2477337028  -0.0115973470
2.0123227493  -2.2461080880  -0.0124922345
2.0114258740  -2.2444191222  -0.0134260085
2.0104917896  -2.2426673635  -0.0143979348
2.0095201232  -2.2408537029  -0.0154080107
2.0085104798  -2.2389769126  -0.0164565328
2.0074624763  -2.2370362796  -0.0175438246
2.0063757382  -2.2350312776  -0.0186702468
2.0052498958  -2.2329614213  -0.0198361547
2.0040845834  -2.2308262577  -0.0210419016
2.0028794404  -2.2286253511  -0.0222878385
2.0016341106  -2.2263582808  -0.0235743127
2.0003482432  -2.2240246417  -0.0249016673
1.9990214920  -2.2216240443  -0.0262702406
1.9976535137  -2.2191561135  -0.0276803655
1.9962439704  -2.2166204914  -0.0291323681
1.9947925323  -2.2140168408  -0.0306265676
1.9932988763  -2.2113448432  -0.0321632775
1.9917626862  -2.2086041989  -0.0337428058
1.9901836521  -2.2057946274  -0.0353654549
1.9885614713  -2.2029158688  -0.0370315206
1.9868958485  -2.1999676849  -0.0387412929
1.9851864953  -2.1969498605  -0.0404950545
1.9834331312  -2.1938622047  -0.0422930816
1.9816354833  -2.1907045510  -0.0441356430
1.9797932864  -2.1874767593  -0.0460229999
1.9779062838  -2.1841787155  -0.0479554060
1.9759742267  -2.1808103331  -0.0499331061
1.9739968747  -2.1773715542  -0.0519563345
1.9719739955  -2.1738623499  -0.0540253135
1.9699053656  -2.1702827205  -0.0561402539
1.9677907702  -2.1666326961  -0.0583013550
1.9656300020  -2.1629123352  -0.0605088048
1.9634228523  -2.1591214422  -0.0627627802
1.9611691177  -2.1552600252  -0.0650634474
1.9588686146  -2.1513287717  -0.0674109611
1.9565211752  -2.1473281046  -0.0698054672
1.9541266404  -2.1432580505  -0.0722471072
1.9516848595  -2.1391187759  -0.0747360191
1.9491956920  -2.1349105393  -0.0772723343
1.9466590075  -2.1306336496  -0.0798561762
1.9440746854  -2.1262884529  -0.0824876608
1.9414426151  -2.1218753217  -0.0851668967
1.9387626956  -2.1173946477  -0.0878939847
1.9360348356  -2.1128468399  -0.0906690175
1.9332589535  -2.1082323316  -0.0934920800
1.9304349638  -2.1035515763  -0.0963632490
1.9275627440  -2.0988050172  -0.0992825940
1.9246421964  -2.0939931425  -0.1022501763
1.9216732877  -2.0891165231  -0.1052660502
1.9186560034  -2.0841757745  -0.1083302620
1.9155903424  -2.0791715508  -0.1114428514
1.9124763164  -2.0741045371  -0.1146038506
1.9093139496  -2.0689754431  -0.1178132847
1.9061032781  -2.0637850022  -0.1210711714
1.9028443491  -2.0585339727  -0.1243775216
1.8995372211  -2.0532231364  -0.1277323384
1.8961819630  -2.0478532979  -0.1311356178
1.8927786613  -2.0424252987  -0.1345873482
1.8893273638  -2.0369399560  -0.1380875106
1.8858280466  -2.0313980162  -0.1416360786
1.8822806613  -2.0258002031  -0.1452330185
1.8786851540  -2.0201472404  -0.1488782893
1.8750414664  -2.0144398505  -0.1525718430
1.8713495364  -2.0086787444  -0.1563136241
1.8676092989  -2.0028646167  -0.1601035706
1.8638206868  -1.9969981821  -0.1639416129
1.8599836316  -1.9910801900  -0.1678276721
1.8560981389  -1.9851114748  -0.1717616467
1.8521644124  -1.9790930803  -0.1757434187
1.8481826743  -1.9730260774  -0.1797728860
1.8441530482  -1.9669114689  -0.1838499760
1.8400756655  -1.9607503305  -0.1879746357
1.8359506668  -1.9545436429  -0.1921468269
1.8317781966  -1.9482920468  -0.1963665044
1.8275583959  -1.9419960264  -0.2006335804
1.8232914019  -1.9356563611  -0.2049479142
1.8189773579  -1.9292741933  -0.2093093242
1.8146164179  -1.9228507728  -0.2137175942
1.8102087441  -1.9163873049  -0.2181724762
1.8057545055  -1.9098849454  -0.2226736927
1.8012538826  -1.9033448157  -0.2272209568
1.7967070725  -1.8967680096  -0.2318139994
1.7921142867  -1.8901555931  -0.2364525618
1.7874757424  -1.8835085978  -0.2411363790
1.7827916616  -1.8768280204  -0.2458651785
1.7780622800  -1.8701148341  -0.2506386826
1.7732878393  -1.8633699790  -0.2554566095
1.7684685805  -1.8565943551  -0.2603186738
1.7636047503  -1.8497888336  -0.2652245866
1.7586966014  -1.8429542617  -0.2701740549
1.7537443925  -1.8360914661  -0.2751667835
1.7487483893  -1.8292012575  -0.2802024766
1.7437088701  -1.8222844435  -0.2852808406
1.7386261246  -1.8153418317  -0.2904015857
1.7335004460  -1.8083742221  -0.2955644261
1.7283321310  -1.8013824117  -0.3007690792
1.7231214817  -1.7943672013  -0.3060152662
1.7178688062  -1.7873294005  -0.3113027146
1.7125742795  -1.7802696961  -0.3166311583
1.7072374018  -1.7731881256  -0.3220003321
1.7018582399  -1.7660852774  -0.3274099670
1.6964381858  -1.7589630721  -0.3328597904
1.6909789105  -1.7518238333  -0.3383495090
1.6854821563  -1.7446700126  -0.3438788080
1.6799497127  -1.7375037037  -0.3494474567
1.6743823765  -1.7303256485  -0.3550553694
1.6687795880  -1.7231358048  -0.3607024537
1.6631405378  -1.7159346750  -0.3663884795
1.6574644879  -1.7087227973  -0.3721131413
1.6517506370  -1.7015001975  -0.3778761377
1.6459981275  -1.6942666527  -0.3836771824
1.6402060720  -1.6870219112  -0.3895159951
1.6343745987  -1.6797668907  -0.3953922972
1.6285046913  -1.6725034955  -0.4013058142
1.6225968679  -1.6652331181  -0.4072562795
1.6166513240  -1.6579567848  -0.4132434329
1.6106682558  -1.6506755256  -0.4192670207
1.6046478642  -1.6433903857  -0.4253267954
1.5985903856  -1.6361024933  -0.4314225129
1.5924961011  -1.6288130732  -0.4375539356
1.5863652709  -1.6215232925  -0.4437208351
1.5801981216  -1.6142342336  -0.4499229847
1.5739948708  -1.6069469595  -0.4561601197
1.5677557328  -1.5996625220  -0.4624319541
1.5614810003  -1.5923821049  -0.4687382625
1.5551710139  -1.5851069461  -0.4750788654
1.5488260580  -1.5778381443  -0.4814535667
1.5424463795  -1.5705767093  -0.4878621495
1.5360322212  -1.5633236139  -0.4943043799
1.5295838830  -1.5560799146  -0.5007799932
1.5231016825  -1.5488466652  -0.5072886831
1.5165858556  -1.5416247092  -0.5138300536
1.5100365509  -1.5344146826  -0.5204034727
1.5034537934  -1.5272168841  -0.5270077345
1.4968364474  -1.5200302793  -0.5336367867
1.4901838847  -1.5128544608  -0.5402875448
1.4835008400  -1.5056948686  -0.5469721543
1.4767930734  -1.4985588198  -0.5537024533
1.4700596579  -1.4914472749  -0.5604784413
1.4632966606  -1.4843571824  -0.5672974775
1.4565024474  -1.4772866509  -0.5741581557
1.4496769956  -1.4702351107  -0.5810592034
1.4428205596  -1.4632022401  -0.5879992886
1.4359333041  -1.4561874360  -0.5949770090
1.4290152911  -1.4491897917  -0.6019908707
1.4220667377  -1.4422085101  -0.6090392964
1.4150879231  -1.4352427096  -0.6161206472
1.4080790767  -1.4282912739  -0.6232332304
1.4010405058  -1.4213531418  -0.6303753036
1.3939724132  -1.4144270136  -0.6375450806
1.3868749832  -1.4075114726  -0.6447407357
1.3797484891  -1.4006051613  -0.6519604094
1.3725933702  -1.3937067818  -0.6592022150
1.3654095281  -1.3868144826  -0.6664642449
1.3581948857  -1.3799243684  -0.6737445766
1.3509490935  -1.3730342454  -0.6810412758
1.3436746333  -1.3661448596  -0.6883523987
1.3363723232  -1.3592552683  -0.6956759974
1.3290415864  -1.3523630784  -0.7030101270
1.3216818242  -1.3454659025  -0.7103528511
1.3142919715  -1.3385609164  -0.7177022455
1.3068700389  -1.3316444278  -0.7250564019
1.2994125080  -1.3247112894  -0.7324134347
1.2919128963  -1.3177534825  -0.7397714901
1.2843581444  -1.3107565012  -0.7471287581
1.2767167854  -1.3036867442  -0.7544835329
1.2687022293  -1.2962573448  -0.7618342369
1.2606161207  -1.2887777847  -0.7691791709
1.2530482048  -1.2818398844  -0.7765163044
1.2457965702  -1.2752326806  -0.7838435688
1.2385940985  -1.2686805928  -0.7911591881
1.2314077477  -1.2621444039  -0.7984616086
1.2242369279  -1.2556201354  -0.8057493524
1.2170814239  -1.2491054939  -0.8130210029
1.2099410257  -1.2425984460  -0.8202752245
1.2028155483  -1.2360971105  -0.8275107732
1.1957048330  -1.2295997585  -0.8347265001
1.1886087442  -1.2231048198  -0.8419213522
1.1815271684  -1.2166108909  -0.8490943780
1.1744600145  -1.2101167361  -0.8562447317
1.1674072121  -1.2036212862  -0.8633716781
1.1603687121  -1.1971236372  -0.8704745994
1.1533444838  -1.1906230480  -0.8775529973
1.1463345116  -1.1841189365  -0.8846064934
1.1393387954  -1.1776108780  -0.8916348415
1.1323573668  -1.1710986048  -0.8986379784
1.1253902888  -1.1645820014  -0.9056160248
1.1184376101  -1.1580610861  -0.9125692055
1.1114993503  -1.1515359973  -0.9194978534
1.1045755414  -1.1450069919  -0.9264024738
1.0976662437  -1.1384744420  -0.9332837592
1.0907715309  -1.1319388264  -0.9401425983
1.0838914889  -1.1254007212  -0.9469801089
1.0770262278  -1.1188607955  -0.9537976886
1.0701759010  -1.1123198128  -0.9605971040
1.0633407528  -1.1057786505  -0.9673806764
1.0565212530  -1.0992384531  -0.9741517562
1.0497197721  -1.0927009925  -0.9809199660
1.0429385311  -1.0861679598  -0.9876939021
1.0361724320  -1.0796391697  -0.9944660349
1.0294134116  -1.0731130318  -1.0012255156
1.0226608047  -1.0665887974  -1.0079711693
1.0159182073  -1.0600668171  -1.0147044027
1.0091871733  -1.0535475282  -1.0214255566
1.0024677180  -1.0470311671  -1.0281348004
0.9957596886  -1.0405178873  -1.0348323072
0.9890629328  -1.0340078078  -1.0415182552
0.9823772999  -1.0275010195  -1.0481928273
0.9757026404  -1.0209975855  -1.0548562104
0.9690388059  -1.0144975403  -1.0615085947
0.9623856488  -1.0080008900  -1.0681501734
0.9557430225  -1.0015076131  -1.0747811416
0.9491107810  -0.9950176612  -1.0814016956
0.9424887793  -0.9885309599  -1.0880120321
0.9358768727  -0.9820474098  -1.0946123473
0.9292749177  -0.9755668878  -1.1012028360
0.9226827711  -0.9690892508  -1.1077836902
0.9161002905  -0.9626143400  -1.1143550974
0.9095273338  -0.9561419780  -1.1209172401
0.9029637605  -0.9496719636  -1.1274702954
0.8964094314  -0.9432040776  -1.1340144346
0.8898642086  -0.9367380914  -1.1405498215
0.8833279548  -0.9302737699  -1.1470766105
0.8768005339  -0.9238108724  -1.1535949458
0.8702818106  -0.9173491566  -1.1601049596
0.8637716506  -0.9108883843  -1.1666067695
0.8572699196  -0.9044283306  -1.1731004753
0.8507764821  -0.8979688032  -1.1795861520
0.8442911905  -0.8915098088  -1.1860638077
0.8378138750  -0.8850515306  -1.1925333554
0.8313443951  -0.8785935497  -1.1989947563
0.8248827094  -0.8721345950  -1.2054481818
0.8184288222  -0.8656737043  -1.2118938963
0.8119826664  -0.8592107908  -1.2183320730
0.8055441048  -0.8527459515  -1.2247628090
0.7991130035  -0.8462790603  -1.2311861969
0.7926892542  -0.8398099032  -1.2376023342
0.7862727597  -0.8333382769  -1.2440113165
0.7798634258  -0.8268639976  -1.2504132373
0.7734611608  -0.8203869012  -1.2568081870
0.7670658749  -0.8139068428  -1.2631962538
0.7606774809  -0.8074236972  -1.2695775231
0.7542958940  -0.8009373578  -1.2759520775
0.7479210315  -0.7944477365  -1.2823199971
0.7415528133  -0.7879547637  -1.2886813593
0.7351911618  -0.7814583876  -1.2950362387
0.7288360015  -0.7749585711  -1.3013847072
0.7224872597  -0.7684552898  -1.3077268342
0.7161448660  -0.7619485298  -1.3140626863
0.7098087526  -0.7554382864  -1.3203923274
0.7034788543  -0.7489245629  -1.3267158189
0.6971551083  -0.7424073695  -1.3330332196
0.6908374545  -0.7358867205  -1.3393445854
0.6845258354  -0.7293626323  -1.3456499699
0.6782201960  -0.7228351199  -1.3519494240
0.6719204842  -0.7163041945  -1.3582429961
0.6656266505  -0.7097698598  -1.3645307320
0.6593386480  -0.7032321075  -1.3708126753
0.6530564326  -0.6966909101  -1.3770888671
0.6467799632  -0.6901461914  -1.3833593466
0.6405092016  -0.6835977850  -1.3896241517
0.6342441126  -0.6770454930  -1.3958833190
0.6279846634  -0.6704892505  -1.4021368815
0.6217308227  -0.6639291608  -1.4083848664
0.6154825616  -0.6573653494  -1.4146272962
0.6092398545  -0.6507978782  -1.4208641911
0.6030026799  -0.6442267825  -1.4270955693
0.5967710193  -0.6376521070  -1.4333214463
0.5905448571  -0.6310739073  -1.4395418346
0.5843241803  -0.6244922475  -1.4457567438
0.5781089793  -0.6179072001  -1.4519661800
0.5718992473  -0.6113188457  -1.4581701466
0.5656949805  -0.6047272738  -1.4643686437
0.5594961785  -0.5981324156  -1.4705616685
0.5533028438  -0.5915338790  -1.4767492157
0.5471149824  -0.5849316403  -1.4829312770
0.5409326032  -0.5783266117  -1.4891078382
0.5347557176  -0.5717196587  -1.4952788808
0.5285843410  -0.5651109482  -1.5014443845
0.5224184925  -0.5585005006  -1.5076043268
0.5162581946  -0.5518884344  -1.5137586822
0.5101034730  -0.5452748654  -1.5199074222
0.5039543564  -0.5386599049  -1.5260505146
0.4978108767  -0.5320436621  -1.5321879244
0.4916730695  -0.5254262478  -1.5383196131
0.4855409734  -0.5188077769  -1.5444455390
0.4794146305  -0.5121883717  -1.5505656568
0.4732940862  -0.5055681644  -1.5566799181
0.4671793893  -0.4989473004  -1.5627882707
0.4610705920  -0.4923259403  -1.5688906591
0.4549677498  -0.4857042628  -1.5749870241
0.4488709216  -0.4790824666  -1.5810773031
0.4427801697  -0.4724607725  -1.5871614298
0.4366955597  -0.4658394246  -1.5932393341
0.4306171607  -0.4592186915  -1.5993109427
0.4245450451  -0.4525988675  -1.6053761785
0.4184792885  -0.4459802728  -1.6114349611
0.4124199701  -0.4393632554  -1.6174872064
0.4063671722  -0.4327481902  -1.6235328273
0.4003209804  -0.4261354792  -1.6295717328
0.3942814836  -0.4195255513  -1.6356038290
0.3882487737  -0.4129188613  -1.6416290187
0.3822229459  -0.4063158889  -1.6476472018
0.3762040984  -0.3997171378  -1.6536582748
0.3701923326  -0.3931231339  -1.6596621318
0.3641877693  -0.3865368239  -1.6656587605
0.3581905545  -0.3799620235  -1.6716482568
0.3522007769  -0.3733936674  -1.6776304357
0.3462184529  -0.3668248917  -1.6836048536
0.3402436663  -0.3602590208  -1.6895712779
0.3342765819  -0.3537005072  -1.6955296020
0.3283173485  -0.3471502630  -1.7014796717
0.3223660950  -0.3406091856  -1.7074213380
0.3164229532  -0.3340781636  -1.7133544574
0.3104880571  -0.3275580693  -1.7192788931
0.3045615427  -0.3210497534  -1.7251945154
0.2986435474  -0.3145540402  -1.7311012025
0.2927342095  -0.3080717229  -1.7369988404
0.2868336680  -0.3016035609  -1.7428873235
0.2809420619  -0.2951502765  -1.7487665550
0.2750595301  -0.2887125537  -1.7546364466
0.2691862110  -0.2822910366  -1.7604969184
0.2633222422  -0.2758863291  -1.7663478990
0.2574677604  -0.2694989955  -1.7721893252
0.2516229011  -0.2631295603  -1.7780211414
0.2457877985  -0.2567785106  -1.7838432990
0.2399625855  -0.2504462972  -1.7896557561
0.2341473938  -0.2441333371  -1.7954584763
0.2283423533  -0.2378400158  -1.8012514280
0.2225475926  -0.2315666908  -1.8070345836
0.2167632390  -0.2253136939  -1.8128079178
0.2109894179  -0.2190813352  -1.8185714071
0.2052262533  -0.2128699061  -1.8243250278
0.1994738677  -0.2066796829  -1.8300687550
0.1937323815  -0.2005109303  -1.8358025611
0.1880019134  -0.1943639047  -1.8415264138
0.1822825797  -0.1882388658  -1.8472402744
0.1765803617  -0.1821386383  -1.8530310673
0.1708991583  -0.1760649137  -1.8589418666
0.1652238522  -0.1700111221  -1.8648238365
0.1595501189  -0.1639757565  -1.8707152300
0.1538859575  -0.1579626996  -1.8766132608
0.1482313535  -0.1519722551  -1.8825147760
0.1425863214  -0.1460047562  -1.8884162557
0.1369509050  -0.1400605608  -1.8943138133
0.1313251791  -0.1341400485  -1.9002031955
0.1257092505  -0.1282436169  -1.9060797821
0.1201032594  -0.1223716778  -1.9119385861
0.1145073802  -0.1165246513  -1.9177742539
0.1089218223  -0.1107029605  -1.9235810649
0.1033468307  -0.1049070250  -1.9293529319
0.0977826865  -0.0991372539  -1.9350834009
0.0922297069  -0.0933940387  -1.9407656510
0.0866882454  -0.0876777464  -1.9463924946
0.0811586914  -0.0819887117  -1.9519563773
0.0756414695  -0.0763272304  -1.9574493781
0.0701370391  -0.0706935532  -1.9628632088
0.0646458928  -0.0650878796  -1.9681892149
0.0591685549  -0.0595103539  -1.9734183747
0.0537055800  -0.0539610616  -1.9785413001
0.0482575506  -0.0484400278  -1.9835482360
0.0428250741  -0.0429472171  -1.9884290605
0.0374087803  -0.0374825359  -1.9931732851
0.0320093179  -0.0320458360  -1.9977700543
0.0266273500  -0.0266369210  -2.0022081459
0.0212635503  -0.0212555544  -2.0064759711
0.0159185978  -0.0159014695  -2.0105615741
0.0105931712  -0.0105743811  -2.0144526323
0.0052879429  -0.0052739980  -2.0181364565
0.0052804250  -0.0052739329  -2.0181364565
