0.129513
1.4052140002  -1.8000187934   0.0000745406
1.4052140002  -1.8000187934   0.0000745406
1.4052227905  -1.8000278998   0.0000634564
1.4052209391  -1.8000031715   0.0000334216
1.4052024915  -1.7999366806  -0.0000161147
1.4051640960  -1.7998227953  -0.0000856962
1.4051044296  -1.7996594619  -0.0001758592
1.4050227175  -1.7994455791  -0.0002871327
1.4049183938  -1.7991804032  -0.0004200383
1.4047909874  -1.7988633485  -0.0005750906
1.4046400757  -1.7984939060  -0.0007527965
1.4044652630  -1.7980716050  -0.0009536558
1.4042661694  -1.7975959941  -0.0011781611
1.4040424246  -1.7970666301  -0.0014267975
1.4037936644  -1.7964830720  -0.0017000429
1.4035195287  -1.7958448780  -0.0019983678
1.4032196598  -1.7951516028  -0.0023222355
1.4028937022  -1.7944027969  -0.0026721020
1.4025413016  -1.7935980060  -0.0030484160
1.4021621046  -1.7927367706  -0.0034516187
1.4017557588  -1.7918186265  -0.0038821442
1.4013219126  -1.7908431046  -0.0043404193
1.4008602151  -1.7898097316  -0.0048268634
1.4003703162  -1.7887180309  -0.0053418886
1.3998518667  -1.7875675223  -0.0058858997
1.3993045184  -1.7863577236  -0.0064592943
1.3987279239  -1.7850881507  -0.0070624626
1.3981217374  -1.7837583188  -0.0076957875
1.3974856140  -1.7823677430  -0.0083596446
1.3968192107  -1.7809159391  -0.0090544021
1.3961221859  -1.7794024245  -0.0097804212
1.3953941999  -1.7778267194  -0.0105380554
1.3946349105  -1.7761876099  -0.0113288125
1.3938439896  -1.7744852916  -0.0121519886
1.3930211101  -1.7727202310  -0.0130075415
1.3921659327  -1.7708914232  -0.0138957733
1.3912781264  -1.7689981880  -0.0148169848
1.3903573660  -1.7670400187  -0.0157714905
1.3894033297  -1.7650164440  -0.0167596011
1.3884156992  -1.7629270165  -0.0177816258
1.3873941596  -1.7607713062  -0.0188378715
1.3863384001  -1.7585488992  -0.0199286422
1.3852481136  -1.7562593982  -0.0210542381
1.3841229975  -1.7539024228  -0.0222149557
1.3829627533  -1.7514776109  -0.0234110871
1.3817670873  -1.7489846191  -0.0246429200
1.3805357106  -1.7464231239  -0.0259107370
1.3792683390  -1.7437928222  -0.0272148160
1.3779646937  -1.7410934324  -0.0285554298
1.3766245011  -1.7383246952  -0.0299328453
1.3752474930  -1.7354863741  -0.0313473243
1.3738334072  -1.7325782566  -0.0327991232
1.3723819870  -1.7296001543  -0.0342884935
1.3708929820  -1.7265519042  -0.0358156808
1.3693661478  -1.7234333697  -0.0373809238
1.3678012464  -1.7202444411  -0.0389844546
1.3661980461  -1.7169850363  -0.0406264979
1.3645563219  -1.7136550997  -0.0423072718
1.3628758558  -1.7102546030  -0.0440269866
1.3611564363  -1.7067835459  -0.0457858455
1.3593978593  -1.7032419567  -0.0475840440
1.3575999277  -1.6996298926  -0.0494217699
1.3557624517  -1.6959474397  -0.0512992033
1.3538852490  -1.6921945298  -0.0532165164
1.3519681436  -1.6883712410  -0.0551738736
1.3500109681  -1.6844781154  -0.0571714308
1.3480135649  -1.6805155250  -0.0592093362
1.3459757834  -1.6764835714  -0.0612877301
1.3438974794  -1.6723824596  -0.0634067443
1.3417785170  -1.6682124681  -0.0655665030
1.3396187684  -1.6639739109  -0.0677671220
1.3374181141  -1.6596671326  -0.0700087088
1.3351764425  -1.6552925061  -0.0722913632
1.3328936503  -1.6508504313  -0.0746151766
1.3305696427  -1.6463413356  -0.0769802323
1.3282043327  -1.6417656740  -0.0793866058
1.3257976420  -1.6371239285  -0.0818343644
1.3233495004  -1.6324166074  -0.0843235676
1.3208598461  -1.6276442445  -0.0868542672
1.3183286256  -1.6228073992  -0.0894265072
1.3157557939  -1.6179066561  -0.0920403238
1.3131413141  -1.6129426248  -0.0946957458
1.3104851603  -1.6079159443  -0.0973927943
1.3077873482  -1.6028273464  -0.1001314832
1.3050479102  -1.5976776064  -0.1029118187
1.3022668546  -1.5924674583  -0.1057338006
1.2994441864  -1.5871976342  -0.1085974248
1.2965799170  -1.5818688839  -0.1115026844
1.2936740647  -1.5764819764  -0.1144495659
1.2907266532  -1.5710376994  -0.1174380471
1.2877377122  -1.5655368585  -0.1204680983
1.2847072776  -1.5599802761  -0.1235396821
1.2816353916  -1.5543687895  -0.1266527530
1.2785221023  -1.5487032510  -0.1298072581
1.2753674638  -1.5429845190  -0.1330031367
1.2721715361  -1.5372134553  -0.1362403203
1.2689343854  -1.5313909469  -0.1395187329
1.2656560834  -1.5255179144  -0.1428382909
1.2623367084  -1.5195952892  -0.1461989027
1.2589763439  -1.5136240057  -0.1496004693
1.2555750797  -1.5076050096  -0.1530428843
1.2521330111  -1.5015392755  -0.1565260333
1.2486502397  -1.4954278066  -0.1600497950
1.2451268727  -1.4892715354  -0.1636140405
1.2415630227  -1.4830712329  -0.1672186343
1.2379588073  -1.4768276532  -0.1708634345
1.2343143501  -1.4705417479  -0.1745482913
1.2306297814  -1.4642146435  -0.1782730476
1.2269052386  -1.4578474984  -0.1820375383
1.2231408655  -1.4514414462  -0.1858415929
1.2193368122  -1.4449975977  -0.1896850358
1.2154932351  -1.4385170433  -0.1935676859
1.2116102967  -1.4320008536  -0.1974893558
1.2076881652  -1.4254500789  -0.2014498516
1.2037270152  -1.4188657498  -0.2054489720
1.1997270271  -1.4122488765  -0.2094865080
1.1956883879  -1.4056004499  -0.2135622433
1.1916113281  -1.3989215052  -0.2176759545
1.1874962328  -1.3922133084  -0.2218274115
1.1833434889  -1.3854770948  -0.2260163773
1.1791533615  -1.3787138592  -0.2302426076
1.1749261048  -1.3719245480  -0.2345058509
1.1706619772  -1.3651100898  -0.2388058488
1.1663612412  -1.3582713984  -0.2431423355
1.1620241636  -1.3514093753  -0.2475150382
1.1576510156  -1.3445249108  -0.2519236776
1.1532420728  -1.3376188851  -0.2563679683
1.1487976155  -1.3306921695  -0.2608476216
1.1443179286  -1.3237456300  -0.2653623415
1.1398032995  -1.3167801314  -0.2699118206
1.1352540186  -1.3097965373  -0.2744957393
1.1306703801  -1.3027957112  -0.2791137662
1.1260526824  -1.2957785169  -0.2837655576
1.1214012259  -1.2887458167  -0.2884507458
1.1167163144  -1.2816984756  -0.2931689482
1.1119982696  -1.2746373606  -0.2979198362
1.1072474383  -1.2675633511  -0.3027031507
1.1024641617  -1.2604773906  -0.3075185922
1.0976487515  -1.2533804718  -0.3123657621
1.0928015126  -1.2462735506  -0.3172442242
1.0879227727  -1.2391575466  -0.3221535590
1.0830129219  -1.2320335420  -0.3270933624
1.0780723922  -1.2249027196  -0.3320632281
1.0731015962  -1.2177661261  -0.3370627434
1.0681009337  -1.2106247335  -0.3420914928
1.0630708102  -1.2034795141  -0.3471490588
1.0580116373  -1.1963314414  -0.3522350221
1.0529238322  -1.1891814886  -0.3573489627
1.0478078182  -1.1820306273  -0.3624904617
1.0426640262  -1.1748798267  -0.3676591103
1.0374928948  -1.1677300524  -0.3728545098
1.0322948657  -1.1605822653  -0.3780762590
1.0270703803  -1.1534374182  -0.3833239476
1.0218198821  -1.1462964526  -0.3885971577
1.0165438186  -1.1391602962  -0.3938954650
1.0112426451  -1.1320298623  -0.3992184563
1.0059168281  -1.1249060479  -0.4045657362
1.0005668343  -1.1177897323  -0.4099368925
0.9951932238  -1.1106820099  -0.4153314675
0.9897966153  -1.1035841311  -0.4207489858
0.9843774648  -1.0964969928  -0.4261889716
0.9789360852  -1.0894211712  -0.4316508863
0.9734727524  -1.0823571731  -0.4371340907
0.9679877006  -1.0753054247  -0.4426377778
0.9624810648  -1.0682661931  -0.4481606883
0.9569522802  -1.0612393780  -0.4536984675
0.9514015350  -1.0542252600  -0.4592506773
0.9458323522  -1.0472256849  -0.4648273749
0.9402477525  -1.0402426379  -0.4704353582
0.9346462828  -1.0332763157  -0.4760731075
0.9290255290  -1.0263259839  -0.4817385412
0.9233850730  -1.0193915533  -0.4874302999
0.9177257632  -1.0124738539  -0.4931470292
0.9120483376  -1.0055733687  -0.4988873071
0.9063530902  -0.9986898305  -0.5046496492
0.9006402972  -0.9918228629  -0.5104325156
0.8949102314  -0.9849720121  -0.5162343164
0.8891631598  -0.9781367542  -0.5220534176
0.8833993409  -0.9713165001  -0.5278881458
0.8776190199  -0.9645106002  -0.5337367940
0.8718225789  -0.9577185799  -0.5395976263
0.8660109909  -0.9509407894  -0.5454688824
0.8601851560  -0.9441773697  -0.5513487826
0.8543453755  -0.9374275138  -0.5572355328
0.8484918280  -0.9306902419  -0.5631273289
0.8426246166  -0.9239644993  -0.5690223617
0.8367438413  -0.9172492791  -0.5749188207
0.8308505472  -0.9105448946  -0.5808148981
0.8249456606  -0.9038515080  -0.5867087927
0.8190285300  -0.8971672524  -0.5925987129
0.8130976516  -0.8904893817  -0.5984828781
0.8071527377  -0.8838168748  -0.6043595250
0.8011932017  -0.8771484729  -0.6102269166
0.7952151722  -0.8704792653  -0.6160833485
0.7892137478  -0.8638037344  -0.6219271551
0.7831783495  -0.8571108554  -0.6277567187
0.7770824284  -0.8503736632  -0.6335705039
0.7707426133  -0.8434109564  -0.6393670546
0.7644674641  -0.8365336902  -0.6451448403
0.7586182956  -0.8300981026  -0.6509021864
0.7529557865  -0.8238576160  -0.6566374840
0.7473316551  -0.8176609361  -0.6623493445
0.7417331938  -0.8114937058  -0.6680365207
0.7361600243  -0.8053543519  -0.6736978235
0.7306119733  -0.7992417482  -0.6793321220
0.7250888793  -0.7931548775  -0.6849383667
0.7195906025  -0.7870928237  -0.6905155988
0.7141170226  -0.7810547717  -0.6960629518
0.7086680356  -0.7750400064  -0.7015796561
0.7032435527  -0.7690479106  -0.7070650430
0.6978434989  -0.7630779625  -0.7125185492
0.6924678115  -0.7571297319  -0.7179397180
0.6871164344  -0.7512028774  -0.7233281901
0.6817893147  -0.7452971415  -0.7286836993
0.6764864072  -0.7394123449  -0.7340060897
0.6712076796  -0.7335483804  -0.7392953283
0.6659531095  -0.7277052090  -0.7445515080
0.6607226803  -0.7218828558  -0.7497748527
0.6555163741  -0.7160814040  -0.7549657022
0.6503341657  -0.7103009889  -0.7601245038
0.6451760331  -0.7045417916  -0.7652518501
0.6400419718  -0.6988040319  -0.7703485203
0.6349319862  -0.6930879653  -0.7754154682
0.6298460729  -0.6873938788  -0.7804538145
0.6247842377  -0.6817220852  -0.7854649271
0.6197465192  -0.6760729218  -0.7904504980
0.6147330057  -0.6704467554  -0.7954126715
0.6097439187  -0.6648440244  -0.8003544609
0.6047803850  -0.6592653076  -0.8052830484
0.5998428888  -0.6537110616  -0.8102027848
0.5949279553  -0.6481811451  -0.8151062806
0.5900317285  -0.6426750768  -0.8199866708
0.5851546760  -0.6371926691  -0.8248441811
0.5802986643  -0.6317340088  -0.8296796828
0.5754642096  -0.6262991746  -0.8344933878
0.5706512247  -0.6208881915  -0.8392854448
0.5658595762  -0.6155010613  -0.8440560040
0.5610891317  -0.6101377707  -0.8488052181
0.5563397605  -0.6047982912  -0.8535332418
0.5516113328  -0.5994825800  -0.8582402309
0.5469037202  -0.5941905800  -0.8629263425
0.5422167954  -0.5889222209  -0.8675917338
0.5375504322  -0.5836774197  -0.8722365618
0.5329045056  -0.5784560815  -0.8768609832
0.5282788918  -0.5732581009  -0.8814651533
0.5236734680  -0.5680833626  -0.8860492261
0.5190881125  -0.5629317424  -0.8906133534
0.5145227050  -0.5578031083  -0.8951576841
0.5099771258  -0.5526973214  -0.8996823633
0.5054512565  -0.5476142375  -0.9041875325
0.5009449801  -0.5425537082  -0.9086733284
0.4964581806  -0.5375155821  -0.9131398830
0.4919907432  -0.5324997057  -0.9175873225
0.4875425541  -0.5275059238  -0.9220157665
0.4831135006  -0.5225340816  -0.9264253271
0.4787034713  -0.5175840254  -0.9308161086
0.4743123558  -0.5126556026  -0.9351882060
0.4699400442  -0.5077486616  -0.9395417028
0.4655864272  -0.5028630499  -0.9438766668
0.4612513919  -0.4979985907  -0.9481931302
0.4569348217  -0.4931551021  -0.9524910866
0.4526366157  -0.4883325353  -0.9567705771
0.4483567058  -0.4835309887  -0.9610317542
0.4440950307  -0.4787504760  -0.9652747955
0.4398515005  -0.4739908449  -0.9694998210
0.4356260072  -0.4692519287  -0.9737069192
0.4314184478  -0.4645336203  -0.9778961797
0.4272287281  -0.4598358414  -0.9820676940
0.4230567571  -0.4551585228  -0.9862215526
0.4189024448  -0.4505016013  -0.9903578450
0.4147657023  -0.4458650194  -0.9944766594
0.4106464417  -0.4412487251  -0.9985780831
0.4065445762  -0.4366526711  -1.0026622022
0.4024600197  -0.4320768149  -1.0067291017
0.3983926872  -0.4275211181  -1.0107788657
0.3943424945  -0.4229855458  -1.0148115772
0.3903093586  -0.4184700664  -1.0188273184
0.3862931969  -0.4139746509  -1.0228261704
0.3822939279  -0.4094992725  -1.0268082136
0.3783114710  -0.4050439059  -1.0307735275
0.3743457461  -0.4006085268  -1.0347221906
0.3703966741  -0.3961931109  -1.0386542810
0.3664641767  -0.3917976343  -1.0425698757
0.3625481760  -0.3874220721  -1.0464690514
0.3586485952  -0.3830663979  -1.0503518838
0.3547653578  -0.3787305837  -1.0542184481
0.3508983884  -0.3744145986  -1.0580688192
0.3470476118  -0.3701184090  -1.0619030710
0.3432129537  -0.3658419769  -1.0657212774
0.3393943403  -0.3615852594  -1.0695235117
0.3355916984  -0.3573482036  -1.0733098468
0.3318049554  -0.3531307424  -1.0770803559
0.3280340393  -0.3489328096  -1.0808351118
0.3242788784  -0.3447543645  -1.0845741862
0.3205394014  -0.3405953900  -1.0882976496
0.3168155376  -0.3364558662  -1.0920055715
0.3131072166  -0.3323357607  -1.0956980211
0.3094143688  -0.3282350375  -1.0993750676
0.3057369251  -0.3241536608  -1.1030367799
0.3020748167  -0.3200915951  -1.1066832264
0.2984279752  -0.3160488044  -1.1103144750
0.2947963326  -0.3120252526  -1.1139305933
0.2911798213  -0.3080209034  -1.1175316487
0.2875783741  -0.3040357200  -1.1211177079
0.2839919240  -0.3000696498  -1.1246888375
0.2804204044  -0.2961226105  -1.1282451038
0.2768637491  -0.2921945530  -1.1317865727
0.2733218925  -0.2882855116  -1.1353133098
0.2697947689  -0.2843955119  -1.1388253800
0.2662823131  -0.2805245150  -1.1423228483
0.2627844602  -0.2766724677  -1.1458057795
0.2593011453  -0.2728393243  -1.1492742379
0.2558323041  -0.2690250372  -1.1527282879
0.2523778724  -0.2652295571  -1.1561679934
0.2489377861  -0.2614528333  -1.1595934182
0.2455119816  -0.2576948140  -1.1630046260
0.2421003953  -0.2539554464  -1.1664016800
0.2387029639  -0.2502346770  -1.1697846435
0.2353196243  -0.2465324517  -1.1731535793
0.2319503136  -0.2428487163  -1.1765085503
0.2285949691  -0.2391834161  -1.1798496190
0.2252535283  -0.2355364966  -1.1831768478
0.2219259287  -0.2319079032  -1.1864902989
0.2186121083  -0.2282975815  -1.1897900344
0.2153120049  -0.2247054772  -1.1930761161
0.2120255567  -0.2211315364  -1.1963486056
0.2087527020  -0.2175757053  -1.1996075647
0.2054933792  -0.2140379302  -1.2028530546
0.2022475268  -0.2105181579  -1.2060851366
0.1990150835  -0.2070163351  -1.2093038718
0.1957959881  -0.2035324088  -1.2125093213
0.1925901795  -0.2000663257  -1.2157015458
0.1893975968  -0.1966180327  -1.2188806062
0.1862181792  -0.1931874764  -1.2220465630
0.1830518658  -0.1897746032  -1.2251994767
0.1798985961  -0.1863793591  -1.2283394078
0.1767583109  -0.1830018712  -1.2314664354
0.1736309532  -0.1796423235  -1.2345806599
0.1705164605  -0.1763002244  -1.2376821281
0.1674147644  -0.1729749636  -1.2407708367
0.1643258025  -0.1696667025  -1.2438468234
0.1612495187  -0.1663756746  -1.2469101508
0.1581858552  -0.1631018419  -1.2499608727
0.1551347526  -0.1598451618  -1.2529990439
0.1520961517  -0.1566055889  -1.2560247206
0.1490699931  -0.1533830744  -1.2590379606
0.1460562176  -0.1501775659  -1.2620388233
0.1430547662  -0.1469890078  -1.2650273697
0.1400655797  -0.1438173404  -1.2680036626
0.1370885990  -0.1406625005  -1.2709677667
0.1341237650  -0.1375244213  -1.2739197484
0.1311710186  -0.1344030324  -1.2768596759
0.1282303006  -0.1312982598  -1.2797876194
0.1253015519  -0.1282100264  -1.2827036504
0.1223847132  -0.1251382517  -1.2856078425
0.1194797252  -0.1220828527  -1.2885002707
0.1165865286  -0.1190437432  -1.2913810112
0.1137050642  -0.1160208351  -1.2942501416
0.1108352725  -0.1130140375  -1.2971077406
0.1079770942  -0.1100232581  -1.2999538877
0.1051304699  -0.1070484027  -1.3027886628
0.1022953401  -0.1040893755  -1.3056121463
0.0994716456  -0.1011460798  -1.3084244186
0.0966593269  -0.0982184178  -1.3112255596
0.0938583247  -0.0953062913  -1.3140156486
0.0910685797  -0.0924096013  -1.3167947639
0.0882900326  -0.0895282488  -1.3195629823
0.0855226241  -0.0866621351  -1.3223203786
0.0827674325  -0.0838112935  -1.3251069881
0.0800251406  -0.0809756943  -1.3279426787
0.0772927396  -0.0781548888  -1.3307592234
0.0745693050  -0.0753486939  -1.3335742956
0.0718563061  -0.0725572002  -1.3363867260
0.0691536599  -0.0697803142  -1.3391951786
0.0664612894  -0.0670179441  -1.3419981495
0.0637791240  -0.0642699994  -1.3447939682
0.0611071003  -0.0615363906  -1.3475807965
0.0584451618  -0.0588170294  -1.3503566290
0.0557932600  -0.0561118283  -1.3531192933
0.0531513543  -0.0534207003  -1.3558664496
0.0505194125  -0.0507435590  -1.3585955908
0.0478974108  -0.0480803178  -1.3613040426
0.0452853345  -0.0454308904  -1.3639889636
0.0426831778  -0.0427951899  -1.3666473448
0.0400909440  -0.0401731290  -1.3692760103
0.0375086458  -0.0375646196  -1.3718716168
0.0349363050  -0.0349695728  -1.3744306538
0.0323739525  -0.0323878984  -1.3769494436
0.0298216283  -0.0298195051  -1.3794241410
0.0272793809  -0.0272643004  -1.3818507338
0.0247472675  -0.0247221903  -1.3842250426
0.0222253530  -0.0221930799  -1.3865427205
0.0197137097  -0.0196768729  -1.3887992535
0.0172124165  -0.0171734721  -1.3909899605
0.0147215584  -0.0146827795  -1.3931099929
0.0122412250  -0.0122046969  -1.3951543349
0.0097715097  -0.0097391258  -1.3971178036
0.0073125083  -0.0072859680  -1.3989950487
0.0048643177  -0.0048451263  -1.4007805528
0.0024270340  -0.0024165044  -1.4024686311
0.0024254518  -0.0024164895  -1.4024686311
