0.22205
0.7357068316  -0.8172222647   0.0000270650
0.7357068316  -0.8172222647   0.0000270650
0.7357107798  -0.8172267623   0.0000241960
0.7357112672  -0.8172245847   0.0000151039
0.7357060584  -0.8172132239  -0.0000003698
0.7356942873  -0.8171917983  -0.0000223833
0.7356755885  -0.8171599350  -0.0000510945
0.7356497385  -0.8171174043  -0.0000866612
0.7356165676  -0.8170640299  -0.0001292411
0.7355759302  -0.8169996580  -0.0001789915
0.7355276922  -0.8169241456  -0.0002360696
0.7354717254  -0.8168373539  -0.0003006324
0.7354079050  -0.8167391461  -0.0003728366
0.7353361073  -0.8166293853  -0.0004528389
0.7352562093  -0.8165079337  -0.0005407956
0.7351680879  -0.8163746521  -0.0006368629
0.7350716192  -0.8162293992  -0.0007411966
0.7349666790  -0.8160720320  -0.0008539527
0.7348531419  -0.8159024050  -0.0009752866
0.7347308814  -0.8157203704  -0.0011053537
0.7345997701  -0.8155257781  -0.0012443092
0.7344596792  -0.8153184753  -0.0013923079
0.7343104788  -0.8150983070  -0.0015495046
0.7341520377  -0.8148651156  -0.0017160539
0.7339842231  -0.8146187409  -0.0018921101
0.7338069013  -0.8143590205  -0.0020778273
0.7336199368  -0.8140857891  -0.0022733594
0.7334231932  -0.8137988795  -0.0024788601
0.7332165322  -0.8134981215  -0.0026944831
0.7329998144  -0.8131833428  -0.0029203815
0.7327728990  -0.8128543689  -0.0031567085
0.7325356436  -0.8125110225  -0.0034036170
0.7322879022  -0.8121530113  -0.0036616560
0.7320295322  -0.8117802568  -0.0039306099
0.7317603905  -0.8113927275  -0.0042104916
0.7314803265  -0.8109901552  -0.0045014534
0.7311891896  -0.8105723093  -0.0048036438
0.7308868286  -0.8101389885  -0.0051172135
0.7305730912  -0.8096899943  -0.0054423145
0.7302478235  -0.8092251277  -0.0057791007
0.7299108703  -0.8087441887  -0.0061277281
0.7295620749  -0.8082469756  -0.0064883541
0.7292012792  -0.8077332856  -0.0068611378
0.7288283239  -0.8072029141  -0.0072462396
0.7284430481  -0.8066556558  -0.0076438216
0.7280452895  -0.8060913036  -0.0080540473
0.7276348846  -0.8055096498  -0.0084770816
0.7272116684  -0.8049104853  -0.0089130908
0.7267754744  -0.8042936003  -0.0093622426
0.7263261350  -0.8036587840  -0.0098247059
0.7258634811  -0.8030058252  -0.0103006513
0.7253873424  -0.8023345116  -0.0107902504
0.7248975469  -0.8016446308  -0.0112936764
0.7243939218  -0.8009359696  -0.0118111035
0.7238762925  -0.8002083147  -0.0123427075
0.7233444836  -0.7994614525  -0.0128886653
0.7227983180  -0.7986951697  -0.0134491551
0.7222376176  -0.7979092525  -0.0140243564
0.7216622029  -0.7971034877  -0.0146144498
0.7210718934  -0.7962776622  -0.0152196171
0.7204665072  -0.7954315632  -0.0158400414
0.7198458612  -0.7945649784  -0.0164759070
0.7192097712  -0.7936776961  -0.0171273991
0.7185580521  -0.7927694723  -0.0177947042
0.7178905172  -0.7918400846  -0.0184780099
0.7172069788  -0.7908893919  -0.0191775047
0.7165072486  -0.7899172191  -0.0198933782
0.7157911372  -0.7889233345  -0.0206258210
0.7150584539  -0.7879075191  -0.0213750246
0.7143090073  -0.7868695647  -0.0221411817
0.7135426046  -0.7858092656  -0.0229244856
0.7127590527  -0.7847264170  -0.0237251308
0.7119581570  -0.7836208155  -0.0245433125
0.7111397225  -0.7824922592  -0.0253792265
0.7103035533  -0.7813405478  -0.0262330697
0.7094494524  -0.7801654824  -0.0271050396
0.7085772226  -0.7789668654  -0.0279953343
0.7076866655  -0.7777445006  -0.0289041527
0.7067775825  -0.7764981935  -0.0298316944
0.7058497741  -0.7752277507  -0.0307781595
0.7049030403  -0.7739329809  -0.0317437492
0.7039371806  -0.7726136942  -0.0327286649
0.7029519941  -0.7712697025  -0.0337331085
0.7019472795  -0.7699008200  -0.0347572818
0.7009228348  -0.7685068632  -0.0358013870
0.6998784582  -0.7670876507  -0.0368656265
0.6988139472  -0.7656430028  -0.0379502025
0.6977290994  -0.7641727426  -0.0390553173
0.6966237119  -0.7626766951  -0.0401811731
0.6954975822  -0.7611546883  -0.0413279721
0.6943505073  -0.7596065526  -0.0424959163
0.6931822845  -0.7580321216  -0.0436852072
0.6919927111  -0.7564312317  -0.0448960462
0.6907815848  -0.7548037235  -0.0461286345
0.6895487032  -0.7531494396  -0.0473831726
0.6882938644  -0.7514682249  -0.0486598607
0.6870168669  -0.7497599305  -0.0499588984
0.6857175096  -0.7480244152  -0.0512804848
0.6843955919  -0.7462615468  -0.0526248184
0.6830509139  -0.7444712105  -0.0539920967
0.6816832764  -0.7426532961  -0.0553825168
0.6802924812  -0.7408076427  -0.0567962748
0.6788783309  -0.7389340226  -0.0582335669
0.6774406288  -0.7370322211  -0.0596945882
0.6759791787  -0.7351021140  -0.0611795330
0.6744937859  -0.7331436547  -0.0626885936
0.6729842572  -0.7311568235  -0.0642219610
0.6714504008  -0.7291416000  -0.0657798249
0.6698920265  -0.7270979579  -0.0673623741
0.6683089456  -0.7250258660  -0.0689697958
0.6667009728  -0.7229252923  -0.0706022763
0.6650679346  -0.7207962228  -0.0722600006
0.6634096587  -0.7186386391  -0.0739431521
0.6617259643  -0.7164524970  -0.0756519131
0.6600166702  -0.7142377447  -0.0773864661
0.6582815967  -0.7119943265  -0.0791469956
0.6565205658  -0.7097221819  -0.0809336870
0.6547334007  -0.7074212469  -0.0827467233
0.6529199263  -0.7050914555  -0.0845862846
0.6510799685  -0.7027327417  -0.0864525481
0.6492133556  -0.7003450412  -0.0883456884
0.6473199174  -0.6979282941  -0.0902658773
0.6453994859  -0.6954824457  -0.0922132833
0.6434518952  -0.6930074441  -0.0941880715
0.6414769815  -0.6905032392  -0.0961904034
0.6394745834  -0.6879697877  -0.0982204364
0.6374445419  -0.6854070570  -0.1002783240
0.6353867007  -0.6828150231  -0.1023642154
0.6333009061  -0.6801936665  -0.1044782551
0.6311870072  -0.6775429750  -0.1066205821
0.6290448550  -0.6748628690  -0.1087913263
0.6268743013  -0.6721531302  -0.1109906009
0.6246752028  -0.6694138547  -0.1132185211
0.6224474329  -0.6666459659  -0.1154752454
0.6201908798  -0.6638504597  -0.1177609683
0.6179054245  -0.6610273027  -0.1200758583
0.6155909297  -0.6581757322  -0.1224200304
0.6132472533  -0.6552951676  -0.1247935671
0.6108742637  -0.6523854650  -0.1271965398
0.6084718415  -0.6494467289  -0.1296290129
0.6060398759  -0.6464791505  -0.1320910437
0.6035782625  -0.6434829558  -0.1345826810
0.6010869028  -0.6404584008  -0.1371039650
0.5985657042  -0.6374057697  -0.1396549277
0.5960145803  -0.6343253727  -0.1422355936
0.5934334530  -0.6312175457  -0.1448459892
0.5908223492  -0.6280827866  -0.1474861457
0.5881813853  -0.6249217296  -0.1501560860
0.5855106060  -0.6217349113  -0.1528558152
0.5828099967  -0.6185227875  -0.1555853227
0.5800795479  -0.6152858234  -0.1583445813
0.5773192570  -0.6120244935  -0.1611335467
0.5745291291  -0.6087392791  -0.1639521705
0.5717091803  -0.6054306667  -0.1668004165
0.5688594343  -0.6020991460  -0.1696782396
0.5659799169  -0.5987452064  -0.1725855548
0.5630706556  -0.5953693333  -0.1755222341
0.5601316861  -0.5919720054  -0.1784881365
0.5571630544  -0.5885536928  -0.1814830993
0.5541648052  -0.5851148518  -0.1845068628
0.5511369755  -0.5816559192  -0.1875590380
0.5480796036  -0.5781772923  -0.1906391342
0.5449924756  -0.5746792250  -0.1937444170
0.5418750935  -0.5711618424  -0.1968704372
0.5387280714  -0.5676256794  -0.2000202655
0.5355537685  -0.5640722400  -0.2032045556
0.5323538022  -0.5605031369  -0.2064298342
0.5291276031  -0.5569190103  -0.2096964419
0.5258740305  -0.5533198831  -0.2130029136
0.5225925352  -0.5497057282  -0.2163477500
0.5192830347  -0.5460765590  -0.2197296693
0.5159456036  -0.5424323756  -0.2231472969
0.5125803316  -0.5387731256  -0.2265991654
0.5091873152  -0.5350987009  -0.2300837198
0.5057666563  -0.5314089409  -0.2335993244
0.5023184605  -0.5277036369  -0.2371442694
0.4988429099  -0.5239826345  -0.2407167785
0.4953406750  -0.5202463871  -0.2443150131
0.4918124292  -0.5164952899  -0.2479370762
0.4882583223  -0.5127289862  -0.2515810195
0.4846783535  -0.5089469003  -0.2552448525
0.4810724582  -0.5051483697  -0.2589265490
0.4774404916  -0.5013326400  -0.2626240531
0.4737822105  -0.4974988572  -0.2663352855
0.4700981250  -0.4936471154  -0.2700581490
0.4663892061  -0.4897780426  -0.2737905349
0.4626553020  -0.4858908867  -0.2775303289
0.4588952600  -0.4819837792  -0.2812754177
0.4551077422  -0.4780547865  -0.2850236946
0.4512926101  -0.4741035008  -0.2887730657
0.4474482032  -0.4701278990  -0.2925214553
0.4435694649  -0.4661223901  -0.2962668136
0.4396500848  -0.4620804885  -0.3000071221
0.4356836315  -0.4579957219  -0.3037404117
0.4315321049  -0.4537306629  -0.3074647886
0.4271535254  -0.4492460301  -0.3111784016
0.4229370964  -0.4449312029  -0.3148793433
0.4190910043  -0.4409892509  -0.3185656479
0.4154566773  -0.4372569974  -0.3222354174
0.4119059331  -0.4336046404  -0.3258868958
0.4083810238  -0.4299740773  -0.3295184457
0.4048791245  -0.4263621991  -0.3331285178
0.4013995226  -0.4227679269  -0.3367156478
0.3979420137  -0.4191907241  -0.3402784633
0.3945064584  -0.4156301785  -0.3438156909
0.3910927314  -0.4120859515  -0.3473261617
0.3877007205  -0.4085577753  -0.3508088170
0.3843303257  -0.4050454495  -0.3542627124
0.3809814557  -0.4015488369  -0.3576870125
0.3776540252  -0.3980678591  -0.3610809891
0.3743479567  -0.3946024925  -0.3644440368
0.3710631837  -0.3911527649  -0.3677756877
0.3677996485  -0.3877187512  -0.3710756166
0.3645572997  -0.3843005676  -0.3743436492
0.3613360905  -0.3808983677  -0.3775797701
0.3581359747  -0.3775123359  -0.3807841159
0.3549569012  -0.3741426813  -0.3839569605
0.3517988161  -0.3707896332  -0.3870987369
0.3486616716  -0.3674534393  -0.3902100791
0.3455454278  -0.3641343625  -0.3932918405
0.3424500422  -0.3608326741  -0.3963450790
0.3393754661  -0.3575486489  -0.3993710768
0.3363216611  -0.3542825668  -0.4023714430
0.3332886120  -0.3510347149  -0.4053481959
0.3302763173  -0.3478053915  -0.4083037923
0.3272851570  -0.3445950451  -0.4112436998
0.3243160151  -0.3414042965  -0.4141766453
0.3213684515  -0.3382332552  -0.4171046031
0.3184397939  -0.3350811623  -0.4200202160
0.3155279379  -0.3319473424  -0.4229175720
0.3126330341  -0.3288318396  -0.4257955545
0.3097559520  -0.3257349675  -0.4286545837
0.3068970957  -0.3226569131  -0.4314951037
0.3040564596  -0.3195977281  -0.4343172848
0.3012339012  -0.3165574067  -0.4371212925
0.2984292727  -0.3135359265  -0.4399072920
0.2956424258  -0.3105332520  -0.4426754498
0.2928732132  -0.3075493345  -0.4454259340
0.2901214888  -0.3045841137  -0.4481589133
0.2873871074  -0.3016375182  -0.4508745571
0.2846699248  -0.2987094664  -0.4535730346
0.2819697980  -0.2957998670  -0.4562545148
0.2792865849  -0.2929086201  -0.4589191659
0.2766201445  -0.2900356171  -0.4615671546
0.2739703368  -0.2871807418  -0.4641986455
0.2713370231  -0.2843438717  -0.4668138009
0.2687200654  -0.2815248785  -0.4694127798
0.2661193272  -0.2787236297  -0.4719957382
0.2635346731  -0.2759399892  -0.4745628283
0.2609659689  -0.2731738180  -0.4771141982
0.2584130815  -0.2704249737  -0.4796499910
0.2558758789  -0.2676933117  -0.4821703445
0.2533542305  -0.2649786868  -0.4846753908
0.2508480069  -0.2622809532  -0.4871652556
0.2483570795  -0.2595999635  -0.4896400570
0.2458813211  -0.2569355688  -0.4920999048
0.2434206048  -0.2542876005  -0.4945448917
0.2409748021  -0.2516558438  -0.4969750774
0.2385437856  -0.2490401263  -0.4993905060
0.2361274368  -0.2464404646  -0.5017912683
0.2337256490  -0.2438569755  -0.5041775198
0.2313383156  -0.2412896462  -0.5065494256
0.2289653216  -0.2387383153  -0.5089071217
0.2266065472  -0.2362028023  -0.5112507249
0.2242618743  -0.2336829678  -0.5135803472
0.2219311882  -0.2311787003  -0.5158961007
0.2196143759  -0.2286898975  -0.5181980973
0.2173113260  -0.2262164593  -0.5204864476
0.2150219283  -0.2237582878  -0.5227612610
0.2127460732  -0.2213152865  -0.5250226461
0.2104836526  -0.2188873606  -0.5272707102
0.2082345590  -0.2164744167  -0.5295055595
0.2059986863  -0.2140763627  -0.5317272993
0.2037759291  -0.2116931075  -0.5339360338
0.2015661831  -0.2093245612  -0.5361318661
0.1993693450  -0.2069706343  -0.5383148986
0.1971853123  -0.2046312382  -0.5404852322
0.1950139837  -0.2023062842  -0.5426429675
0.1928552586  -0.1999956842  -0.5447882035
0.1907090375  -0.1976993498  -0.5469210388
0.1885752217  -0.1954171929  -0.5490415708
0.1864537134  -0.1931491245  -0.5511498961
0.1843444159  -0.1908950556  -0.5532461105
0.1822472331  -0.1886548961  -0.5553303088
0.1801620699  -0.1864285554  -0.5574025851
0.1780888322  -0.1842159418  -0.5594630327
0.1760274265  -0.1820169622  -0.5615117440
0.1739777603  -0.1798315218  -0.5635488107
0.1719397419  -0.1776595214  -0.5655743238
0.1699132804  -0.1755008583  -0.5675883738
0.1678982857  -0.1733554318  -0.5695910503
0.1658946687  -0.1712231503  -0.5715824420
0.1639023409  -0.1691039279  -0.5735626363
0.1619212146  -0.1669976787  -0.5755317199
0.1599512029  -0.1649043139  -0.5774897788
0.1579922199  -0.1628237438  -0.5794368980
0.1560441801  -0.1607558790  -0.5813731621
0.1541069991  -0.1587006302  -0.5832986549
0.1521805932  -0.1566579089  -0.5852134594
0.1502648792  -0.1546276266  -0.5871176578
0.1483597749  -0.1526096954  -0.5890113317
0.1464651988  -0.1506040277  -0.5908945618
0.1445810701  -0.1486105362  -0.5927674282
0.1427073086  -0.1466291341  -0.5946300103
0.1408438349  -0.1446597332  -0.5964823868
0.1389905704  -0.1427022425  -0.5983246356
0.1371474372  -0.1407565753  -0.6001568341
0.1353143578  -0.1388226543  -0.6019790587
0.1334912557  -0.1369004017  -0.6037913853
0.1316780551  -0.1349897332  -0.6055938893
0.1298746806  -0.1330905632  -0.6073866451
0.1280810577  -0.1312028075  -0.6091697267
0.1262971124  -0.1293263822  -0.6109432074
0.1245227715  -0.1274612037  -0.6127071597
0.1227579623  -0.1256071888  -0.6144616556
0.1210026128  -0.1237642547  -0.6162067665
0.1192566517  -0.1219323190  -0.6179425631
0.1175200083  -0.1201112997  -0.6196691155
0.1157926125  -0.1183011155  -0.6213864932
0.1140743947  -0.1165016853  -0.6230947649
0.1123652861  -0.1147129288  -0.6247939991
0.1106652184  -0.1129347661  -0.6264842632
0.1089741240  -0.1111671179  -0.6281656245
0.1072919357  -0.1094099054  -0.6298381494
0.1056185871  -0.1076630504  -0.6315019037
0.1039540123  -0.1059264754  -0.6331569528
0.1022981458  -0.1042001032  -0.6348033615
0.1006509231  -0.1024838575  -0.6364411939
0.0990122798  -0.1007776623  -0.6380705135
0.0973821524  -0.0990814424  -0.6396913836
0.0957604778  -0.0973951229  -0.6413038665
0.0941471934  -0.0957186297  -0.6429080243
0.0925422372  -0.0940518891  -0.6445039184
0.0909455478  -0.0923948281  -0.6460916096
0.0893570644  -0.0907473740  -0.6476711582
0.0877767264  -0.0891094547  -0.6492426242
0.0862044743  -0.0874810179  -0.6508060711
0.0846402491  -0.0858620173  -0.6523615666
0.0830839916  -0.0842523363  -0.6539091662
0.0815356428  -0.0826518468  -0.6554489132
0.0799951445  -0.0810605029  -0.6569808600
0.0784624400  -0.0794782662  -0.6585050640
0.0769374726  -0.0779050702  -0.6600215800
0.0754201862  -0.0763408485  -0.6615304627
0.0739105248  -0.0747855348  -0.6630317666
0.0724084333  -0.0732390632  -0.6645255462
0.0709138568  -0.0717013679  -0.6660118557
0.0694267410  -0.0701723834  -0.6674907494
0.0679470320  -0.0686520440  -0.6689622815
0.0664746764  -0.0671402848  -0.6704265060
0.0650096212  -0.0656370405  -0.6718834770
0.0635518139  -0.0641422464  -0.6733332487
0.0621012025  -0.0626558378  -0.6747758751
0.0606577352  -0.0611777503  -0.6762114101
0.0592213610  -0.0597079199  -0.6776399077
0.0577920290  -0.0582462827  -0.6790614218
0.0563696888  -0.0567927751  -0.6804760061
0.0549542907  -0.0553473338  -0.6818837143
0.0535457849  -0.0539098960  -0.6832845999
0.0521441226  -0.0524803991  -0.6846787160
0.0507492549  -0.0510587810  -0.6860661157
0.0493611336  -0.0496449798  -0.6874468516
0.0479797109  -0.0482389343  -0.6888209759
0.0466049392  -0.0468405836  -0.6901885404
0.0452367715  -0.0454498673  -0.6915495963
0.0438751611  -0.0440667254  -0.6929041943
0.0425200618  -0.0426910984  -0.6942523842
0.0411714277  -0.0413229275  -0.6955942151
0.0398294696  -0.0399621672  -0.6969487955
0.0384943102  -0.0386087665  -0.6983256111
0.0371652397  -0.0372626335  -0.6996921517
0.0358420186  -0.0359237029  -0.7010568619
0.0345249471  -0.0345919369  -0.7024192029
0.0332139759  -0.0332672802  -0.7037785563
0.0319090575  -0.0319496777  -0.7051342241
0.0306101463  -0.0306390754  -0.7064854287
0.0293171984  -0.0293354194  -0.7078313131
0.0280301721  -0.0280386566  -0.7091709407
0.0267490275  -0.0267487345  -0.7105032953
0.0254737271  -0.0254656007  -0.7118272811
0.0242042355  -0.0241892038  -0.7131417229
0.0229405198  -0.0229194926  -0.7144453660
0.0216825490  -0.0216564162  -0.7157368759
0.0204302948  -0.0203999245  -0.7170148388
0.0191837314  -0.0191499674  -0.7182777612
0.0179428351  -0.0179064954  -0.7195240702
0.0167075847  -0.0166694593  -0.7207521131
0.0154779616  -0.0154388103  -0.7219601580
0.0142539492  -0.0142144999  -0.7231463932
0.0130355334  -0.0129964799  -0.7243089276
0.0118227023  -0.0117847026  -0.7254457903
0.0106154460  -0.0105791203  -0.7265549312
0.0094137565  -0.0093796860  -0.7276342204
0.0082176277  -0.0081863527  -0.7286814487
0.0070270550  -0.0069990742  -0.7296943270
0.0058420350  -0.0058178043  -0.7306704870
0.0046625657  -0.0046424973  -0.7316074807
0.0034886456  -0.0034731080  -0.7325027805
0.0023202738  -0.0023095918  -0.7333537793
0.0011574492  -0.0011519043  -0.7341577906
0.0011570898  -0.0011519008  -0.7341577906
