0.148662
1.2374622514  -1.5391340812   0.0000581100
1.2374622514  -1.5391340812   0.0000581100
1.2374695649  -1.5391428139   0.0000502381
1.2374688548  -1.5391285780   0.0000280371
1.2374554527  -1.5390851278  -0.0000088919
1.2374269796  -1.5390088685  -0.0000609442
1.2373824785  -1.5388984257  -0.0001285115
1.2373213825  -1.5387530280  -0.0002119817
1.2372432730  -1.5385721303  -0.0003117393
1.2371477987  -1.5383552875  -0.0004281653
1.2370346420  -1.5381021023  -0.0005616368
1.2369035036  -1.5378122010  -0.0007125276
1.2367540945  -1.5374852209  -0.0008812077
1.2365861317  -1.5371208038  -0.0010680436
1.2363993354  -1.5367185921  -0.0012733982
1.2361934276  -1.5362782260  -0.0014976309
1.2359681313  -1.5357993425  -0.0017410973
1.2357231695  -1.5352815746  -0.0020041495
1.2354582649  -1.5347245507  -0.0022871361
1.2351731398  -1.5341278944  -0.0025904020
1.2348675157  -1.5334912244  -0.0029142885
1.2345411136  -1.5328141547  -0.0032591334
1.2341936534  -1.5320962948  -0.0036252707
1.2338248541  -1.5313372495  -0.0040130312
1.2334344342  -1.5305366199  -0.0044227416
1.2330221110  -1.5296940028  -0.0048547254
1.2325876011  -1.5288089919  -0.0053093024
1.2321306205  -1.5278811776  -0.0057867887
1.2316508844  -1.5269101478  -0.0062874969
1.2311481073  -1.5258954880  -0.0068117360
1.2306220032  -1.5248367819  -0.0073598113
1.2300722858  -1.5237336118  -0.0079320248
1.2294986632  -1.5225850887  -0.0085295625
1.2289008549  -1.5213912195  -0.0091519141
1.2282785802  -1.5201521906  -0.0097990775
1.2276315451  -1.5188672382  -0.0104713281
1.2269594592  -1.5175357914  -0.0111689384
1.2262620353  -1.5161573949  -0.0118921904
1.2255389875  -1.5147316144  -0.0126413658
1.2247900297  -1.5132580257  -0.0134167471
1.2240148756  -1.5117362104  -0.0142186174
1.2232132399  -1.5101657569  -0.0150472599
1.2223848376  -1.5085462602  -0.0159029573
1.2215293846  -1.5068773219  -0.0167859919
1.2206465977  -1.5051585511  -0.0176966452
1.2197361946  -1.5033895649  -0.0186351976
1.2187978943  -1.5015699891  -0.0196019284
1.2178314168  -1.4996994586  -0.0205971159
1.2168364835  -1.4977776184  -0.0216210365
1.2158128174  -1.4958041242  -0.0226739656
1.2147601428  -1.4937786425  -0.0237561765
1.2136781859  -1.4917008517  -0.0248679410
1.2125666745  -1.4895704427  -0.0260095289
1.2114253386  -1.4873871189  -0.0271812080
1.2102539100  -1.4851505974  -0.0283832438
1.2090521227  -1.4828606092  -0.0296158997
1.2078197130  -1.4805168997  -0.0308794368
1.2065564197  -1.4781192293  -0.0321741134
1.2052619839  -1.4756673740  -0.0335001854
1.2039361494  -1.4731611252  -0.0348579060
1.2025786629  -1.4706002910  -0.0362475254
1.2011892738  -1.4679846958  -0.0376692909
1.1997677346  -1.4653141815  -0.0391234468
1.1983138008  -1.4625884839  -0.0406102342
1.1968272304  -1.4598074347  -0.0421298910
1.1953077854  -1.4569711773  -0.0436826514
1.1937552321  -1.4540797408  -0.0452687461
1.1921693405  -1.4511329669  -0.0468884024
1.1905498830  -1.4481307633  -0.0485418439
1.1888966360  -1.4450730877  -0.0502292903
1.1872093800  -1.4419599205  -0.0519509575
1.1854878992  -1.4387912617  -0.0537070574
1.1837319822  -1.4355671290  -0.0554977990
1.1819414219  -1.4322875572  -0.0573233892
1.1801160152  -1.4289525991  -0.0591840311
1.1782555637  -1.4255623263  -0.0610799226
1.1763598731  -1.4221168286  -0.0630112566
1.1744287536  -1.4186162140  -0.0649782209
1.1724620203  -1.4150606082  -0.0669809979
1.1704594928  -1.4114501545  -0.0690197647
1.1684209958  -1.4077850140  -0.0710946927
1.1663463588  -1.4040653651  -0.0732059478
1.1642354164  -1.4002914039  -0.0753536897
1.1620880085  -1.3964633437  -0.0775380723
1.1599039798  -1.3925814150  -0.0797592432
1.1576831809  -1.3886458651  -0.0820173440
1.1554254674  -1.3846569587  -0.0843125095
1.1531307007  -1.3806149772  -0.0866448685
1.1507987478  -1.3765202198  -0.0890145427
1.1484294812  -1.3723730023  -0.0914216475
1.1460227796  -1.3681736575  -0.0938662913
1.1435785274  -1.3639225350  -0.0963485756
1.1410966151  -1.3596200003  -0.0988685952
1.1385769394  -1.3552664350  -0.1014264375
1.1360194032  -1.3508622318  -0.1040221831
1.1334239157  -1.3464077929  -0.1066559053
1.1307903926  -1.3419035438  -0.1093276701
1.1281187563  -1.3373499403  -0.1120375363
1.1254089359  -1.3327474543  -0.1147855556
1.1226608673  -1.3280965702  -0.1175717719
1.1198744936  -1.3233977937  -0.1203962222
1.1170497647  -1.3186516672  -0.1232589359
1.1141866382  -1.3138587473  -0.1261599357
1.1112850872  -1.3090195181  -0.1290992384
1.1083451602  -1.3041344588  -0.1320768545
1.1053669271  -1.2992041198  -0.1350927874
1.1023504071  -1.2942291521  -0.1381470328
1.0992956122  -1.2892103190  -0.1412395779
1.0962025616  -1.2841483990  -0.1443704025
1.0930712816  -1.2790441516  -0.1475394784
1.0899018048  -1.2738983236  -0.1507467702
1.0866941707  -1.2687116516  -0.1539922349
1.0834484252  -1.2634848607  -0.1572758220
1.0801646208  -1.2582186646  -0.1605974731
1.0768428168  -1.2529137653  -0.1639571224
1.0734830789  -1.2475708540  -0.1673546964
1.0700854793  -1.2421906125  -0.1707901139
1.0666500971  -1.2367737129  -0.1742632862
1.0631770178  -1.2313208179  -0.1777741169
1.0596663335  -1.2258325812  -0.1813225016
1.0561181430  -1.2203096504  -0.1849083278
1.0525325519  -1.2147526687  -0.1885314758
1.0489096728  -1.2091622776  -0.1921918201
1.0452496254  -1.2035391189  -0.1958892304
1.0415525364  -1.1978838356  -0.1996235668
1.0378185378  -1.1921970723  -0.2033946776
1.0340477680  -1.1864794771  -0.2072023994
1.0302403725  -1.1807317058  -0.2110465581
1.0263965038  -1.1749544241  -0.2149269690
1.0225163217  -1.1691483063  -0.2188434370
1.0185999932  -1.1633140352  -0.2227957564
1.0146476929  -1.1574523029  -0.2267837108
1.0106596017  -1.1515637910  -0.2308070686
1.0066359103  -1.1456491629  -0.2348655750
1.0025768536  -1.1397093349  -0.2389589762
0.9984827038  -1.1337455878  -0.2430870820
0.9943537332  -1.1277591299  -0.2472497481
0.9901902002  -1.1217506978  -0.2514467803
0.9859923419  -1.1157207618  -0.2556779091
0.9817603974  -1.1096699505  -0.2599428365
0.9774946258  -1.1035990821  -0.2642412603
0.9731953032  -1.0975090419  -0.2685728729
0.9688627166  -1.0914007386  -0.2729373596
0.9644971618  -1.0852750999  -0.2773343986
0.9600989432  -1.0791330699  -0.2817636619
0.9556683742  -1.0729756080  -0.2862248158
0.9512057765  -1.0668036867  -0.2907175222
0.9467114826  -1.0606182899  -0.2952414494
0.9421858365  -1.0544204112  -0.2997962777
0.9376291902  -1.0482110525  -0.3043816861
0.9330418994  -1.0419912221  -0.3089973430
0.9284243247  -1.0357619300  -0.3136429075
0.9237768334  -1.0295241850  -0.3183180300
0.9190998157  -1.0232790256  -0.3230223556
0.9143937942  -1.0170277690  -0.3277555418
0.9096592768  -1.0107717111  -0.3325172595
0.9048966001  -1.0045117889  -0.3373071570
0.9001060448  -0.9982488231  -0.3421248386
0.8952878820  -0.9919835954  -0.3469698894
0.8904423853  -0.9857168492  -0.3518418998
0.8855698216  -0.9794492876  -0.3567404160
0.8806704341  -0.9731815650  -0.3616649001
0.8757444418  -0.9669142770  -0.3666147035
0.8707920178  -0.9606479287  -0.3715889259
0.8658130625  -0.9543828057  -0.3765852990
0.8608070312  -0.9481189677  -0.3815995850
0.8557748971  -0.9418571854  -0.3866343804
0.8507203393  -0.9355995682  -0.3917009825
0.8456454791  -0.9293480426  -0.3968046684
0.8405490490  -0.9231036050  -0.4019431960
0.8354296625  -0.9168666035  -0.4071145481
0.8302871034  -0.9106369846  -0.4123173254
0.8251216062  -0.9044147168  -0.4175500701
0.8199334293  -0.8981997033  -0.4228112475
0.8147228327  -0.8919917652  -0.4280992510
0.8094900761  -0.8857906453  -0.4334124085
0.8042354168  -0.8795960133  -0.4387489894
0.7989591072  -0.8734074712  -0.4441072101
0.7936614636  -0.8672246660  -0.4494852400
0.7883433640  -0.8610480208  -0.4548812074
0.7830057650  -0.8548779689  -0.4602932046
0.7776490833  -0.8487140537  -0.4657192940
0.7722735779  -0.8425555615  -0.4711575135
0.7668794602  -0.8364017093  -0.4766058821
0.7614668821  -0.8302516470  -0.4820624043
0.7560361534  -0.8241047730  -0.4875250728
0.7505885130  -0.8179617530  -0.4929918713
0.7451248014  -0.8118227076  -0.4984607836
0.7396443993  -0.8056858750  -0.5039298018
0.7341460760  -0.7995488903  -0.5093969318
0.7286295543  -0.7934107624  -0.5148601983
0.7230949905  -0.7872711172  -0.5203176494
0.7175395459  -0.7811261569  -0.5257673632
0.7119595527  -0.7749715522  -0.5312074545
0.7063483119  -0.7688001676  -0.5366360817
0.7006908962  -0.7625966892  -0.5420514644
0.6949061325  -0.7562801218  -0.5474519150
0.6889031151  -0.7497630604  -0.5528357957
0.6830867407  -0.7434509223  -0.5582013690
0.6777046925  -0.7375839579  -0.5635467961
0.6724723144  -0.7318714224  -0.5688703443
0.6672703784  -0.7261920329  -0.5741704784
0.6620942012  -0.7205399233  -0.5794457830
0.6569434312  -0.7149137706  -0.5846949182
0.6518179070  -0.7093125839  -0.5899166282
0.6467174828  -0.7037354747  -0.5951097506
0.6416420309  -0.6981816554  -0.6002732222
0.6365914411  -0.6926504386  -0.6054060831
0.6315656194  -0.6871412346  -0.6105074818
0.6265644865  -0.6816535482  -0.6155766790
0.6215879736  -0.6761869764  -0.6206130397
0.6166360175  -0.6707412036  -0.6256160283
0.6117085641  -0.6653159968  -0.6305852222
0.6068055727  -0.6599112002  -0.6355203256
0.6019270143  -0.6545267308  -0.6404211738
0.5970728677  -0.6491625746  -0.6452877381
0.5922431169  -0.6438187803  -0.6501201280
0.5874377440  -0.6384954541  -0.6549185746
0.5826567249  -0.6331927531  -0.6596834288
0.5779000407  -0.6279108787  -0.6644152006
0.5731676884  -0.6226500716  -0.6691145933
0.5684596716  -0.6174106072  -0.6737824941
0.5637759843  -0.6121927897  -0.6784199570
0.5591166214  -0.6069969469  -0.6830282651
0.5544816002  -0.6018234271  -0.6876090008
0.5498709677  -0.5966725998  -0.6921641168
0.5452848328  -0.5915448703  -0.6966961594
0.5407236712  -0.5864407466  -0.7012096934
0.5361886261  -0.5813608541  -0.7057125591
0.5316792203  -0.5763054983  -0.7102064175
0.5271914793  -0.5712742702  -0.7146822811
0.5227224436  -0.5662666515  -0.7191344091
0.5182731952  -0.5612826340  -0.7235636449
0.5138453823  -0.5563224214  -0.7279707583
0.5094393068  -0.5513861122  -0.7323559246
0.5050548440  -0.5464737372  -0.7367192994
0.5006918544  -0.5415853059  -0.7410610406
0.4963501996  -0.5367208118  -0.7453813085
0.4920297421  -0.5318802321  -0.7496802655
0.4877303457  -0.5270635287  -0.7539580756
0.4834518750  -0.5222706488  -0.7582149039
0.4791941957  -0.5175015255  -0.7624509158
0.4749571744  -0.5127560790  -0.7666662772
0.4707406790  -0.5080342175  -0.7708611532
0.4665445779  -0.5033358378  -0.7750357084
0.4623687408  -0.4986608263  -0.7791901053
0.4582130380  -0.4940090599  -0.7833245043
0.4540773411  -0.4893804077  -0.7874390625
0.4499615224  -0.4847747315  -0.7915339338
0.4458654553  -0.4801918883  -0.7956092682
0.4417890144  -0.4756317306  -0.7996652112
0.4377320753  -0.4710941068  -0.8037019031
0.4336945144  -0.4665788622  -0.8077194778
0.4296762094  -0.4620858407  -0.8117180626
0.4256770387  -0.4576148861  -0.8156977778
0.4216968821  -0.4531658423  -0.8196587351
0.4177356200  -0.4487385526  -0.8236010364
0.4137931335  -0.4443328593  -0.8275247714
0.4098693032  -0.4399485918  -0.8314300088
0.4059640058  -0.4355855443  -0.8353167768
0.4020771184  -0.4312435462  -0.8391850830
0.3982085375  -0.4269226244  -0.8430350063
0.3943581858  -0.4226229249  -0.8468667243
0.3905259826  -0.4183444280  -0.8506804147
0.3867118214  -0.4140869375  -0.8544761983
0.3829155847  -0.4098502742  -0.8582541732
0.3791371618  -0.4056343269  -0.8620144406
0.3753764487  -0.4014390084  -0.8657571030
0.3716333434  -0.3972642377  -0.8694822618
0.3679077452  -0.3931099382  -0.8731900175
0.3641995540  -0.3889760376  -0.8768804695
0.3605086708  -0.3848624673  -0.8805537160
0.3568349976  -0.3807691627  -0.8842098546
0.3531784369  -0.3766960622  -0.8878489816
0.3495388925  -0.3726431072  -0.8914711925
0.3459162686  -0.3686102416  -0.8950765818
0.3423104706  -0.3645974115  -0.8986652433
0.3387214045  -0.3606045644  -0.9022372697
0.3351489771  -0.3566316490  -0.9057927532
0.3315930960  -0.3526786144  -0.9093317848
0.3280536695  -0.3487454104  -0.9128544552
0.3245306067  -0.3448319861  -0.9163608541
0.3210238173  -0.3409382903  -0.9198510704
0.3175332117  -0.3370642703  -0.9233251928
0.3140587012  -0.3332098717  -0.9267833088
0.3106001975  -0.3293750381  -0.9302255057
0.3071576130  -0.3255597105  -0.9336518702
0.3037308609  -0.3217638268  -0.9370624884
0.3003198547  -0.3179873210  -0.9404574459
0.2969245089  -0.3142301215  -0.9438368281
0.2935447381  -0.3104921468  -0.9472007200
0.2901804580  -0.3067733058  -0.9505492064
0.2868315846  -0.3030735132  -0.9538823719
0.2834980342  -0.2993927064  -0.9572002999
0.2801797239  -0.2957308367  -0.9605030725
0.2768765710  -0.2920878499  -0.9637907708
0.2735884937  -0.2884636824  -0.9670634762
0.2703154105  -0.2848582686  -0.9703212693
0.2670572406  -0.2812715432  -0.9735642308
0.2638139036  -0.2777034406  -0.9767924404
0.2605853195  -0.2741538951  -0.9800059778
0.2573714089  -0.2706228405  -0.9832049218
0.2541720927  -0.2671102106  -0.9863893512
0.2509872923  -0.2636159386  -0.9895593439
0.2478169295  -0.2601399479  -0.9927149778
0.2446609267  -0.2566821428  -0.9958563302
0.2415192063  -0.2532424490  -0.9989834780
0.2383916918  -0.2498208437  -1.0020964977
0.2352783066  -0.2464172985  -1.0051954651
0.2321789746  -0.2430317445  -1.0082804560
0.2290936201  -0.2396641044  -1.0113515455
0.2260221679  -0.2363143049  -1.0144088088
0.2229645430  -0.2329822720  -1.0174523203
0.2199206707  -0.2296679305  -1.0204821544
0.2168904770  -0.2263712042  -1.0234983849
0.2138738878  -0.2230920164  -1.0265010852
0.2108708298  -0.2198302898  -1.0294903288
0.2078812297  -0.2165859466  -1.0324661882
0.2049050148  -0.2133589089  -1.0354287362
0.2019421125  -0.2101490985  -1.0383780448
0.1989924507  -0.2069564373  -1.0413141859
0.1960559575  -0.2037808472  -1.0442372310
0.1931325615  -0.2006222502  -1.0471472513
0.1902221915  -0.1974805685  -1.0500443176
0.1873247765  -0.1943557243  -1.0529285006
0.1844402462  -0.1912476404  -1.0557998704
0.1815685301  -0.1881562397  -1.0586584970
0.1787095583  -0.1850814452  -1.0615044499
0.1758632613  -0.1820231803  -1.0643377985
0.1730295696  -0.1789813687  -1.0671586118
0.1702084141  -0.1759559341  -1.0699669584
0.1673997263  -0.1729468005  -1.0727629069
0.1646034374  -0.1699538918  -1.0755465252
0.1618194795  -0.1669771323  -1.0783178813
0.1590477845  -0.1640164460  -1.0810770427
0.1562882848  -0.1610717568  -1.0838240766
0.1535409141  -0.1581431004  -1.0865590640
0.1508056073  -0.1552305468  -1.0892821015
0.1480822962  -0.1523337515  -1.0919932455
0.1453709094  -0.1494522984  -1.0946925153
0.1426713790  -0.1465862456  -1.0973799602
0.1399836417  -0.1437356951  -1.1000556479
0.1373076331  -0.1409005821  -1.1027196391
0.1346432881  -0.1380808395  -1.1053719954
0.1319905418  -0.1352763982  -1.1080127791
0.1293493297  -0.1324871876  -1.1106420533
0.1267195874  -0.1297131352  -1.1132598822
0.1241012508  -0.1269541664  -1.1158663310
0.1214942561  -0.1242102049  -1.1184614661
0.1188985397  -0.1214811722  -1.1210453549
0.1163140380  -0.1187669880  -1.1236180660
0.1137406880  -0.1160675700  -1.1261796692
0.1111784265  -0.1133828343  -1.1287302353
0.1086271908  -0.1107126953  -1.1312698363
0.1060869181  -0.1080570656  -1.1337985451
0.1035575462  -0.1054158566  -1.1363164356
0.1010390126  -0.1027889783  -1.1388235826
0.0985312553  -0.1001763398  -1.1413200615
0.0960342125  -0.0975778488  -1.1438059484
0.0935478225  -0.0949934124  -1.1462813197
0.0910720238  -0.0924229371  -1.1487462521
0.0886067551  -0.0898663288  -1.1512008222
0.0861519554  -0.0873234931  -1.1536451067
0.0837075638  -0.0847943352  -1.1560791815
0.0812735197  -0.0822787605  -1.1585031220
0.0788497627  -0.0797766743  -1.1609170026
0.0764362326  -0.0772879821  -1.1633208962
0.0740328694  -0.0748125900  -1.1657148743
0.0716404579  -0.0723504828  -1.1681335194
0.0692594899  -0.0699016079  -1.1705939952
0.0668877165  -0.0674656648  -1.1730373934
0.0645244357  -0.0650425110  -1.1754789850
0.0621707231  -0.0626321666  -1.1779177695
0.0598265020  -0.0602345427  -1.1803526020
0.0574917004  -0.0578495517  -1.1827821933
0.0551662514  -0.0554771072  -1.1852051099
0.0528500933  -0.0531171234  -1.1876197740
0.0505431700  -0.0507695159  -1.1900244632
0.0482454314  -0.0484342008  -1.1924173109
0.0459568335  -0.0461110948  -1.1947963063
0.0436773388  -0.0438001154  -1.1971592940
0.0414069162  -0.0415011802  -1.1995039744
0.0391455415  -0.0392142072  -1.2018279035
0.0368931975  -0.0369391147  -1.2041284929
0.0346498738  -0.0346758207  -1.2064030100
0.0324155672  -0.0324242433  -1.2086485776
0.0301902817  -0.0301843003  -1.2108621744
0.0279740279  -0.0279559093  -1.2130406346
0.0257668236  -0.0257389874  -1.2151806481
0.0235686932  -0.0235334515  -1.2172787605
0.0213796675  -0.0213392180  -1.2193313729
0.0191997833  -0.0191562028  -1.2213347422
0.0170290833  -0.0169843219  -1.2232849809
0.0148676150  -0.0148234907  -1.2251780572
0.0127154305  -0.0126736247  -1.2270097947
0.0105725859  -0.0105346395  -1.2287758730
0.0084391397  -0.0084064510  -1.2304718271
0.0063151529  -0.0062889757  -1.2320930478
0.0042006868  -0.0041821308  -1.2336347815
0.0020958027  -0.0020858344  -1.2350921301
0.0020946231  -0.0020858226  -1.2350921301
