0.208153
0.8210006217  -0.9301278769   0.0000311963
0.8210006217  -0.9301278769   0.0000311963
0.8210050749  -0.9301330761   0.0000277574
0.8210054940  -0.9301299408   0.0000170718
0.8209993167  -0.9301154955  -0.0000010470
0.8209855050  -0.9300886150  -0.0000267852
0.8209636242  -0.9300488298  -0.0000603286
0.8209334099  -0.9299958545  -0.0001018625
0.8208946620  -0.9299294723  -0.0001515720
0.8208472096  -0.9298494959  -0.0002096414
0.8207908957  -0.9297557516  -0.0002762550
0.8207255708  -0.9296480718  -0.0003515964
0.8206510890  -0.9295262916  -0.0004358489
0.8205673064  -0.9293902460  -0.0005291954
0.8204740797  -0.9292397694  -0.0006318183
0.8203712658  -0.9290746943  -0.0007438996
0.8202587208  -0.9288948511  -0.0008656209
0.8201363005  -0.9287000678  -0.0009971636
0.8200038592  -0.9284901698  -0.0011387082
0.8198612506  -0.9282649796  -0.0012904352
0.8197083268  -0.9280243170  -0.0014525246
0.8195449389  -0.9277679989  -0.0016251559
0.8193709364  -0.9274958392  -0.0018085081
0.8191861675  -0.9272076491  -0.0020027601
0.8189904792  -0.9269032366  -0.0022080900
0.8187837166  -0.9265824070  -0.0024246758
0.8185657239  -0.9262449629  -0.0026526949
0.8183363433  -0.9258907037  -0.0028923243
0.8180954158  -0.9255194264  -0.0031437407
0.8178427809  -0.9251309251  -0.0034071203
0.8175782765  -0.9247249914  -0.0036826388
0.8173017391  -0.9243014139  -0.0039704717
0.8170130007  -0.9238598324  -0.0042712533
0.8167118981  -0.9234001641  -0.0045847331
0.8163982673  -0.9229223864  -0.0049109253
0.8160719356  -0.9224261720  -0.0052500026
0.8157327305  -0.9219112438  -0.0056021342
0.8153804794  -0.9213773624  -0.0059674922
0.8150150080  -0.9208242925  -0.0063462499
0.8146361409  -0.9202517986  -0.0067385828
0.8142437011  -0.9196596447  -0.0071446684
0.8138375103  -0.9190475933  -0.0075646858
0.8134173885  -0.9184154057  -0.0079988157
0.8129831548  -0.9177628422  -0.0084472404
0.8125346266  -0.9170896621  -0.0089101435
0.8120716198  -0.9163956237  -0.0093877102
0.8115939494  -0.9156804846  -0.0098801269
0.8111014286  -0.9149440019  -0.0103875816
0.8105938696  -0.9141859322  -0.0109102634
0.8100710831  -0.9134060315  -0.0114483627
0.8095328787  -0.9126040561  -0.0120020714
0.8089790646  -0.9117797618  -0.0125715823
0.8084094479  -0.9109329049  -0.0131570897
0.8078238343  -0.9100632418  -0.0137587890
0.8072220284  -0.9091705293  -0.0143768766
0.8066038338  -0.9082545248  -0.0150115502
0.8059690527  -0.9073149866  -0.0156630087
0.8053174864  -0.9063516736  -0.0163314517
0.8046489351  -0.9053643460  -0.0170170801
0.8039631978  -0.9043527649  -0.0177200958
0.8032600728  -0.9033166931  -0.0184407016
0.8025393570  -0.9022558944  -0.0191791012
0.8018008468  -0.9011701348  -0.0199354993
0.8010443375  -0.9000591400  -0.0207101012
0.8002696234  -0.8989226641  -0.0215031135
0.7994764982  -0.8977605678  -0.0223147430
0.7986647557  -0.8965726695  -0.0231451973
0.7978341886  -0.8953587152  -0.0239946850
0.7969845884  -0.8941184685  -0.0248634152
0.7961157461  -0.8928517073  -0.0257515973
0.7952274521  -0.8915582137  -0.0266594418
0.7943194961  -0.8902377724  -0.0275871593
0.7933916676  -0.8888901706  -0.0285349609
0.7924437553  -0.8875151986  -0.0295030581
0.7914755479  -0.8861126493  -0.0304916628
0.7904868335  -0.8846823189  -0.0315009870
0.7894773999  -0.8832240062  -0.0325312431
0.7884470348  -0.8817375130  -0.0335826437
0.7873955258  -0.8802226440  -0.0346554012
0.7863226601  -0.8786792073  -0.0357497285
0.7852282252  -0.8771070138  -0.0368658380
0.7841120085  -0.8755058782  -0.0380039424
0.7829737974  -0.8738756182  -0.0391642540
0.7818133797  -0.8722160554  -0.0403469849
0.7806305432  -0.8705270147  -0.0415523469
0.7794250761  -0.8688083250  -0.0427805514
0.7781967670  -0.8670598189  -0.0440318094
0.7769454049  -0.8652813330  -0.0453063314
0.7756707795  -0.8634727087  -0.0466043270
0.7743726809  -0.8616337921  -0.0479260054
0.7730508999  -0.8597644343  -0.0492715748
0.7717052283  -0.8578644913  -0.0506412428
0.7703354585  -0.8559338233  -0.0520352159
0.7689413841  -0.8539722946  -0.0534536996
0.7675227996  -0.8519797733  -0.0548968991
0.7660795006  -0.8499561309  -0.0563650187
0.7646112840  -0.8479012470  -0.0578582611
0.7631179479  -0.8458150116  -0.0593768272
0.7615992918  -0.8436973223  -0.0609209159
0.7600551166  -0.8415480912  -0.0624907239
0.7584852250  -0.8393672535  -0.0640864460
0.7568894212  -0.8371547248  -0.0657082745
0.7552675117  -0.8349103359  -0.0673564003
0.7536193044  -0.8326338723  -0.0690310120
0.7519446087  -0.8303251962  -0.0707322961
0.7502432362  -0.8279842862  -0.0724604359
0.7485150012  -0.8256111798  -0.0742156113
0.7467597205  -0.8232059231  -0.0759979998
0.7449772136  -0.8207685557  -0.0778077759
0.7431673027  -0.8182991111  -0.0796451117
0.7413298126  -0.8157976180  -0.0815101762
0.7394645708  -0.8132641000  -0.0834031360
0.7375714078  -0.8106985765  -0.0853241546
0.7356501571  -0.8081010627  -0.0872733926
0.7337006551  -0.8054715703  -0.0892510078
0.7317227417  -0.8028101087  -0.0912571549
0.7297162598  -0.8001166864  -0.0932919856
0.7276810560  -0.7973913122  -0.0953556486
0.7256169804  -0.7946339940  -0.0974482896
0.7235238867  -0.7918447393  -0.0995700508
0.7214016325  -0.7890235568  -0.1017210714
0.7192500796  -0.7861704596  -0.1039014912
0.7170690944  -0.7832854681  -0.1061114525
0.7148585479  -0.7803686135  -0.1083510958
0.7126183146  -0.7774199374  -0.1106205568
0.7103482825  -0.7744395082  -0.1129199659
0.7080483663  -0.7714274549  -0.1152494485
0.7057184752  -0.7683839023  -0.1176091249
0.7033584971  -0.7653089343  -0.1199991097
0.7009683212  -0.7622026361  -0.1224195115
0.6985478399  -0.7590650926  -0.1248704318
0.6960969468  -0.7558962646  -0.1273519569
0.6936155365  -0.7526960635  -0.1298641561
0.6911035149  -0.7494650762  -0.1324071236
0.6885608095  -0.7462046031  -0.1349810083
0.6859873526  -0.7429153181  -0.1375859600
0.6833830566  -0.7395967531  -0.1402220687
0.6807478196  -0.7362482444  -0.1428893790
0.6780815469  -0.7328695868  -0.1455879260
0.6753841586  -0.7294609296  -0.1483177421
0.6726555848  -0.7260225560  -0.1510788512
0.6698957616  -0.7225547950  -0.1538712677
0.6671046308  -0.7190580062  -0.1566949967
0.6642821396  -0.7155325779  -0.1595500343
0.6614282415  -0.7119789243  -0.1624363679
0.6585428955  -0.7083974840  -0.1653539756
0.6556260668  -0.7047887180  -0.1683028268
0.6526777275  -0.7011531071  -0.1712828887
0.6496978582  -0.6974911504  -0.1742941365
0.6466864465  -0.6938033627  -0.1773365439
0.6436434834  -0.6900902724  -0.1804100667
0.6405689631  -0.6863524181  -0.1835146386
0.6374629064  -0.6825903765  -0.1866501725
0.6343255407  -0.6788050146  -0.1898165616
0.6311571549  -0.6749972652  -0.1930137012
0.6279578824  -0.6711678097  -0.1962414970
0.6247278166  -0.6673172576  -0.1994998232
0.6214670468  -0.6634462069  -0.2027884932
0.6181756663  -0.6595552420  -0.2061072903
0.6148537778  -0.6556449304  -0.2094559677
0.6115014810  -0.6517158173  -0.2128341652
0.6081188588  -0.6477684146  -0.2162413371
0.6047059626  -0.6438031575  -0.2196766037
0.6012623606  -0.6398202452  -0.2231354131
0.5977877588  -0.6358199234  -0.2266150909
0.5942840191  -0.6318033058  -0.2301244797
0.5907537517  -0.6277720503  -0.2336739589
0.5871971399  -0.6237271004  -0.2372659734
0.5836127382  -0.6196685784  -0.2408991360
0.5799998246  -0.6155968099  -0.2445717712
0.5763585276  -0.6115123447  -0.2482824967
0.5726890425  -0.6074153874  -0.2520299011
0.5689915122  -0.6033059405  -0.2558124781
0.5652660842  -0.5991839379  -0.2596286309
0.5615129094  -0.5950492508  -0.2634766787
0.5577321415  -0.5909016918  -0.2673548645
0.5539239356  -0.5867410198  -0.2712613620
0.5500884463  -0.5825669439  -0.2751942826
0.5462258250  -0.5783791278  -0.2791516825
0.5423366401  -0.5741777616  -0.2831315694
0.5384218337  -0.5699634851  -0.2871319089
0.5344818658  -0.5657362379  -0.2911506317
0.5305167037  -0.5614952884  -0.2951856402
0.5265262006  -0.5572397772  -0.2992348148
0.5225100749  -0.5529687129  -0.3032960163
0.5184680416  -0.5486811579  -0.3073670877
0.5144009771  -0.5443776258  -0.3114458633
0.5103095720  -0.5400583786  -0.3155301773
0.5061926792  -0.5357214995  -0.3196178701
0.5020483309  -0.5313642926  -0.3237067941
0.4978758080  -0.5269857237  -0.3277948197
0.4936729742  -0.5225833287  -0.3318798410
0.4894335689  -0.5181503387  -0.3359597834
0.4851480370  -0.5136770447  -0.3400326117
0.4807964963  -0.5091437416  -0.3440963571
0.4761584062  -0.5043313879  -0.3481491339
0.4714415698  -0.4994505264  -0.3521890488
0.4670991588  -0.4949516604  -0.3562141117
0.4630707427  -0.4907677129  -0.3602223349
0.4591713003  -0.4867103473  -0.3642118748
0.4553099069  -0.4826878108  -0.3681810354
0.4514728139  -0.4786860050  -0.3721282134
0.4476590950  -0.4747035524  -0.3760518860
0.4438685182  -0.4707397877  -0.3799506210
0.4401009382  -0.4667941928  -0.3838230847
0.4363562256  -0.4628663305  -0.3876680476
0.4326342658  -0.4589558431  -0.3914843897
0.4289349581  -0.4550624485  -0.3952711062
0.4252582143  -0.4511859371  -0.3990273129
0.4216039574  -0.4473261677  -0.4027522516
0.4179721192  -0.4434830629  -0.4064452877
0.4143626351  -0.4396566035  -0.4101059018
0.4107754448  -0.4358468243  -0.4137336990
0.4072104970  -0.4320538091  -0.4173284302
0.4036677498  -0.4282776875  -0.4208900034
0.4001471677  -0.4245186288  -0.4244184910
0.3966487186  -0.4207768375  -0.4279141379
0.3931723675  -0.4170525460  -0.4313773449
0.3897180711  -0.4133460083  -0.4348086608
0.3862857864  -0.4096574965  -0.4382088297
0.3828754822  -0.4059872996  -0.4415788372
0.3794871310  -0.4023357176  -0.4449198993
0.3761207001  -0.3987030561  -0.4482334795
0.3727761695  -0.3950896279  -0.4515214059
0.3694535555  -0.3914957578  -0.4547860069
0.3661529381  -0.3879218081  -0.4580303728
0.3628751013  -0.3843683770  -0.4612624231
0.3596208367  -0.3808360384  -0.4644898253
0.3563882274  -0.3773244571  -0.4677082812
0.3531739245  -0.3738327242  -0.4709091384
0.3499769887  -0.3703605413  -0.4740894474
0.3467984394  -0.3669081976  -0.4772494851
0.3436390561  -0.3634759653  -0.4803898032
0.3404989826  -0.3600639481  -0.4835106307
0.3373781044  -0.3566721651  -0.4866121353
0.3342762727  -0.3533006092  -0.4896944842
0.3311933380  -0.3499492584  -0.4927578460
0.3281291513  -0.3466180761  -0.4958023914
0.3250835649  -0.3433070126  -0.4988282923
0.3220564319  -0.3400160052  -0.5018357214
0.3190476064  -0.3367449795  -0.5048248519
0.3160569434  -0.3334938496  -0.5077958565
0.3130842990  -0.3302625200  -0.5107489076
0.3101295303  -0.3270508860  -0.5136841765
0.3071924952  -0.3238588344  -0.5166018329
0.3042730528  -0.3206862440  -0.5195020443
0.3013710631  -0.3175329864  -0.5223849754
0.2984863874  -0.3143989273  -0.5252507874
0.2956188877  -0.3112839276  -0.5280996377
0.2927684274  -0.3081878447  -0.5309316793
0.2899348709  -0.3051105336  -0.5337470610
0.2871180840  -0.3020518462  -0.5365459260
0.2843179333  -0.2990116322  -0.5393284112
0.2815342867  -0.2959897401  -0.5420946473
0.2787670132  -0.2929860183  -0.5448447575
0.2760159827  -0.2900003127  -0.5475788561
0.2732810661  -0.2870324654  -0.5502970463
0.2705621335  -0.2840822806  -0.5529994048
0.2678590528  -0.2811495262  -0.5556859699
0.2651716970  -0.2782341064  -0.5583567938
0.2624999541  -0.2753361433  -0.5610120088
0.2598437217  -0.2724557314  -0.5636517951
0.2572028888  -0.2695927586  -0.5662763101
0.2545773340  -0.2667470229  -0.5688856782
0.2519669348  -0.2639183588  -0.5714800139
0.2493715725  -0.2611066439  -0.5740594312
0.2467911313  -0.2583117727  -0.5766240446
0.2442254974  -0.2555336436  -0.5791739672
0.2416745576  -0.2527721575  -0.5817093113
0.2391382002  -0.2500272171  -0.5842301881
0.2366163141  -0.2472987270  -0.5867367075
0.2341087896  -0.2445865937  -0.5892289786
0.2316155176  -0.2418907248  -0.5917071094
0.2291363901  -0.2392110294  -0.5941712067
0.2266713002  -0.2365474178  -0.5966213767
0.2242201419  -0.2338998011  -0.5990577241
0.2217828099  -0.2312680910  -0.6014803530
0.2193592000  -0.2286521997  -0.6038893664
0.2169492090  -0.2260520397  -0.6062848666
0.2145527345  -0.2234675232  -0.6086669546
0.2121696749  -0.2208985623  -0.6110357309
0.2097999297  -0.2183450687  -0.6133912949
0.2074433991  -0.2158069536  -0.6157337453
0.2050999841  -0.2132841269  -0.6180631800
0.2027695868  -0.2107764979  -0.6203796958
0.2004521099  -0.2082839744  -0.6226833891
0.1981474570  -0.2058064627  -0.6249743553
0.1958555327  -0.2033438672  -0.6272526892
0.1935762420  -0.2008960889  -0.6295184848
0.1913094911  -0.1984630227  -0.6317718356
0.1890551868  -0.1960445613  -0.6340128347
0.1868132367  -0.1936406052  -0.6362415740
0.1845835492  -0.1912510655  -0.6384581445
0.1823660335  -0.1888758565  -0.6406626361
0.1801605994  -0.1865148890  -0.6428551376
0.1779671577  -0.1841680712  -0.6450357376
0.1757856197  -0.1818353109  -0.6472045240
0.1736158978  -0.1795165163  -0.6493615837
0.1714579048  -0.1772115958  -0.6515070032
0.1693115544  -0.1749204582  -0.6536408680
0.1671767609  -0.1726430124  -0.6557632631
0.1650534395  -0.1703791679  -0.6578742727
0.1629415058  -0.1681288340  -0.6599739803
0.1608408765  -0.1658919207  -0.6620624688
0.1587514687  -0.1636683356  -0.6641398202
0.1566732002  -0.1614579822  -0.6662061161
0.1546059896  -0.1592607695  -0.6682614373
0.1525497561  -0.1570766199  -0.6703058637
0.1505044197  -0.1549054546  -0.6723394750
0.1484699008  -0.1527471852  -0.6743623498
0.1464461207  -0.1506017217  -0.6763745663
0.1444330013  -0.1484689753  -0.6783762020
0.1424304650  -0.1463488577  -0.6803673338
0.1404384350  -0.1442412808  -0.6823480380
0.1384568350  -0.1421461564  -0.6843183901
0.1364855894  -0.1400633969  -0.6862784652
0.1345246232  -0.1379929150  -0.6882283376
0.1325738621  -0.1359346237  -0.6901680811
0.1306332323  -0.1338884364  -0.6920977690
0.1287026606  -0.1318542672  -0.6940174737
0.1267820744  -0.1298320303  -0.6959272672
0.1248714018  -0.1278216406  -0.6978272210
0.1229705714  -0.1258230135  -0.6997174059
0.1210795124  -0.1238360650  -0.7015978919
0.1191981545  -0.1218607115  -0.7034687489
0.1173264282  -0.1198968701  -0.7053300459
0.1154642643  -0.1179444583  -0.7071818514
0.1136115944  -0.1160033944  -0.7090242333
0.1117683504  -0.1140735969  -0.7108572591
0.1099344650  -0.1121549851  -0.7126809955
0.1081098713  -0.1102474789  -0.7144955090
0.1062945030  -0.1083509985  -0.7163008651
0.1044882944  -0.1064654648  -0.7180971293
0.1026911801  -0.1045907992  -0.7198843661
0.1009030955  -0.1027269236  -0.7216626398
0.0991239765  -0.1008737602  -0.7234320139
0.0973537595  -0.0990312589  -0.7251925569
0.0955923819  -0.0971993780  -0.7269443433
0.0938397809  -0.0953779762  -0.7286874311
0.0920958929  -0.0935668966  -0.7304218637
0.0903606561  -0.0917660966  -0.7321476958
0.0886340100  -0.0899755447  -0.7338649887
0.0869158942  -0.0881951694  -0.7355738009
0.0852062488  -0.0864248991  -0.7372741903
0.0835050142  -0.0846646625  -0.7389662153
0.0818121312  -0.0829143881  -0.7406499339
0.0801275413  -0.0811740046  -0.7423254042
0.0784511863  -0.0794434407  -0.7439926843
0.0767830086  -0.0777226251  -0.7456518325
0.0751229510  -0.0760114867  -0.7473029070
0.0734709567  -0.0743099543  -0.7489459662
0.0718269694  -0.0726179567  -0.7505810685
0.0701909332  -0.0709354231  -0.7522082724
0.0685627928  -0.0692622826  -0.7538276366
0.0669424930  -0.0675984643  -0.7554392197
0.0653299794  -0.0659438979  -0.7570430804
0.0637251977  -0.0642985128  -0.7586392773
0.0621280943  -0.0626622391  -0.7602278690
0.0605386159  -0.0610350068  -0.7618089141
0.0589567096  -0.0594167464  -0.7633824708
0.0573823229  -0.0578073889  -0.7649485973
0.0558154037  -0.0562068652  -0.7665073513
0.0542559004  -0.0546151071  -0.7680587902
0.0527037618  -0.0530320465  -0.7696029709
0.0511589370  -0.0514576160  -0.7711399496
0.0496213755  -0.0498917485  -0.7726697820
0.0480910273  -0.0483343774  -0.7741925229
0.0465678428  -0.0467854368  -0.7757082261
0.0450521015  -0.0452448796  -0.7772385260
0.0435439693  -0.0437126503  -0.7787941621
0.0420425455  -0.0421886363  -0.7803383192
0.0405475316  -0.0406727622  -0.7818805573
0.0390593211  -0.0391649908  -0.7834202636
0.0375778597  -0.0376652599  -0.7849567354
0.0361030949  -0.0361735082  -0.7864891799
0.0346349765  -0.0346896747  -0.7880167140
0.0331734567  -0.0332136995  -0.7895383646
0.0317184901  -0.0317455229  -0.7910530686
0.0302700340  -0.0302850860  -0.7925596727
0.0288280481  -0.0288323305  -0.7940569335
0.0273924952  -0.0273871985  -0.7955435175
0.0259633408  -0.0259496325  -0.7970180012
0.0245405532  -0.0245195758  -0.7984788707
0.0231241037  -0.0230969717  -0.7999245224
0.0217139668  -0.0216817643  -0.8013532622
0.0203101198  -0.0202738979  -0.8027633063
0.0189125429  -0.0188733172  -0.8041527804
0.0175212197  -0.0174799671  -0.8055197203
0.0161361363  -0.0160937930  -0.8068620718
0.0147572819  -0.0147147406  -0.8081776905
0.0133846482  -0.0133427559  -0.8094643416
0.0120182298  -0.0119777851  -0.8107197008
0.0106580234  -0.0106197749  -0.8119413531
0.0093040281  -0.0092686724  -0.8131267939
0.0079562450  -0.0079244248  -0.8142734280
0.0066146767  -0.0065869799  -0.8153785706
0.0052793271  -0.0052562860  -0.8164394463
0.0039502012  -0.0039322918  -0.8174531901
0.0026273044  -0.0026149465  -0.8184168465
0.0013106419  -0.0013041998  -0.8193273700
0.0013101810  -0.0013041952  -0.8193273700
