0.268667
0.4577798276  -0.4780891591   0.0000159729
0.4577798276  -0.4780891591   0.0000159729
0.4577823029  -0.4780917128   0.0000144728
0.4577828043  -0.4780912209   0.0000094071
0.4577799890  -0.4780863401   0.0000006878
0.4577734031  -0.4780766838  -0.0000117730
0.4577628511  -0.4780620825  -0.0000280635
0.4577482115  -0.4780424280  -0.0000482719
0.4577293907  -0.4780176351  -0.0000724865
0.4577063072  -0.4779876278  -0.0001007958
0.4576788856  -0.4779523343  -0.0001332885
0.4576470534  -0.4779116845  -0.0001700531
0.4576107394  -0.4778656091  -0.0002111786
0.4575698732  -0.4778140382  -0.0002567539
0.4575243842  -0.4777569016  -0.0003068679
0.4574742016  -0.4776941281  -0.0003616099
0.4574192544  -0.4776256455  -0.0004210692
0.4573594707  -0.4775513806  -0.0004853352
0.4572947782  -0.4774712589  -0.0005544973
0.4572251037  -0.4773852048  -0.0006286452
0.4571503733  -0.4772931413  -0.0007078688
0.4570705121  -0.4771949902  -0.0007922577
0.4569854446  -0.4770906719  -0.0008819021
0.4568950942  -0.4769801056  -0.0009768920
0.4567993835  -0.4768632091  -0.0010773176
0.4566982342  -0.4767398987  -0.0011832693
0.4565915670  -0.4766100896  -0.0012948375
0.4564793015  -0.4764736955  -0.0014121127
0.4563613566  -0.4763306287  -0.0015351858
0.4562376500  -0.4761808002  -0.0016641474
0.4561080985  -0.4760241196  -0.0017990885
0.4559726180  -0.4758604951  -0.0019401001
0.4558311219  -0.4756897889  -0.0020875034
0.4556835253  -0.4755119474  -0.0022411739
0.4555297424  -0.4753269362  -0.0024011197
0.4553696838  -0.4751346256  -0.0025674337
0.4552032595  -0.4749348993  -0.0027402064
0.4550303788  -0.4747276528  -0.0029195284
0.4548509501  -0.4745127822  -0.0031054915
0.4546648808  -0.4742901828  -0.0032981888
0.4544720769  -0.4740597487  -0.0034977149
0.4542724436  -0.4738213731  -0.0037041655
0.4540658850  -0.4735749476  -0.0039176374
0.4538523039  -0.4733203630  -0.0041382288
0.4536316020  -0.4730575087  -0.0043660388
0.4534036802  -0.4727862727  -0.0046011679
0.4531684378  -0.4725065423  -0.0048437178
0.4529257733  -0.4722182033  -0.0050937911
0.4526755839  -0.4719211406  -0.0053514919
0.4524177656  -0.4716152379  -0.0056169254
0.4521522134  -0.4713003778  -0.0058901978
0.4518788210  -0.4709764419  -0.0061714168
0.4515974810  -0.4706433109  -0.0064606910
0.4513080848  -0.4703008644  -0.0067581302
0.4510105225  -0.4699489809  -0.0070638455
0.4507046832  -0.4695875381  -0.0073779491
0.4503904547  -0.4692164129  -0.0077005545
0.4500677236  -0.4688354810  -0.0080317762
0.4497363754  -0.4684446175  -0.0083717302
0.4493962941  -0.4680436964  -0.0087205332
0.4490473629  -0.4676325910  -0.0090783036
0.4486894634  -0.4672111739  -0.0094451608
0.4483224764  -0.4667793168  -0.0098212254
0.4479462810  -0.4663368772  -0.0102066191
0.4475607554  -0.4658837204  -0.0106014650
0.4471657764  -0.4654197443  -0.0110058874
0.4467612198  -0.4649448319  -0.0114200114
0.4463469601  -0.4644588412  -0.0118439639
0.4459228706  -0.4639616343  -0.0122778726
0.4454888232  -0.4634530768  -0.0127218665
0.4450446889  -0.4629330346  -0.0131760759
0.4445903372  -0.4624013729  -0.0136406322
0.4441256364  -0.4618579563  -0.0141156680
0.4436504538  -0.4613026489  -0.0146013171
0.4431646553  -0.4607353142  -0.0150977145
0.4426681056  -0.4601558148  -0.0156049965
0.4421606684  -0.4595640129  -0.0161233004
0.4416422060  -0.4589597699  -0.0166527647
0.4411125803  -0.4583429475  -0.0171935293
0.4405716533  -0.4577134083  -0.0177457349
0.4400192853  -0.4570710142  -0.0183095238
0.4394553346  -0.4564156244  -0.0188850389
0.4388796582  -0.4557470980  -0.0194724248
0.4382921117  -0.4550652935  -0.0200718268
0.4376925501  -0.4543700689  -0.0206833916
0.4370808268  -0.4536612820  -0.0213072667
0.4364567943  -0.4529387900  -0.0219436010
0.4358203039  -0.4522024499  -0.0225925442
0.4351712059  -0.4514521184  -0.0232542473
0.4345093495  -0.4506876517  -0.0239288621
0.4338345829  -0.4499089064  -0.0246165417
0.4331467531  -0.4491157387  -0.0253174399
0.4324457062  -0.4483080051  -0.0260317118
0.4317312874  -0.4474855618  -0.0267595132
0.4310033407  -0.4466482657  -0.0275010011
0.4302617094  -0.4457959788  -0.0282563330
0.4295062357  -0.4449285714  -0.0290256677
0.4287367609  -0.4440459052  -0.0298091647
0.4279531257  -0.4431478075  -0.0306069845
0.4271551701  -0.4422340829  -0.0314192887
0.4263427328  -0.4413045529  -0.0322462397
0.4255156517  -0.4403590724  -0.0330880007
0.4246737641  -0.4393975214  -0.0339447351
0.4238169065  -0.4384197932  -0.0348166068
0.4229449149  -0.4374257858  -0.0357037804
0.4220576248  -0.4364153957  -0.0366064211
0.4211548710  -0.4353885143  -0.0375246953
0.4202364880  -0.4343450281  -0.0384587707
0.4193023098  -0.4332848186  -0.0394088159
0.4183521700  -0.4322077627  -0.0403749996
0.4173859016  -0.4311137326  -0.0413574905
0.4164033374  -0.4300025967  -0.0423564577
0.4154043100  -0.4288742196  -0.0433720704
0.4143886515  -0.4277284608  -0.0444044976
0.4133561941  -0.4265651755  -0.0454539085
0.4123067696  -0.4253842158  -0.0465204717
0.4112402100  -0.4241854313  -0.0476043559
0.4101563471  -0.4229686706  -0.0487057291
0.4090550130  -0.4217337820  -0.0498247592
0.4079360399  -0.4204806153  -0.0509616131
0.4067992602  -0.4192090201  -0.0521164573
0.4056445068  -0.4179188446  -0.0532894574
0.4044716128  -0.4166099382  -0.0544807779
0.4032804121  -0.4152821540  -0.0556905823
0.4020707389  -0.4139353489  -0.0569190328
0.4008424286  -0.4125693850  -0.0581662904
0.3995953170  -0.4111841044  -0.0594325135
0.3983292396  -0.4097792353  -0.0607178544
0.3970440318  -0.4083544953  -0.0620224596
0.3957395341  -0.4069100452  -0.0633464878
0.3944155972  -0.4054464744  -0.0646901210
0.3930720743  -0.4039640706  -0.0660535462
0.3917088118  -0.4024625187  -0.0674369340
0.3903256496  -0.4009412941  -0.0688404377
0.3889224269  -0.3993999562  -0.0702641983
0.3874989869  -0.3978381875  -0.0717083474
0.3860551767  -0.3962558029  -0.0731730098
0.3845908529  -0.3946527348  -0.0746583056
0.3831059056  -0.3930290138  -0.0761643507
0.3816002321  -0.3913846999  -0.0776912560
0.3800737077  -0.3897198340  -0.0792391277
0.3785262066  -0.3880344685  -0.0808080680
0.3769576068  -0.3863286724  -0.0823981818
0.3753677909  -0.3846025309  -0.0840095793
0.3737566451  -0.3828561441  -0.0856423668
0.3721240587  -0.3810896259  -0.0872966403
0.3704699245  -0.3793031024  -0.0889724863
0.3687941391  -0.3774967105  -0.0906699819
0.3670966035  -0.3756705965  -0.0923891946
0.3653772234  -0.3738249146  -0.0941301860
0.3636359098  -0.3719598257  -0.0958930241
0.3618725797  -0.3700754961  -0.0976777774
0.3600871529  -0.3681720961  -0.0994844893
0.3582795514  -0.3662497979  -0.1013131680
0.3564497017  -0.3643087736  -0.1031638033
0.3545975365  -0.3623491936  -0.1050363694
0.3527229920  -0.3603712250  -0.1069307839
0.3508260112  -0.3583750273  -0.1088469729
0.3489064883  -0.3563607247  -0.1107840704
0.3469641102  -0.3543283702  -0.1127386760
0.3449986967  -0.3522780412  -0.1147091310
0.3430109528  -0.3502101847  -0.1167004760
0.3410018799  -0.3481254694  -0.1187191955
0.3389717038  -0.3460243490  -0.1207685612
0.3369201140  -0.3439070564  -0.1228499551
0.3348467714  -0.3417736902  -0.1249636830
0.3327513820  -0.3396242507  -0.1271090537
0.3306337166  -0.3374586675  -0.1292850345
0.3284936534  -0.3352768321  -0.1314906472
0.3263311292  -0.3330786050  -0.1337248435
0.3241460876  -0.3308638072  -0.1359864910
0.3219384713  -0.3286322197  -0.1382743830
0.3197082202  -0.3263835844  -0.1405872439
0.3174553242  -0.3241176714  -0.1429237350
0.3151801360  -0.3218346601  -0.1452824589
0.3128830314  -0.3195347128  -0.1476619654
0.3105640190  -0.3172175070  -0.1500607565
0.3082230034  -0.3148825773  -0.1524772923
0.3058598521  -0.3125294044  -0.1549099956
0.3034743895  -0.3101574159  -0.1573572575
0.3010663878  -0.3077659836  -0.1598174426
0.2986358442  -0.3053547517  -0.1622888934
0.2961832873  -0.3029239781  -0.1647699362
0.2937087201  -0.3004733116  -0.1672588854
0.2912111711  -0.2980013221  -0.1697540491
0.2886893434  -0.2955062960  -0.1722537339
0.2861424890  -0.2929872153  -0.1747562504
0.2835693826  -0.2904426193  -0.1772599171
0.2809665891  -0.2878687434  -0.1797630663
0.2783352976  -0.2852665667  -0.1822640511
0.2756241920  -0.2825849582  -0.1847612616
0.2727045715  -0.2796958672  -0.1872531315
0.2697145402  -0.2767383798  -0.1897381014
0.2669021099  -0.2739597140  -0.1922145868
0.2642765788  -0.2713666251  -0.1946810118
0.2617806205  -0.2689000079  -0.1971358588
0.2593778302  -0.2665225883  -0.1995776807
0.2570308092  -0.2641965248  -0.2020050991
0.2547066494  -0.2618887472  -0.2044168067
0.2524007202  -0.2595945615  -0.2068115676
0.2501123835  -0.2573132315  -0.2091882184
0.2478411846  -0.2550442175  -0.2115456728
0.2455868792  -0.2527872258  -0.2138829272
0.2433493346  -0.2505421095  -0.2161990656
0.2411284354  -0.2483087724  -0.2184932640
0.2389240724  -0.2460871564  -0.2207647873
0.2367361408  -0.2438772378  -0.2230129879
0.2345645410  -0.2416790248  -0.2252373183
0.2324091801  -0.2394925552  -0.2274373418
0.2302699705  -0.2373178930  -0.2296127371
0.2281468286  -0.2351551244  -0.2317633046
0.2260396734  -0.2330043547  -0.2338889729
0.2239484256  -0.2308657041  -0.2359897997
0.2218730044  -0.2287393031  -0.2380659640
0.2198133268  -0.2266252900  -0.2401177729
0.2177693123  -0.2245238095  -0.2421456945
0.2157408849  -0.2224350120  -0.2441503811
0.2137279690  -0.2203590490  -0.2461326663
0.2117304861  -0.2182960693  -0.2480935743
0.2097483604  -0.2162462193  -0.2500343799
0.2077815130  -0.2142096404  -0.2519565618
0.2058299534  -0.2121865229  -0.2538627497
0.2038940473  -0.2101772435  -0.2557590742
0.2019740714  -0.2081821155  -0.2576511617
0.2000692230  -0.2062008608  -0.2595378985
0.1981781515  -0.2042328800  -0.2614152395
0.1963002179  -0.2022779001  -0.2632808837
0.1944354114  -0.2003359503  -0.2651335563
0.1925838032  -0.1984070997  -0.2669725402
0.1907454572  -0.1964914119  -0.2687978525
0.1889204012  -0.1945889288  -0.2706097627
0.1871085681  -0.1926996410  -0.2724084208
0.1853098366  -0.1908235057  -0.2741939628
0.1835240800  -0.1889604685  -0.2759665281
0.1817511717  -0.1871104678  -0.2777262563
0.1799909859  -0.1852734345  -0.2794732860
0.1782433978  -0.1834492934  -0.2812077559
0.1765082839  -0.1816379636  -0.2829298040
0.1747855217  -0.1798393589  -0.2846395674
0.1730749902  -0.1780533882  -0.2863371825
0.1713765696  -0.1762799560  -0.2880227839
0.1696901410  -0.1745189626  -0.2896965047
0.1680155872  -0.1727703050  -0.2913584759
0.1663527919  -0.1710338772  -0.2930088262
0.1647016403  -0.1693095711  -0.2946476819
0.1630620188  -0.1675972770  -0.2962751665
0.1614338148  -0.1658968839  -0.2978914006
0.1598169174  -0.1642082789  -0.2994965015
0.1582112167  -0.1625313487  -0.3010905826
0.1566166041  -0.1608659794  -0.3026737539
0.1550329722  -0.1592120572  -0.3042461208
0.1534602147  -0.1575694689  -0.3058077846
0.1518982268  -0.1559380968  -0.3073588402
0.1503469039  -0.1543177976  -0.3088993675
0.1488061418  -0.1527084127  -0.3104294276
0.1472758383  -0.1511098513  -0.3119490845
0.1457558960  -0.1495221207  -0.3134584310
0.1442462204  -0.1479452268  -0.3149575799
0.1427467168  -0.1463791061  -0.3164466424
0.1412572894  -0.1448236568  -0.3179257228
0.1397778428  -0.1432787725  -0.3193949202
0.1383082823  -0.1417443490  -0.3208543292
0.1368485145  -0.1402202893  -0.3223040415
0.1353984474  -0.1387065053  -0.3237441479
0.1339579899  -0.1372029131  -0.3251747382
0.1325270525  -0.1357094304  -0.3265959010
0.1311055464  -0.1342259762  -0.3280077242
0.1296933838  -0.1327524706  -0.3294102945
0.1282904780  -0.1312888347  -0.3308036977
0.1268967432  -0.1298349906  -0.3321880184
0.1255120947  -0.1283908613  -0.3335633404
0.1241364486  -0.1269563706  -0.3349297465
0.1227697220  -0.1255314430  -0.3362873186
0.1214118330  -0.1241160038  -0.3376361376
0.1200627005  -0.1227099785  -0.3389762835
0.1187222444  -0.1213132935  -0.3403078354
0.1173903854  -0.1199258754  -0.3416308716
0.1160670452  -0.1185476510  -0.3429454694
0.1147521463  -0.1171785475  -0.3442517054
0.1134456120  -0.1158184923  -0.3455496552
0.1121473666  -0.1144674128  -0.3468393935
0.1108573351  -0.1131252364  -0.3481209946
0.1095754434  -0.1117918906  -0.3493945315
0.1083016182  -0.1104673026  -0.3506600767
0.1070357871  -0.1091513987  -0.3519177018
0.1057778783  -0.1078441036  -0.3531674779
0.1045278209  -0.1065453412  -0.3544094751
0.1032855449  -0.1052550381  -0.3556437630
0.1020509808  -0.1039731241  -0.3568704101
0.1008240600  -0.1026995307  -0.3580894841
0.0996047147  -0.1014341900  -0.3593010522
0.0983928779  -0.1001770340  -0.3605051807
0.0971884831  -0.0989279950  -0.3617019350
0.0959914647  -0.0976870054  -0.3628913802
0.0948017578  -0.0964539981  -0.3640735804
0.0936192982  -0.0952289066  -0.3652485990
0.0924440223  -0.0940116647  -0.3664164990
0.0912758673  -0.0928022070  -0.3675773424
0.0901147710  -0.0916004685  -0.3687311907
0.0889606720  -0.0904063846  -0.3698781047
0.0878135094  -0.0892198914  -0.3710181445
0.0866732231  -0.0880409254  -0.3721513696
0.0855397535  -0.0868694237  -0.3732778389
0.0844130418  -0.0857053238  -0.3743976107
0.0832930298  -0.0845485634  -0.3755107424
0.0821796597  -0.0833990796  -0.3766172911
0.0810728746  -0.0822568114  -0.3777173132
0.0799726182  -0.0811217004  -0.3788108644
0.0788788345  -0.0799936887  -0.3798979999
0.0777914684  -0.0788727168  -0.3809787743
0.0767104653  -0.0777587255  -0.3820532416
0.0756357712  -0.0766516562  -0.3831214553
0.0745673326  -0.0755514508  -0.3841834683
0.0735050965  -0.0744580517  -0.3852393328
0.0724490107  -0.0733714018  -0.3862891006
0.0713990234  -0.0722914443  -0.3873328229
0.0703550833  -0.0712181232  -0.3883705505
0.0693171397  -0.0701513828  -0.3894023334
0.0682851424  -0.0690911678  -0.3904282213
0.0672590419  -0.0680374236  -0.3914482633
0.0662387890  -0.0669900961  -0.3924625080
0.0652243351  -0.0659491314  -0.3934710035
0.0642156320  -0.0649144765  -0.3944737974
0.0632126322  -0.0638860787  -0.3954709366
0.0622152886  -0.0628638857  -0.3964624680
0.0612235545  -0.0618478460  -0.3974484374
0.0602373839  -0.0608379082  -0.3984288907
0.0592567310  -0.0598340216  -0.3994038729
0.0582815507  -0.0588361361  -0.4003734288
0.0573117983  -0.0578442018  -0.4013376026
0.0563474295  -0.0568581696  -0.4022964381
0.0553884005  -0.0558779905  -0.4032499785
0.0544346680  -0.0549036163  -0.4041982669
0.0534861890  -0.0539349991  -0.4051413456
0.0525429211  -0.0529720913  -0.4060792567
0.0516048223  -0.0520148461  -0.4070120417
0.0506718510  -0.0510632218  -0.4079397432
0.0497439660  -0.0501171788  -0.4088624052
0.0488211266  -0.0491766594  -0.4097800668
0.0479032923  -0.0482416031  -0.4106927632
0.0469904230  -0.0473119715  -0.4116005321
0.0460824793  -0.0463877281  -0.4125034129
0.0451794222  -0.0454688293  -0.4134014439
0.0442812129  -0.0445552321  -0.4142946629
0.0433878130  -0.0436468936  -0.4151831076
0.0424991847  -0.0427437714  -0.4160668156
0.0416152903  -0.0418458232  -0.4169458238
0.0407360926  -0.0409530072  -0.4178201693
0.0398615549  -0.0400652819  -0.4186898888
0.0389916406  -0.0391826061  -0.4195550187
0.0381263137  -0.0383049388  -0.4204155953
0.0372655384  -0.0374322395  -0.4212716546
0.0364092793  -0.0365644680  -0.4221232326
0.0355575015  -0.0357015842  -0.4229703648
0.0347101701  -0.0348435486  -0.4238130866
0.0338672510  -0.0339903219  -0.4246514333
0.0330287099  -0.0331418650  -0.4254854399
0.0321945134  -0.0322981394  -0.4263151410
0.0313646279  -0.0314591067  -0.4271405713
0.0305390206  -0.0306247289  -0.4279617649
0.0297176586  -0.0297949684  -0.4287787559
0.0289005096  -0.0289697879  -0.4295915780
0.0280875415  -0.0281491504  -0.4304002644
0.0272787226  -0.0273330193  -0.4312048484
0.0264740214  -0.0265213583  -0.4320053625
0.0256734068  -0.0257141315  -0.4328018392
0.0248768479  -0.0249113034  -0.4335943102
0.0240843142  -0.0241128386  -0.4343828072
0.0232958628  -0.0233187058  -0.4351784772
0.0225115208  -0.0225288724  -0.4359868547
0.0217310321  -0.0217432947  -0.4367889857
0.0209543007  -0.0209619368  -0.4375897989
0.0201814147  -0.0201847700  -0.4383889839
0.0194123435  -0.0194117613  -0.4391861843
0.0186470570  -0.0186428779  -0.4399809971
0.0178855259  -0.0178780875  -0.4407729732
0.0171277219  -0.0171173579  -0.4415616171
0.0163736173  -0.0163606575  -0.4423463868
0.0156231852  -0.0156079548  -0.4431266941
0.0148763999  -0.0148592188  -0.4439019044
0.0141332362  -0.0141144187  -0.4446713370
0.0133936700  -0.0133735240  -0.4454342646
0.0126576783  -0.0126365045  -0.4461899137
0.0119252387  -0.0119033303  -0.4469374643
0.0111963299  -0.0111739717  -0.4476760502
0.0104709317  -0.0104483996  -0.4484047590
0.0097490247  -0.0097265846  -0.4491226317
0.0090305903  -0.0090084981  -0.4498286631
0.0083156111  -0.0082941114  -0.4505218016
0.0076040703  -0.0075833962  -0.4512009495
0.0068959523  -0.0068763245  -0.4518649623
0.0061912420  -0.0061728685  -0.4525126497
0.0054899254  -0.0054730004  -0.4531427747
0.0047919888  -0.0047766931  -0.4537540541
0.0040974196  -0.0040839195  -0.4543451583
0.0034062054  -0.0033946527  -0.4549147115
0.0027183345  -0.0027088662  -0.4554612914
0.0020337954  -0.0020265336  -0.4559834295
0.0013525770  -0.0013476289  -0.4564796109
0.0006746682  -0.0006721264  -0.4569482743
0.0006745460  -0.0006721254  -0.4569482743
