0.122795
1.4708770307  -1.9007230373   0.0000823969
1.4708770307  -1.9007230373   0.0000823969
1.4708864422  -1.9007317144   0.0000696966
1.4708839410  -1.9007012228   0.0000357895
1.4708629682  -1.9006230199  -0.0000199510
1.4708196734  -1.9004904327  -0.0000981421
1.4707525491  -1.9003010781  -0.0001993913
1.4706607168  -1.9000537046  -0.0003242968
1.4705435375  -1.8997474846  -0.0004734472
1.4704004814  -1.8993817785  -0.0006474216
1.4702310752  -1.8989560375  -0.0008467896
1.4700348768  -1.8984697587  -0.0010721113
1.4698114630  -1.8979224622  -0.0013239374
1.4695604224  -1.8973136785  -0.0016028090
1.4692813516  -1.8966429414  -0.0019092578
1.4689738524  -1.8959097839  -0.0022438058
1.4686375306  -1.8951137361  -0.0026069658
1.4682719952  -1.8942543237  -0.0029992408
1.4678768576  -1.8933310675  -0.0034211245
1.4674517314  -1.8923434836  -0.0038731010
1.4669962321  -1.8912910833  -0.0043556450
1.4665099775  -1.8901733737  -0.0048692217
1.4659925869  -1.8889898583  -0.0054142867
1.4654436819  -1.8877400378  -0.0059912862
1.4648628862  -1.8864234107  -0.0066006567
1.4642498258  -1.8850394746  -0.0072428256
1.4636041290  -1.8835877268  -0.0079182104
1.4629254267  -1.8820676656  -0.0086272194
1.4622133529  -1.8804787911  -0.0093702511
1.4614675441  -1.8788206066  -0.0101476948
1.4606876403  -1.8770926194  -0.0109599302
1.4598732849  -1.8752943423  -0.0118073274
1.4590241211  -1.8734244260  -0.0126915382
1.4581398046  -1.8714831898  -0.0136117570
1.4572199915  -1.8694712622  -0.0145679132
1.4562643303  -1.8673875403  -0.0155603100
1.4552724804  -1.8652313167  -0.0165892505
1.4542441091  -1.8630020865  -0.0176550532
1.4531788891  -1.8606993890  -0.0187580310
1.4520764983  -1.8583227953  -0.0198984940
1.4509366200  -1.8558718992  -0.0210767476
1.4497589436  -1.8533463170  -0.0222930927
1.4485431644  -1.8507456868  -0.0235478246
1.4472889842  -1.8480696701  -0.0248412327
1.4459961109  -1.8453179523  -0.0261736000
1.4446642596  -1.8424902436  -0.0275452030
1.4432931520  -1.8395862804  -0.0289563112
1.4418825170  -1.8366058259  -0.0304071871
1.4404320908  -1.8335486709  -0.0318980858
1.4389416173  -1.8304146349  -0.0334292547
1.4374108479  -1.8272035669  -0.0350009336
1.4358395419  -1.8239153462  -0.0366133543
1.4342274668  -1.8205498828  -0.0382667406
1.4325743981  -1.8171071185  -0.0399613077
1.4308801199  -1.8135870274  -0.0416972628
1.4291444247  -1.8099896162  -0.0434748040
1.4273671136  -1.8063149248  -0.0452941211
1.4255479966  -1.8025630272  -0.0471553948
1.4236868927  -1.7987340315  -0.0490587976
1.4217836299  -1.7948280804  -0.0510044941
1.4198380455  -1.7908453505  -0.0529926410
1.4178499859  -1.7867860525  -0.0550233848
1.4158193066  -1.7826504318  -0.0570968622
1.4137458724  -1.7784385554  -0.0592131996
1.4116295566  -1.7741506617  -0.0613725135
1.4094702427  -1.7697875246  -0.0635749099
1.4072678264  -1.7653497181  -0.0658204849
1.4050222119  -1.7608375052  -0.0681093246
1.4027333111  -1.7562512688  -0.0704415049
1.4004010461  -1.7515914750  -0.0728170917
1.3980253485  -1.7468586299  -0.0752361407
1.3956061597  -1.7420532734  -0.0776986978
1.3931434308  -1.7371759765  -0.0802047987
1.3906371223  -1.7322273395  -0.0827544693
1.3880872044  -1.7272079925  -0.0853477259
1.3854936567  -1.7221185948  -0.0879845750
1.3828564682  -1.7169598344  -0.0906650138
1.3801756374  -1.7117324266  -0.0933890298
1.3774511722  -1.7064371134  -0.0961566020
1.3746830898  -1.7010746624  -0.0989676997
1.3718714164  -1.6956458672  -0.1018222838
1.3690161875  -1.6901515464  -0.1047203065
1.3661174475  -1.6845925437  -0.1076617115
1.3631752500  -1.6789697261  -0.1106464340
1.3601896572  -1.6732839838  -0.1136744014
1.3571607399  -1.6675362296  -0.1167455332
1.3540885779  -1.6617273975  -0.1198597409
1.3509732592  -1.6558584425  -0.1230169289
1.3478148802  -1.6499303394  -0.1262169943
1.3446135460  -1.6439440826  -0.1294598297
1.3413694018  -1.6379007500  -0.1327453261
1.3380826415  -1.6318015245  -0.1360733702
1.3347534354  -1.6256475481  -0.1394438409
1.3313819181  -1.6194398938  -0.1428566095
1.3279682283  -1.6131796331  -0.1463115398
1.3245125094  -1.6068678341  -0.1498084887
1.3210149095  -1.6005055890  -0.1533473057
1.3174755813  -1.5940940240  -0.1569278335
1.3138946821  -1.5876342722  -0.1605499077
1.3102723738  -1.5811274627  -0.1642133570
1.3066088225  -1.5745747300  -0.1679180035
1.3029041988  -1.5679772317  -0.1716636621
1.2991586775  -1.5613361524  -0.1754501414
1.2953724379  -1.5546526062  -0.1792772436
1.2915456628  -1.5479275360  -0.1831447649
1.2876785384  -1.5411618496  -0.1870524962
1.2837712552  -1.5343566421  -0.1910002216
1.2798240087  -1.5275131882  -0.1949877185
1.2758370000  -1.5206327954  -0.1990147580
1.2718104345  -1.5137167408  -0.2030811056
1.2677445222  -1.5067662735  -0.2071865214
1.2636394773  -1.4997826160  -0.2113307612
1.2594955188  -1.4927669621  -0.2155135773
1.2553128700  -1.4857204780  -0.2197347176
1.2510917587  -1.4786443043  -0.2239939255
1.2468324167  -1.4715395555  -0.2282909389
1.2425350807  -1.4644073208  -0.2326254911
1.2381999919  -1.4572486646  -0.2369973101
1.2338273965  -1.4500646281  -0.2414061192
1.2294175459  -1.4428562308  -0.2458516366
1.2249707010  -1.4356244791  -0.2503335752
1.2204872790  -1.4283706159  -0.2548516420
1.2159677893  -1.4210960085  -0.2594055366
1.2114126186  -1.4138017835  -0.2639949509
1.2068220858  -1.4064889234  -0.2686195707
1.2021965120  -1.3991583894  -0.2732790763
1.1975362205  -1.3918111267  -0.2779731416
1.1928415376  -1.3844480670  -0.2827014353
1.1881127930  -1.3770701296  -0.2874636233
1.1833503192  -1.3696782246  -0.2922593667
1.1785544502  -1.3622732559  -0.2970883161
1.1737255207  -1.3548561236  -0.3019501097
1.1688638674  -1.3474277260  -0.3068443737
1.1639698273  -1.3399889767  -0.3117707111
1.1590437389  -1.3325407825  -0.3167287077
1.1540859561  -1.3250839189  -0.3217179999
1.1490968562  -1.3176190887  -0.3267382956
1.1440768118  -1.3101472281  -0.3317892692
1.1390261652  -1.3026694987  -0.3368704967
1.1339452476  -1.2951869830  -0.3419815090
1.1288344080  -1.2877006175  -0.3471218438
1.1236940161  -1.2802112996  -0.3522910580
1.1185244543  -1.2727199385  -0.3574887184
1.1133261531  -1.2652276295  -0.3627143887
1.1080995794  -1.2577355545  -0.3679676281
1.1028451783  -1.2502447320  -0.3732479945
1.0975633827  -1.2427560994  -0.3785550449
1.0922546299  -1.2352705884  -0.3838883359
1.0869193616  -1.2277891249  -0.3892474246
1.0815580254  -1.2203126285  -0.3946318765
1.0761710776  -1.2128420119  -0.4000412765
1.0707589799  -1.2053781802  -0.4054752192
1.0653221927  -1.1979220298  -0.4109332928
1.0598611726  -1.1904744449  -0.4164150728
1.0543763766  -1.1830362941  -0.4219201249
1.0488682675  -1.1756084280  -0.4274480196
1.0433373184  -1.1681916793  -0.4329983467
1.0377840068  -1.1607868614  -0.4385706942
1.0322088004  -1.1533947642  -0.4441646110
1.0266122258  -1.1460163005  -0.4497796158
1.0209949279  -1.1386526440  -0.4554152257
1.0153574177  -1.1313047044  -0.4610709132
1.0096999939  -1.1239729522  -0.4667460572
1.0040229012  -1.1166577567  -0.4724398820
0.9983263022  -1.1093593348  -0.4781512583
0.9926096565  -1.1020775264  -0.4838760419
0.9868730306  -1.0948124871  -0.4896133309
0.9811197909  -1.0875659236  -0.4953724028
0.9753530993  -1.0803398043  -0.5011601925
0.9695717183  -1.0731343614  -0.5069755229
0.9637732064  -1.0659488164  -0.5128163129
0.9579567789  -1.0587825872  -0.5186812336
0.9521228868  -1.0516359189  -0.5245689795
0.9462724758  -1.0445095843  -0.5304781843
0.9404061494  -1.0374037249  -0.5364074237
0.9345241862  -1.0303179201  -0.5423552206
0.9286268551  -1.0232516626  -0.5483200506
0.9227144192  -1.0162043745  -0.5543003483
0.9167871330  -1.0091754124  -0.5602945121
0.9108452385  -1.0021640728  -0.5663009091
0.9048889637  -0.9951696021  -0.5723178803
0.8989189967  -0.9881919086  -0.5783437444
0.8929363595  -0.9812313169  -0.5843768025
0.8869416092  -0.9742873725  -0.5904153427
0.8809349296  -0.9673590555  -0.5964576443
0.8749164272  -0.9604452633  -0.6025019827
0.8688861141  -0.9535448145  -0.6085466334
0.8628446324  -0.9466574422  -0.6145898750
0.8567930842  -0.9397835193  -0.6206299934
0.8507313469  -0.9329218265  -0.6266652859
0.8446579751  -0.9260695947  -0.6326940643
0.8385721318  -0.9192250627  -0.6387146557
0.8324734986  -0.9123872545  -0.6447254061
0.8263588437  -0.9055519381  -0.6507246914
0.8202234845  -0.8987137010  -0.6567109250
0.8140578715  -0.8918624910  -0.6626825652
0.8078411934  -0.8849769362  -0.6686381490
0.8013928662  -0.8778781984  -0.6745762938
0.7949829790  -0.8708391317  -0.6804955510
0.7889761706  -0.8642200930  -0.6863943233
0.7831658233  -0.8578071268  -0.6922710629
0.7773958144  -0.8514408114  -0.6981244346
0.7716513086  -0.8451044994  -0.7039532517
0.7659319247  -0.8387965272  -0.7097563955
0.7602374916  -0.8325157264  -0.7155328019
0.7545678431  -0.8262610431  -0.7212814748
0.7489228320  -0.8200315237  -0.7270015015
0.7433023321  -0.8138263146  -0.7326920593
0.7377062348  -0.8076446616  -0.7383524175
0.7321344466  -0.8014859089  -0.7439819414
0.7265868877  -0.7953494961  -0.7495800964
0.7210634913  -0.7892349553  -0.7551464520
0.7155641996  -0.7831419079  -0.7606806774
0.7100889580  -0.7770700605  -0.7661825304
0.7046377161  -0.7710191997  -0.7716518666
0.6992104342  -0.7649891853  -0.7770886553
0.6938070842  -0.7589799462  -0.7824929872
0.6884276457  -0.7529914762  -0.7878650781
0.6830720999  -0.7470238292  -0.7932052624
0.6777404217  -0.7410771135  -0.7985139775
0.6724325839  -0.7351514849  -0.8037917854
0.6671485738  -0.7292471402  -0.8090394196
0.6618883931  -0.7233643127  -0.8142577923
0.6566520406  -0.7175032693  -0.8194479768
0.6514395186  -0.7116643049  -0.8246112669
0.6462508584  -0.7058477398  -0.8297492590
0.6410861406  -0.7000539243  -0.8348639703
0.6359455547  -0.6942832776  -0.8399581487
0.6308301856  -0.6885363541  -0.8450385545
0.6257406509  -0.6828136178  -0.8501098070
0.6206737082  -0.6771149972  -0.8551652913
0.6156254231  -0.6714400497  -0.8601981212
0.6105960360  -0.6657885413  -0.8652082442
0.6055874072  -0.6601605103  -0.8701965589
0.6006001206  -0.6545560213  -0.8751632871
0.5956341003  -0.6489750935  -0.8801085747
0.5906892150  -0.6434177230  -0.8850325693
0.5857653342  -0.6378838911  -0.8899354209
0.5808623293  -0.6323735648  -0.8948172813
0.5759800728  -0.6268866970  -0.8996783035
0.5711184386  -0.6214232272  -0.9045186412
0.5662773018  -0.6159830817  -0.9093384487
0.5614565386  -0.6105661748  -0.9141378797
0.5566560268  -0.6051724092  -0.9189170875
0.5518756449  -0.5998016774  -0.9236762240
0.5471152731  -0.5944538620  -0.9284154396
0.5423747925  -0.5891288374  -0.9331348827
0.5376540855  -0.5838264703  -0.9378346986
0.5329530355  -0.5785466209  -0.9425150292
0.5282715273  -0.5732891441  -0.9471760123
0.5236094468  -0.5680538910  -0.9518177813
0.5189666811  -0.5628407096  -0.9564404647
0.5143431187  -0.5576494464  -0.9610441854
0.5097386492  -0.5524799465  -0.9656290598
0.5051531633  -0.5473320554  -0.9701951968
0.5005865529  -0.5422056201  -0.9747426977
0.4960387110  -0.5371004894  -0.9792716546
0.4915095315  -0.5320165140  -0.9837821483
0.4869989086  -0.5269535451  -0.9882742451
0.4825067334  -0.5219114159  -0.9927479768
0.4780328924  -0.5168899525  -0.9972033348
0.4735772870  -0.5118890876  -1.0016403517
0.4691398525  -0.5069088878  -1.0060591702
0.4647205333  -0.5019493623  -1.0104599638
0.4603192458  -0.4970103759  -1.0148428512
0.4559358861  -0.4920917725  -1.0192079172
0.4515703548  -0.4871934481  -1.0235552468
0.4472225619  -0.4823153279  -1.0278849270
0.4428924205  -0.4774573466  -1.0321970439
0.4385798452  -0.4726194461  -1.0364916825
0.4342847516  -0.4678015742  -1.0407689263
0.4300070565  -0.4630036849  -1.0450288580
0.4257466776  -0.4582257376  -1.0492715590
0.4215035337  -0.4534676971  -1.0534971095
0.4172775446  -0.4487295325  -1.0577055887
0.4130686309  -0.4440112174  -1.0618970748
0.4088767142  -0.4393127288  -1.0660716450
0.4047017172  -0.4346340470  -1.0702293755
0.4005435634  -0.4299751548  -1.0743703416
0.3964021769  -0.4253360372  -1.0784946177
0.3922774831  -0.4207166802  -1.0826022772
0.3881694078  -0.4161170707  -1.0866933929
0.3840778778  -0.4115371957  -1.0907680368
0.3800028207  -0.4069770418  -1.0948262801
0.3759441647  -0.4024365945  -1.0988681934
0.3719018388  -0.3979158376  -1.1028938465
0.3678757727  -0.3934147524  -1.1069033087
0.3638658968  -0.3889333172  -1.1108966488
0.3598721421  -0.3844715065  -1.1148739351
0.3558944402  -0.3800292895  -1.1188352355
0.3519327233  -0.3756066255  -1.1227806175
0.3479869245  -0.3712034589  -1.1267101487
0.3440569770  -0.3668197331  -1.1306238963
0.3401428147  -0.3624554184  -1.1345219269
0.3362443720  -0.3581105114  -1.1384043053
0.3323615836  -0.3537850071  -1.1422710954
0.3284943846  -0.3494788877  -1.1461223609
0.3246427110  -0.3451921308  -1.1499581654
0.3208064993  -0.3409247145  -1.1537785723
0.3169856861  -0.3366766173  -1.1575836442
0.3131802088  -0.3324478174  -1.1613734438
0.3093900048  -0.3282382930  -1.1651480329
0.3056150122  -0.3240480221  -1.1689074734
0.3018551692  -0.3198769825  -1.1726518264
0.2981104145  -0.3157251333  -1.1763811531
0.2943806870  -0.3115923980  -1.1800955143
0.2906659260  -0.3074787405  -1.1837949703
0.2869660714  -0.3033842231  -1.1874795811
0.2832810630  -0.2993088987  -1.1911494063
0.2796108412  -0.2952527432  -1.1948045054
0.2759553463  -0.2912157159  -1.1984449376
0.2723145192  -0.2871977849  -1.2020707620
0.2686883007  -0.2831989162  -1.2056820376
0.2650766320  -0.2792190740  -1.2092788230
0.2614794545  -0.2752582209  -1.2128611767
0.2578967097  -0.2713163181  -1.2164291571
0.2543283394  -0.2673933256  -1.2199828223
0.2507742855  -0.2634892030  -1.2235222302
0.2472344901  -0.2596039089  -1.2270474388
0.2437088954  -0.2557374019  -1.2305585057
0.2401974438  -0.2518896403  -1.2340554884
0.2367000778  -0.2480605822  -1.2375384444
0.2332167400  -0.2442501860  -1.2410074309
0.2297473732  -0.2404584103  -1.2444625051
0.2262919202  -0.2366852138  -1.2479037240
0.2228503241  -0.2329305556  -1.2513311445
0.2194225278  -0.2291943950  -1.2547448235
0.2160084745  -0.2254766918  -1.2581448177
0.2126081074  -0.2217774057  -1.2615311837
0.2092213697  -0.2180964969  -1.2649039781
0.2058482049  -0.2144339256  -1.2682632575
0.2024885562  -0.2107896520  -1.2716090783
0.1991423672  -0.2071636361  -1.2749414968
0.1958095812  -0.2035558378  -1.2782605695
0.1924901419  -0.1999662166  -1.2815663526
0.1891839927  -0.1963947316  -1.2848589025
0.1858910790  -0.1928415587  -1.2881382963
0.1826113482  -0.1893069416  -1.2914046351
0.1793447415  -0.1857903164  -1.2946579601
0.1760911930  -0.1822909756  -1.2978982571
0.1728506435  -0.1788091350  -1.3011255576
0.1696230414  -0.1753450975  -1.3043399209
0.1664083331  -0.1718988407  -1.3075413963
0.1632064628  -0.1684703370  -1.3107300347
0.1600173747  -0.1650595552  -1.3139058885
0.1568410129  -0.1616664601  -1.3170690121
0.1536773219  -0.1582910120  -1.3202194615
0.1505262457  -0.1549331671  -1.3233572949
0.1473877285  -0.1515928770  -1.3264825724
0.1442617142  -0.1482700886  -1.3295953563
0.1411481467  -0.1449647444  -1.3326957110
0.1380469700  -0.1416767825  -1.3357837030
0.1349581275  -0.1384061366  -1.3388594009
0.1318815628  -0.1351527362  -1.3419228753
0.1288172193  -0.1319165071  -1.3449741987
0.1257650401  -0.1286973712  -1.3480134455
0.1227249684  -0.1254952471  -1.3510406917
0.1196969470  -0.1223100503  -1.3540560148
0.1166809187  -0.1191416934  -1.3570594935
0.1136768261  -0.1159900863  -1.3600512076
0.1106846120  -0.1128551371  -1.3630312375
0.1077042185  -0.1097367517  -1.3659996642
0.1047355882  -0.1066348344  -1.3689565687
0.1017786633  -0.1035492884  -1.3719020317
0.0988333859  -0.1004800157  -1.3748361334
0.0958996982  -0.0974269177  -1.3777589527
0.0929775422  -0.0943898954  -1.3806705672
0.0900668599  -0.0913688499  -1.3835710522
0.0871688602  -0.0883638426  -1.3865026059
0.0842843109  -0.0853748584  -1.3894861690
0.0814098686  -0.0824013725  -1.3924498149
0.0785445113  -0.0794431824  -1.3954121695
0.0756898833  -0.0765004185  -1.3983719959
0.0728458996  -0.0735729873  -1.4013278808
0.0700124819  -0.0706607969  -1.4042782347
0.0671895590  -0.0677637570  -1.4072212916
0.0643770673  -0.0648817784  -1.4101551093
0.0615749512  -0.0620147731  -1.4130775691
0.0587831636  -0.0591626540  -1.4159863763
0.0560016661  -0.0563253344  -1.4188790595
0.0532304297  -0.0535027279  -1.4217529711
0.0504694347  -0.0506947482  -1.4246052871
0.0477186710  -0.0479013088  -1.4274330074
0.0449781388  -0.0451223224  -1.4302329554
0.0422478480  -0.0423577010  -1.4330017780
0.0395278189  -0.0396073554  -1.4357359460
0.0368180818  -0.0368711953  -1.4384317538
0.0341186771  -0.0341491285  -1.4410853194
0.0314296550  -0.0314410613  -1.4436925846
0.0287510755  -0.0287468983  -1.4462493148
0.0260830077  -0.0260665422  -1.4487510990
0.0234255292  -0.0233998940  -1.4511933498
0.0207787261  -0.0207468530  -1.4535713038
0.0181426915  -0.0181073172  -1.4558800208
0.0155175251  -0.0154811834  -1.4581143847
0.0129033317  -0.0128683477  -1.4602691028
0.0103002204  -0.0102687059  -1.4623387061
0.0077083030  -0.0076821537  -1.4643175493
0.0051276920  -0.0051085878  -1.4661998107
0.0025584995  -0.0025479062  -1.4679794925
0.0025567412  -0.0025478903  -1.4679794925
