0.140267
1.3079046364  -1.6487957918   0.0000644757
1.3079046364  -1.6487957918   0.0000644757
1.3079125666  -1.6488049227   0.0000554029
1.3079114700  -1.6487869743   0.0000302357
1.3078961746  -1.6487349758  -0.0000114819
1.3078639423  -1.6486445831  -0.0000702011
1.3078136796  -1.6485141660  -0.0001463682
1.3077447418  -1.6483428258  -0.0002404245
1.3076566547  -1.6481299390  -0.0003528067
1.3075490217  -1.6478750032  -0.0004839465
1.3074214850  -1.6475775744  -0.0006342705
1.3072737086  -1.6472372379  -0.0008042008
1.3071053686  -1.6468535928  -0.0009941545
1.3069161482  -1.6464262443  -0.0012045437
1.3067057351  -1.6459547984  -0.0014357758
1.3064738193  -1.6454388596  -0.0016882532
1.3062200924  -1.6448780290  -0.0019623736
1.3059442464  -1.6442719034  -0.0022585297
1.3056459738  -1.6436200750  -0.0025771093
1.3053249671  -1.6429221308  -0.0029184955
1.3049809183  -1.6421776528  -0.0032830663
1.3046135194  -1.6413862182  -0.0036711950
1.3042224619  -1.6405473995  -0.0040832500
1.3038074370  -1.6396607651  -0.0045195949
1.3033681355  -1.6387258792  -0.0049805881
1.3029042479  -1.6377423025  -0.0054665836
1.3024154646  -1.6367095929  -0.0059779303
1.3019014757  -1.6356273056  -0.0065149721
1.3013619713  -1.6344949938  -0.0070780483
1.3007966417  -1.6333122094  -0.0076674931
1.3002051771  -1.6320785034  -0.0082836361
1.2995872680  -1.6307934266  -0.0089268016
1.2989426002  -1.6294559611  -0.0095983042
1.2982708723  -1.6280661745  -0.0102975615
1.2975717831  -1.6266243483  -0.0110245595
1.2968450178  -1.6251296195  -0.0117795885
1.2960902671  -1.6235813659  -0.0125629367
1.2953072251  -1.6219791018  -0.0133749027
1.2944955877  -1.6203223672  -0.0142157838
1.2936550520  -1.6186107169  -0.0150858773
1.2927853164  -1.6168437165  -0.0159854799
1.2918860814  -1.6150209412  -0.0169148872
1.2909570489  -1.6131419759  -0.0178743934
1.2899979231  -1.6112064161  -0.0188642905
1.2890084099  -1.6092138684  -0.0198848686
1.2879882179  -1.6071639511  -0.0209364155
1.2869370578  -1.6050562953  -0.0220192163
1.2858546429  -1.6028905453  -0.0231335535
1.2847406891  -1.6006663599  -0.0242797065
1.2835949153  -1.5983834126  -0.0254579518
1.2824170433  -1.5960413921  -0.0266685628
1.2812067982  -1.5936400027  -0.0279118093
1.2799639081  -1.5911789653  -0.0291879578
1.2786881046  -1.5886580180  -0.0304972709
1.2773791232  -1.5860769171  -0.0318400075
1.2760367027  -1.5834354373  -0.0332164228
1.2746605862  -1.5807333726  -0.0346267676
1.2732505204  -1.5779705367  -0.0360712887
1.2718062565  -1.5751467639  -0.0375502286
1.2703275500  -1.5722619089  -0.0390638253
1.2688141608  -1.5693158481  -0.0406123124
1.2672658533  -1.5663084794  -0.0421959187
1.2656823969  -1.5632397231  -0.0438148684
1.2640635657  -1.5601093752  -0.0454693808
1.2624091380  -1.5569173471  -0.0471596704
1.2607189056  -1.5536639373  -0.0488859464
1.2589926736  -1.5503493237  -0.0506484127
1.2572302455  -1.5469734525  -0.0524472685
1.2554314230  -1.5435363387  -0.0542827076
1.2535960127  -1.5400380563  -0.0561549183
1.2517238269  -1.5364787069  -0.0580640839
1.2498146831  -1.5328584162  -0.0600103818
1.2478684040  -1.5291773317  -0.0619939842
1.2458848179  -1.5254356225  -0.0640150575
1.2438637586  -1.5216334793  -0.0660737624
1.2418050654  -1.5177711152  -0.0681702541
1.2397085835  -1.5138487648  -0.0703046819
1.2375741634  -1.5098666840  -0.0724771896
1.2354016617  -1.5058251492  -0.0746879151
1.2331909410  -1.5017244577  -0.0769369928
1.2309418698  -1.4975649273  -0.0792245542
1.2286543228  -1.4933468967  -0.0815507252
1.2263281803  -1.4890707255  -0.0839156249
1.2239633284  -1.4847367938  -0.0863193656
1.2215596594  -1.4803455011  -0.0887620525
1.2191170714  -1.4758972667  -0.0912437843
1.2166354690  -1.4713925281  -0.0937646522
1.2141147627  -1.4668317421  -0.0963247406
1.2115548692  -1.4622153838  -0.0989241264
1.2089557118  -1.4575439468  -0.1015628795
1.2063172196  -1.4528179427  -0.1042410619
1.2036393285  -1.4480379004  -0.1069587286
1.2009219806  -1.4432043655  -0.1097159267
1.1981651243  -1.4383179005  -0.1125126960
1.1953687149  -1.4333790782  -0.1153490684
1.1925327137  -1.4283884792  -0.1182250683
1.1896570890  -1.4233467080  -0.1211407121
1.1867418154  -1.4182544007  -0.1240960081
1.1837868744  -1.4131122088  -0.1270909561
1.1807922544  -1.4079207934  -0.1301255482
1.1777579503  -1.4026808331  -0.1331997683
1.1746839643  -1.3973930403  -0.1363135926
1.1715703055  -1.3920581516  -0.1394669889
1.1684169904  -1.3866768267  -0.1426599174
1.1652240418  -1.3812495834  -0.1458923311
1.1619914892  -1.3757769563  -0.1491641757
1.1587193698  -1.3702596835  -0.1524753899
1.1554077289  -1.3646986631  -0.1558259049
1.1520566208  -1.3590948208  -0.1592156439
1.1486661071  -1.3534490633  -0.1626445226
1.1452362736  -1.3477623103  -0.1661124490
1.1417673169  -1.3420356428  -0.1696193233
1.1382594543  -1.3362701480  -0.1731650381
1.1347128216  -1.3304667445  -0.1767494780
1.1311275441  -1.3246263035  -0.1803725200
1.1275037527  -1.3187496792  -0.1840340332
1.1238415844  -1.3128377101  -0.1877338791
1.1201411825  -1.3068912206  -0.1914719112
1.1164026961  -1.3009110214  -0.1952479757
1.1126262805  -1.2948979092  -0.1990619107
1.1088120968  -1.2888526682  -0.2029135462
1.1049603122  -1.2827760729  -0.2068027046
1.1010710996  -1.2766688898  -0.2107292001
1.0971446384  -1.2705318807  -0.2146928395
1.0931811142  -1.2643658039  -0.2186934241
1.0891807191  -1.2581714134  -0.2227307506
1.0851436513  -1.2519494610  -0.2268046062
1.0810701132  -1.2457007010  -0.2309147657
1.0769603128  -1.2394258928  -0.2350609921
1.0728144643  -1.2331258014  -0.2392430375
1.0686327880  -1.2268011960  -0.2434606430
1.0644155104  -1.2204528513  -0.2477135379
1.0601628641  -1.2140815422  -0.2520014382
1.0558750855  -1.2076880178  -0.2563240360
1.0515524179  -1.2012730726  -0.2606810153
1.0471951266  -1.1948377123  -0.2650721206
1.0428035020  -1.1883830260  -0.2694971564
1.0383778492  -1.1819099684  -0.2739558761
1.0339184855  -1.1754194431  -0.2784479472
1.0294257223  -1.1689123407  -0.2829730190
1.0248998714  -1.1623895480  -0.2875307495
1.0203412597  -1.1558519951  -0.2921207920
1.0157502213  -1.1493006306  -0.2967427913
1.0111270972  -1.1427364167  -0.3013963833
1.0064722356  -1.1361603265  -0.3060811973
1.0017859930  -1.1295733423  -0.3107968577
0.9970687336  -1.1229764544  -0.3155429844
0.9923208296  -1.1163706591  -0.3203191953
0.9875426630  -1.1097569577  -0.3251251173
0.9827346263  -1.1031363547  -0.3299603904
0.9778971180  -1.0965098569  -0.3348246521
0.9730305384  -1.0898784708  -0.3397175296
0.9681352910  -1.0832431983  -0.3446386413
0.9632117852  -1.0766050341  -0.3495875975
0.9582604386  -1.0699649635  -0.3545640110
0.9532816898  -1.0633239818  -0.3595675130
0.9482761141  -1.0566833734  -0.3645977333
0.9432442718  -1.0500444347  -0.3696542653
0.9381865273  -1.0434080621  -0.3747366644
0.9331031830  -1.0367749852  -0.3798444839
0.9279945387  -1.0301458864  -0.3849772623
0.9228608721  -1.0235213971  -0.3901344568
0.9177024292  -1.0169020871  -0.3953154144
0.9125194146  -1.0102884419  -0.4005192785
0.9073118630  -1.0036807626  -0.4057443695
0.9020792016  -0.9970790394  -0.4109862407
0.8968219680  -0.9904837990  -0.4162457893
0.8915438318  -0.9838970605  -0.4215340024
0.8862473559  -0.9773207232  -0.4268570632
0.8809308098  -0.9707549490  -0.4322129761
0.8755925019  -0.9641999219  -0.4375996830
0.8702326815  -0.9576563781  -0.4430157939
0.8648517512  -0.9511244966  -0.4484598884
0.8594499855  -0.9446041446  -0.4539304733
0.8540276565  -0.9380950994  -0.4594259883
0.8485850354  -0.9315970579  -0.4649448116
0.8431223904  -0.9251096420  -0.4704852662
0.8376399845  -0.9186324047  -0.4760456261
0.8321380719  -0.9121648340  -0.4816241217
0.8266170248  -0.9057065536  -0.4872189453
0.8210777990  -0.8992579956  -0.4928282563
0.8155213193  -0.8928194402  -0.4984501863
0.8099479346  -0.8863902405  -0.5040828448
0.8043578719  -0.8799695621  -0.5097243241
0.7987512977  -0.8735564993  -0.5153727046
0.7931283018  -0.8671500738  -0.5210260591
0.7874896053  -0.8607502048  -0.5266824573
0.7818364389  -0.8543575012  -0.5323399672
0.7761689079  -0.8479710885  -0.5379966582
0.7704858941  -0.8415886229  -0.5436506104
0.7647862796  -0.8352079847  -0.5492999226
0.7590703026  -0.8288288623  -0.5549427166
0.7533364160  -0.8224489180  -0.5605771422
0.7475804296  -0.8160630441  -0.5662013843
0.7417966050  -0.8096650088  -0.5718136692
0.7359723117  -0.8032418000  -0.5774122776
0.7300589311  -0.7967446716  -0.5829955787
0.7239024703  -0.7900225586  -0.5885620091
0.7178693204  -0.7834433516  -0.5941099177
0.7122798107  -0.7773209388  -0.5996375278
0.7068574754  -0.7713720951  -0.6051431578
0.7014692776  -0.7654612952  -0.6106253391
0.6961068654  -0.7595788088  -0.6160827200
0.6907698690  -0.7537232059  -0.6215140116
0.6854581210  -0.7478934332  -0.6269180052
0.6801714707  -0.7420885414  -0.6322935827
0.6749097865  -0.7363076835  -0.6376397205
0.6696729541  -0.7305501137  -0.6429554939
0.6644608757  -0.7248151853  -0.6482400819
0.6592734687  -0.7191023484  -0.6534927716
0.6541106635  -0.7134111466  -0.6587129607
0.6489723994  -0.7077412139  -0.6639001484
0.6438586199  -0.7020922701  -0.6690539314
0.6387692770  -0.6964641154  -0.6741740200
0.6337043361  -0.6908566246  -0.6792602510
0.6286637731  -0.6852697433  -0.6843125909
0.6236475710  -0.6797034831  -0.6893311421
0.6186557146  -0.6741579164  -0.6943161355
0.6136881831  -0.6686331698  -0.6992679148
0.6087449531  -0.6631294182  -0.7041869557
0.6038260132  -0.6576468779  -0.7090739097
0.5989313669  -0.6521858022  -0.7139296214
0.5940610158  -0.6467464772  -0.7187551051
0.5892149543  -0.6413292158  -0.7235515660
0.5843931940  -0.6359343535  -0.7283204917
0.5795957808  -0.6305622484  -0.7330637244
0.5748228151  -0.6252132908  -0.7377836261
0.5700746256  -0.6198879531  -0.7424839026
0.5653523689  -0.6145868456  -0.7471722270
0.5606561099  -0.6093103703  -0.7518518571
0.5559820570  -0.6040582455  -0.7565143534
0.5513267204  -0.5988299478  -0.7611532551
0.5466909255  -0.5936253820  -0.7657691888
0.5420764656  -0.5884447077  -0.7703629736
0.5374837378  -0.5832880189  -0.7749348015
0.5329126336  -0.5781553456  -0.7794848252
0.5283630165  -0.5730466959  -0.7840131994
0.5238347507  -0.5679620614  -0.7885200811
0.5193277015  -0.5629014182  -0.7930056294
0.5148417356  -0.5578647274  -0.7974700050
0.5103767206  -0.5528519353  -0.8019133695
0.5059325253  -0.5478629744  -0.8063358849
0.5015090193  -0.5428977642  -0.8107377135
0.4971060736  -0.5379562123  -0.8151190168
0.4927235598  -0.5330382152  -0.8194799557
0.4883613510  -0.5281436592  -0.8238206893
0.4840193210  -0.5232724213  -0.8281413745
0.4796973444  -0.5184243702  -0.8324421651
0.4753952972  -0.5135993680  -0.8367232116
0.4711130563  -0.5087972709  -0.8409846602
0.4668504995  -0.5040179314  -0.8452266532
0.4626075061  -0.4992611982  -0.8494493275
0.4583839563  -0.4945269173  -0.8536528141
0.4541797311  -0.4898149329  -0.8578372370
0.4499947127  -0.4851250894  -0.8620027133
0.4458287845  -0.4804572318  -0.8661493517
0.4416818307  -0.4758112051  -0.8702772514
0.4375537361  -0.4711868542  -0.8743864997
0.4334443855  -0.4665840178  -0.8784771657
0.4293536601  -0.4620025033  -0.8825492806
0.4252814392  -0.4574421277  -0.8866028441
0.4212276195  -0.4529028797  -0.8906379161
0.4171921278  -0.4483848934  -0.8946546638
0.4131748923  -0.4438881728  -0.8986532673
0.4091758135  -0.4394125389  -0.9026338477
0.4051947774  -0.4349578145  -0.9065964987
0.4012316764  -0.4305238893  -0.9105413171
0.3972864102  -0.4261106800  -0.9144684007
0.3933588816  -0.4217181104  -0.9183778467
0.3894489938  -0.4173461097  -0.9222697510
0.3855566516  -0.4129946118  -0.9261442087
0.3816817602  -0.4086635551  -0.9300013136
0.3778242261  -0.4043528821  -0.9338411586
0.3739839565  -0.4000625392  -0.9376638355
0.3701608596  -0.3957924761  -0.9414694353
0.3663548442  -0.3915426456  -0.9452580481
0.3625658203  -0.3873130028  -0.9490297628
0.3587936984  -0.3831035050  -0.9527846678
0.3550383899  -0.3789141109  -0.9565228505
0.3512998071  -0.3747447802  -0.9602443974
0.3475778629  -0.3705954729  -0.9639493944
0.3438724709  -0.3664661491  -0.9676379267
0.3401835456  -0.3623567686  -0.9713100785
0.3365110020  -0.3582672898  -0.9749659338
0.3328547559  -0.3541976698  -0.9786055757
0.3292147237  -0.3501478632  -0.9822290866
0.3255908225  -0.3461178224  -0.9858365486
0.3219829699  -0.3421074964  -0.9894280433
0.3183910842  -0.3381168304  -0.9930036517
0.3148150844  -0.3341457641  -0.9965634544
0.3112548898  -0.3301942274  -1.0001075320
0.3077104205  -0.3262621383  -1.0036359648
0.3041815971  -0.3223494181  -1.0071488328
0.3006683406  -0.3184560124  -1.0106462151
0.2971705723  -0.3145818850  -1.0141281894
0.2936882141  -0.3107269951  -1.0175948324
0.2902211886  -0.3068912912  -1.0210462208
0.2867694188  -0.3030747188  -1.0244824312
0.2833328281  -0.2992772240  -1.0279035394
0.2799113407  -0.2954987526  -1.0313096213
0.2765048808  -0.2917392501  -1.0347007520
0.2731133732  -0.2879986617  -1.0380770063
0.2697367431  -0.2842769323  -1.0414384585
0.2663749163  -0.2805740065  -1.0447851825
0.2630278185  -0.2768898166  -1.0481172521
0.2596953763  -0.2732242719  -1.0514347405
0.2563775164  -0.2695773075  -1.0547377206
0.2530741659  -0.2659489217  -1.0580262648
0.2497852526  -0.2623391062  -1.0613004451
0.2465107042  -0.2587478032  -1.0645603332
0.2432504489  -0.2551749441  -1.0678060006
0.2400044153  -0.2516204658  -1.0710375185
0.2367725322  -0.2480843037  -1.0742549577
0.2335547287  -0.2445663921  -1.0774583888
0.2303509344  -0.2410666639  -1.0806478821
0.2271610789  -0.2375850513  -1.0838235076
0.2239850923  -0.2341214858  -1.0869853349
0.2208229050  -0.2306758983  -1.0901334335
0.2176744476  -0.2272482193  -1.0932678725
0.2145396509  -0.2238383790  -1.0963887208
0.2114184462  -0.2204463076  -1.0994960469
0.2083107648  -0.2170719352  -1.1025899193
0.2052165385  -0.2137151920  -1.1056704060
0.2021356992  -0.2103760083  -1.1087375747
0.1990681790  -0.2070543146  -1.1117914930
0.1960139105  -0.2037500417  -1.1148322283
0.1929728262  -0.2004631203  -1.1178598476
0.1899448592  -0.1971934817  -1.1208744177
0.1869299425  -0.1939410573  -1.1238760051
0.1839280095  -0.1907057785  -1.1268646763
0.1809389938  -0.1874875769  -1.1298404973
0.1779628292  -0.1842863844  -1.1328035340
0.1749994497  -0.1811021325  -1.1357538522
0.1720487897  -0.1779347531  -1.1386915171
0.1691107836  -0.1747841776  -1.1416165941
0.1661853659  -0.1716503374  -1.1445291482
0.1632724729  -0.1685333014  -1.1474292601
0.1603720419  -0.1654331808  -1.1503170284
0.1574840068  -0.1623495758  -1.1531925062
0.1546082968  -0.1592819971  -1.1560557042
0.1517448458  -0.1562305403  -1.1589066677
0.1488935927  -0.1531953554  -1.1617454629
0.1460544753  -0.1501763868  -1.1645721480
0.1432274304  -0.1471735753  -1.1673867825
0.1404123948  -0.1441868599  -1.1701894268
0.1376093054  -0.1412161770  -1.1729801423
0.1348180997  -0.1382614606  -1.1757589918
0.1320387148  -0.1353226422  -1.1785260393
0.1292710885  -0.1323996506  -1.1812813502
0.1265151583  -0.1294924121  -1.1840249913
0.1237708622  -0.1266008502  -1.1867570309
0.1210381380  -0.1237248863  -1.1894775385
0.1183169239  -0.1208644390  -1.1921865851
0.1156071579  -0.1180194248  -1.1948842431
0.1129087783  -0.1151897581  -1.1975705861
0.1102217235  -0.1123753512  -1.2002456887
0.1075459319  -0.1095761147  -1.2029096270
0.1048813422  -0.1067919574  -1.2055624775
0.1022278931  -0.1040227870  -1.2082043179
0.0995855232  -0.1012685096  -1.2108352262
0.0969541717  -0.0985290304  -1.2134552809
0.0943337774  -0.0958042539  -1.2160645604
0.0917242797  -0.0930940838  -1.2186631433
0.0891256177  -0.0903984233  -1.2212511077
0.0865377311  -0.0877171754  -1.2238285308
0.0839605594  -0.0850502430  -1.2263954889
0.0813940424  -0.0823975290  -1.2289520570
0.0788381201  -0.0797589368  -1.2314983084
0.0762936936  -0.0771344679  -1.2340711030
0.0737613306  -0.0745240771  -1.2366887344
0.0712384791  -0.0719274089  -1.2392884029
0.0687243482  -0.0693443051  -1.2418863831
0.0662201697  -0.0667748104  -1.2444816046
0.0637258642  -0.0642188336  -1.2470728429
0.0612413572  -0.0616762846  -1.2496587198
0.0587665801  -0.0591470743  -1.2522377029
0.0563014701  -0.0566311151  -1.2548081061
0.0538459706  -0.0541283200  -1.2573680895
0.0514000318  -0.0516386029  -1.2599156589
0.0489636107  -0.0491618784  -1.2624486666
0.0465366715  -0.0466980616  -1.2649648108
0.0441191859  -0.0442470676  -1.2674616357
0.0417111331  -0.0418088122  -1.2699365318
0.0393125001  -0.0393832107  -1.2723867355
0.0369232818  -0.0369701785  -1.2748093293
0.0345434810  -0.0345696304  -1.2772012420
0.0321731084  -0.0321814811  -1.2795592483
0.0298121826  -0.0298056444  -1.2818799689
0.0274607300  -0.0274420336  -1.2841598709
0.0251187843  -0.0250905614  -1.2863952672
0.0227863867  -0.0227511394  -1.2885823169
0.0204635850  -0.0204236791  -1.2907170251
0.0181504333  -0.0181080911  -1.2927952432
0.0158469917  -0.0158042854  -1.2948126686
0.0135533251  -0.0135121720  -1.2967648445
0.0112695028  -0.0112316606  -1.2986471607
0.0089955970  -0.0089626613  -1.3004548526
0.0067316824  -0.0067050844  -1.3021830021
0.0044778345  -0.0044588413  -1.3038265369
0.0022341282  -0.0022238442  -1.3053802308
0.0022327876  -0.0022238310  -1.3053802308
