0.240797
0.6231930222  -0.6746209807   0.0000221567
0.6231930222  -0.6746209807   0.0000221567
0.6231963388  -0.6746246237   0.0000199241
0.6231968638  -0.6746233445   0.0000126617
0.6231927546  -0.6746151672   0.0000002431
0.6231833368  -0.6745994559  -0.0000174578
0.6231683233  -0.6745759372  -0.0000405671
0.6231475373  -0.6745444401  -0.0000692110
0.6231208439  -0.6745048316  -0.0001035157
0.6230881264  -0.6744569947  -0.0001436072
0.6230492774  -0.6744008197  -0.0001896117
0.6230041939  -0.6743361999  -0.0002416553
0.6229527750  -0.6742630299  -0.0002998641
0.6228949211  -0.6741812039  -0.0003643640
0.6228305326  -0.6740906155  -0.0004352812
0.6227595100  -0.6739911569  -0.0005127417
0.6226817530  -0.6738827191  -0.0005968716
0.6225971608  -0.6737651912  -0.0006877967
0.6225056317  -0.6736384606  -0.0007856432
0.6224070631  -0.6735024129  -0.0008905370
0.6223013513  -0.6733569319  -0.0010026041
0.6221883916  -0.6732018992  -0.0011219705
0.6220680783  -0.6730371947  -0.0012487619
0.6219403044  -0.6728626962  -0.0013831045
0.6218049618  -0.6726782796  -0.0015251241
0.6216619412  -0.6724838187  -0.0016749466
0.6215111321  -0.6722791854  -0.0018326979
0.6213524229  -0.6720642496  -0.0019985038
0.6211857005  -0.6718388792  -0.0021724902
0.6210108508  -0.6716029402  -0.0023547830
0.6208277582  -0.6713562965  -0.0025455080
0.6206363061  -0.6710988103  -0.0027447909
0.6204363746  -0.6708302627  -0.0029530796
0.6202278463  -0.6705505842  -0.0031701994
0.6200106032  -0.6702597384  -0.0033961614
0.6197845216  -0.6699575225  -0.0036310923
0.6195494773  -0.6696437587  -0.0038751156
0.6193053455  -0.6693182899  -0.0041283557
0.6190520003  -0.6689809606  -0.0043909388
0.6187893143  -0.6686316145  -0.0046629924
0.6185171591  -0.6682700941  -0.0049446459
0.6182354046  -0.6678962406  -0.0052360301
0.6179439197  -0.6675098935  -0.0055372773
0.6176425717  -0.6671108911  -0.0058485212
0.6173312268  -0.6666990702  -0.0061698969
0.6170097497  -0.6662742663  -0.0065015410
0.6166780038  -0.6658363137  -0.0068435911
0.6163358511  -0.6653850452  -0.0071961867
0.6159831525  -0.6649202927  -0.0075594682
0.6156197672  -0.6644418870  -0.0079335775
0.6152455534  -0.6639496576  -0.0083186579
0.6148603677  -0.6634434331  -0.0087148541
0.6144640654  -0.6629230413  -0.0091223119
0.6140565007  -0.6623883090  -0.0095411787
0.6136375261  -0.6618390621  -0.0099716030
0.6132069931  -0.6612751260  -0.0104137349
0.6127647516  -0.6606963250  -0.0108677255
0.6123106502  -0.6601024831  -0.0113337275
0.6118445365  -0.6594934238  -0.0118118948
0.6113662563  -0.6588689698  -0.0123023826
0.6108756545  -0.6582289434  -0.0128053475
0.6103725745  -0.6575731669  -0.0133209471
0.6098568583  -0.6569014618  -0.0138493408
0.6093283469  -0.6562136264  -0.0143906888
0.6087868797  -0.6555094732  -0.0149451528
0.6082322948  -0.6547888723  -0.0155128958
0.6076644296  -0.6540516688  -0.0160940819
0.6070831201  -0.6532976674  -0.0166888764
0.6064882019  -0.6525266819  -0.0172974461
0.6058795087  -0.6517385326  -0.0179199588
0.6052568726  -0.6509330401  -0.0185565838
0.6046201248  -0.6501100250  -0.0192074911
0.6039690949  -0.6492693085  -0.0198728525
0.6033036117  -0.6484107116  -0.0205528404
0.6026235026  -0.6475340554  -0.0212476287
0.6019285937  -0.6466391612  -0.0219573924
0.6012187102  -0.6457258503  -0.0226823074
0.6004936762  -0.6447939442  -0.0234225511
0.5997533145  -0.6438432645  -0.0241783016
0.5989974469  -0.6428736329  -0.0249497383
0.5982258942  -0.6418848717  -0.0257370415
0.5974384761  -0.6408768034  -0.0265403926
0.5966350113  -0.6398492512  -0.0273599741
0.5958153174  -0.6388020389  -0.0281959691
0.5949792113  -0.6377349908  -0.0290485620
0.5941265086  -0.6366479321  -0.0299179381
0.5932570244  -0.6355406888  -0.0308042832
0.5923705725  -0.6344130872  -0.0317077845
0.5914669662  -0.6332649551  -0.0326286295
0.5905460178  -0.6320961209  -0.0335670068
0.5896075388  -0.6309064146  -0.0345231057
0.5886513401  -0.6296956677  -0.0354971162
0.5876772318  -0.6284637126  -0.0364892289
0.5866850232  -0.6272103836  -0.0374996352
0.5856745232  -0.6259355158  -0.0385285269
0.5846455400  -0.6246389457  -0.0395760965
0.5835978813  -0.6233205134  -0.0406425372
0.5825313541  -0.6219800665  -0.0417280422
0.5814457652  -0.6206174659  -0.0428328056
0.5803409208  -0.6192325747  -0.0439570213
0.5792166271  -0.6178252153  -0.0451008842
0.5780726900  -0.6163951559  -0.0462645911
0.5769089150  -0.6149421689  -0.0474483404
0.5757251071  -0.6134660905  -0.0486523309
0.5745210711  -0.6119668163  -0.0498767603
0.5732966118  -0.6104442672  -0.0511218257
0.5720515342  -0.6088983672  -0.0523877239
0.5707856435  -0.6073290354  -0.0536746510
0.5694987450  -0.6057361855  -0.0549828031
0.5681906443  -0.6041197257  -0.0563123751
0.5668611471  -0.6024795593  -0.0576635618
0.5655100597  -0.6008155832  -0.0590365571
0.5641371885  -0.5991276882  -0.0604315537
0.5627423405  -0.5974157587  -0.0618487438
0.5613253234  -0.5956796747  -0.0632883180
0.5598859452  -0.5939193123  -0.0647504660
0.5584240148  -0.5921345444  -0.0662353759
0.5569393420  -0.5903252422  -0.0677432346
0.5554317374  -0.5884912770  -0.0692742273
0.5539010125  -0.5866325209  -0.0708285374
0.5523469803  -0.5847488455  -0.0724063466
0.5507694547  -0.5828401215  -0.0740078346
0.5491682510  -0.5809062205  -0.0756331787
0.5475431860  -0.5789470196  -0.0772825539
0.5458940782  -0.5769624032  -0.0789561326
0.5442207478  -0.5749522607  -0.0806540849
0.5425230170  -0.5729164843  -0.0823765801
0.5408007104  -0.5708549708  -0.0841237876
0.5390536546  -0.5687676259  -0.0858958746
0.5372816776  -0.5666542851  -0.0876929999
0.5354846072  -0.5645146453  -0.0895153082
0.5336622753  -0.5623486907  -0.0913629447
0.5318145407  -0.5601571818  -0.0932360851
0.5299413260  -0.5579410421  -0.0951349282
0.5280425472  -0.5557003048  -0.0970596532
0.5261180629  -0.5534342723  -0.0990104009
0.5241677227  -0.5511423215  -0.1009872862
0.5221913831  -0.5488241663  -0.1029904121
0.5201889105  -0.5464797616  -0.1050198751
0.5181601792  -0.5441091769  -0.1070757664
0.5161050696  -0.5417125267  -0.1091581740
0.5140234685  -0.5392899540  -0.1112671888
0.5119152683  -0.5368416280  -0.1134029011
0.5097803663  -0.5343677422  -0.1155653918
0.5076186644  -0.5318685135  -0.1177547305
0.5054300697  -0.5293441794  -0.1199709766
0.5032144954  -0.5267949970  -0.1222141792
0.5009718605  -0.5242212404  -0.1244843767
0.4987020902  -0.5216231998  -0.1267815963
0.4964051169  -0.5190011790  -0.1291058637
0.4940808815  -0.5163554944  -0.1314572149
0.4917293324  -0.5136864727  -0.1338356839
0.4893504221  -0.5109944494  -0.1362412813
0.4869441065  -0.5082797657  -0.1386739897
0.4845103476  -0.5055427655  -0.1411337701
0.4820491167  -0.5027837944  -0.1436205821
0.4795603944  -0.5000031972  -0.1461343776
0.4770441724  -0.4972013288  -0.1486750423
0.4745005589  -0.4943787105  -0.1512423900
0.4719297025  -0.4915359009  -0.1538361491
0.4693316517  -0.4886732670  -0.1564559582
0.4667062056  -0.4857910109  -0.1590992379
0.4640529304  -0.4828892302  -0.1617618118
0.4613722605  -0.4799682984  -0.1644463374
0.4586658451  -0.4770291036  -0.1671622415
0.4559347398  -0.4740725554  -0.1699157809
0.4531785292  -0.4710990975  -0.1727081673
0.4503963776  -0.4681088222  -0.1755386874
0.4475877636  -0.4651017180  -0.1784060661
0.4447524893  -0.4620777606  -0.1813090876
0.4418905334  -0.4590369146  -0.1842465296
0.4390019225  -0.4559791096  -0.1872170756
0.4360868853  -0.4529044900  -0.1902193216
0.4331458975  -0.4498134699  -0.1932517814
0.4301792464  -0.4467061447  -0.1963128929
0.4271869681  -0.4435822222  -0.1994010245
0.4241690754  -0.4404413425  -0.2025144821
0.4211255600  -0.4372830875  -0.2056515146
0.4180563866  -0.4341069805  -0.2088103208
0.4149614835  -0.4309124845  -0.2119890555
0.4118407345  -0.4276990004  -0.2151858350
0.4086945665  -0.4244665900  -0.2183987438
0.4055238122  -0.4212157741  -0.2216258396
0.4023286150  -0.4179462005  -0.2248651600
0.3991084831  -0.4146567732  -0.2281147281
0.3958627061  -0.4113462013  -0.2313725588
0.3925906448  -0.4080133590  -0.2346366641
0.3892926413  -0.4046583187  -0.2379050588
0.3859679596  -0.4012799695  -0.2411757663
0.3826133372  -0.3978744881  -0.2444468220
0.3792258059  -0.3944386498  -0.2477162771
0.3757997164  -0.3909666234  -0.2509822059
0.3723299907  -0.3874532122  -0.2542427231
0.3686799117  -0.3837622579  -0.2574960067
0.3648153434  -0.3798617174  -0.2607402725
0.3610817099  -0.3760972428  -0.2639736999
0.3576648632  -0.3726507774  -0.2671944324
0.3544513060  -0.3694050698  -0.2704006712
0.3513395827  -0.3662570832  -0.2735907307
0.3482677009  -0.3631443803  -0.2767630292
0.3452178411  -0.3600489798  -0.2799160710
0.3421889447  -0.3569695926  -0.2830484427
0.3391805324  -0.3539055016  -0.2861588163
0.3361924312  -0.3508563394  -0.2892459526
0.3332245073  -0.3478218300  -0.2923086988
0.3302766369  -0.3448017575  -0.2953459943
0.3273487077  -0.3417959643  -0.2983568835
0.3244406191  -0.3388043477  -0.3013405238
0.3215522803  -0.3358268564  -0.3042961899
0.3186836085  -0.3328634862  -0.3072232806
0.3158345282  -0.3299142756  -0.3101213248
0.3130049695  -0.3269793022  -0.3129899885
0.3101948659  -0.3240586769  -0.3158290705
0.3074041495  -0.3211525385  -0.3186384918
0.3046327521  -0.3182610495  -0.3214183088
0.3018806102  -0.3153843941  -0.3241687410
0.2991476660  -0.3125227748  -0.3268901861
0.2964338636  -0.3096764075  -0.3295832254
0.2937391428  -0.3068455154  -0.3322486111
0.2910634375  -0.3040303246  -0.3348872792
0.2884066876  -0.3012310659  -0.3375004255
0.2857688438  -0.2984479738  -0.3400895415
0.2831498651  -0.2956812838  -0.3426564664
0.2805497182  -0.2929312369  -0.3452034377
0.2779687042  -0.2901982227  -0.3477356401
0.2754075486  -0.2874827986  -0.3502613327
0.2728659059  -0.2847850423  -0.3527827284
0.2703416628  -0.2821042414  -0.3552938060
0.2678330893  -0.2794397595  -0.3577893383
0.2653401159  -0.2767915854  -0.3602677506
0.2628632808  -0.2741599584  -0.3627289442
0.2604029039  -0.2715450474  -0.3651732717
0.2579590317  -0.2689469152  -0.3676009702
0.2555315571  -0.2663655567  -0.3700121979
0.2531203381  -0.2638009411  -0.3724071137
0.2507252316  -0.2612530259  -0.3747858763
0.2483460951  -0.2587217580  -0.3771486457
0.2459827871  -0.2562070738  -0.3794955823
0.2436351673  -0.2537089003  -0.3818268468
0.2413030963  -0.2512271555  -0.3841425998
0.2389864362  -0.2487617489  -0.3864430013
0.2366850498  -0.2463125825  -0.3887282102
0.2343988013  -0.2438795516  -0.3909983841
0.2321275560  -0.2414625451  -0.3932536786
0.2298711803  -0.2390614472  -0.3954942470
0.2276295420  -0.2366761377  -0.3977202404
0.2254025100  -0.2343064924  -0.3999318068
0.2231899544  -0.2319523837  -0.4021290907
0.2209917465  -0.2296136804  -0.4043122328
0.2188077590  -0.2272902498  -0.4064813696
0.2166378656  -0.2249819582  -0.4086366328
0.2144819415  -0.2226886709  -0.4107781495
0.2123398630  -0.2204102520  -0.4129060410
0.2102115075  -0.2181465647  -0.4150204222
0.2080967538  -0.2158974716  -0.4171214009
0.2059954812  -0.2136628178  -0.4192090708
0.2039075683  -0.2114424068  -0.4212834975
0.2018328946  -0.2092360773  -0.4233447324
0.1997713463  -0.2070438244  -0.4253928622
0.1977228177  -0.2048657288  -0.4274280246
0.1956872042  -0.2027017746  -0.4294503676
0.1936643963  -0.2005518293  -0.4314600205
0.1916542818  -0.1984157370  -0.4334570970
0.1896567491  -0.1962933650  -0.4354417051
0.1876716891  -0.1941846023  -0.4374139513
0.1856989945  -0.1920893492  -0.4393739417
0.1837385593  -0.1900075093  -0.4413217811
0.1817902787  -0.1879389880  -0.4432575734
0.1798540491  -0.1858836921  -0.4451814215
0.1779297678  -0.1838415301  -0.4470934269
0.1760173330  -0.1818124114  -0.4489936904
0.1741166442  -0.1797962466  -0.4508823114
0.1722276018  -0.1777929474  -0.4527593885
0.1703501072  -0.1758024265  -0.4546250192
0.1684840627  -0.1738245970  -0.4564792999
0.1666293717  -0.1718593729  -0.4583223262
0.1647859386  -0.1699066685  -0.4601541926
0.1629536686  -0.1679663986  -0.4619749927
0.1611324680  -0.1660384781  -0.4637848191
0.1593222438  -0.1641228221  -0.4655837635
0.1575229043  -0.1622193454  -0.4673719167
0.1557343584  -0.1603279630  -0.4691493687
0.1539565159  -0.1584485891  -0.4709162086
0.1521892877  -0.1565811380  -0.4726725245
0.1504325855  -0.1547255232  -0.4744184037
0.1486863217  -0.1528816573  -0.4761539329
0.1469504097  -0.1510494521  -0.4778791978
0.1452247639  -0.1492288161  -0.4795942834
0.1435092992  -0.1474196553  -0.4812992739
0.1418039316  -0.1456218772  -0.4829942530
0.1401085778  -0.1438353956  -0.4846793034
0.1384231554  -0.1420601291  -0.4863545064
0.1367475827  -0.1402959965  -0.4880199429
0.1350817789  -0.1385429154  -0.4896756928
0.1334256639  -0.1368008027  -0.4913218352
0.1317791584  -0.1350695757  -0.4929584486
0.1301421841  -0.1333491517  -0.4945856107
0.1285146630  -0.1316394490  -0.4962033985
0.1268965184  -0.1299403859  -0.4978118882
0.1252876739  -0.1282518815  -0.4994111553
0.1236880540  -0.1265738552  -0.5010012744
0.1220975841  -0.1249062270  -0.5025823197
0.1205161900  -0.1232489171  -0.5041543643
0.1189437985  -0.1216018465  -0.5057174810
0.1173803370  -0.1199649355  -0.5072717415
0.1158257335  -0.1183381028  -0.5088172171
0.1142799168  -0.1167212700  -0.5103539782
0.1127428165  -0.1151143649  -0.5118820948
0.1112143626  -0.1135173153  -0.5134016360
0.1096944860  -0.1119300448  -0.5149126701
0.1081831183  -0.1103524768  -0.5164152652
0.1066801915  -0.1087845357  -0.5179094883
0.1051856385  -0.1072261463  -0.5193954061
0.1036993926  -0.1056772338  -0.5208730844
0.1022213880  -0.1041377239  -0.5223425884
0.1007515594  -0.1026075429  -0.5238039829
0.0992898421  -0.1010866173  -0.5252573320
0.0978361721  -0.0995748743  -0.5267026989
0.0963904859  -0.0980722417  -0.5281401466
0.0949527207  -0.0965786477  -0.5295697372
0.0935228142  -0.0950940211  -0.5309915324
0.0921007049  -0.0936182912  -0.5324055933
0.0906863316  -0.0921513880  -0.5338119803
0.0892796338  -0.0906932419  -0.5352107533
0.0878805517  -0.0892437839  -0.5366019717
0.0864890259  -0.0878029458  -0.5379856942
0.0851049977  -0.0863706595  -0.5393619790
0.0837284088  -0.0849468580  -0.5407308837
0.0823592015  -0.0835314744  -0.5420924656
0.0809973187  -0.0821244428  -0.5434467811
0.0796427038  -0.0807256974  -0.5447938863
0.0782953007  -0.0793351732  -0.5461338368
0.0769550540  -0.0779528058  -0.5474666875
0.0756219086  -0.0765785312  -0.5487924929
0.0742958100  -0.0752122859  -0.5501113069
0.0729767042  -0.0738540071  -0.5514231831
0.0716645379  -0.0725036439  -0.5527281773
0.0703592582  -0.0711611499  -0.5540263482
0.0690608126  -0.0698264350  -0.5553177457
0.0677691485  -0.0684994032  -0.5566024115
0.0664842143  -0.0671800084  -0.5578803931
0.0652059593  -0.0658682095  -0.5591517416
0.0639343330  -0.0645639483  -0.5604165060
0.0626692853  -0.0632671670  -0.5616747351
0.0614107666  -0.0619778078  -0.5629264776
0.0601587279  -0.0606958134  -0.5641717818
0.0589131205  -0.0594211268  -0.5654106960
0.0576738960  -0.0581536914  -0.5666432681
0.0564410068  -0.0568934506  -0.5678695460
0.0552144055  -0.0556403484  -0.5690895774
0.0539940452  -0.0543943288  -0.5703034099
0.0527798794  -0.0531553364  -0.5715110909
0.0515718620  -0.0519233158  -0.5727126677
0.0503699474  -0.0506982122  -0.5739081874
0.0491740904  -0.0494799709  -0.5750976971
0.0479842461  -0.0482685377  -0.5762812436
0.0468003701  -0.0470638586  -0.5774588736
0.0456224184  -0.0458658801  -0.5786306335
0.0444503473  -0.0446745489  -0.5797965695
0.0432841138  -0.0434898123  -0.5809567277
0.0421236748  -0.0423116178  -0.5821111537
0.0409689880  -0.0411399133  -0.5832598929
0.0398200112  -0.0399746474  -0.5844029902
0.0386767029  -0.0388157687  -0.5855404902
0.0375390216  -0.0376632266  -0.5866724370
0.0364069264  -0.0365169707  -0.5877988743
0.0352803767  -0.0353769511  -0.5889198448
0.0341593324  -0.0342431186  -0.5900353910
0.0330439297  -0.0331154322  -0.5911613515
0.0319342445  -0.0319938477  -0.5923055894
0.0308297807  -0.0308782955  -0.5934411640
0.0297303652  -0.0297687230  -0.5945750763
0.0286361961  -0.0286650944  -0.5957068820
0.0275472315  -0.0275673634  -0.5968360709
0.0264634307  -0.0264754840  -0.5979620670
0.0253847543  -0.0253894108  -0.5990842284
0.0243111644  -0.0243090986  -0.6002018472
0.0232426244  -0.0232345031  -0.6013141496
0.0221790993  -0.0221655801  -0.6024202960
0.0211205557  -0.0211022859  -0.6035193809
0.0200669617  -0.0200445773  -0.6046104329
0.0190182871  -0.0189924116  -0.6056924146
0.0179745034  -0.0179457461  -0.6067642229
0.0169355838  -0.0169045390  -0.6078246886
0.0159015032  -0.0158687484  -0.6088725768
0.0148722383  -0.0148383330  -0.6099065865
0.0138477674  -0.0138132519  -0.6109253510
0.0128280707  -0.0127934642  -0.6119274376
0.0118131299  -0.0117789296  -0.6129113478
0.0108029283  -0.0107696081  -0.6138755170
0.0097974511  -0.0097654600  -0.6148183149
0.0087966846  -0.0087664457  -0.6157380452
0.0078006167  -0.0077725263  -0.6166329459
0.0068092366  -0.0067836628  -0.6175011889
0.0058225346  -0.0057998170  -0.6183408802
0.0048405020  -0.0048209505  -0.6191500601
0.0038631307  -0.0038470257  -0.6199267027
0.0028904136  -0.0028780052  -0.6206687166
0.0019223436  -0.0019138520  -0.6213739441
0.0009589138  -0.0009545294  -0.6220401620
0.0009586670  -0.0009545270  -0.6220401620
