0.155509
1.1830022633  -1.4549310270   0.0000536900
1.1830022633  -1.4549310270   0.0000536900
1.1830091443  -1.4549393796   0.0000466306
1.1830086895  -1.4549275416   0.0000264552
1.1829965786  -1.4548897944  -0.0000071959
1.1829706770  -1.4548230417  -0.0000546800
1.1829301214  -1.4547260833  -0.0001163513
1.1828743981  -1.4545982363  -0.0001925614
1.1828031271  -1.4544390125  -0.0002836591
1.1827159881  -1.4542480089  -0.0003899905
1.1826126912  -1.4540248637  -0.0005118986
1.1824929628  -1.4537692349  -0.0006497239
1.1823565380  -1.4534807901  -0.0008038042
1.1822031573  -1.4531592000  -0.0009744742
1.1820325637  -1.4528041356  -0.0011620660
1.1818445017  -1.4524152660  -0.0013669090
1.1816387161  -1.4519922569  -0.0015893297
1.1814149516  -1.4515347703  -0.0018296518
1.1811729524  -1.4510424638  -0.0020881962
1.1809124620  -1.4505149906  -0.0023652813
1.1806332228  -1.4499519991  -0.0026612223
1.1803349763  -1.4493531332  -0.0029763319
1.1800174628  -1.4487180324  -0.0033109200
1.1796804215  -1.4480463318  -0.0036652935
1.1793235905  -1.4473376624  -0.0040397568
1.1789467068  -1.4465916512  -0.0044346114
1.1785495060  -1.4458079218  -0.0048501559
1.1781317230  -1.4449860941  -0.0052866863
1.1776930914  -1.4441257854  -0.0057444957
1.1772333439  -1.4432266099  -0.0062238746
1.1767522121  -1.4422881797  -0.0067251105
1.1762494269  -1.4413101048  -0.0072484882
1.1757247133  -1.4402915864  -0.0077951055
1.1751778069  -1.4392325986  -0.0083645003
1.1746084425  -1.4381332736  -0.0089566780
1.1740163420  -1.4369929202  -0.0095719022
1.1734012299  -1.4358110091  -0.0102104341
1.1727628326  -1.4345871110  -0.0108725428
1.1721008764  -1.4333208119  -0.0115584978
1.1714150873  -1.4320117063  -0.0122685701
1.1707051912  -1.4306593935  -0.0130030319
1.1699709137  -1.4292634771  -0.0137621556
1.1692119807  -1.4278235651  -0.0145462144
1.1684281180  -1.4263392703  -0.0153554814
1.1676190516  -1.4248102110  -0.0161902296
1.1667845079  -1.4232360113  -0.0170507318
1.1659242135  -1.4216163016  -0.0179372604
1.1650378956  -1.4199507191  -0.0188500874
1.1641252818  -1.4182389086  -0.0197894843
1.1631861004  -1.4164805227  -0.0207557216
1.1622200807  -1.4146752223  -0.0217490692
1.1612269524  -1.4128226774  -0.0227697959
1.1602064465  -1.4109225673  -0.0238181697
1.1591582951  -1.4089745813  -0.0248944572
1.1580822312  -1.4069784189  -0.0259989238
1.1569779892  -1.4049337906  -0.0271318336
1.1558453050  -1.4028404182  -0.0282934492
1.1546839158  -1.4006980350  -0.0294840314
1.1534935606  -1.3985063866  -0.0307038397
1.1522739799  -1.3962652310  -0.0319531315
1.1510249163  -1.3939743392  -0.0332321623
1.1497461139  -1.3916334956  -0.0345411856
1.1484373194  -1.3892424981  -0.0358804528
1.1470982812  -1.3868010509  -0.0372502131
1.1457287496  -1.3843089402  -0.0386507134
1.1443284778  -1.3817662252  -0.0400821989
1.1428972222  -1.3791728635  -0.0415449134
1.1414347420  -1.3765286466  -0.0430390987
1.1399407982  -1.3738334231  -0.0445649930
1.1384151546  -1.3710870844  -0.0461228314
1.1368575781  -1.3682895411  -0.0477128456
1.1352678386  -1.3654407196  -0.0493352640
1.1336457091  -1.3625405608  -0.0509903110
1.1319909662  -1.3595890198  -0.0526782074
1.1303033894  -1.3565860669  -0.0543991698
1.1285827622  -1.3535316877  -0.0561534111
1.1268288713  -1.3504258837  -0.0579411394
1.1250415074  -1.3472686713  -0.0597625590
1.1232204651  -1.3440600824  -0.0616178692
1.1213655428  -1.3408001638  -0.0635072651
1.1194765432  -1.3374889776  -0.0654309367
1.1175532729  -1.3341266010  -0.0673890693
1.1155955433  -1.3307131269  -0.0693818430
1.1136031699  -1.3272486630  -0.0714094330
1.1115759729  -1.3237333325  -0.0734720089
1.1095137773  -1.3201672739  -0.0755697351
1.1074164128  -1.3165506415  -0.0777027706
1.1052837143  -1.3128836053  -0.0798712686
1.1031155215  -1.3091663514  -0.0820753767
1.1009116794  -1.3053990821  -0.0843152367
1.0986720386  -1.3015820150  -0.0865909846
1.0963964550  -1.2977153831  -0.0889027503
1.0940847901  -1.2937994342  -0.0912506576
1.0917369113  -1.2898344324  -0.0936348244
1.0893526917  -1.2858206539  -0.0960553620
1.0869320107  -1.2817583851  -0.0985123757
1.0844747616  -1.2776479482  -0.1010059645
1.0819808893  -1.2734897697  -0.1035362207
1.0794503502  -1.2692842999  -0.1061032308
1.0768830680  -1.2650319342  -0.1087070750
1.0742789660  -1.2607330782  -0.1113478283
1.0716379734  -1.2563881745  -0.1140255589
1.0689600253  -1.2519976671  -0.1167403286
1.0662450633  -1.2475619016  -0.1194921928
1.0634930344  -1.2430811234  -0.1222812009
1.0607038916  -1.2385556510  -0.1251073961
1.0578775941  -1.2339859949  -0.1279708137
1.0550141083  -1.2293727811  -0.1308714817
1.0521134078  -1.2247166465  -0.1338094203
1.0491754728  -1.2200182131  -0.1367846432
1.0462002901  -1.2152780943  -0.1397971565
1.0431878528  -1.2104968956  -0.1428469596
1.0401381608  -1.2056752138  -0.1459340446
1.0370512206  -1.2008136373  -0.1490583963
1.0339270452  -1.1959127458  -0.1522199924
1.0307656542  -1.1909731123  -0.1554188034
1.0275670740  -1.1859953024  -0.1586547924
1.0243313378  -1.1809798746  -0.1619279152
1.0210584854  -1.1759273802  -0.1652381202
1.0177485634  -1.1708383657  -0.1685853480
1.0144016258  -1.1657133744  -0.1719695341
1.0110177335  -1.1605529490  -0.1753906086
1.0075969547  -1.1553576344  -0.1788484932
1.0041393637  -1.1501279799  -0.1823430984
1.0006450413  -1.1448645380  -0.1858743240
0.9971140755  -1.1395678645  -0.1894420593
0.9935465617  -1.1342385220  -0.1930461829
0.9899426027  -1.1288770854  -0.1966865633
0.9863023088  -1.1234841416  -0.2003630583
0.9826257979  -1.1180602878  -0.2040755136
0.9789132077  -1.1126061831  -0.2078237635
0.9751647111  -1.1071225928  -0.2116076315
0.9713804857  -1.1016102138  -0.2154269234
0.9675606973  -1.0960696143  -0.2192814211
0.9637055235  -1.0905015835  -0.2231709173
0.9598151704  -1.0849073505  -0.2270952758
0.9558898653  -1.0792880726  -0.2310544050
0.9519298236  -1.0736442999  -0.2350481558
0.9479352381  -1.0679763198  -0.2390762968
0.9439063049  -1.0622846595  -0.2431385673
0.9398432423  -1.0565700784  -0.2472347041
0.9357462868  -1.0508334124  -0.2513644384
0.9316156859  -1.0450755251  -0.2555274935
0.9274516964  -1.0392973026  -0.2597235859
0.9232545844  -1.0334996521  -0.2639524252
0.9190246255  -1.0276834996  -0.2682137151
0.9147621055  -1.0218497883  -0.2725071619
0.9104673228  -1.0159994764  -0.2768324831
0.9061405852  -1.0101335360  -0.2811893970
0.9017822062  -1.0042529509  -0.2855776122
0.8973925046  -0.9983587130  -0.2899968272
0.8929718168  -0.9924518403  -0.2944467316
0.8885205971  -0.9865336079  -0.2989270059
0.8840392989  -0.9806053047  -0.3034373340
0.8795282358  -0.9746679086  -0.3079774172
0.8749876773  -0.9687222878  -0.3125469521
0.8704178800  -0.9627692826  -0.3171456010
0.8658190875  -0.9568097029  -0.3217729875
0.8611915422  -0.9508443257  -0.3264287302
0.8565354917  -0.9448738950  -0.3311124503
0.8518511715  -0.9388991164  -0.3358237016
0.8471387946  -0.9329206494  -0.3405619550
0.8423985548  -0.9269390981  -0.3453265651
0.8376305999  -0.9209549705  -0.3501166141
0.8328346796  -0.9149685120  -0.3549291094
0.8280102840  -0.9089798336  -0.3597601661
0.8231588755  -0.9029899462  -0.3646143607
0.8182843139  -0.8970013379  -0.3695028917
0.8133886285  -0.8910164874  -0.3744299017
0.8084703124  -0.8850360775  -0.3793930961
0.8035277266  -0.8790597890  -0.3843905285
0.7985606754  -0.8730875399  -0.3894207892
0.7935693847  -0.8671193243  -0.3944823971
0.7885540986  -0.8611550703  -0.3995737903
0.7835150635  -0.8551946259  -0.4046933323
0.7784525259  -0.8492377626  -0.4098393182
0.7733667306  -0.8432841810  -0.4150099814
0.7682579346  -0.8373335412  -0.4202034998
0.7631268752  -0.8313861601  -0.4254180017
0.7579745239  -0.8254426004  -0.4306515717
0.7528014037  -0.8195026558  -0.4359022567
0.7476077950  -0.8135657172  -0.4411680717
0.7423939392  -0.8076311045  -0.4464470055
0.7371600321  -0.8016980747  -0.4517370235
0.7319062143  -0.7957658281  -0.4570360719
0.7266333568  -0.7898345748  -0.4623420854
0.7213427042  -0.7839050081  -0.4676529955
0.7160343775  -0.7779763200  -0.4729667355
0.7107075403  -0.7720465526  -0.4782812474
0.7053610917  -0.7661136034  -0.4835944869
0.6999954164  -0.7601773393  -0.4889044288
0.6946101928  -0.7542368370  -0.4942090723
0.6892018032  -0.7482874699  -0.4995064479
0.6837668838  -0.7423253962  -0.5047946238
0.6782978485  -0.7363426271  -0.5100717138
0.6727790897  -0.7303231825  -0.5153358998
0.6670863423  -0.7241433141  -0.5205854599
0.6612149460  -0.7178021629  -0.5258187018
0.6555988474  -0.7117332027  -0.5310338170
0.6503880674  -0.7060784644  -0.5362289123
0.6453104695  -0.7005603819  -0.5414022191
0.6402617217  -0.6950728960  -0.5465521679
0.6352386486  -0.6896117874  -0.5516773076
0.6302409137  -0.6841758201  -0.5567762634
0.6252683584  -0.6787640568  -0.5618477482
0.6203208396  -0.6733756606  -0.5668905712
0.6153982326  -0.6680098949  -0.5719036440
0.6105004301  -0.6626661212  -0.5768859846
0.6056273407  -0.6573437973  -0.5818367232
0.6007788853  -0.6520424736  -0.5867550968
0.5959549925  -0.6467617904  -0.5916404421
0.5911555997  -0.6415014723  -0.5964922061
0.5863806576  -0.6362613237  -0.6013099608
0.5816301301  -0.6310412245  -0.6060934088
0.5769039900  -0.6258411254  -0.6108423876
0.5722022173  -0.6206610434  -0.6155568758
0.5675247943  -0.6155010557  -0.6202369840
0.5628716980  -0.6103612935  -0.6248829404
0.5582429042  -0.6052419355  -0.6294951129
0.5536384001  -0.6001432025  -0.6340740467
0.5490581863  -0.5950653524  -0.6386204835
0.5445022617  -0.5900086752  -0.6431353398
0.5399706143  -0.5849734863  -0.6476197051
0.5354632405  -0.5799601221  -0.6520749283
0.5309801611  -0.5749689383  -0.6565026677
0.5265214226  -0.5700003101  -0.6609049699
0.5220871361  -0.5650546524  -0.6652845119
0.5176779450  -0.5601325128  -0.6696468407
0.5132949728  -0.5552345232  -0.6739998052
0.5089371301  -0.5503608618  -0.6783431024
0.5046003268  -0.5455110061  -0.6826675309
0.5002822354  -0.5406844863  -0.6869683236
0.4959841289  -0.5358813734  -0.6912463862
0.4917074560  -0.5311018906  -0.6955024187
0.4874524426  -0.5263461345  -0.6997365906
0.4832189560  -0.5216141351  -0.7039490599
0.4790068549  -0.5169059018  -0.7081399869
0.4748159986  -0.5122214277  -0.7123095344
0.4706462476  -0.5075606898  -0.7164578673
0.4664974633  -0.5029236497  -0.7205851521
0.4623695081  -0.4983102539  -0.7246915561
0.4582622454  -0.4937204353  -0.7287772475
0.4541755395  -0.4891541141  -0.7328423948
0.4501092558  -0.4846111979  -0.7368871658
0.4460632603  -0.4800915831  -0.7409117273
0.4420374202  -0.4755951556  -0.7449162444
0.4380316034  -0.4711217920  -0.7489008798
0.4340456787  -0.4666713612  -0.7528657929
0.4300795161  -0.4622437253  -0.7568111401
0.4261329865  -0.4578387413  -0.7607370738
0.4222059619  -0.4534562615  -0.7646437418
0.4182983152  -0.4490961336  -0.7685312864
0.4144099202  -0.4447582027  -0.7723998439
0.4105406520  -0.4404423126  -0.7762495436
0.4066903864  -0.4361483068  -0.7800805080
0.4028590005  -0.4318760280  -0.7838928507
0.3990463721  -0.4276253185  -0.7876866757
0.3952523796  -0.4233960188  -0.7914620742
0.3914769003  -0.4191879489  -0.7952191133
0.3877198076  -0.4150008907  -0.7989578172
0.3839809776  -0.4108346939  -0.8026782017
0.3802603076  -0.4066894248  -0.8063803649
0.3765577169  -0.4025652258  -0.8100644914
0.3728731174  -0.3984620468  -0.8137307541
0.3692063971  -0.3943796813  -0.8173792726
0.3655574366  -0.3903179534  -0.8210101484
0.3619261233  -0.3862767520  -0.8246234863
0.3583123502  -0.3822559870  -0.8282193918
0.3547160125  -0.3782555734  -0.8317979694
0.3511370062  -0.3742754305  -0.8353593227
0.3475752282  -0.3703154812  -0.8389035541
0.3440305763  -0.3663756521  -0.8424307652
0.3405029494  -0.3624558730  -0.8459410563
0.3369922469  -0.3585560765  -0.8494345271
0.3334983693  -0.3546761981  -0.8529112761
0.3300212179  -0.3508161752  -0.8563714011
0.3265606949  -0.3469759471  -0.8598149989
0.3231167030  -0.3431554542  -0.8632421654
0.3196891459  -0.3393546380  -0.8666529959
0.3162779282  -0.3355734402  -0.8700475846
0.3128829549  -0.3318118029  -0.8734260254
0.3095041320  -0.3280696676  -0.8767884109
0.3061413662  -0.3243469751  -0.8801348335
0.3027945647  -0.3206436648  -0.8834653846
0.2994636357  -0.3169596744  -0.8867801551
0.2961484877  -0.3132949396  -0.8900792354
0.2928490302  -0.3096493935  -0.8933627152
0.2895651732  -0.3060229663  -0.8966306836
0.2862968273  -0.3024155842  -0.8998832294
0.2830439038  -0.2988271681  -0.9031204409
0.2798063145  -0.2952576283  -0.9063424061
0.2765839719  -0.2917068675  -0.9095492129
0.2733767890  -0.2881747972  -0.9127409487
0.2701846793  -0.2846613496  -0.9159176996
0.2670075570  -0.2811664675  -0.9190795506
0.2638453365  -0.2776900869  -0.9222265858
0.2606979330  -0.2742321365  -0.9253588893
0.2575652624  -0.2707925433  -0.9284765447
0.2544472409  -0.2673712344  -0.9315796353
0.2513437855  -0.2639681369  -0.9346682437
0.2482548134  -0.2605831777  -0.9377424521
0.2451802424  -0.2572162834  -0.9408023422
0.2421199908  -0.2538673802  -0.9438479953
0.2390739774  -0.2505363943  -0.9468794919
0.2360421215  -0.2472232432  -0.9498969125
0.2330243426  -0.2439278285  -0.9529003368
0.2300205610  -0.2406500698  -0.9558898444
0.2270306973  -0.2373899304  -0.9588655140
0.2240546727  -0.2341473691  -0.9618274241
0.2210924086  -0.2309223100  -0.9647756525
0.2181438271  -0.2277146704  -0.9677102771
0.2152088505  -0.2245243709  -0.9706313749
0.2122874015  -0.2213513315  -0.9735390229
0.2093794034  -0.2181954712  -0.9764332974
0.2064847797  -0.2150567085  -0.9793142744
0.2036034544  -0.2119349611  -0.9821820296
0.2007353520  -0.2088301465  -0.9850366383
0.1978803972  -0.2057421818  -0.9878781752
0.1950385152  -0.2026709842  -0.9907067148
0.1922096315  -0.1996164705  -0.9935223311
0.1893936722  -0.1965785576  -0.9963250980
0.1865905634  -0.1935571629  -0.9991150887
0.1838002319  -0.1905522034  -1.0018923762
0.1810226048  -0.1875635966  -1.0046570329
0.1782576095  -0.1845912603  -1.0074091313
0.1755051737  -0.1816351126  -1.0101487430
0.1727652255  -0.1786950716  -1.0128759395
0.1700376936  -0.1757710561  -1.0155907921
0.1673225066  -0.1728629849  -1.0182933715
0.1646195939  -0.1699707772  -1.0209837480
0.1619288849  -0.1670943523  -1.0236619919
0.1592503095  -0.1642336300  -1.0263281727
0.1565837979  -0.1613885300  -1.0289823599
0.1539292807  -0.1585589723  -1.0316246225
0.1512866888  -0.1557448768  -1.0342550293
0.1486559533  -0.1529461636  -1.0368736485
0.1460370067  -0.1501628473  -1.0394805609
0.1434297826  -0.1473949712  -1.0420758611
0.1408342120  -0.1446422287  -1.0446596075
0.1382502231  -0.1419042530  -1.0472318249
0.1356777476  -0.1391810782  -1.0497925651
0.1331167207  -0.1364727753  -1.0523418965
0.1305670772  -0.1337792748  -1.0548798811
0.1280287511  -0.1311005047  -1.0574065813
0.1255016768  -0.1284363920  -1.0599220604
0.1229857891  -0.1257868624  -1.0624263823
0.1204810230  -0.1231518398  -1.0649196118
0.1179873136  -0.1205312470  -1.0674018144
0.1155045968  -0.1179250048  -1.0698730567
0.1130328083  -0.1153330327  -1.0723334062
0.1105718843  -0.1127552488  -1.0747829313
0.1081217612  -0.1101915697  -1.0772217014
0.1056823757  -0.1076419104  -1.0796497867
0.1032536646  -0.1051061848  -1.0820672585
0.1008355652  -0.1025843057  -1.0844741889
0.0984280148  -0.1000761846  -1.0868706507
0.0960309510  -0.0975817322  -1.0892567175
0.0936443119  -0.0951008583  -1.0916324632
0.0912680354  -0.0926334720  -1.0939979625
0.0889020601  -0.0901794820  -1.0963532902
0.0865463246  -0.0877387963  -1.0986985213
0.0842007678  -0.0853113227  -1.1010337308
0.0818653288  -0.0828969690  -1.1033589933
0.0795399470  -0.0804956427  -1.1056743829
0.0772245622  -0.0781072515  -1.1079799734
0.0749191144  -0.0757317033  -1.1102758371
0.0726235437  -0.0733689063  -1.1125620454
0.0703377906  -0.0710187691  -1.1148386681
0.0680625562  -0.0686812665  -1.1171385390
0.0657982781  -0.0663563420  -1.1194779545
0.0635429262  -0.0640437319  -1.1218009927
0.0612958632  -0.0617433047  -1.1241221538
0.0590580522  -0.0594550650  -1.1264404906
0.0568294190  -0.0571789267  -1.1287549190
0.0546098936  -0.0549148047  -1.1310642179
0.0523994107  -0.0526626147  -1.1333670290
0.0501979097  -0.0504222736  -1.1356618572
0.0480053354  -0.0481936990  -1.1379470703
0.0458216376  -0.0459768094  -1.1402208990
0.0436467720  -0.0437715239  -1.1424814371
0.0414807000  -0.0415777621  -1.1447266415
0.0393233890  -0.0393954442  -1.1469543317
0.0371748127  -0.0372244906  -1.1491621907
0.0350349510  -0.0350648219  -1.1513477640
0.0329037900  -0.0329163590  -1.1535084603
0.0307813225  -0.0307790227  -1.1556415514
0.0286675477  -0.0286527337  -1.1577441720
0.0265624709  -0.0265374127  -1.1598133196
0.0244661039  -0.0244329801  -1.1618458549
0.0223784645  -0.0223393564  -1.1638385015
0.0202995763  -0.0202564614  -1.1657878462
0.0182294686  -0.0181842152  -1.1676903383
0.0161681755  -0.0161225375  -1.1695422906
0.0141157362  -0.0140713480  -1.1713398787
0.0120721935  -0.0120305666  -1.1730791409
0.0100375941  -0.0100001134  -1.1747559790
0.0080119869  -0.0079799085  -1.1763661574
0.0059954230  -0.0059698732  -1.1779053036
0.0039879540  -0.0039699289  -1.1793689082
0.0019896313  -0.0019799984  -1.1807523246
0.0019885682  -0.0019799876  -1.1807523246
