0.163861
1.1196223457  -1.3581657950   0.0000489937
1.1196223457  -1.3581657950   0.0000489937
1.1196287555  -1.3581736255   0.0000427563
1.1196285429  -1.3581640887   0.0000246671
1.1196177542  -1.3581320473  -0.0000055946
1.1195945039  -1.3580749014  -0.0000483476
1.1195580242  -1.3579916280  -0.0001039086
1.1195078568  -1.3578816371  -0.0001725921
1.1194436610  -1.3577445014  -0.0002547107
1.1193651491  -1.3575798648  -0.0003505749
1.1192720599  -1.3573874053  -0.0004604929
1.1191641464  -1.3571668173  -0.0005847712
1.1190411692  -1.3569178025  -0.0007237139
1.1189028933  -1.3566400653  -0.0008776232
1.1187490856  -1.3563333100  -0.0010467992
1.1185795144  -1.3559972387  -0.0012315399
1.1183939476  -1.3556315504  -0.0014321412
1.1181921529  -1.3552359405  -0.0016488970
1.1179738975  -1.3548101006  -0.0018820990
1.1177389473  -1.3543537176  -0.0021320371
1.1174870672  -1.3538664745  -0.0023989987
1.1172180207  -1.3533480496  -0.0026832695
1.1169315704  -1.3527981171  -0.0029851331
1.1166274771  -1.3522163471  -0.0033048707
1.1163055005  -1.3516024052  -0.0036427617
1.1159653988  -1.3509559537  -0.0039990835
1.1156069290  -1.3502766507  -0.0043741111
1.1152298467  -1.3495641512  -0.0047681178
1.1148339061  -1.3488181065  -0.0051813746
1.1144188601  -1.3480381653  -0.0056141504
1.1139844604  -1.3472239732  -0.0060667122
1.1135304575  -1.3463751735  -0.0065393248
1.1130565961  -1.3454910639  -0.0070329909
1.1125626300  -1.3445715922  -0.0075472966
1.1120483126  -1.3436168413  -0.0080822525
1.1115133843  -1.3426261975  -0.0086381075
1.1109575877  -1.3415991802  -0.0092151077
1.1103806667  -1.3405353934  -0.0098135058
1.1097823642  -1.3394344538  -0.0104335556
1.1091624228  -1.3382959838  -0.0110755126
1.1085205840  -1.3371196086  -0.0117396340
1.1078565891  -1.3359049561  -0.0124261777
1.1071701786  -1.3346516568  -0.0131354028
1.1064610927  -1.3333593440  -0.0138675688
1.1057290710  -1.3320276544  -0.0146229361
1.1049738529  -1.3306562283  -0.0154017650
1.1041951776  -1.3292447101  -0.0162043164
1.1033927840  -1.3277927487  -0.0170308512
1.1025664110  -1.3262999981  -0.0178816305
1.1017157974  -1.3247661173  -0.0187569152
1.1008406820  -1.3231907713  -0.0196569664
1.0999408040  -1.3215736312  -0.0205820445
1.0990159027  -1.3199143747  -0.0215324100
1.0980657176  -1.3182126863  -0.0225083231
1.0970899888  -1.3164682580  -0.0235100439
1.0960884568  -1.3146807893  -0.0245378326
1.0950608629  -1.3128499880  -0.0255919486
1.0940069488  -1.3109755706  -0.0266726503
1.0929264572  -1.3090572624  -0.0277801951
1.0918191316  -1.3070947984  -0.0289148392
1.0906847164  -1.3050879226  -0.0300768377
1.0895229574  -1.3030363895  -0.0312664439
1.0883336012  -1.3009399634  -0.0324839100
1.0871163961  -1.2987983269  -0.0337294865
1.0858710910  -1.2966112319  -0.0350034221
1.0845974366  -1.2943786626  -0.0363059633
1.0832951864  -1.2921005156  -0.0376373548
1.0819640952  -1.2897765427  -0.0389978393
1.0806039191  -1.2874065424  -0.0403876572
1.0792144163  -1.2849903495  -0.0418070465
1.0777953470  -1.2825278136  -0.0432562427
1.0763464737  -1.2800187971  -0.0447354790
1.0748675611  -1.2774631734  -0.0462449856
1.0733583765  -1.2748608277  -0.0477849899
1.0718186895  -1.2722116577  -0.0493557164
1.0702482727  -1.2695155740  -0.0509573865
1.0686469011  -1.2667724998  -0.0525902184
1.0670143529  -1.2639823711  -0.0542544271
1.0653504093  -1.2611451365  -0.0559502241
1.0636548545  -1.2582607571  -0.0576778177
1.0619274764  -1.2553292069  -0.0594374122
1.0601680660  -1.2523504729  -0.0612292084
1.0583764181  -1.2493245552  -0.0630534033
1.0565523311  -1.2462514670  -0.0649101896
1.0546956073  -1.2431312349  -0.0667997564
1.0528060634  -1.2399639169  -0.0687222884
1.0508835398  -1.2367496180  -0.0706779661
1.0489278742  -1.2334884453  -0.0726669656
1.0469388925  -1.2301804914  -0.0746894584
1.0449164240  -1.2268258608  -0.0767456118
1.0428603023  -1.2234246709  -0.0788355882
1.0407703656  -1.2199770524  -0.0809595451
1.0386464564  -1.2164831500  -0.0831176354
1.0364884218  -1.2129431226  -0.0853100071
1.0342961137  -1.2093571396  -0.0875368037
1.0320693889  -1.2057253791  -0.0897981643
1.0298081089  -1.2020480383  -0.0920942231
1.0275121403  -1.1983253394  -0.0944251091
1.0251813549  -1.1945575191  -0.0967909459
1.0228156294  -1.1907448263  -0.0991918519
1.0204148460  -1.1868875340  -0.1016279397
1.0179788922  -1.1829859532  -0.1040993164
1.0155076613  -1.1790403823  -0.1066060836
1.0130010518  -1.1750510100  -0.1091483375
1.0104589676  -1.1710179505  -0.1117261691
1.0078813178  -1.1669414192  -0.1143396637
1.0052680172  -1.1628218094  -0.1169888995
1.0026189875  -1.1586596059  -0.1196739478
0.9999341568  -1.1544552995  -0.1223948735
0.9972134595  -1.1502093701  -0.1251517350
0.9944568360  -1.1459222912  -0.1279445844
0.9916642331  -1.1415945304  -0.1307734674
0.9888356037  -1.1372265487  -0.1336384232
0.9859709072  -1.1328188013  -0.1365394844
0.9830701091  -1.1283717377  -0.1394766768
0.9801331817  -1.1238858025  -0.1424500198
0.9771601036  -1.1193614342  -0.1454595255
0.9741508601  -1.1147990656  -0.1485051996
0.9711054432  -1.1101991253  -0.1515870422
0.9680238518  -1.1055620402  -0.1547050462
0.9649060913  -1.1008882380  -0.1578591942
0.9617521732  -1.0961781500  -0.1610494584
0.9585621164  -1.0914322124  -0.1642758011
0.9553359465  -1.0866508655  -0.1675381745
0.9520736968  -1.0818345534  -0.1708365205
0.9487754130  -1.0769837489  -0.1741707707
0.9454411701  -1.0720990189  -0.1775408471
0.9420710546  -1.0671809378  -0.1809466615
0.9386651458  -1.0622300182  -0.1843881164
0.9352235296  -1.0572467746  -0.1878651041
0.9317463001  -1.0522317337  -0.1913775070
0.9282335599  -1.0471854331  -0.1949251970
0.9246854181  -1.0421083493  -0.1985080270
0.9211019898  -1.0370009166  -0.2021258277
0.9174834073  -1.0318639575  -0.2057784630
0.9138298347  -1.0266988118  -0.2094658822
0.9101414499  -1.0215065289  -0.2131880497
0.9064184093  -1.0162873889  -0.2169448482
0.9026608503  -1.0110414884  -0.2207360874
0.8988689210  -1.0057692571  -0.2245615565
0.8950427925  -1.0004713808  -0.2284210415
0.8911826532  -0.9951486261  -0.2323143219
0.8872887021  -0.9898017911  -0.2362411697
0.8833611483  -0.9844317008  -0.2402013492
0.8794002106  -0.9790392053  -0.2441946183
0.8754061188  -0.9736251776  -0.2482207370
0.8713791151  -0.9681905121  -0.2522794744
0.8673194519  -0.9627361227  -0.2563705990
0.8632273883  -0.9572629410  -0.2604938689
0.8591032612  -0.9517720748  -0.2646490323
0.8549474622  -0.9462647690  -0.2688358279
0.8507602869  -0.9407420761  -0.2730539854
0.8465419555  -0.9352048765  -0.2773032314
0.8422926896  -0.9296540351  -0.2815833065
0.8380127128  -0.9240904025  -0.2858939579
0.8337022425  -0.9185148123  -0.2902349076
0.8293614853  -0.9129280762  -0.2946058383
0.8249906438  -0.9073309805  -0.2990064104
0.8205899263  -0.9017242852  -0.3034362900
0.8161595424  -0.8961087215  -0.3078951217
0.8116996863  -0.8904849844  -0.3123824701
0.8072105357  -0.8848537256  -0.3168978217
0.8026922505  -0.8792155443  -0.3214405246
0.7981449480  -0.8735709377  -0.3260096556
0.7935682021  -0.8679200934  -0.3306012993
0.7889616264  -0.8622632735  -0.3352121457
0.7843278060  -0.8566025233  -0.3398493562
0.7796708751  -0.8509408744  -0.3445237420
0.7749915933  -0.8452797945  -0.3492379073
0.7702879605  -0.8396192662  -0.3539895918
0.7655586341  -0.8339590319  -0.3587769525
0.7608034946  -0.8282990615  -0.3635985690
0.7560227517  -0.8226393709  -0.3684529390
0.7512166289  -0.8169799081  -0.3733384764
0.7463853528  -0.8113205440  -0.3782535163
0.7415291504  -0.8056610759  -0.3831963228
0.7366482713  -0.8000012690  -0.3881650946
0.7317434355  -0.7943415222  -0.3931579723
0.7268155559  -0.7886824153  -0.3981730436
0.7218651134  -0.7830237815  -0.4032083505
0.7168923896  -0.7773651096  -0.4082618933
0.7118976363  -0.7717058200  -0.4133316354
0.7068810715  -0.7660452739  -0.4184155097
0.7018428693  -0.7603827718  -0.4235114279
0.6967835579  -0.7547181060  -0.4286172861
0.6917044218  -0.7490520732  -0.4337309707
0.6866061251  -0.7433846154  -0.4388503640
0.6814881429  -0.7377141495  -0.4439733509
0.6763495376  -0.7320387100  -0.4490978247
0.6711899360  -0.7263571945  -0.4542216932
0.6660099562  -0.7206697811  -0.4593428834
0.6608081133  -0.7149741971  -0.4644593482
0.6555808420  -0.7092660316  -0.4695690730
0.6503245231  -0.7035412993  -0.4746700826
0.6450302806  -0.6977907413  -0.4797604487
0.6396829251  -0.6919989004  -0.4848383193
0.6341014430  -0.6859857847  -0.4899019410
0.6284002545  -0.6798696497  -0.4949495523
0.6230410910  -0.6741103785  -0.4999792475
0.6180398398  -0.6687155907  -0.5049890804
0.6131515329  -0.6634357622  -0.5099772691
0.6082908600  -0.6581842089  -0.5149422183
0.6034556887  -0.6529579024  -0.5198824400
0.5986456998  -0.6477557093  -0.5247965265
0.5938607371  -0.6425767588  -0.5296831613
0.5891006609  -0.6374202787  -0.5345411280
0.5843653497  -0.6322855949  -0.5393693154
0.5796546987  -0.6271721292  -0.5441667226
0.5749686166  -0.6220793968  -0.5489324545
0.5703070210  -0.6170070030  -0.5536657157
0.5656698399  -0.6119546385  -0.5583658218
0.5610570155  -0.6069220751  -0.5630322127
0.5564685037  -0.6019091615  -0.5676644585
0.5519042701  -0.5969158196  -0.5722622637
0.5473642884  -0.5919420386  -0.5768254727
0.5428485371  -0.5869878703  -0.5813540689
0.5383569925  -0.5820534223  -0.5858481581
0.5338896274  -0.5771388523  -0.5903079748
0.5294464213  -0.5722443617  -0.5947339186
0.5250273678  -0.5673701913  -0.5991265805
0.5206324652  -0.5625166162  -0.6034867392
0.5162617033  -0.5576839391  -0.6078153394
0.5119150659  -0.5528724843  -0.6121135270
0.5075925528  -0.5480825953  -0.6163827304
0.5032941847  -0.5433146323  -0.6206246943
0.4990200081  -0.5385689737  -0.6248415904
0.4947701342  -0.5338460409  -0.6290362423
0.4905454011  -0.5291464309  -0.6332154424
0.4863468803  -0.5244707734  -0.6373868982
0.4821727266  -0.5198190561  -0.6415476780
0.4780187837  -0.5151906254  -0.6456885301
0.4738835427  -0.5105851080  -0.6498060380
0.4697684624  -0.5060026711  -0.6539011054
0.4656747184  -0.5014435445  -0.6579743376
0.4616024512  -0.4969078178  -0.6620259010
0.4575515224  -0.4923955183  -0.6660559564
0.4535217881  -0.4879066537  -0.6700646665
0.4495131053  -0.4834412153  -0.6740521970
0.4455253320  -0.4789991783  -0.6780187151
0.4415583271  -0.4745805026  -0.6819643901
0.4376119506  -0.4701851334  -0.6858893919
0.4336860632  -0.4658130026  -0.6897938915
0.4297805268  -0.4614640289  -0.6936780600
0.4258952040  -0.4571381188  -0.6975420676
0.4220299582  -0.4528351675  -0.7013860837
0.4181846539  -0.4485550600  -0.7052102756
0.4143591563  -0.4442976725  -0.7090148080
0.4105533315  -0.4400628736  -0.7127998431
0.4067670468  -0.4358505254  -0.7165655395
0.4030001705  -0.4316604848  -0.7203120519
0.3992525718  -0.4274926034  -0.7240395303
0.3955241207  -0.4233467285  -0.7277481189
0.3918146886  -0.4192227049  -0.7314379559
0.3881241474  -0.4151203766  -0.7351091730
0.3844523706  -0.4110395867  -0.7387618946
0.3807992324  -0.4069801772  -0.7423962364
0.3771646077  -0.4029419890  -0.7460123038
0.3735483723  -0.3989248611  -0.7496101900
0.3699504002  -0.3949286020  -0.7531899597
0.3663705614  -0.3909529803  -0.7567516325
0.3628087312  -0.3869978771  -0.7602952356
0.3592648081  -0.3830634064  -0.7638208901
0.3557387075  -0.3791496961  -0.7673287873
0.3522303325  -0.3752566534  -0.7708190922
0.3487395657  -0.3713840638  -0.7742919229
0.3452662858  -0.3675317591  -0.7777473850
0.3418103786  -0.3636996284  -0.7811855866
0.3383717343  -0.3598875783  -0.7846066364
0.3349502448  -0.3560955196  -0.7880106421
0.3315458029  -0.3523233671  -0.7913977103
0.3281583025  -0.3485710387  -0.7947679466
0.3247876382  -0.3448384554  -0.7981214555
0.3214337056  -0.3411255412  -0.8014583408
0.3180964013  -0.3374322227  -0.8047787050
0.3147756224  -0.3337584285  -0.8080826499
0.3114712671  -0.3301040893  -0.8113702763
0.3081832345  -0.3264691369  -0.8146416842
0.3049114242  -0.3228535044  -0.8178969727
0.3016557368  -0.3192571253  -0.8211362400
0.2984160737  -0.3156799338  -0.8243595836
0.2951923371  -0.3121218636  -0.8275671002
0.2919844297  -0.3085828483  -0.8307588857
0.2887922551  -0.3050628203  -0.8339350354
0.2856157178  -0.3015617107  -0.8370956439
0.2824547226  -0.2980794492  -0.8402408050
0.2793091754  -0.2946159632  -0.8433706121
0.2761789825  -0.2911711779  -0.8464851577
0.2730640510  -0.2877450155  -0.8495845340
0.2699642886  -0.2843373946  -0.8526688327
0.2668796037  -0.2809482281  -0.8557381448
0.2638099054  -0.2775774187  -0.8587925614
0.2607551033  -0.2742248637  -0.8618321730
0.2577151075  -0.2708904714  -0.8648570697
0.2546898291  -0.2675741696  -0.8678673401
0.2516791791  -0.2642758917  -0.8708630718
0.2486830696  -0.2609955645  -0.8738443517
0.2457014131  -0.2577331090  -0.8768112664
0.2427341228  -0.2544884450  -0.8797639023
0.2397811126  -0.2512614925  -0.8827023451
0.2368422967  -0.2480521716  -0.8856266798
0.2339175900  -0.2448604020  -0.8885369912
0.2310069077  -0.2416861035  -0.8914333632
0.2281101659  -0.2385291953  -0.8943158794
0.2252272810  -0.2353895969  -0.8971846229
0.2223581698  -0.2322672204  -0.9000396762
0.2195027499  -0.2291619652  -0.9028811213
0.2166609392  -0.2260737454  -0.9057090399
0.2138326561  -0.2230025110  -0.9085235129
0.2110178198  -0.2199482082  -0.9113246208
0.2082163496  -0.2169107553  -0.9141124435
0.2054281654  -0.2138900643  -0.9168870607
0.2026531878  -0.2108860506  -0.9196485516
0.1998913374  -0.2078986289  -0.9223969948
0.1971425358  -0.2049277133  -0.9251324685
0.1944067045  -0.2019732173  -0.9278550505
0.1916837660  -0.1990350541  -0.9305648182
0.1889736428  -0.1961131367  -0.9332618483
0.1862762581  -0.1932073780  -0.9359462175
0.1835915354  -0.1903176909  -0.9386180016
0.1809193989  -0.1874439880  -0.9412772762
0.1782597729  -0.1845861826  -0.9439241165
0.1756125823  -0.1817441877  -0.9465585972
0.1729777523  -0.1789179167  -0.9491807926
0.1703552088  -0.1761072834  -0.9517907765
0.1677448778  -0.1733122017  -0.9543886223
0.1651466859  -0.1705325860  -0.9569744031
0.1625605601  -0.1677683510  -0.9595481915
0.1599864278  -0.1650194118  -0.9621100597
0.1574242166  -0.1622856836  -0.9646600795
0.1548738548  -0.1595670823  -0.9671983222
0.1523352710  -0.1568635239  -0.9697248589
0.1498083941  -0.1541749246  -0.9722397601
0.1472931536  -0.1515012012  -0.9747430961
0.1447894791  -0.1488422703  -0.9772349366
0.1422973008  -0.1461980490  -0.9797153510
0.1398165492  -0.1435684544  -0.9821844084
0.1373471560  -0.1409534810  -0.9846421885
0.1348890538  -0.1383531469  -0.9870887832
0.1324421733  -0.1357671842  -0.9895242525
0.1300064432  -0.1331952763  -0.9919486267
0.1275817947  -0.1306374344  -0.9943619600
0.1251681624  -0.1280936998  -0.9967643206
0.1227654806  -0.1255639990  -0.9991557714
0.1203736829  -0.1230482567  -1.0015363755
0.1179927034  -0.1205463968  -1.0039061966
0.1156224768  -0.1180583423  -1.0062652988
0.1132629377  -0.1155840150  -1.0086137470
0.1109140215  -0.1131233356  -1.0109516067
0.1085756635  -0.1106762236  -1.0132789442
0.1062477998  -0.1082425977  -1.0155958264
0.1039303665  -0.1058223751  -1.0179023211
0.1016233002  -0.1034154724  -1.0201984966
0.0993265375  -0.1010218047  -1.0224844224
0.0970400157  -0.0986412868  -1.0247601682
0.0947636722  -0.0962738322  -1.0270258047
0.0924974447  -0.0939193538  -1.0292814031
0.0902412712  -0.0915777640  -1.0315270351
0.0879950901  -0.0892489747  -1.0337627728
0.0857588401  -0.0869328970  -1.0359886888
0.0835324600  -0.0846294422  -1.0382048557
0.0813158891  -0.0823385211  -1.0404113461
0.0791090670  -0.0800600443  -1.0426082326
0.0769119334  -0.0777939228  -1.0447955875
0.0747244286  -0.0755400672  -1.0469734826
0.0725464931  -0.0732983888  -1.0491419889
0.0703780676  -0.0710687989  -1.0513011767
0.0682190932  -0.0688512091  -1.0534511149
0.0660695114  -0.0666455319  -1.0555918711
0.0639299327  -0.0644517330  -1.0577542620
0.0618007361  -0.0622697534  -1.0599535832
0.0596801298  -0.0600993660  -1.0621373569
0.0575675468  -0.0579404513  -1.0643191938
0.0554638285  -0.0557929999  -1.0664982080
0.0533689038  -0.0536569290  -1.0686733849
0.0512827055  -0.0515321568  -1.0708435814
0.0492051702  -0.0494186026  -1.0730075260
0.0471362391  -0.0473161863  -1.0751638183
0.0450758580  -0.0452248288  -1.0773109297
0.0430239772  -0.0431444518  -1.0794472029
0.0409805524  -0.0410749773  -1.0815708520
0.0389455441  -0.0390163285  -1.0836799626
0.0369189185  -0.0369684284  -1.0857724918
0.0349006471  -0.0349312009  -1.0878462679
0.0328907070  -0.0329045700  -1.0898989910
0.0308890812  -0.0308884600  -1.0919282324
0.0288957581  -0.0288827952  -1.0939314349
0.0269107320  -0.0268875002  -1.0959059128
0.0249340029  -0.0249024995  -1.0978488518
0.0229655763  -0.0229277177  -1.0997573091
0.0210054631  -0.0209630792  -1.1016282132
0.0190536793  -0.0190085085  -1.1034583641
0.0171102461  -0.0170639302  -1.1052444335
0.0151751890  -0.0151292687  -1.1069829641
0.0132485379  -0.0132044485  -1.1086703705
0.0113303261  -0.0112893946  -1.1103029383
0.0094205901  -0.0093840320  -1.1118768249
0.0075193688  -0.0074882863  -1.1133880591
0.0056267026  -0.0056020834  -1.1148325408
0.0037426327  -0.0037253502  -1.1162060419
0.0018672001  -0.0018580145  -1.1175042052
0.0018662639  -0.0018580049  -1.1175042052
