0.0823724
2.2006388484  -2.4365842361   0.0000894247
2.2006388484  -2.4365842361   0.0000894247
2.2006446832  -2.4365705791   0.0000719587
2.2006369674  -2.4365118765   0.0000295270
2.2006092383  -2.4364067150  -0.0000386107
2.2005557303  -2.4362457814  -0.0001331833
2.2004743695  -2.4360262844  -0.0002549083
2.2003639993  -2.4357469759  -0.0004044917
2.2002238071  -2.4354071702  -0.0005826283
2.2000531374  -2.4350064259  -0.0007900012
2.1998514148  -2.4345444156  -0.0010272821
2.1996181095  -2.4340208659  -0.0012951315
2.1993527183  -2.4334355262  -0.0015941981
2.1990547552  -2.4327881520  -0.0019251196
2.1987237455  -2.4320784951  -0.0022885218
2.1983592220  -2.4313062981  -0.0026850195
2.1979607231  -2.4304712916  -0.0031152159
2.1975277916  -2.4295731919  -0.0035797025
2.1970599733  -2.4286117006  -0.0040790599
2.1965568173  -2.4275865044  -0.0046138568
2.1960178749  -2.4264972752  -0.0051846507
2.1954427001  -2.4253436704  -0.0057919877
2.1948308490  -2.4241253341  -0.0064364023
2.1941818803  -2.4228418979  -0.0071184177
2.1934953554  -2.4214929815  -0.0078385456
2.1927708382  -2.4200781942  -0.0085972863
2.1920078953  -2.4185971359  -0.0093951287
2.1912060968  -2.4170493985  -0.0102325501
2.1903650156  -2.4154345669  -0.0111100167
2.1894842285  -2.4137522207  -0.0120279830
2.1885633159  -2.4120019351  -0.0129868921
2.1876018621  -2.4101832826  -0.0139871757
2.1865994481  -2.4082945858  -0.0150306733
2.1855556808  -2.4063365774  -0.0161165519
2.1844701686  -2.4043103576  -0.0172447866
2.1833424995  -2.4022145722  -0.0184156701
2.1821722761  -2.4000484816  -0.0196295280
2.1809591124  -2.3978115526  -0.0208867299
2.1797026291  -2.3955033021  -0.0221876368
2.1784024529  -2.3931232894  -0.0235326064
2.1770582176  -2.3906710968  -0.0249219918
2.1756695638  -2.3881463261  -0.0263561407
2.1742361391  -2.3855485976  -0.0278353941
2.1727575956  -2.3828775484  -0.0293600860
2.1712335929  -2.3801328369  -0.0309305420
2.1696638012  -2.3773141462  -0.0325470796
2.1680478994  -2.3744211836  -0.0342100083
2.1663855753  -2.3714536808  -0.0359196293
2.1646765256  -2.3684113949  -0.0376762351
2.1629204563  -2.3652941097  -0.0394801094
2.1611170827  -2.3621016359  -0.0413315265
2.1592661299  -2.3588338123  -0.0432307514
2.1573673326  -2.3554905064  -0.0451780394
2.1554204359  -2.3520716156  -0.0471736361
2.1534251947  -2.3485770686  -0.0492177763
2.1513813745  -2.3450068271  -0.0513106835
2.1492887515  -2.3413608856  -0.0534525704
2.1471471123  -2.3376392720  -0.0556436394
2.1449562547  -2.3338420482  -0.0578840826
2.1427159877  -2.3299693100  -0.0601740817
2.1404261310  -2.3260211861  -0.0625138075
2.1380865117  -2.3219978331  -0.0649034203
2.1356969581  -2.3178994302  -0.0673430693
2.1332573119  -2.3137258778  -0.0698328929
2.1307674337  -2.3094773220  -0.0723730172
2.1282271981  -2.3051546736  -0.0749635555
2.1256364956  -2.3007585340  -0.0776046093
2.1229952269  -2.2962890565  -0.0802962705
2.1203033020  -2.2917465491  -0.0830386200
2.1175606434  -2.2871314064  -0.0858317280
2.1147671853  -2.2824440660  -0.0886756540
2.1119228740  -2.2776850015  -0.0915704467
2.1090276673  -2.2728547162  -0.0945161440
2.1060815344  -2.2679537407  -0.0975127716
2.1030844544  -2.2629826320  -0.1005603425
2.1000363970  -2.2579419573  -0.1036588585
2.0969373355  -2.2528323043  -0.1068083121
2.0937872732  -2.2476543036  -0.1100086859
2.0905862327  -2.2424086184  -0.1132599529
2.0873342482  -2.2370959363  -0.1165620763
2.0840313650  -2.2317169700  -0.1199150098
2.0806776394  -2.2262724589  -0.1233186976
2.0772731386  -2.2207631688  -0.1267730743
2.0738179397  -2.2151898881  -0.1302780634
2.0703121299  -2.2095534261  -0.1338335770
2.0667558055  -2.2038546090  -0.1374395158
2.0631490424  -2.1980942557  -0.1410957699
2.0594919068  -2.1922731857  -0.1448022187
2.0557845015  -2.1863922594  -0.1485587319
2.0520269572  -2.1804523741  -0.1523651720
2.0482194154  -2.1744544517  -0.1562213982
2.0443620275  -2.1683994391  -0.1601272657
2.0404549535  -2.1622883080  -0.1640826210
2.0364983604  -2.1561220517  -0.1680873004
2.0324924233  -2.1499016649  -0.1721411327
2.0284373205  -2.1436281279  -0.1762439390
2.0243331863  -2.1373024143  -0.1803955341
2.0201801484  -2.1309255418  -0.1845957300
2.0159783916  -2.1244985847  -0.1888443402
2.0117281248  -2.1180226375  -0.1931411781
2.0074295640  -2.1114988147  -0.1974860541
2.0030829311  -2.1049282788  -0.2018787760
1.9986884541  -2.0983122563  -0.2063191493
1.9942463668  -2.0916518908  -0.2108069778
1.9897569005  -2.0849480389  -0.2153420649
1.9852202179  -2.0782013974  -0.2199242138
1.9806364698  -2.0714129324  -0.2245532265
1.9760058806  -2.0645839934  -0.2292289027
1.9713287010  -2.0577160524  -0.2339510396
1.9666051869  -2.0508105517  -0.2387194333
1.9618355972  -2.0438688939  -0.2435338740
1.9570201929  -2.0368924466  -0.2483941454
1.9521592390  -2.0298825442  -0.2533000377
1.9472530095  -2.0228405196  -0.2582513564
1.9423017491  -2.0157676712  -0.2632479200
1.9373056433  -2.0086651726  -0.2682895568
1.9322648462  -2.0015340931  -0.2733760956
1.9271794998  -1.9943754459  -0.2785073501
1.9220497337  -1.9871901887  -0.2836831110
1.9168756686  -1.9799792294  -0.2889031479
1.9116574204  -1.9727434319  -0.2941672116
1.9063952162  -1.9654837661  -0.2994750385
1.9010894474  -1.9582013857  -0.3048263676
1.8957403915  -1.9508972879  -0.3102209501
1.8903481542  -1.9435722341  -0.3156585384
1.8849128268  -1.9362269483  -0.3211388791
1.8794344924  -1.9288621240  -0.3266617182
1.8739132300  -1.9214784297  -0.3322268053
1.8683491279  -1.9140765419  -0.3378338931
1.8627424621  -1.9066573789  -0.3434827315
1.8570936289  -1.8992220066  -0.3491730661
1.8514029264  -1.8917713621  -0.3549046384
1.8456706103  -1.8843063384  -0.3606771855
1.8398969371  -1.8768279405  -0.3664904246
1.8340821626  -1.8693372129  -0.3723440511
1.8282265660  -1.8618346294  -0.3782378264
1.8223304900  -1.8543201874  -0.3841716317
1.8163942789  -1.8467947119  -0.3901453385
1.8104182028  -1.8392601497  -0.3961586902
1.8044024975  -1.8317183981  -0.4022113541
1.7983474154  -1.8241707358  -0.4083029959
1.7922532266  -1.8166181703  -0.4144332875
1.7861199524  -1.8090614732  -0.4206018978
1.7799476998  -1.8015015143  -0.4268084946
1.7737371465  -1.7939396892  -0.4330527445
1.7674892345  -1.7863776505  -0.4393343118
1.7612049508  -1.7788171054  -0.4456528604
1.7548853009  -1.7712597892  -0.4520080580
1.7485309065  -1.7637071274  -0.4583995754
1.7421417397  -1.7561598682  -0.4648270876
1.7357174809  -1.7486183402  -0.4712902714
1.7292577609  -1.7410827820  -0.4777888065
1.7227621580  -1.7335533697  -0.4843223784
1.7162304070  -1.7260304671  -0.4908906735
1.7096629883  -1.7185152994  -0.4974933902
1.7030605723  -1.7110092714  -0.5041301733
1.6964233929  -1.7035132260  -0.5108004804
1.6897516567  -1.6960279333  -0.5175038100
1.6830457102  -1.6885543162  -0.5242399404
1.6763060139  -1.6810934922  -0.5310086941
1.6695329358  -1.6736464559  -0.5378098051
1.6627267160  -1.6662139475  -0.5446429595
1.6558875618  -1.6587966040  -0.5515077509
1.6490156860  -1.6513950368  -0.5584035945
1.6421112732  -1.6440096906  -0.5653294768
1.6351735231  -1.6366397113  -0.5722808000
1.6282020469  -1.6292847731  -0.5792554408
1.6212009476  -1.6219499014  -0.5862634647
1.6141752680  -1.6146419068  -0.5933149488
1.6071242605  -1.6073615489  -0.6004100709
1.6000443525  -1.6001055888  -0.6075464428
1.5929340705  -1.5928721156  -0.6147227280
1.5857934667  -1.5856605820  -0.6219376997
1.5786227130  -1.5784704044  -0.6291900588
1.5714219499  -1.5713007960  -0.6364784400
1.5641914407  -1.5641510452  -0.6438014061
1.5569314196  -1.5570202483  -0.6511574416
1.5496420264  -1.5499072142  -0.6585449546
1.5423235246  -1.5428108490  -0.6659622812
1.5349761665  -1.5357299115  -0.6734076954
1.5276002073  -1.5286630461  -0.6808794306
1.5201959232  -1.5216088942  -0.6883756971
1.5127633926  -1.5145657777  -0.6958946905
1.5053028144  -1.5075321208  -0.7034345996
1.4978145116  -1.5005064237  -0.7109936110
1.4902987276  -1.4934870798  -0.7185698998
1.4827564698  -1.4864732206  -0.7261616224
1.4751840126  -1.4794591862  -0.7337669316
1.4675722274  -1.4724338773  -0.7413839896
1.4599258042  -1.4654002697  -0.7490109641
1.4522528538  -1.4583650148  -0.7566460259
1.4445519041  -1.4513250279  -0.7642873553
1.4368214879  -1.4442771402  -0.7719331530
1.4290587668  -1.4372168368  -0.7795816467
1.4212584552  -1.4301372343  -0.7872310966
1.4134099588  -1.4230262199  -0.7948798033
1.4054880347  -1.4158564012  -0.8025261560
1.3972790652  -1.4084133448  -0.8101686515
1.3890201199  -1.4009405288  -0.8178056879
1.3811931924  -1.3939224255  -0.8254353906
1.3736479466  -1.3872012443  -0.8330558575
1.3661483564  -1.3805327353  -0.8406654493
1.3586632516  -1.3738793423  -0.8482627348
1.3511920646  -1.3672369828  -0.8558463587
1.3437345665  -1.3606033147  -0.8634150279
1.3362905344  -1.3539762700  -0.8709675319
1.3288597686  -1.3473539353  -0.8785027466
1.3214420919  -1.3407345524  -0.8860196378
1.3140373507  -1.3341165186  -0.8935172686
1.3066454141  -1.3274983911  -0.9009948022
1.2992661717  -1.3208788900  -0.9084515047
1.2918995326  -1.3142569030  -0.9158867499
1.2845454243  -1.3076314883  -0.9233000225
1.2772037927  -1.3010018750  -0.9306909262
1.2698746009  -1.2943674585  -0.9380591881
1.2625578249  -1.2877277939  -0.9454046580
1.2552534514  -1.2810825877  -0.9527273129
1.2479614719  -1.2744316885  -0.9600272476
1.2406819069  -1.2677750917  -0.9673047573
1.2334148776  -1.2611129583  -0.9745605221
1.2261605333  -1.2544455906  -0.9817954185
1.2189188714  -1.2477733718  -0.9890102475
1.2116898083  -1.2410967555  -0.9962059284
1.2044733428  -1.2344162920  -1.0033836422
1.1972695351  -1.2277326296  -1.0105448155
1.1900784777  -1.2210465086  -1.0176912004
1.1829003374  -1.2143587751  -1.0248250241
1.1757354651  -1.2076705085  -1.0319493688
1.1685856669  -1.2009833144  -1.0390720615
1.1614525419  -1.1942986800  -1.0461999730
1.1543317255  -1.1876163590  -1.0533269975
1.1472163353  -1.1809347832  -1.0604439565
1.1401056426  -1.1742531611  -1.0675496634
1.1330027147  -1.1675717758  -1.0746453974
1.1259089368  -1.1608910113  -1.0817315191
1.1188242903  -1.1542110483  -1.0888082285
1.1117485938  -1.1475319802  -1.0958757288
1.1046816664  -1.1408538653  -1.1029342287
1.0976233283  -1.1341767326  -1.1099839411
1.0905734006  -1.1275005829  -1.1170250831
1.0835317050  -1.1208253896  -1.1240578753
1.0764980640  -1.1141510994  -1.1310825407
1.0694723003  -1.1074776325  -1.1380993046
1.0624542374  -1.1008048837  -1.1451083932
1.0554436989  -1.0941327225  -1.1521100333
1.0484405090  -1.0874609946  -1.1591044509
1.0414444921  -1.0807895223  -1.1660918709
1.0344554731  -1.0741181049  -1.1730725154
1.0274732776  -1.0674465200  -1.1800466035
1.0204977315  -1.0607745295  -1.1870143500
1.0135286607  -1.0541018979  -1.1939759618
1.0065658901  -1.0474283955  -1.2009316356
0.9996092455  -1.0407537626  -1.2078815592
0.9926585552  -1.0340776937  -1.2148259146
0.9857136500  -1.0273998744  -1.2217648755
0.9787743610  -1.0207200046  -1.2286986043
0.9718405190  -1.0140377955  -1.2356272495
0.9649119550  -1.0073529736  -1.2425509434
0.9579884986  -1.0006653055  -1.2494697959
0.9510699692  -0.9939747863  -1.2563838625
0.9441561694  -0.9872816046  -1.2632931233
0.9372469279  -0.9805851984  -1.2701976020
0.9303421596  -0.9738839245  -1.2770974989
0.9234418196  -0.9671764997  -1.2839930960
0.9165458003  -0.9604627817  -1.2908845983
0.9096539294  -0.9537429054  -1.2977721437
0.9027660367  -0.9470167079  -1.3046558644
0.8958819753  -0.9402838882  -1.3115358971
0.8890016084  -0.9335441502  -1.3184123776
0.8821248023  -0.9267972173  -1.3252854390
0.8752514249  -0.9200428323  -1.3321552124
0.8683813464  -0.9132807576  -1.3390218267
0.8615144387  -0.9065107750  -1.3458854082
0.8546505758  -0.8997326842  -1.3527460812
0.8477896339  -0.8929463034  -1.3596039674
0.8409314910  -0.8861514701  -1.3664591861
0.8340760275  -0.8793480407  -1.3733118544
0.8272231257  -0.8725358851  -1.3801620867
0.8203726703  -0.8657148837  -1.3870099953
0.8135245480  -0.8588849270  -1.3938556899
0.8066786480  -0.8520459143  -1.4006992780
0.7998348617  -0.8451977503  -1.4075408644
0.7929930828  -0.8383403393  -1.4143805519
0.7861532075  -0.8314735828  -1.4212184408
0.7793151342  -0.8245973822  -1.4280546290
0.7724787640  -0.8177116378  -1.4348892121
0.7656440004  -0.8108162440  -1.4417222832
0.7588107493  -0.8039110844  -1.4485539332
0.7519789194  -0.7969960267  -1.4553842504
0.7451484220  -0.7900709157  -1.4622133212
0.7383191712  -0.7831355455  -1.4690412298
0.7314910840  -0.7761896213  -1.4758680590
0.7246640804  -0.7692328190  -1.4826938901
0.7178380828  -0.7622649498  -1.4895188007
0.7110130151  -0.7552859972  -1.4963428628
0.7041888036  -0.7482959690  -1.5031661441
0.6973653781  -0.7412948050  -1.5099887092
0.6905426727  -0.7342824136  -1.5168106210
0.6837206243  -0.7272587115  -1.5236319393
0.6768991734  -0.7202236269  -1.5304527205
0.6700782632  -0.7131770957  -1.5372730177
0.6632578403  -0.7061190619  -1.5440928807
0.6564378548  -0.6990494774  -1.5509123557
0.6496182600  -0.6919683022  -1.5577314853
0.6427990131  -0.6848752538  -1.5645503089
0.6359800753  -0.6777695549  -1.5713688636
0.6291614112  -0.6706509739  -1.5781871821
0.6223429881  -0.6635206935  -1.5850052899
0.6155247765  -0.6563798309  -1.5918232062
0.6087067517  -0.6492284421  -1.5986409482
0.6018888948  -0.6420663536  -1.6054585316
0.5950711910  -0.6348935378  -1.6122759679
0.5882536291  -0.6277099607  -1.6190932645
0.5814362020  -0.6205155761  -1.6259104247
0.5746189070  -0.6133103306  -1.6327274472
0.5678017459  -0.6060941680  -1.6395443267
0.5609847247  -0.5988670339  -1.6463610529
0.5541678545  -0.5916288804  -1.6531776109
0.5473511507  -0.5843796709  -1.6599939809
0.5405346336  -0.5771193843  -1.6668101378
0.5337183284  -0.5698480197  -1.6736260514
0.5269022653  -0.5625656001  -1.6804416860
0.5200864796  -0.5552721768  -1.6872570002
0.5132710116  -0.5479678325  -1.6940719470
0.5064559071  -0.5406526845  -1.7008864735
0.4996412169  -0.5333268866  -1.7077005208
0.4928269978  -0.5259906320  -1.7145140242
0.4860133116  -0.5186441551  -1.7213269127
0.4792002260  -0.5112877335  -1.7281391094
0.4723878146  -0.5039216893  -1.7349505312
0.4655761563  -0.4965463895  -1.7417610886
0.4587653364  -0.4891622460  -1.7485706862
0.4519554457  -0.4817697157  -1.7553792223
0.4451465813  -0.4743692999  -1.7621865892
0.4383388460  -0.4669615430  -1.7689926727
0.4315323492  -0.4595470310  -1.7757973531
0.4247272326  -0.4521301799  -1.7826006445
0.4179236820  -0.4447168339  -1.7894027162
0.4111217932  -0.4372988333  -1.7962033274
0.4043215400  -0.4298650556  -1.8030018595
0.3975230058  -0.4224204476  -1.8097979974
0.3907264144  -0.4149718256  -1.8165916068
0.3839319663  -0.4075204458  -1.8233824815
0.3771398305  -0.4000675608  -1.8301704197
0.3703501832  -0.3926144258  -1.8369552255
0.3635632071  -0.3851622873  -1.8437367093
0.3567790908  -0.3777123736  -1.8505146890
0.3499980282  -0.3702658866  -1.8572889907
0.3432202175  -0.3628239940  -1.8640594490
0.3364458612  -0.3553878235  -1.8708259072
0.3296751648  -0.3479584574  -1.8775882179
0.3229083368  -0.3405369293  -1.8843462428
0.3161455883  -0.3331242209  -1.8910998525
0.3093871320  -0.3257212609  -1.8978489264
0.3026331827  -0.3183289242  -1.9045933518
0.2958839566  -0.3109480324  -1.9113330236
0.2891396712  -0.3035793555  -1.9180678436
0.2824005453  -0.2962236141  -1.9247977190
0.2756667992  -0.2888814823  -1.9315225619
0.2689386541  -0.2815535918  -1.9382422874
0.2622163326  -0.2742405363  -1.9449568128
0.2555000587  -0.2669428764  -1.9516660554
0.2487900573  -0.2596611450  -1.9583699315
0.2420865546  -0.2523958528  -1.9650683540
0.2353897778  -0.2451474943  -1.9717612308
0.2286999549  -0.2379165538  -1.9784484628
0.2220173143  -0.2307035111  -1.9851299415
0.2153420845  -0.2235088631  -1.9918055469
0.2086830113  -0.2163376048  -1.9985786836
0.2020458234  -0.2091928306  -2.0055005669
0.1954086415  -0.2020631060  -2.0123938951
0.1887652535  -0.1949458052  -2.0193041213
0.1821273428  -0.1878478120  -2.0262278321
0.1754949625  -0.1807697491  -2.0331611741
0.1688682105  -0.1737123082  -2.0400998535
0.1622472301  -0.1666762393  -2.0470391363
0.1556322112  -0.1596623466  -2.0539738481
0.1490233922  -0.1526714820  -2.0608983745
0.1424210607  -0.1457045373  -2.0678066605
0.1358255551  -0.1387624348  -2.0746922112
0.1292372646  -0.1318461163  -2.0815480913
0.1226566299  -0.1249565302  -2.0883669251
0.1160841433  -0.1180946184  -2.0951408969
0.1095203481  -0.1112613012  -2.1018617504
0.1029658382  -0.1044574627  -2.1085207895
0.0964212571  -0.0976839351  -2.1151088774
0.0898872961  -0.0909414841  -2.1216164373
0.0833646930  -0.0842307942  -2.1280334521
0.0768542295  -0.0775524563  -2.1343494644
0.0703567289  -0.0709069566  -2.1405535766
0.0638730527  -0.0642946678  -2.1466344506
0.0574040972  -0.0577158440  -2.1525803085
0.0509507895  -0.0511706184  -2.1583789318
0.0445140832  -0.0446590055  -2.1640176617
0.0380949530  -0.0381809073  -2.1694833994
0.0316943897  -0.0317361241  -2.1747626057
0.0253133941  -0.0253243695  -2.1798413012
0.0189529702  -0.0189452900  -2.1847050660
0.0126141185  -0.0125984879  -2.1893390403
0.0062978282  -0.0062835467  -2.1937279239
0.0062871626  -0.0062834429  -2.1937279239
