0.0776666
2.2716573642  -2.5156567847   0.0000953529
2.2716573642  -2.5156567847   0.0000953529
2.2716633648  -2.5156408252   0.0000764075
2.2716548198  -2.5155759220   0.0000306541
2.2716248439  -2.5154608698  -0.0000427100
2.2715671764  -2.5152854160  -0.0001444742
2.2714795745  -2.5150465284  -0.0002754147
2.2713607902  -2.5147428733  -0.0004362941
2.2712099484  -2.5143737357  -0.0006278618
2.2710263445  -2.5139386679  -0.0008508540
2.2708093613  -2.5134373474  -0.0011059932
2.2705584313  -2.5128695107  -0.0013939890
2.2702730165  -2.5122349187  -0.0017155373
2.2699525981  -2.5115333390  -0.0020713210
2.2695966699  -2.5107645350  -0.0024620093
2.2692047348  -2.5099282601  -0.0028882583
2.2687763024  -2.5090242543  -0.0033507107
2.2683108874  -2.5080522425  -0.0038499959
2.2678080091  -2.5070119335  -0.0043867300
2.2672671905  -2.5059030201  -0.0049615156
2.2666879581  -2.5047251794  -0.0055749421
2.2660698420  -2.5034780734  -0.0062275855
2.2654123757  -2.5021613499  -0.0069200086
2.2647150960  -2.5007746438  -0.0076527606
2.2639775435  -2.4993175780  -0.0084263776
2.2631992627  -2.4977897648  -0.0092413823
2.2623798018  -2.4961908073  -0.0100982840
2.2615187135  -2.4945203009  -0.0109975788
2.2606155550  -2.4927778347  -0.0119397493
2.2596698882  -2.4909629929  -0.0129252649
2.2586812799  -2.4890753564  -0.0139545815
2.2576493012  -2.4871145031  -0.0150281418
2.2565735222  -2.4850786536  -0.0161478933
2.2554535402  -2.4829686606  -0.0173129259
2.2542889534  -2.4807857659  -0.0185231928
2.2530793429  -2.4785285402  -0.0197789809
2.2518243061  -2.4761962350  -0.0210806131
2.2505234541  -2.4737883237  -0.0224284587
2.2491764061  -2.4713043357  -0.0238228763
2.2477827891  -2.4687438490  -0.0252642198
2.2463422387  -2.4661064684  -0.0267528372
2.2448543993  -2.4633918222  -0.0282890694
2.2433189246  -2.4605995614  -0.0298732492
2.2417354774  -2.4577293606  -0.0315057009
2.2401037306  -2.4547809187  -0.0331867394
2.2384233667  -2.4517539604  -0.0349166703
2.2366940789  -2.4486482373  -0.0366957888
2.2349155706  -2.4454635299  -0.0385243802
2.2330875561  -2.4421996489  -0.0404027181
2.2312097605  -2.4388564354  -0.0423310647
2.2292819204  -2.4354337620  -0.0443096706
2.2273037837  -2.4319315324  -0.0463387758
2.2252751100  -2.4283496834  -0.0484186085
2.2231956683  -2.4246881822  -0.0505493858
2.2210652324  -2.4209470231  -0.0527313127
2.2188835897  -2.4171262374  -0.0549645823
2.2166505463  -2.4132258990  -0.0572493759
2.2143659212  -2.4092461204  -0.0595858620
2.2120295466  -2.4051870516  -0.0619741964
2.2096412673  -2.4010488807  -0.0644145205
2.2072009414  -2.3968318336  -0.0669069636
2.2047084402  -2.3925361732  -0.0694516425
2.2021636483  -2.3881621984  -0.0720486621
2.1995664630  -2.3837099043  -0.0746981149
2.1969167933  -2.3791795424  -0.0774000809
2.1942145630  -2.3745721860  -0.0801546275
2.1914597136  -2.3698885713  -0.0829618094
2.1886521974  -2.3651289528  -0.0858216686
2.1857919631  -2.3602937419  -0.0887342326
2.1828789625  -2.3553834328  -0.0916995164
2.1799131724  -2.3503985754  -0.0947175237
2.1768945925  -2.3453397668  -0.0977882464
2.1738232358  -2.3402076359  -0.1009116651
2.1706991283  -2.3350028404  -0.1040877487
2.1675223089  -2.3297260672  -0.1073164546
2.1642928290  -2.3243780327  -0.1105977281
2.1610107520  -2.3189594822  -0.1139315010
2.1576761534  -2.3134711874  -0.1173176926
2.1542891206  -2.3079139456  -0.1207562119
2.1508497490  -2.3022885747  -0.1242469581
2.1473581146  -2.2965958891  -0.1277898205
2.1438143014  -2.2908367235  -0.1313846788
2.1402184327  -2.2850119628  -0.1350314029
2.1365706495  -2.2791225237  -0.1387298537
2.1328711036  -2.2731693452  -0.1424798822
2.1291199574  -2.2671533852  -0.1462813288
2.1253173833  -2.2610756180  -0.1501340219
2.1214635629  -2.2549370325  -0.1540377790
2.1175586873  -2.2487386338  -0.1579924069
2.1136029514  -2.2424814406  -0.1619977026
2.1095965135  -2.2361664549  -0.1660534541
2.1055395345  -2.2297946933  -0.1701594448
2.1014322275  -2.2233672296  -0.1743154570
2.0972748253  -2.2168851714  -0.1785212678
2.0930675678  -2.2103496264  -0.1827766445
2.0888107016  -2.2037616863  -0.1870813460
2.0845044805  -2.1971224724  -0.1914351240
2.0801491651  -2.1904331621  -0.1958377238
2.0757450174  -2.1836949484  -0.2002888870
2.0712922443  -2.1769089830  -0.2047883570
2.0667910473  -2.1700764227  -0.2093358805
2.0622416921  -2.1631985105  -0.2139312037
2.0576444664  -2.1562765651  -0.2185740711
2.0529996635  -2.1493118275  -0.2232642265
2.0483075807  -2.1423052609  -0.2280014140
2.0435685183  -2.1352577040  -0.2327853788
2.0387827796  -2.1281702639  -0.2376158665
2.0339506207  -2.1210443554  -0.2424926211
2.0290722408  -2.1138814636  -0.2474153858
2.0241478904  -2.1066830682  -0.2523839028
2.0191778804  -2.0994506446  -0.2573979147
2.0141625246  -2.0921856348  -0.2624571598
2.0091021380  -2.0848894414  -0.2675613729
2.0039970392  -2.0775634309  -0.2727102981
1.9988475528  -2.0702089369  -0.2779036970
1.9936540081  -2.0628272909  -0.2831413465
1.9884166933  -2.0554197778  -0.2884230343
1.9831358240  -2.0479875369  -0.2937485479
1.9778115765  -2.0405315901  -0.2991176574
1.9724441114  -2.0330528987  -0.3045301092
1.9670335786  -2.0255523723  -0.3099856288
1.9615801218  -2.0180308763  -0.3154839248
1.9560838930  -2.0104892538  -0.3210246987
1.9505452561  -2.0029285893  -0.3266076610
1.9449646398  -1.9953500441  -0.3322325330
1.9393422525  -1.9877544971  -0.3378990354
1.9336782070  -1.9801426784  -0.3436068868
1.9279726064  -1.9725152755  -0.3493558093
1.9222255474  -1.9648729619  -0.3551455276
1.9164371203  -1.9572164125  -0.3609757657
1.9106075342  -1.9495464591  -0.3668462455
1.9047371971  -1.9418641844  -0.3727566877
1.8988264913  -1.9341706457  -0.3787068103
1.8928756947  -1.9264668956  -0.3846963134
1.8868850823  -1.9187540315  -0.3907248778
1.8808549467  -1.9110324523  -0.3967922471
1.8747856165  -1.9033018744  -0.4028982810
1.8686774477  -1.8955630174  -0.4090428329
1.8625307578  -1.8878180556  -0.4152256335
1.8563458088  -1.8800690995  -0.4214463388
1.8501228680  -1.8723174961  -0.4277046050
1.8438622251  -1.8645642567  -0.4340000965
1.8375641695  -1.8568103503  -0.4403324764
1.8312287229  -1.8490565220  -0.4467014067
1.8248560257  -1.8413036422  -0.4531065504
1.8184468173  -1.8335531301  -0.4595475689
1.8120020879  -1.8258066473  -0.4660241218
1.8055228708  -1.8180659042  -0.4725358703
1.7990101847  -1.8103326123  -0.4790824775
1.7924645521  -1.8026080547  -0.4856636107
1.7858858400  -1.7948927995  -0.4922789401
1.7792736942  -1.7871870619  -0.4989281381
1.7726277119  -1.7794909777  -0.5056108842
1.7659474379  -1.7718046199  -0.5123268666
1.7592328181  -1.7641285344  -0.5190757853
1.7524844665  -1.7564640217  -0.5258573051
1.7457028940  -1.7488122079  -0.5326709063
1.7388882978  -1.7411738039  -0.5395160568
1.7320409909  -1.7335496218  -0.5463925001
1.7251613953  -1.7259406357  -0.5533000557
1.7182499072  -1.7183478308  -0.5602384606
1.7113068147  -1.7107719903  -0.5672074103
1.7043323286  -1.7032137056  -0.5742065143
1.6973266225  -1.6956734648  -0.5812352106
1.6902898567  -1.6881516311  -0.5882925359
1.6832213070  -1.6806474272  -0.5953741656
1.6761205724  -1.6731604820  -0.6024778835
1.6689915157  -1.6656954921  -0.6096130548
1.6618391074  -1.6582591123  -0.6167895729
1.6546628113  -1.6508522975  -0.6240078358
1.6474591445  -1.6434719018  -0.6312654980
1.6402265463  -1.6361158695  -0.6385612538
1.6329650411  -1.6287835972  -0.6458939186
1.6256748398  -1.6214745653  -0.6532622337
1.6183560614  -1.6141879427  -0.6606648760
1.6110089364  -1.6069229557  -0.6681004662
1.6036337274  -1.5996787516  -0.6755675608
1.5962305797  -1.5924541479  -0.6830646452
1.5887997225  -1.5852480036  -0.6905901359
1.5813414222  -1.5780591207  -0.6981423847
1.5738558945  -1.5708860957  -0.7057196905
1.5663434224  -1.5637275842  -0.7133203223
1.5588041146  -1.5565819633  -0.7209425350
1.5512381094  -1.5494475977  -0.7285845765
1.5436456999  -1.5423229730  -0.7362446959
1.5360271534  -1.5352065228  -0.7439211430
1.5283832617  -1.5280971814  -0.7516121569
1.5207119073  -1.5209909181  -0.7593159671
1.5130034641  -1.5138761438  -0.7670308092
1.5052605652  -1.5067537451  -0.7747549279
1.4974920551  -1.4996311126  -0.7824865725
1.4896969645  -1.4925057117  -0.7902240012
1.4818738785  -1.4853744540  -0.7979654910
1.4740201259  -1.4782330113  -0.8057093451
1.4661307121  -1.4710747986  -0.8134538991
1.4581956498  -1.4638883056  -0.8211975288
1.4501913210  -1.4566477429  -0.8289386950
1.4419172252  -1.4491515302  -0.8366759629
1.4335829046  -1.4416154938  -0.8444078094
1.4256556697  -1.4345099648  -0.8521324478
1.4180104542  -1.4277029560  -0.8598480551
1.4104116441  -1.4209506613  -0.8675530585
1.4028269126  -1.4142142051  -0.8752460929
1.3952556889  -1.4074894107  -0.8829258694
1.3876977369  -1.4007739295  -0.8905911586
1.3801528253  -1.3940656960  -0.8982408099
1.3726207450  -1.3873627974  -0.9058737575
1.3651013090  -1.3806634763  -0.9134890220
1.3575943526  -1.3739661295  -0.9210857169
1.3500997328  -1.3672693077  -0.9286630534
1.3426173269  -1.3605717188  -0.9362203413
1.3351470308  -1.3538722314  -0.9437569947
1.3276887582  -1.3471698782  -0.9512725348
1.3202424402  -1.3404638597  -0.9587665964
1.3128080245  -1.3337535420  -0.9662389338
1.3053854722  -1.3270384506  -0.9736894205
1.2979747541  -1.3203182624  -0.9811180520
1.2905758467  -1.3135927958  -0.9885249400
1.2831887459  -1.3068620109  -0.9959103637
1.2758135390  -1.3001260266  -1.0032749652
1.2684503654  -1.2933851070  -1.0106196283
1.2610992292  -1.2866396024  -1.0179451664
1.2537600319  -1.2798899296  -1.0252524771
1.2464327454  -1.2731365979  -1.0325427096
1.2391174091  -1.2663802133  -1.0398172502
1.2318140951  -1.2596214735  -1.0470777950
1.2245229457  -1.2528611806  -1.0543264912
1.2172442766  -1.2461003643  -1.0615662914
1.2099797766  -1.2393405679  -1.0688046047
1.2027310230  -1.2325832482  -1.0760481976
1.1954939590  -1.2258281936  -1.0832915774
1.1882618748  -1.2190738410  -1.0905258075
1.1810338450  -1.2123193296  -1.0977495501
1.1738128078  -1.2055648814  -1.1049640852
1.1666001568  -1.1988108505  -1.1121697903
1.1593958703  -1.1920573906  -1.1193668752
1.1521997560  -1.1853045663  -1.1265555534
1.1450116222  -1.1785524066  -1.1337360433
1.1378312782  -1.1718009127  -1.1409085677
1.1306585341  -1.1650500574  -1.1480733536
1.1234932006  -1.1582997865  -1.1552306311
1.1163350889  -1.1515500196  -1.1623806331
1.1091840106  -1.1448006508  -1.1695235945
1.1020397778  -1.1380515498  -1.1766597515
1.0949022028  -1.1313025624  -1.1837893407
1.0877710980  -1.1245535117  -1.1909125982
1.0806462765  -1.1178041987  -1.1980297590
1.0735275513  -1.1110544019  -1.2051410555
1.0664147361  -1.1043038790  -1.2122467176
1.0593076449  -1.0975523706  -1.2193469708
1.0522060916  -1.0907996190  -1.2264420338
1.0451098892  -1.0840453780  -1.2335321154
1.0380188509  -1.0772893764  -1.2406174156
1.0309327922  -1.0705312932  -1.2476981281
1.0238515310  -1.0637707932  -1.2547744397
1.0167748857  -1.0570075569  -1.2618465259
1.0097026743  -1.0502412784  -1.2689145495
1.0026347144  -1.0434716688  -1.2759786573
0.9955708227  -1.0366984814  -1.2830389752
0.9885108056  -1.0299217119  -1.2900955772
0.9814544530  -1.0231415736  -1.2971484647
0.9744015785  -1.0163574941  -1.3041976765
0.9673520792  -1.0095677066  -1.3112434214
0.9603058937  -1.0027707794  -1.3182859913
0.9532629014  -0.9959665287  -1.3253256072
0.9462229169  -0.9891551108  -1.3323624228
0.9391857547  -0.9823363574  -1.3393965855
0.9321512523  -0.9755099374  -1.3464282476
0.9251192578  -0.9686755212  -1.3534575603
0.9180896214  -0.9618327978  -1.3604846728
0.9110621954  -0.9549814753  -1.3675097321
0.9040368338  -0.9481212810  -1.3745328835
0.8970133923  -0.9412519609  -1.3815542698
0.8899917284  -0.9343732784  -1.3885740318
0.8829717017  -0.9274850147  -1.3955923083
0.8759531735  -0.9205869708  -1.4026092357
0.8689360069  -0.9136789663  -1.4096249483
0.8619200671  -0.9067608343  -1.4166395782
0.8549052212  -0.8998324169  -1.4236532552
0.8478913384  -0.8928935655  -1.4306661070
0.8408782901  -0.8859441399  -1.4376782592
0.8338659495  -0.8789840054  -1.4446898351
0.8268541922  -0.8720130262  -1.4517009558
0.8198428958  -0.8650310633  -1.4587117404
0.8128319404  -0.8580379757  -1.4657223057
0.8058212080  -0.8510336210  -1.4727327663
0.7988105833  -0.8440178507  -1.4797432348
0.7917999529  -0.8369905046  -1.4867538212
0.7847892063  -0.8299514059  -1.4937646338
0.7777782352  -0.8229003540  -1.5007757785
0.7707669340  -0.8158370966  -1.5077873594
0.7637551999  -0.8087612903  -1.5147994796
0.7567429329  -0.8016725577  -1.5218122403
0.7497300352  -0.7945706549  -1.5288257397
0.7427164106  -0.7874555149  -1.5358400705
0.7357019647  -0.7803271000  -1.5428553209
0.7286866069  -0.7731853020  -1.5498715767
0.7216702502  -0.7660299779  -1.5568889214
0.7146528111  -0.7588609919  -1.5639074359
0.7076342088  -0.7516782191  -1.5709271980
0.7006143656  -0.7444815421  -1.5779482819
0.6935932070  -0.7372708507  -1.5849707588
0.6865706618  -0.7300460419  -1.5919946962
0.6795466621  -0.7228070202  -1.5990201583
0.6725211438  -0.7155534123  -1.6060472059
0.6654940470  -0.7082842792  -1.6130758980
0.6584653149  -0.7009992991  -1.6201062891
0.6514348933  -0.6936997603  -1.6271384258
0.6444027306  -0.6863868779  -1.6341723480
0.6373687807  -0.6790606554  -1.6412080940
0.6303330036  -0.6717208319  -1.6482457006
0.6232953636  -0.6643673118  -1.6552852008
0.6162558285  -0.6569999903  -1.6623266232
0.6092143702  -0.6496187469  -1.6693699920
0.6021709654  -0.6422234504  -1.6764153272
0.5951255951  -0.6348139638  -1.6834626441
0.5880782451  -0.6273901500  -1.6905119529
0.5810289061  -0.6199518769  -1.6975632592
0.5739775737  -0.6124990226  -1.7046165630
0.5669242486  -0.6050314807  -1.7116718590
0.5598689365  -0.5975491654  -1.7187291361
0.5528116488  -0.5900520161  -1.7257883773
0.5457524020  -0.5825400024  -1.7328495594
0.5386912183  -0.5750131276  -1.7399126530
0.5316281257  -0.5674714330  -1.7469776221
0.5245631581  -0.5599150000  -1.7540444242
0.5174963553  -0.5523439537  -1.7611130100
0.5104277635  -0.5447584650  -1.7681833233
0.5033574349  -0.5371587538  -1.7752553011
0.4962854283  -0.5295450897  -1.7823288732
0.4892118090  -0.5219177936  -1.7894039622
0.4821366490  -0.5142772379  -1.7964804839
0.4750600273  -0.5066238466  -1.8035583466
0.4679820294  -0.4989580950  -1.8106374515
0.4609027483  -0.4912805087  -1.8177176924
0.4538222838  -0.4835916620  -1.8247989562
0.4467407742  -0.4758965462  -1.8318812812
0.4396584097  -0.4682018194  -1.8389648806
0.4325752763  -0.4604980016  -1.8460495033
0.4254913150  -0.4527721472  -1.8531344694
0.4184065947  -0.4450298246  -1.8602194421
0.4113213511  -0.4372787908  -1.8673042886
0.4042357936  -0.4295204047  -1.8743887936
0.3971500947  -0.4217560270  -1.8814727464
0.3900644360  -0.4139870262  -1.8885559417
0.3829790073  -0.4062147666  -1.8956381808
0.3758940061  -0.3984405966  -1.9027192724
0.3688096367  -0.3906658390  -1.9097990332
0.3617261098  -0.3828917819  -1.9168772886
0.3546436415  -0.3751196721  -1.9239538730
0.3475624527  -0.3673507081  -1.9310286297
0.3404827688  -0.3595860363  -1.9381014114
0.3334048190  -0.3518267474  -1.9451720792
0.3263288358  -0.3440738738  -1.9522405030
0.3192550551  -0.3363283896  -1.9593065604
0.3121837157  -0.3285912104  -1.9663701359
0.3051150591  -0.3208631951  -1.9734311204
0.2980493299  -0.3131451482  -1.9804894094
0.2909867753  -0.3054378236  -1.9875449022
0.2839276454  -0.2977419287  -1.9945975002
0.2768721933  -0.2900581298  -2.0016471054
0.2698206749  -0.2823870575  -2.0086936184
0.2627733492  -0.2747293134  -2.0157369367
0.2557304781  -0.2670854768  -2.0227769528
0.2486923262  -0.2594561116  -2.0298135516
0.2416591606  -0.2518417733  -2.0368466087
0.2346312510  -0.2442430166  -2.0438759877
0.2276088682  -0.2366604209  -2.0509015376
0.2206019270  -0.2290999383  -2.0580328496
0.2136169332  -0.2215652903  -2.0653241950
0.2066291365  -0.2140428238  -2.0725875867
0.1996315177  -0.2065293782  -2.0798711757
0.1926373208  -0.1990331786  -2.0871713091
0.1856466252  -0.1915549778  -2.0944838654
0.1786595639  -0.1840956188  -2.1018042544
0.1716763222  -0.1766560218  -2.1091274177
0.1646971396  -0.1692371796  -2.1164478277
0.1577223116  -0.1618401500  -2.1237594888
0.1507521910  -0.1544660467  -2.1310559365
0.1437871884  -0.1471160274  -2.1383302378
0.1368277731  -0.1397912807  -2.1455749910
0.1298744732  -0.1324930106  -2.1527823259
0.1229278752  -0.1252224191  -2.1599439037
0.1159886237  -0.1179806882  -2.1670509170
0.1090574202  -0.1107689608  -2.1740940898
0.1021350217  -0.1035883208  -2.1810636776
0.0952222388  -0.0964397742  -2.1879494672
0.0883199334  -0.0893242306  -2.1947407768
0.0814290156  -0.0822424856  -2.2014264561
0.0745504412  -0.0751952074  -2.2079948861
0.0676852070  -0.0681829238  -2.2144339794
0.0608343472  -0.0612060153  -2.2207311797
0.0539989288  -0.0542647113  -2.2268734624
0.0471800458  -0.0473590915  -2.2328473341
0.0403788144  -0.0404890933  -2.2386388331
0.0335963662  -0.0336545242  -2.2442335287
0.0268338418  -0.0268550808  -2.2496165219
0.0200923837  -0.0200903723  -2.2547724451
0.0133731289  -0.0133599496  -2.2596854620
0.0066772004  -0.0066633372  -2.2643392677
0.0066652103  -0.0066632163  -2.2643392677
