0.117217
1.7741297815  -1.9218976811   0.0000595790
1.7741297815  -1.9218976811   0.0000595790
1.7741344677  -1.9218934534   0.0000492616
1.7741305467  -1.9218637064   0.0000230753
1.7741137071  -1.9218066638  -0.0000194199
1.7740805410  -1.9217175591  -0.0000786601
1.7740297899  -1.9215948440  -0.0001550778
1.7739607421  -1.9214377583  -0.0002491019
1.7738728914  -1.9212458323  -0.0003611573
1.7737658247  -1.9210187230  -0.0004916655
1.7736391758  -1.9207561474  -0.0006410442
1.7734926046  -1.9204578511  -0.0008097075
1.7733257852  -1.9201235919  -0.0009980655
1.7731384004  -1.9197531313  -0.0012065249
1.7729301382  -1.9193462288  -0.0014354886
1.7727006889  -1.9189026392  -0.0016853559
1.7724497445  -1.9184221103  -0.0019565222
1.7721769974  -1.9179043822  -0.0022493794
1.7718821399  -1.9173491864  -0.0025643155
1.7715648635  -1.9167562454  -0.0029017150
1.7712248593  -1.9161252726  -0.0032619586
1.7708618173  -1.9154559726  -0.0036454233
1.7704754263  -1.9147480408  -0.0040524825
1.7700653740  -1.9140011640  -0.0044835058
1.7696313472  -1.9132150207  -0.0049388591
1.7691730312  -1.9123892811  -0.0054189046
1.7686901103  -1.9115236078  -0.0059240010
1.7681822678  -1.9106176560  -0.0064545029
1.7676491857  -1.9096710741  -0.0070107616
1.7670905452  -1.9086835038  -0.0075931245
1.7665060266  -1.9076545812  -0.0082019353
1.7658953090  -1.9065839367  -0.0088375341
1.7652580612  -1.9054705079  -0.0095011738
1.7645939731  -1.9043145456  -0.0101923735
1.7639027349  -1.9031165289  -0.0109111794
1.7631840122  -1.9018755725  -0.0116578649
1.7624374762  -1.9005910935  -0.0124327215
1.7616628018  -1.8992626334  -0.0132360681
1.7608596643  -1.8978897569  -0.0140682223
1.7600277390  -1.8964720448  -0.0149295038
1.7591667014  -1.8950090844  -0.0158202331
1.7582762272  -1.8935004665  -0.0167407314
1.7573559926  -1.8919457858  -0.0176913200
1.7564056739  -1.8903446413  -0.0186723206
1.7554249483  -1.8886966371  -0.0196840541
1.7544134933  -1.8870013832  -0.0207268414
1.7533709861  -1.8852584954  -0.0218010024
1.7522971037  -1.8834675962  -0.0229068562
1.7511915252  -1.8816283165  -0.0240447213
1.7500539316  -1.8797402963  -0.0252149147
1.7488840052  -1.8778031850  -0.0264177523
1.7476814295  -1.8758166416  -0.0276535487
1.7464458899  -1.8737803347  -0.0289226169
1.7451770732  -1.8716939431  -0.0302252682
1.7438746679  -1.8695571561  -0.0315618123
1.7425383648  -1.8673696747  -0.0329325568
1.7411678564  -1.8651312119  -0.0343378074
1.7397628375  -1.8628414939  -0.0357778673
1.7383230050  -1.8605002599  -0.0372530373
1.7368480585  -1.8581072635  -0.0387636154
1.7353376999  -1.8556622725  -0.0403098964
1.7337916338  -1.8531650699  -0.0418921724
1.7322095675  -1.8506154540  -0.0435107322
1.7305912114  -1.8480130557  -0.0451658617
1.7289362777  -1.8453576391  -0.0468578434
1.7272444822  -1.8426494160  -0.0485869560
1.7255155461  -1.8398884201  -0.0503534750
1.7237491935  -1.8370744108  -0.0521576724
1.7219451507  -1.8342072318  -0.0539998171
1.7201031474  -1.8312867800  -0.0558801745
1.7182229170  -1.8283129786  -0.0577990085
1.7163041885  -1.8252857687  -0.0597565813
1.7143466905  -1.8222051072  -0.0617531507
1.7123501626  -1.8190709714  -0.0637889703
1.7103143521  -1.8158833576  -0.0658642890
1.7082390105  -1.8126422799  -0.0679793514
1.7061238937  -1.8093477690  -0.0701343974
1.7039687621  -1.8059998702  -0.0723296625
1.7017733807  -1.8025986437  -0.0745653779
1.6995375192  -1.7991441669  -0.0768417701
1.6972609519  -1.7956365352  -0.0791590614
1.6949434581  -1.7920758623  -0.0815174709
1.6925848222  -1.7884622817  -0.0839172165
1.6901848337  -1.7847959482  -0.0863585136
1.6877432870  -1.7810770385  -0.0888415738
1.6852599811  -1.7773057477  -0.0913666051
1.6827347202  -1.7734822874  -0.0939338113
1.6801673136  -1.7696068873  -0.0965433928
1.6775575765  -1.7656798055  -0.0991955455
1.6749053222  -1.7617013129  -0.1018904614
1.6722103598  -1.7576716802  -0.1046283285
1.6694725002  -1.7535911919  -0.1074093307
1.6666915573  -1.7494601481  -0.1102336479
1.6638673477  -1.7452788584  -0.1131014555
1.6609996912  -1.7410476319  -0.1160129243
1.6580884107  -1.7367667789  -0.1189682201
1.6551333321  -1.7324366369  -0.1219675039
1.6521342844  -1.7280575796  -0.1250109316
1.6490911004  -1.7236299979  -0.1280986540
1.6460036157  -1.7191542928  -0.1312308142
1.6428716691  -1.7146308851  -0.1344075458
1.6396951322  -1.7100602825  -0.1376289777
1.6364739492  -1.7054431305  -0.1408952411
1.6332080458  -1.7007799202  -0.1442064701
1.6298972863  -1.6960707709  -0.1475628003
1.6265415322  -1.6913157673  -0.1509643684
1.6231406449  -1.6865153409  -0.1544113085
1.6196944876  -1.6816702214  -0.1579037461
1.6162029243  -1.6767811895  -0.1614417899
1.6126658195  -1.6718489865  -0.1650255288
1.6090830390  -1.6668743204  -0.1686550338
1.6054544509  -1.6618578686  -0.1723303591
1.6017799295  -1.6568002804  -0.1760515421
1.5980594289  -1.6517022686  -0.1798186051
1.5942929620  -1.6465645797  -0.1836315644
1.5904805062  -1.6413878744  -0.1874904401
1.5866220222  -1.6361727557  -0.1913952515
1.5827174765  -1.6309198015  -0.1953460104
1.5787668416  -1.6256295682  -0.1993427212
1.5747700967  -1.6203025928  -0.2033853816
1.5707272285  -1.6149393962  -0.2074739835
1.5666382310  -1.6095404858  -0.2116085142
1.5625031081  -1.6041063554  -0.2157889546
1.5583218843  -1.5986375146  -0.2200152773
1.5540945919  -1.5931344842  -0.2242874479
1.5498212568  -1.5875977831  -0.2286054282
1.5455019099  -1.5820279332  -0.2329691771
1.5411365894  -1.5764254431  -0.2373786494
1.5367253399  -1.5707908192  -0.2418337936
1.5322682122  -1.5651245796  -0.2463345510
1.5277652642  -1.5594272577  -0.2508808557
1.5232164274  -1.5536992895  -0.2554726355
1.5186215827  -1.5479410767  -0.2601098089
1.5139808830  -1.5421531820  -0.2647922625
1.5092946958  -1.5363364266  -0.2695198624
1.5045634522  -1.5304922392  -0.2742925651
1.4997876548  -1.5246223706  -0.2791104429
1.4949678206  -1.5187279860  -0.2839735111
1.4901044126  -1.5128097555  -0.2888816394
1.4851976290  -1.5068683323  -0.2938346397
1.4802473609  -1.5009043057  -0.2988323294
1.4752534100  -1.4949181935  -0.3038745273
1.4702155553  -1.4889105149  -0.3089610480
1.4651335436  -1.4828817862  -0.3140917049
1.4600070898  -1.4768325192  -0.3192663102
1.4548359114  -1.4707632616  -0.3244846715
1.4496201887  -1.4646751315  -0.3297465933
1.4443604012  -1.4585696079  -0.3350518778
1.4390567929  -1.4524478917  -0.3404003209
1.4337095117  -1.4463110738  -0.3457917170
1.4283187130  -1.4401602602  -0.3512258622
1.4228845609  -1.4339965728  -0.3567025524
1.4174072690  -1.4278212310  -0.3622215925
1.4118870876  -1.4216355215  -0.3677827750
1.4063241872  -1.4154405877  -0.3733857095
1.4007186720  -1.4092374446  -0.3790298958
1.3950707325  -1.4030271768  -0.3847150869
1.3893806658  -1.3968109855  -0.3904412131
1.3836488111  -1.3905901788  -0.3962081399
1.3778754647  -1.3843659961  -0.4020156774
1.3720608508  -1.3781394901  -0.4078635935
1.3662051729  -1.3719116248  -0.4137515775
1.3603086267  -1.3656833025  -0.4196791816
1.3543714281  -1.3594554253  -0.4256456760
1.3483936298  -1.3532284934  -0.4316495988
1.3423740993  -1.3470015381  -0.4376847170
1.3363128955  -1.3407750332  -0.4437507896
1.3302153846  -1.3345555710  -0.4498630442
1.3240861643  -1.3283497086  -0.4560313782
1.3179229436  -1.3221567529  -0.4622538042
1.3117220896  -1.3159734470  -0.4685279066
1.3054826603  -1.3097985290  -0.4748521970
1.2992047758  -1.3036316428  -0.4812251834
1.2928885557  -1.2974722155  -0.4876452762
1.2865341328  -1.2913195329  -0.4941107954
1.2801417682  -1.2851729355  -0.5006199813
1.2737117008  -1.2790315499  -0.5071710034
1.2672441315  -1.2728942785  -0.5137619613
1.2607393700  -1.2667601000  -0.5203908799
1.2541975592  -1.2606276660  -0.5270557194
1.2476187760  -1.2544954408  -0.5337543883
1.2410033116  -1.2483620699  -0.5404847498
1.2343514680  -1.2422260818  -0.5472446278
1.2276635302  -1.2360859682  -0.5540318126
1.2209403374  -1.2299407016  -0.5608440660
1.2141811812  -1.2237876633  -0.5676791295
1.2073760887  -1.2176148912  -0.5745347354
1.2005234012  -1.2114187821  -0.5814086100
1.1936334382  -1.2052080357  -0.5882984716
1.1867088549  -1.1989836675  -0.5952020340
1.1797483655  -1.1927425642  -0.6021170156
1.1727507570  -1.1864816788  -0.6090411483
1.1657137010  -1.1801969139  -0.6159721839
1.1586329586  -1.1738823464  -0.6229079010
1.1515005215  -1.1675284073  -0.6298461119
1.1442996636  -1.1611169615  -0.6367846764
1.1369877206  -1.1546037110  -0.6437215646
1.1292835889  -1.1477098145  -0.6506548481
1.1216593887  -1.1409122990  -0.6575824233
1.1146325770  -1.1347249719  -0.6645018861
1.1078346305  -1.1287700157  -0.6714109007
1.1010704547  -1.1228453490  -0.6783074568
1.0943229968  -1.1169292793  -0.6851897331
1.0875917562  -1.1110186218  -0.6920559790
1.0808765485  -1.1051112108  -0.6989045257
1.0741772070  -1.0992050858  -0.7057338038
1.0674935931  -1.0932984605  -0.7125423475
1.0608255954  -1.0873897270  -0.7193287989
1.0541731299  -1.0814774569  -0.7260919157
1.0475361390  -1.0755604018  -0.7328305748
1.0409145904  -1.0696374929  -0.7395437799
1.0343084774  -1.0637078416  -0.7462306706
1.0277178164  -1.0577707390  -0.7528905247
1.0211426422  -1.0518256517  -0.7595227601
1.0145830067  -1.0458722163  -0.7661269414
1.0080389744  -1.0399102338  -0.7727027748
1.0015106259  -1.0339396682  -0.7792501337
0.9949981278  -1.0279606645  -0.7857692689
0.9885017389  -1.0219735433  -0.7922607941
0.9820216196  -1.0159787394  -0.7987253189
0.9755577811  -1.0099767654  -0.8051634671
0.9691102622  -1.0039682362  -0.8115761059
0.9626791831  -0.9979538805  -0.8179643604
0.9562646904  -0.9919345251  -0.8243296230
0.9498669529  -0.9859110868  -0.8306736201
0.9434861896  -0.9798845757  -0.8369985237
0.9371227311  -0.9738561202  -0.8433071931
0.9307772042  -0.9678271231  -0.8496038316
0.9244520914  -0.9617995982  -0.8558990307
0.9181485767  -0.9557750743  -0.8621990266
0.9118600026  -0.9497527117  -0.8684927540
0.9055791479  -0.9437307920  -0.8747705367
0.8993072195  -0.9377092094  -0.8810328993
0.8930478599  -0.9316888019  -0.8872809286
0.8868020864  -0.9256701542  -0.8935148509
0.8805698603  -0.9196536207  -0.8997348099
0.8743510603  -0.9136394884  -0.9059409540
0.8681455654  -0.9076280091  -0.9121334375
0.8619532561  -0.9016194006  -0.9183124199
0.8557740137  -0.8956138470  -0.9244780653
0.8496077204  -0.8896114984  -0.9306305416
0.8434542592  -0.8836124719  -0.9367700197
0.8373135137  -0.8776168523  -0.9428966724
0.8311853681  -0.8716246931  -0.9490106739
0.8250697070  -0.8656360174  -0.9551121981
0.8189664159  -0.8596508190  -0.9612014180
0.8128753807  -0.8536690637  -0.9672785049
0.8067964883  -0.8476906919  -0.9733436268
0.8007296258  -0.8417156249  -0.9793969460
0.7946746801  -0.8357437728  -0.9854386153
0.7886315379  -0.8297750255  -0.9914687776
0.7826000884  -0.8238092411  -0.9974875691
0.7765802240  -0.8178462566  -1.0034951198
0.7705718386  -0.8118859026  -1.0094915493
0.7645748267  -0.8059280065  -1.0154769648
0.7585890833  -0.7999723918  -1.0214514594
0.7526145042  -0.7940188823  -1.0274151096
0.7466509856  -0.7880673093  -1.0333679711
0.7406984220  -0.7821175237  -1.0393100700
0.7347566957  -0.7761694697  -1.0452413605
0.7288256749  -0.7702231257  -1.0511617192
0.7229052704  -0.7642781530  -1.0570711162
0.7169954884  -0.7583339335  -1.0629697369
0.7110963524  -0.7523901140  -1.0688578104
0.7052078037  -0.7464466773  -1.0747354542
0.6993297311  -0.7405036055  -1.0806027287
0.6934620391  -0.7345608008  -1.0864596976
0.6876046544  -0.7286181619  -1.0923064274
0.6817575119  -0.7226756070  -1.0981429824
0.6759205487  -0.7167330739  -1.1039694245
0.6700937041  -0.7107905196  -1.1097858131
0.6642769198  -0.7048479210  -1.1155922049
0.6584701397  -0.6989052739  -1.1213886541
0.6526733098  -0.6929625923  -1.1271752123
0.6468863786  -0.6870199079  -1.1329519286
0.6411092967  -0.6810772696  -1.1387188495
0.6353420169  -0.6751347421  -1.1444760189
0.6295844943  -0.6691924039  -1.1502234785
0.6238366865  -0.6632503455  -1.1559612672
0.6180985532  -0.6573086670  -1.1616894216
0.6123700563  -0.6513674739  -1.1674079760
0.6066511601  -0.6454268746  -1.1731169624
0.6009418312  -0.6394869801  -1.1788164105
0.5952420385  -0.6335479054  -1.1845063477
0.5895517532  -0.6276097669  -1.1901867994
0.5838709486  -0.6216726782  -1.1958577885
0.5781996005  -0.6157367471  -1.2015193361
0.5725376867  -0.6098020730  -1.2071714613
0.5668851876  -0.6038687421  -1.2128141810
0.5612420857  -0.5979368203  -1.2184475107
0.5556083659  -0.5920063287  -1.2240714644
0.5499840155  -0.5860772196  -1.2296860553
0.5443690241  -0.5801494477  -1.2352912954
0.5387633831  -0.5742231005  -1.2408871932
0.5331670849  -0.5682983858  -1.2464737522
0.5275801242  -0.5623755021  -1.2520509723
0.5220024982  -0.5564545953  -1.2576188523
0.5164342073  -0.5505357996  -1.2631773895
0.5108752541  -0.5446192583  -1.2687265795
0.5053256430  -0.5387051224  -1.2742664152
0.4997853809  -0.5327935490  -1.2797968877
0.4942544763  -0.5268847018  -1.2853179858
0.4887329404  -0.5209787504  -1.2908296961
0.4832207861  -0.5150758707  -1.2963320032
0.4777180288  -0.5091761391  -1.3018248896
0.4722246855  -0.5032794290  -1.3073083363
0.4667407757  -0.4973858493  -1.3127823222
0.4612663211  -0.4914961001  -1.3182468225
0.4558013453  -0.4856108473  -1.3237018100
0.4503458738  -0.4797303170  -1.3291472562
0.4448999345  -0.4738546442  -1.3345831314
0.4394635572  -0.4679840250  -1.3400094040
0.4340367737  -0.4621186529  -1.3454260405
0.4286196176  -0.4562587187  -1.3508330057
0.4232121243  -0.4504044120  -1.3562302626
0.4178143311  -0.4445559233  -1.3616177723
0.4124262773  -0.4387134454  -1.3669954942
0.4070480038  -0.4328771756  -1.3723633858
0.4016795532  -0.4270473169  -1.3777214033
0.3963209700  -0.4212240799  -1.3830695006
0.3909723004  -0.4154076836  -1.3884076303
0.3856335920  -0.4095983575  -1.3937357432
0.3803048942  -0.4037963421  -1.3990537884
0.3749862579  -0.3980018897  -1.4043617135
0.3696777356  -0.3922152653  -1.4096594644
0.3643793809  -0.3864367469  -1.4149469856
0.3590912493  -0.3806666254  -1.4202242201
0.3538133974  -0.3749052055  -1.4254911096
0.3485458831  -0.3691528054  -1.4307475946
0.3432887655  -0.3634097566  -1.4359936140
0.3380421049  -0.3576764037  -1.4412291059
0.3328059629  -0.3519531035  -1.4464540072
0.3275804018  -0.3462402246  -1.4516682537
0.3223654851  -0.3405381460  -1.4568717804
0.3171612771  -0.3348472569  -1.4620645216
0.3119678431  -0.3291679548  -1.4672464107
0.3067852587  -0.3235021044  -1.4724174456
0.3016136128  -0.3178520759  -1.4775776979
0.2964529596  -0.3122148299  -1.4827270522
0.2913033113  -0.3065862762  -1.4878652203
0.2861647192  -0.3009685229  -1.4929920571
0.2810372790  -0.2953643287  -1.4981075038
0.2759210751  -0.2897742871  -1.5032114707
0.2708161802  -0.2841989744  -1.5083038727
0.2657226668  -0.2786389537  -1.5133846301
0.2606406080  -0.2730947708  -1.5184536689
0.2555700763  -0.2675669517  -1.5235109212
0.2505111441  -0.2620559993  -1.5285563257
0.2454638827  -0.2565623920  -1.5335898278
0.2404283627  -0.2510865816  -1.5386113799
0.2354046536  -0.2456289923  -1.5436209413
0.2303928233  -0.2401900203  -1.5486184788
0.2253929383  -0.2347700330  -1.5536039659
0.2204050633  -0.2293693700  -1.5585773832
0.2154292615  -0.2239883424  -1.5635387180
0.2104655939  -0.2186272349  -1.5684879641
0.2055141197  -0.2132863059  -1.5734251213
0.2005748962  -0.2079657892  -1.5783501947
0.1956479787  -0.2026658958  -1.5832631949
0.1907334205  -0.1973868152  -1.5881641363
0.1858312729  -0.1921287177  -1.5930530374
0.1809415851  -0.1868917559  -1.5979299192
0.1760644045  -0.1816760672  -1.6027948047
0.1711997765  -0.1764817754  -1.6076477179
0.1663477444  -0.1713089932  -1.6124886827
0.1615083495  -0.1661578236  -1.6173177217
0.1566816308  -0.1610283626  -1.6221348553
0.1518676255  -0.1559207048  -1.6269400998
0.1470703092  -0.1508363661  -1.6318054382
0.1422922595  -0.1457762103  -1.6367665563
0.1375232800  -0.1407365377  -1.6417003717
0.1327604223  -0.1357164725  -1.6466385919
0.1280090150  -0.1307181087  -1.6515789712
0.1232690040  -0.1257415532  -1.6565189621
0.1185403537  -0.1207869251  -1.6614557150
0.1138230481  -0.1158543534  -1.6663860780
0.1091170917  -0.1109439757  -1.6713065975
0.1044225105  -0.1060559358  -1.6762135175
0.0997393531  -0.1011903816  -1.6811027802
0.0950676912  -0.0963474625  -1.6859700256
0.0904076205  -0.0915273264  -1.6908105916
0.0857592613  -0.0867301167  -1.6956195141
0.0811227590  -0.0819559687  -1.7003915269
0.0764982842  -0.0772050065  -1.7051210617
0.0718860332  -0.0724773396  -1.7098022483
0.0672862275  -0.0677730591  -1.7144289143
0.0626991142  -0.0630922353  -1.7189945852
0.0581249652  -0.0584349145  -1.7234924845
0.0535640766  -0.0538011166  -1.7279155337
0.0490167679  -0.0491908336  -1.7322563521
0.0444833810  -0.0446040281  -1.7365072569
0.0399642784  -0.0400406330  -1.7406602635
0.0354598418  -0.0355005524  -1.7447070849
0.0309704699  -0.0309836623  -1.7486391323
0.0264965761  -0.0264898133  -1.7524475147
0.0220385854  -0.0220188339  -1.7561230391
0.0175969316  -0.0175705347  -1.7596562103
0.0131720532  -0.0131447135  -1.7630372312
0.0087643900  -0.0087411609  -1.7662560025
0.0043743776  -0.0043596664  -1.7693021230
0.0043692341  -0.0043596206  -1.7693021230
