0.135498
1.6244217316  -1.6659891408   0.0000485968
1.6244217316  -1.6659891408   0.0000485968
1.6244255893  -1.6659859695   0.0000405040
1.6244225729  -1.6659645535   0.0000196643
1.6244092056  -1.6659238665  -0.0000142633
1.6243827808  -1.6658607243  -0.0000616177
1.6243422946  -1.6657740776  -0.0001227364
1.6242871782  -1.6656634012  -0.0001979551
1.6242170261  -1.6655283630  -0.0002876078
1.6241315067  -1.6653687148  -0.0003920267
1.6240303252  -1.6651842484  -0.0005115427
1.6239132071  -1.6649747739  -0.0006464845
1.6237798888  -1.6647401094  -0.0007971794
1.6236301131  -1.6644800743  -0.0009639531
1.6234636262  -1.6641944867  -0.0011471293
1.6232801758  -1.6638831603  -0.0013470304
1.6230795102  -1.6635459038  -0.0015639767
1.6228613771  -1.6631825196  -0.0017982870
1.6226255237  -1.6627928038  -0.0020502786
1.6223716960  -1.6623765453  -0.0023202668
1.6220996384  -1.6619335261  -0.0026085654
1.6218090937  -1.6614635211  -0.0029154864
1.6214998034  -1.6609662981  -0.0032413402
1.6211715067  -1.6604416178  -0.0035864355
1.6208239413  -1.6598892342  -0.0039510792
1.6204568429  -1.6593088944  -0.0043355766
1.6200699452  -1.6587003391  -0.0047402314
1.6196629802  -1.6580633024  -0.0051653454
1.6192356779  -1.6573975126  -0.0056112189
1.6187877661  -1.6567026917  -0.0060781505
1.6183189713  -1.6559785564  -0.0065664369
1.6178290175  -1.6552248177  -0.0070763733
1.6173176180  -1.6544406806  -0.0076089861
1.6167845041  -1.6536263071  -0.0081639113
1.6162294070  -1.6527820326  -0.0087412092
1.6156520343  -1.6519071888  -0.0093411254
1.6150520967  -1.6510013166  -0.0099639212
1.6144293069  -1.6500640478  -0.0106098804
1.6137833761  -1.6490950300  -0.0112792876
1.6131140144  -1.6480939199  -0.0119724305
1.6124209304  -1.6470603766  -0.0126895993
1.6117038312  -1.6459940593  -0.0134310862
1.6109624226  -1.6448946275  -0.0141971855
1.6101964091  -1.6437617409  -0.0149881928
1.6094054939  -1.6425950600  -0.0158044052
1.6085893789  -1.6413942464  -0.0166461211
1.6077477650  -1.6401589635  -0.0175136400
1.6068803517  -1.6388888766  -0.0184072626
1.6059868376  -1.6375836536  -0.0193272906
1.6050669204  -1.6362429655  -0.0202740265
1.6041202966  -1.6348664868  -0.0212477738
1.6031466619  -1.6334538959  -0.0222488367
1.6021457112  -1.6320048757  -0.0232775202
1.6011171387  -1.6305191137  -0.0243341300
1.6000606377  -1.6289963026  -0.0254189722
1.5989759011  -1.6274361415  -0.0265323536
1.5978626212  -1.6258383365  -0.0276745818
1.5967204896  -1.6242026009  -0.0288459655
1.5955491979  -1.6225286549  -0.0300468140
1.5943484371  -1.6208162266  -0.0312774367
1.5931178980  -1.6190650515  -0.0325381431
1.5918572712  -1.6172748735  -0.0338292431
1.5905662473  -1.6154454443  -0.0351510463
1.5892445167  -1.6135763865  -0.0365038627
1.5878917739  -1.6116674242  -0.0378880018
1.5865077184  -1.6097186250  -0.0393037726
1.5850920481  -1.6077299148  -0.0407514834
1.5836444569  -1.6057010007  -0.0422314427
1.5821646375  -1.6036316479  -0.0437439580
1.5806522829  -1.6015216602  -0.0452893364
1.5791070868  -1.5993708571  -0.0468678840
1.5775287428  -1.5971790707  -0.0484799064
1.5759169454  -1.5949461426  -0.0501257081
1.5742713895  -1.5926719244  -0.0518055926
1.5725917707  -1.5903562803  -0.0535198624
1.5708777852  -1.5879990852  -0.0552688187
1.5691291301  -1.5856002233  -0.0570527612
1.5673455032  -1.5831595871  -0.0588719881
1.5655266036  -1.5806770771  -0.0607267959
1.5636721312  -1.5781526025  -0.0626174794
1.5617817873  -1.5755860807  -0.0645443316
1.5598552742  -1.5729774377  -0.0665076434
1.5578922959  -1.5703266079  -0.0685077036
1.5558925576  -1.5676335338  -0.0705447987
1.5538557664  -1.5648981661  -0.0726192119
1.5517816306  -1.5621204637  -0.0747312216
1.5496698607  -1.5593003938  -0.0768811034
1.5475201725  -1.5564379362  -0.0790691327
1.5453323040  -1.5535331043  -0.0812955850
1.5431059997  -1.5505859285  -0.0835607352
1.5408409929  -1.5475964328  -0.0858648572
1.5385370178  -1.5445646443  -0.0882082238
1.5361938117  -1.5414905937  -0.0905911060
1.5338111152  -1.5383743192  -0.0930137732
1.5313886722  -1.5352158661  -0.0954764916
1.5289262298  -1.5320152848  -0.0979795221
1.5264235381  -1.5287726451  -0.1005231163
1.5238803504  -1.5254880428  -0.1031075153
1.5212964233  -1.5221615867  -0.1057329510
1.5186715179  -1.5187933963  -0.1083996461
1.5160053990  -1.5153836237  -0.1111078140
1.5132978357  -1.5119324807  -0.1138576588
1.5105486019  -1.5084401517  -0.1166493759
1.5077574772  -1.5049066008  -0.1194831531
1.5049242515  -1.5013316172  -0.1223591757
1.5020487195  -1.4977151408  -0.1252776315
1.4991306761  -1.4940574355  -0.1282387064
1.4961699207  -1.4903589519  -0.1312425800
1.4931662583  -1.4866201557  -0.1342894264
1.4901194994  -1.4828414865  -0.1373794157
1.4870294599  -1.4790233635  -0.1405127136
1.4838959612  -1.4751661862  -0.1436894818
1.4807188305  -1.4712703322  -0.1469098787
1.4774979005  -1.4673361566  -0.1501740598
1.4742330096  -1.4633639922  -0.1534821766
1.4709240018  -1.4593541519  -0.1568343764
1.4675706648  -1.4553068775  -0.1602308023
1.4641727498  -1.4512223595  -0.1636715930
1.4607301167  -1.4471008639  -0.1671568831
1.4572427209  -1.4429427232  -0.1706868034
1.4537105373  -1.4387482607  -0.1742614807
1.4501335587  -1.4345177831  -0.1778810360
1.4465117955  -1.4302516197  -0.1815455849
1.4428452768  -1.4259501610  -0.1852552399
1.4391340498  -1.4216138275  -0.1890101107
1.4353781790  -1.4172430249  -0.1928103027
1.4315777241  -1.4128381420  -0.1966559167
1.4277326265  -1.4083994806  -0.2005470473
1.4238427096  -1.4039272214  -0.2044837821
1.4199077772  -1.3994215013  -0.2084662015
1.4159276215  -1.3948824488  -0.2124943791
1.4119020211  -1.3903101759  -0.2165683815
1.4078307372  -1.3857046217  -0.2206882541
1.4037135107  -1.3810655672  -0.2248540100
1.3995500801  -1.3763935807  -0.2290656954
1.3953402197  -1.3716904775  -0.2333234726
1.3910839652  -1.3669578626  -0.2376275449
1.3867814919  -1.3621957374  -0.2419780089
1.3824327923  -1.3574033406  -0.2463748475
1.3780377827  -1.3525805336  -0.2508180131
1.3735964130  -1.3477277879  -0.2553074609
1.3691086572  -1.3428457632  -0.2598431413
1.3645745015  -1.3379351839  -0.2644249978
1.3599939444  -1.3329968328  -0.2690529693
1.3553670276  -1.3280316144  -0.2737269869
1.3506938133  -1.3230405055  -0.2784469718
1.3459743397  -1.3180244567  -0.2832128406
1.3412086405  -1.3129844281  -0.2880245084
1.3363967592  -1.3079214148  -0.2928818897
1.3315387478  -1.3028364425  -0.2977848966
1.3266346728  -1.2977305732  -0.3027334478
1.3216846570  -1.2926049806  -0.3077274446
1.3166888126  -1.2874608316  -0.3127666145
1.3116471866  -1.2822991701  -0.3178505579
1.3065598847  -1.2771210789  -0.3229790867
1.3014271070  -1.2719277411  -0.3281522120
1.2962490472  -1.2667203467  -0.3333698929
1.2910259020  -1.2615001289  -0.3386320227
1.2857578626  -1.2562682877  -0.3439384705
1.2804450687  -1.2510258764  -0.3492890630
1.2750876420  -1.2457738692  -0.3546835625
1.2696856939  -1.2405131722  -0.3601216260
1.2642393770  -1.2352447111  -0.3656027159
1.2587488065  -1.2299692213  -0.3711258730
1.2532132594  -1.2246862525  -0.3766864306
1.2476317700  -1.2193950531  -0.3822796100
1.2420069524  -1.2140991262  -0.3879136597
1.2363443276  -1.2088058901  -0.3936035975
1.2306453862  -1.2035188523  -0.3993543327
1.2249069258  -1.1982358024  -0.4051633611
1.2191263716  -1.1929541384  -0.4110285990
1.2133032506  -1.1876730139  -0.4169486027
1.2074376877  -1.1823920330  -0.4229218290
1.2015297521  -1.1771105102  -0.4289466229
1.1955796097  -1.1718277400  -0.4350212242
1.1895874739  -1.1665429481  -0.4411437755
1.1835533851  -1.1612549604  -0.4473123291
1.1774773677  -1.1559624444  -0.4535248558
1.1713596497  -1.1506642082  -0.4597792532
1.1652004584  -1.1453588800  -0.4660733530
1.1590000365  -1.1400450194  -0.4724049285
1.1527585967  -1.1347210898  -0.4787717015
1.1464771455  -1.1293862072  -0.4851713484
1.1401548482  -1.1240376407  -0.4916015080
1.1337828261  -1.1186644805  -0.4980597919
1.1273581482  -1.1132617149  -0.5045437895
1.1208903930  -1.1078371448  -0.5110510679
1.1143839019  -1.1023933304  -0.5175791761
1.1078374470  -1.0969270366  -0.5241256546
1.1012506339  -1.0914358415  -0.5306880427
1.0946225595  -1.0859168492  -0.5372638859
1.0879514316  -1.0803663239  -0.5438507427
1.0812340643  -1.0747792094  -0.5504461920
1.0744646542  -1.0691479450  -0.5570478398
1.0676319973  -1.0634597226  -0.5636533285
1.0607114840  -1.0576882926  -0.5702603835
1.0534812819  -1.0516107525  -0.5768668593
1.0460258771  -1.0453169036  -0.5834705824
1.0389492332  -1.0394121546  -0.5900691013
1.0323559041  -1.0339919854  -0.5966598093
1.0259107129  -1.0287130114  -0.6032403078
1.0194859575  -1.0234423848  -0.6098084834
1.0130774879  -1.0181726421  -0.6163623605
1.0066848747  -1.0129010949  -0.6229000382
1.0003079564  -1.0076256965  -0.6294197085
0.9939465965  -1.0023445832  -0.6359196695
0.9876006887  -0.9970560765  -0.6423983295
0.9812701565  -0.9917586858  -0.6488542164
0.9749549554  -0.9864511115  -0.6552859878
0.9686550691  -0.9811322456  -0.6616924324
0.9623705067  -0.9758011701  -0.6680724746
0.9561013009  -0.9704571560  -0.6744251807
0.9498475081  -0.9650996594  -0.6807497657
0.9436092013  -0.9597283170  -0.6870455843
0.9373864736  -0.9543429458  -0.6933121599
0.9311795032  -0.9489435653  -0.6995493760
0.9249885659  -0.9435303974  -0.7057574890
0.9188138635  -0.9381037967  -0.7119367901
0.9126554490  -0.9326642046  -0.7180875617
0.9065133842  -0.9272121834  -0.7242103061
0.9003878150  -0.9217484359  -0.7303057778
0.8942789120  -0.9162737841  -0.7363749618
0.8881868509  -0.9107891520  -0.7424191107
0.8821118259  -0.9052955605  -0.7484397938
0.8760540656  -0.8997941253  -0.7544389788
0.8700138682  -0.8942860683  -0.7604191893
0.8639916954  -0.8887728192  -0.7663838654
0.8579894071  -0.8832564638  -0.7723414091
0.8520096219  -0.8777393470  -0.7783024194
0.8460495984  -0.8722218096  -0.7842646351
0.8401011991  -0.8667018793  -0.7902157557
0.8341607443  -0.8611783545  -0.7961502836
0.8282310783  -0.8556520081  -0.8020692578
0.8223149730  -0.8501239751  -0.8079734608
0.8164129926  -0.8445949177  -0.8138630323
0.8105250533  -0.8390652793  -0.8197381001
0.8046510534  -0.8335354504  -0.8255987978
0.7987908914  -0.8280057841  -0.8314452656
0.7929444668  -0.8224765960  -0.8372776491
0.7871116797  -0.8169481639  -0.8430960990
0.7812924310  -0.8114207285  -0.8489007701
0.7754866215  -0.8058944931  -0.8546918201
0.7696941528  -0.8003696243  -0.8604694092
0.7639149268  -0.7948462533  -0.8662336985
0.7581488457  -0.7893244770  -0.8719848493
0.7523958121  -0.7838043594  -0.8777230219
0.7466557287  -0.7782859359  -0.8834483732
0.7409284978  -0.7727692180  -0.8891610524
0.7352140211  -0.7672541901  -0.8948612008
0.7295122022  -0.7617408057  -0.9005489543
0.7238229475  -0.7562289929  -0.9062244441
0.7181461651  -0.7507186633  -0.9118877936
0.7124817633  -0.7452097144  -0.9175391155
0.7068296510  -0.7397020314  -0.9231785106
0.7011897381  -0.7341954896  -0.9288060667
0.6955619354  -0.7286899582  -0.9344218557
0.6899461542  -0.7231853042  -0.9400259309
0.6843423054  -0.7176813963  -0.9456183212
0.6787502922  -0.7121781236  -0.9511989998
0.6731699991  -0.7066754017  -0.9567678458
0.6676013214  -0.7011731116  -0.9623247353
0.6620442317  -0.6956710715  -0.9678697228
0.6564987705  -0.6901691286  -0.9734030204
0.6509649438  -0.6846672066  -0.9789248039
0.6454426802  -0.6791652483  -0.9844351495
0.6399318862  -0.6736631905  -0.9899341031
0.6344324896  -0.6681609847  -0.9954217157
0.6289444351  -0.6626586057  -1.0008980395
0.6234676723  -0.6571560478  -1.0063631244
0.6180021526  -0.6516533246  -1.0118170180
0.6125478300  -0.6461504684  -1.0172597654
0.6071046600  -0.6406475303  -1.0226914094
0.6016726003  -0.6351445793  -1.0281119906
0.5962516108  -0.6296417020  -1.0335215470
0.5908416531  -0.6241390014  -1.0389201144
0.5854426910  -0.6186365965  -1.0443077264
0.5800546905  -0.6131346212  -1.0496844141
0.5746776191  -0.6076332212  -1.0550502066
0.5693114469  -0.6021325499  -1.0604051307
0.5639561456  -0.5966327656  -1.0657492112
0.5586116890  -0.5911340320  -1.0710824710
0.5532780530  -0.5856365192  -1.0764049308
0.5479552154  -0.5801404014  -1.0817166094
0.5426431558  -0.5746458533  -1.0870175238
0.5373418559  -0.5691530476  -1.0923076889
0.5320512993  -0.5636621525  -1.0975871181
0.5267714716  -0.5581733290  -1.1028558231
0.5215023602  -0.5526867275  -1.1081138138
0.5162439544  -0.5472024825  -1.1133610990
0.5109962455  -0.5417206966  -1.1185976861
0.5057592267  -0.5362414096  -1.1238235821
0.5005328931  -0.5307646174  -1.1290387936
0.4953172417  -0.5252903802  -1.1342433254
0.4901122701  -0.5198188910  -1.1394371785
0.4849179775  -0.5143504021  -1.1446203495
0.4797343644  -0.5088851315  -1.1497928332
0.4745614343  -0.5034232616  -1.1549546239
0.4693991925  -0.4979649721  -1.1601057145
0.4642476460  -0.4925104502  -1.1652460966
0.4591068035  -0.4870598879  -1.1703757598
0.4539766750  -0.4816134822  -1.1754946923
0.4488572722  -0.4761714343  -1.1806028807
0.4437486084  -0.4707339498  -1.1857003100
0.4386506986  -0.4653012389  -1.1907869635
0.4335635591  -0.4598734338  -1.1958628235
0.4284872076  -0.4544505087  -1.2009278707
0.4234216637  -0.4490326213  -1.2059820848
0.4183669483  -0.4436203860  -1.2110254426
0.4133230839  -0.4382143887  -1.2160579194
0.4082900940  -0.4328148739  -1.2210794897
0.4032680040  -0.4274220153  -1.2260901271
0.3982568402  -0.4220360325  -1.2310898042
0.3932566304  -0.4166571417  -1.2360784923
0.3882674034  -0.4112855562  -1.2410561615
0.3832891894  -0.4059214871  -1.2460227809
0.3783220196  -0.4005651455  -1.2509783186
0.3733659262  -0.3952167431  -1.2559227415
0.3684209426  -0.3898764939  -1.2608560156
0.3634871033  -0.3845446153  -1.2657781058
0.3585644437  -0.3792213291  -1.2706889762
0.3536530000  -0.3739068625  -1.2755885898
0.3487528095  -0.3686014491  -1.2804769088
0.3438639101  -0.3633053296  -1.2853538945
0.3389863408  -0.3580187521  -1.2902195075
0.3341201410  -0.3527419727  -1.2950737074
0.3292653510  -0.3474752551  -1.2999164533
0.3244220117  -0.3422188716  -1.3047477038
0.3195901646  -0.3369731027  -1.3095674166
0.3147698516  -0.3317382370  -1.3143755491
0.3099611152  -0.3265145713  -1.3191720581
0.3051639983  -0.3213024100  -1.3239569002
0.3003785440  -0.3161020642  -1.3287300316
0.2956047958  -0.3109138516  -1.3334914080
0.2908427975  -0.3057380955  -1.3382409854
0.2860925930  -0.3005751241  -1.3429787194
0.2813542262  -0.2954252693  -1.3477045657
0.2766277483  -0.2902899817  -1.3524185316
0.2719132195  -0.2851710888  -1.3571206838
0.2672106739  -0.2800662796  -1.3618109405
0.2625201150  -0.2749724565  -1.3664890837
0.2578415745  -0.2698912587  -1.3711550092
0.2531751154  -0.2648248081  -1.3758086821
0.2485207920  -0.2597735668  -1.3804500433
0.2438786492  -0.2547379804  -1.3850790382
0.2392487318  -0.2497184808  -1.3896956168
0.2346310840  -0.2447154841  -1.3942997340
0.2300257494  -0.2397293880  -1.3988913503
0.2254327705  -0.2347605701  -1.4034704318
0.2208521889  -0.2298093868  -1.4080369503
0.2162840451  -0.2248761717  -1.4125908837
0.2117283779  -0.2199612357  -1.4171322161
0.2071852249  -0.2150648659  -1.4216609375
0.2026546220  -0.2101873263  -1.4261770439
0.1981366032  -0.2053288576  -1.4306805376
0.1936312010  -0.2004896780  -1.4351714262
0.1891384459  -0.1956699839  -1.4396497231
0.1846583666  -0.1908699507  -1.4441154466
0.1801909900  -0.1860897343  -1.4485686200
0.1757363410  -0.1813294720  -1.4530092708
0.1712944428  -0.1765892842  -1.4574374303
0.1668653166  -0.1718692755  -1.4618531329
0.1624489819  -0.1671695368  -1.4662564156
0.1580454563  -0.1624901464  -1.4706473170
0.1536547556  -0.1578311717  -1.4750258769
0.1492768938  -0.1531926707  -1.4793921351
0.1449118833  -0.1485746938  -1.4837461305
0.1405597342  -0.1439772848  -1.4880879003
0.1362204551  -0.1394004858  -1.4924174789
0.1318971847  -0.1348453820  -1.4967992363
0.1275919499  -0.1303125717  -1.5012650898
0.1232966269  -0.1257993087  -1.5057050472
0.1190088516  -0.1213049265  -1.5101474744
0.1147328373  -0.1168309317  -1.5145903890
0.1104685196  -0.1123773712  -1.5190315392
0.1062158488  -0.1079442999  -1.5234684036
0.1019747906  -0.1035317784  -1.5278981912
0.0977453272  -0.0991398724  -1.5323178417
0.0935274577  -0.0947686512  -1.5367240251
0.0893211994  -0.0904181859  -1.5411131420
0.0851265881  -0.0860885477  -1.5454813234
0.0809436789  -0.0817798059  -1.5498244309
0.0767725466  -0.0774920257  -1.5541380565
0.0726132864  -0.0732252658  -1.5584175227
0.0684660136  -0.0689795763  -1.5626578824
0.0643308646  -0.0647549963  -1.5668539192
0.0602079962  -0.0605515521  -1.5710001470
0.0560975859  -0.0563692544  -1.5750908102
0.0519998315  -0.0522080972  -1.5791198838
0.0479149507  -0.0480680561  -1.5830810732
0.0438431804  -0.0439490871  -1.5869678142
0.0397847756  -0.0398511261  -1.5907732733
0.0357400087  -0.0357740886  -1.5944903473
0.0317091678  -0.0317178704  -1.5981116636
0.0276925551  -0.0276823487  -1.6016295800
0.0236904849  -0.0236673835  -1.6050361849
0.0197032816  -0.0196728203  -1.6083232970
0.0157312767  -0.0156984930  -1.6114824656
0.0117748061  -0.0117442274  -1.6145049706
0.0078342068  -0.0078098451  -1.6173818222
0.0039098129  -0.0038951674  -1.6201037611
0.0039057043  -0.0038951294  -1.6201037611
