0.0678064
2.4509164621  -2.6312899186   0.0000989211
2.4509164621  -2.6312899186   0.0000989211
2.4509220252  -2.6312699773   0.0000787099
2.4509124200  -2.6311992552   0.0000303886
2.4508805859  -2.6310776675  -0.0000468867
2.4508197741  -2.6308943201  -0.0001539454
2.4507275918  -2.6306460689  -0.0002916027
2.4506027141  -2.6303315669  -0.0004606595
2.4504442158  -2.6299501188  -0.0006619024
2.4502513542  -2.6295013102  -0.0008961037
2.4500234803  -2.6289848576  -0.0011640214
2.4497599986  -2.6284005383  -0.0014663991
2.4494603451  -2.6277481547  -0.0018039663
2.4491239767  -2.6270275151  -0.0021774382
2.4487503639  -2.6262384222  -0.0025875154
2.4483389870  -2.6253806676  -0.0030348846
2.4478893338  -2.6244540278  -0.0035202180
2.4474008975  -2.6234582624  -0.0040441734
2.4468731767  -2.6223931135  -0.0046073946
2.4463056739  -2.6212583055  -0.0052105108
2.4456978958  -2.6200535457  -0.0058541371
2.4450493526  -2.6187785247  -0.0065388742
2.4443595589  -2.6174329176  -0.0072653087
2.4436280328  -2.6160163852  -0.0080340125
2.4428542966  -2.6145285753  -0.0088455436
2.4420378768  -2.6129691239  -0.0097004456
2.4411783045  -2.6113376569  -0.0105992477
2.4402751155  -2.6096337914  -0.0115424648
2.4393278506  -2.6078571376  -0.0125305977
2.4383360558  -2.6060073002  -0.0135641327
2.4372992823  -2.6040838794  -0.0146435419
2.4362170861  -2.6020864722  -0.0157692831
2.4350890237  -2.6000132357  -0.0169433776
2.4339146794  -2.5978651230  -0.0181648810
2.4326936384  -2.5956434892  -0.0194337453
2.4314254683  -2.5933468614  -0.0207502551
2.4301097548  -2.5909744971  -0.0221147372
2.4287460977  -2.5885258773  -0.0235275705
2.4273341062  -2.5860005422  -0.0249891221
2.4258733979  -2.5833980846  -0.0264997543
2.4243635996  -2.5807181260  -0.0280598225
2.4228043476  -2.5779603120  -0.0296696745
2.4211952885  -2.5751243120  -0.0313296496
2.4195360786  -2.5722098198  -0.0330400774
2.4178263851  -2.5692165543  -0.0348012777
2.4160658860  -2.5661442611  -0.0366135599
2.4142542701  -2.5629927141  -0.0384772225
2.4123912378  -2.5597617172  -0.0403925529
2.4104765010  -2.5564511052  -0.0423598257
2.4085097835  -2.5530607440  -0.0443793037
2.4064908210  -2.5495905318  -0.0464512375
2.4044193618  -2.5460403990  -0.0485758661
2.4022951663  -2.5424103096  -0.0507534163
2.4001180015  -2.5387002555  -0.0529841024
2.3978876432  -2.5349102599  -0.0552681262
2.3956038856  -2.5310403881  -0.0576056766
2.3932665395  -2.5270907470  -0.0599969296
2.3908754295  -2.5230614819  -0.0624420478
2.3884303938  -2.5189527770  -0.0649411792
2.3859312844  -2.5147648554  -0.0674944578
2.3833779672  -2.5104979784  -0.0701020046
2.3807703224  -2.5061524445  -0.0727639276
2.3781082440  -2.5017285886  -0.0754803219
2.3753916396  -2.4972264219  -0.0782512698
2.3726204289  -2.4926462272  -0.0810768398
2.3697945477  -2.4879891567  -0.0839570874
2.3669139502  -2.4832560025  -0.0868920544
2.3639785983  -2.4784470452  -0.0898817680
2.3609884462  -2.4735627250  -0.0929262417
2.3579434626  -2.4686035751  -0.0960254759
2.3548436470  -2.4635701904  -0.0991794592
2.3516890153  -2.4584632079  -0.1023881681
2.3484795970  -2.4532832962  -0.1056515666
2.3452154357  -2.4480311528  -0.1089696068
2.3418965880  -2.4427075042  -0.1123422284
2.3385231234  -2.4373131061  -0.1157693576
2.3350951242  -2.4318487426  -0.1192509065
2.3316126851  -2.4263152242  -0.1227867754
2.3280759134  -2.4207133865  -0.1263768545
2.3244849099  -2.4150440723  -0.1300210234
2.3208397639  -2.4093081266  -0.1337191514
2.3171405931  -2.4035064329  -0.1374710976
2.3133875484  -2.3976399198  -0.1412767114
2.3095807927  -2.3917095407  -0.1451358324
2.3057205003  -2.3857162692  -0.1490482894
2.3018068556  -2.3796610962  -0.1530138994
2.2978400535  -2.3735450276  -0.1570324678
2.2938202984  -2.3673690835  -0.1611037885
2.2897478043  -2.3611343004  -0.1652276451
2.2856227675  -2.3548417117  -0.1694038110
2.2814453579  -2.3484923407  -0.1736320523
2.2772157799  -2.3420872509  -0.1779121327
2.2729342811  -2.3356275566  -0.1822438130
2.2686011180  -2.3291143944  -0.1866268461
2.2642165539  -2.3225488971  -0.1910609752
2.2597808593  -2.3159321793  -0.1955459352
2.2552943117  -2.3092653855  -0.2000814548
2.2507571957  -2.3025497197  -0.2046672563
2.2461697691  -2.2957863812  -0.2093030612
2.2415322456  -2.2889765329  -0.2139885943
2.2368448760  -2.2821213734  -0.2187235821
2.2321079655  -2.2752221811  -0.2235077491
2.2273218257  -2.2682802971  -0.2283408187
2.2224867735  -2.2612969791  -0.2332225139
2.2176031296  -2.2542732046  -0.2381525581
2.2126712170  -2.2472098326  -0.2431306758
2.2076913487  -2.2401079868  -0.2481565920
2.2026637568  -2.2329690724  -0.2532300299
2.1975886735  -2.2257945923  -0.2583507118
2.1924664141  -2.2185860646  -0.2635183593
2.1872973125  -2.2113449774  -0.2687326931
2.1820817039  -2.2040727820  -0.2739934294
2.1768199252  -2.1967708901  -0.2793002844
2.1715123179  -2.1894406788  -0.2846529889
2.1661592303  -2.1820835009  -0.2900512907
2.1607609988  -2.1747007068  -0.2954949511
2.1553178946  -2.1672935405  -0.3009837388
2.1498301270  -2.1598630904  -0.3065174158
2.1442978842  -2.1524103669  -0.3120957227
2.1387213401  -2.1449363206  -0.3177183773
2.1331006603  -2.1374418516  -0.3233850793
2.1274360057  -2.1299278168  -0.3290955140
2.1217276247  -2.1223951508  -0.3348493659
2.1159759708  -2.1148450275  -0.3406463325
2.1101814098  -2.1072785080  -0.3464861178
2.1043440903  -2.0996963661  -0.3523684227
2.0984641379  -2.0920993115  -0.3582929482
2.0925416714  -2.0844880144  -0.3642593989
2.0865768037  -2.0768631342  -0.3702674822
2.0805696663  -2.0692253653  -0.3763169045
2.0745206036  -2.0615756748  -0.3824073709
2.0684300625  -2.0539151571  -0.3885385853
2.0622983729  -2.0462447674  -0.3947102494
2.0561258301  -2.0385655670  -0.4009220463
2.0499127272  -2.0308786640  -0.4071736406
2.0436593752  -2.0231843541  -0.4134647609
2.0373661294  -2.0154821958  -0.4197952513
2.0310333692  -2.0077729023  -0.4261649462
2.0246614184  -2.0000587607  -0.4325735581
2.0182505473  -1.9923419614  -0.4390207286
2.0118010398  -1.9846238651  -0.4455060997
2.0053132012  -1.9769054656  -0.4520293211
1.9987872562  -1.9691876422  -0.4585900410
1.9922232123  -1.9614710997  -0.4651879072
1.9856214381  -1.9537568800  -0.4718225688
1.9789828541  -1.9460465304  -0.4784936729
1.9723084683  -1.9383416953  -0.4852008655
1.9655993266  -1.9306440566  -0.4919437955
1.9588563182  -1.9229551869  -0.4987221149
1.9520796957  -1.9152760494  -0.5055354808
1.9452691963  -1.9076069842  -0.5123835535
1.9384244733  -1.8999481521  -0.5192659964
1.9315451287  -1.8922996492  -0.5261824818
1.9246307687  -1.8846615789  -0.5331326892
1.9176816590  -1.8770348158  -0.5401163098
1.9106985002  -1.8694207086  -0.5471329854
1.9036816359  -1.8618201281  -0.5541821802
1.8966312802  -1.8542337511  -0.5612633862
1.8895477724  -1.8466623909  -0.5683763626
1.8824315661  -1.8391070580  -0.5755209191
1.8752830499  -1.8315686906  -0.5826967859
1.8681024876  -1.8240479783  -0.5899036533
1.8608900948  -1.8165454777  -0.5971411256
1.8536460696  -1.8090616763  -0.6044086408
1.8463705948  -1.8015969144  -0.6117052421
1.8390629287  -1.7941502318  -0.6190266658
1.8317227043  -1.7867211965  -0.6263708950
1.8243538647  -1.7793149473  -0.6337472088
1.8169612997  -1.7719384969  -0.6411650062
1.8095443315  -1.7645925174  -0.6486244852
1.8020995015  -1.7572734736  -0.6561233876
1.7946253459  -1.7499792173  -0.6636604378
1.7871219110  -1.7427090989  -0.6712344695
1.7795893847  -1.7354624966  -0.6788442474
1.7720278960  -1.7282385413  -0.6864884769
1.7644376968  -1.7210364416  -0.6941658068
1.7568190316  -1.7138552564  -0.7018748186
1.7491720388  -1.7066937379  -0.7096140238
1.7414969666  -1.6995507186  -0.7173818675
1.7337940673  -1.6924249141  -0.7251767346
1.7260635738  -1.6853148923  -0.7329969661
1.7183057574  -1.6782192440  -0.7408408815
1.7105207065  -1.6711362648  -0.7487067896
1.7027085992  -1.6640643158  -0.7565929952
1.6948697440  -1.6570018491  -0.7644978061
1.6870043882  -1.6499472310  -0.7724195272
1.6791134476  -1.6428994694  -0.7803564497
1.6711938059  -1.6358534727  -0.7883068603
1.6632366381  -1.6287983943  -0.7962690561
1.6552459466  -1.6217364694  -0.8042413425
1.6472296736  -1.6146741551  -0.8122220303
1.6391865152  -1.6076085274  -0.8202094406
1.6311151241  -1.6005365150  -0.8282019154
1.6230128828  -1.5934537897  -0.8361978238
1.6148749067  -1.5863538176  -0.8441955679
1.6066914055  -1.5792252066  -0.8521935899
1.5984390839  -1.5720422762  -0.8601904178
1.5899207498  -1.5646065148  -0.8681846832
1.5813529492  -1.5571407759  -0.8761749255
1.5731843543  -1.5500976277  -0.8841594232
1.5652794923  -1.5433354851  -0.8921364266
1.5574167804  -1.5366242727  -0.9001044379
1.5495662870  -1.5299270592  -0.9080621606
1.5417274397  -1.5232395328  -0.9160083719
1.5338999828  -1.5165592913  -0.9239419084
1.5260836653  -1.5098842242  -0.9318616850
1.5182782577  -1.5032123743  -0.9397666993
1.5104835517  -1.4965419385  -0.9476560345
1.5026993605  -1.4898712665  -0.9555288652
1.4949255187  -1.4831988627  -0.9633844617
1.4871618802  -1.4765233911  -0.9712221914
1.4794083166  -1.4698436799  -0.9790415231
1.4716647172  -1.4631587264  -0.9868420311
1.4639309875  -1.4564677007  -0.9946234009
1.4562070496  -1.4497699416  -1.0023854345
1.4484928374  -1.4430649505  -1.0101280495
1.4407882943  -1.4363523820  -1.0178512824
1.4330933682  -1.4296320346  -1.0255552805
1.4254080319  -1.4229038540  -1.0332403726
1.4177323531  -1.4161679562  -1.0409072469
1.4100664329  -1.4094246044  -1.0485567882
1.4024102278  -1.4026741404  -1.0561898077
1.3947636104  -1.3959169734  -1.0638072190
1.3871265302  -1.3891536136  -1.0714101806
1.3794989974  -1.3823846746  -1.0790000787
1.3718810524  -1.3756108672  -1.0865786010
1.3642728061  -1.3688330153  -1.0941478750
1.3566745435  -1.3620521930  -1.1017108183
1.3490879265  -1.3552700636  -1.1092747287
1.3415144384  -1.3484881690  -1.1168460662
1.3339499087  -1.3417060853  -1.1244192764
1.3263877159  -1.3349219130  -1.1319858429
1.3188270652  -1.3281347102  -1.1395446607
1.3112708291  -1.3213447845  -1.1470969809
1.3037202984  -1.3145525265  -1.1546432008
1.2961754085  -1.3077580743  -1.1621835638
1.2886359343  -1.3009614658  -1.1697183168
1.2811016501  -1.2941627014  -1.1772477127
1.2735723311  -1.2873617527  -1.1847720090
1.2660477526  -1.2805585627  -1.1922914677
1.2585276901  -1.2737530472  -1.1998063547
1.2510119187  -1.2669450952  -1.2073169389
1.2435002135  -1.2601345703  -1.2148234919
1.2359923495  -1.2533213103  -1.2223262871
1.2284881011  -1.2465051293  -1.2298255988
1.2209872425  -1.2396858177  -1.2373217015
1.2134895477  -1.2328631428  -1.2448148691
1.2059947900  -1.2260368487  -1.2523053737
1.1985027427  -1.2192066571  -1.2597934853
1.1910131788  -1.2123722741  -1.2672794705
1.1835258705  -1.2055334140  -1.2747635892
1.1760405879  -1.1986898061  -1.2822460925
1.1685571013  -1.1918411449  -1.2897272235
1.1610751825  -1.1849870646  -1.2972072205
1.1535946048  -1.1781271874  -1.3046863151
1.1461151413  -1.1712611573  -1.3121647286
1.1386365634  -1.1643886346  -1.3196426704
1.1311586420  -1.1575093018  -1.3271203349
1.1236811455  -1.1506228964  -1.3345978962
1.1162038313  -1.1437294789  -1.3420754778
1.1087264388  -1.1368293888  -1.3495531324
1.1012487321  -1.1299218969  -1.3570309538
1.0937705602  -1.1230046896  -1.3645092053
1.0862918121  -1.1160759274  -1.3719882297
1.0788123136  -1.1091354243  -1.3794682986
1.0713318247  -1.1021834204  -1.3869496197
1.0638501055  -1.0952197157  -1.3944323958
1.0563669385  -1.0882438902  -1.4019168355
1.0488821154  -1.0812555184  -1.4094031471
1.0413954297  -1.0742541925  -1.4168915377
1.0339066758  -1.0672395232  -1.4243822136
1.0264156486  -1.0602111394  -1.4318753796
1.0189221441  -1.0531686876  -1.4393712398
1.0114259591  -1.0461118296  -1.4468699968
1.0039268912  -1.0390402439  -1.4543718522
0.9964247389  -1.0319536310  -1.4618770066
0.9889193015  -1.0248517132  -1.4693856591
0.9814103794  -1.0177342242  -1.4768980076
0.9738977737  -1.0106009006  -1.4844142489
0.9663812868  -1.0034514844  -1.4919345790
0.9588607219  -0.9962857242  -1.4994591924
0.9513358836  -0.9891033711  -1.5069882829
0.9438065771  -0.9819041716  -1.5145220429
0.9362726091  -0.9746878651  -1.5220606640
0.9287337871  -0.9674541868  -1.5296043366
0.9211899201  -0.9602028665  -1.5371532502
0.9136408181  -0.9529336237  -1.5447075929
0.9060862924  -0.9456461610  -1.5522675522
0.8985261556  -0.9383401582  -1.5598333141
0.8909602216  -0.9310152635  -1.5674050641
0.8833883062  -0.9236710606  -1.5749829867
0.8758102265  -0.9163070222  -1.5825672666
0.8682258016  -0.9089225792  -1.5901580878
0.8606348515  -0.9015173176  -1.5977556325
0.8530371961  -0.8940910255  -1.6053600784
0.8454326566  -0.8866435169  -1.6129715997
0.8378210565  -0.8791745169  -1.6205903696
0.8302022219  -0.8716837047  -1.6282165601
0.8225759815  -0.8641707644  -1.6358503418
0.8149421654  -0.8566353879  -1.6434918829
0.8073006059  -0.8490772708  -1.6511413497
0.7996511371  -0.8414961117  -1.6587989062
0.7919935955  -0.8338916121  -1.6664647139
0.7843278201  -0.8262634765  -1.6741389320
0.7766536527  -0.8186109839  -1.6818217179
0.7689709389  -0.8109325493  -1.6895132287
0.7612795266  -0.8032274983  -1.6972136186
0.7535792624  -0.7954975797  -1.7049230315
0.7458699938  -0.7877444403  -1.7126416037
0.7381515752  -0.7799678876  -1.7203694722
0.7304238677  -0.7721673125  -1.7281067756
0.7226867360  -0.7643423502  -1.7358536497
0.7149400473  -0.7564926149  -1.7436102265
0.7071836719  -0.7486176846  -1.7513766348
0.6994174841  -0.7407171088  -1.7591529998
0.6916413622  -0.7327904157  -1.7669394427
0.6838551888  -0.7248371195  -1.7747360802
0.6760588508  -0.7168567287  -1.7825430245
0.6682522398  -0.7088487531  -1.7903603828
0.6604352521  -0.7008127126  -1.7981882566
0.6526077891  -0.6927481437  -1.8060267415
0.6447697574  -0.6846546080  -1.8138759270
0.6369210694  -0.6765316987  -1.8217358956
0.6290616428  -0.6683790480  -1.8296067229
0.6211914018  -0.6601963324  -1.8374884768
0.6133102768  -0.6519832783  -1.8453812175
0.6054182048  -0.6437396663  -1.8532849971
0.5975151301  -0.6354653373  -1.8611998593
0.5896010041  -0.6271601963  -1.8691258389
0.5816757858  -0.6188242163  -1.8770629618
0.5737394424  -0.6104574406  -1.8850112445
0.5657919493  -0.6020599847  -1.8929706941
0.5578332906  -0.5936320377  -1.9009413079
0.5498634596  -0.5851738629  -1.9089230732
0.5418824589  -0.5766857974  -1.9169159669
0.5338903009  -0.5681682520  -1.9249199558
0.5258870583  -0.5596285746  -1.9329352350
0.5178728913  -0.5510768330  -1.9409622641
0.5098477923  -0.5424977751  -1.9490008029
0.5018114994  -0.5338704257  -1.9570499633
0.4937639540  -0.5252028085  -1.9651093727
0.4857053879  -0.5165065544  -1.9731789636
0.4776359922  -0.5077833014  -1.9812585432
0.4695558934  -0.4990347129  -1.9893479232
0.4614652339  -0.4902624842  -1.9974469210
0.4533641713  -0.4814683228  -2.0055553612
0.4452528775  -0.4726539302  -2.0136730768
0.4371315377  -0.4638209857  -2.0217999092
0.4290003496  -0.4549711323  -2.0299357093
0.4208595227  -0.4461059638  -2.0380803372
0.4127092774  -0.4372270145  -2.0462336621
0.4045498444  -0.4283357507  -2.0543955621
0.3963814645  -0.4194335641  -2.0625659229
0.3882043882  -0.4105217679  -2.0707446372
0.3800188755  -0.4016015940  -2.0789316031
0.3718251960  -0.3926741929  -2.0871267226
0.3636236296  -0.3837406355  -2.0953298994
0.3554144661  -0.3748019166  -2.1035410372
0.3471980066  -0.3658589602  -2.1117600369
0.3389745632  -0.3569126270  -2.1199867944
0.3307444604  -0.3479637222  -2.1282211972
0.3225080350  -0.3390130066  -2.1364631221
0.3142656369  -0.3300612069  -2.1447124318
0.3060176296  -0.3211090290  -2.1529689718
0.2977643904  -0.3121571703  -2.1612325669
0.2895063103  -0.3032063342  -2.1695030182
0.2812437937  -0.2942572440  -2.1777800998
0.2729772578  -0.2853106930  -2.1860635544
0.2647216625  -0.2763770053  -2.1944862357
0.2564868857  -0.2674628032  -2.2031139097
0.2482356845  -0.2585437320  -2.2117184617
0.2399574866  -0.2496138719  -2.2203581569
0.2316722835  -0.2406876924  -2.2290284260
0.2233802502  -0.2317664309  -2.2377241204
0.2150816561  -0.2228515422  -2.2464395116
0.2067768602  -0.2139446703  -2.2551682919
0.1984663140  -0.2050476433  -2.2639035739
0.1901505636  -0.1961624637  -2.2726378906
0.1818302512  -0.1872912931  -2.2813631954
0.1735061150  -0.1784364324  -2.2900708623
0.1651789901  -0.1696002964  -2.2987516857
0.1568498068  -0.1607853840  -2.3073958803
0.1485195894  -0.1519942437  -2.3159930815
0.1401894537  -0.1432294348  -2.3245323449
0.1318606038  -0.1344934864  -2.3330021467
0.1235343276  -0.1257888529  -2.3413903835
0.1152119927  -0.1171178703  -2.3496843722
0.1068950401  -0.1084827113  -2.3578708504
0.0985849784  -0.0998853440  -2.3659359760
0.0902833765  -0.0913274935  -2.3738653273
0.0819918561  -0.0828106095  -2.3816439032
0.0737120836  -0.0743358417  -2.3892561229
0.0654457617  -0.0659040244  -2.3966858261
0.0571946200  -0.0575156719  -2.4039162730
0.0489604064  -0.0491709868  -2.4109301440
0.0407448774  -0.0408698809  -2.4177095403
0.0325497886  -0.0326120110  -2.4242359833
0.0243768857  -0.0243968268  -2.4304904150
0.0162278945  -0.0162236317  -2.4364531976
0.0081045126  -0.0080916531  -2.4421041141
0.0080868423  -0.0080914411  -2.4421041141
