0.0837648
2.1997553709  -2.3584790238   0.0000804168
2.1997553709  -2.3584790238   0.0000804168
2.1997604614  -2.3584664768   0.0000648577
2.1997534879  -2.3584152574   0.0000269546
2.1997287035  -2.3583245569  -0.0000339420
2.1996809219  -2.3581864292  -0.0001184733
2.1996082809  -2.3579984843  -0.0002272718
2.1995097425  -2.3577596425  -0.0003609615
2.1993845775  -2.3574693020  -0.0005201577
2.1992321969  -2.3571270683  -0.0007054673
2.1990520836  -2.3567326440  -0.0009174885
2.1988437600  -2.3562857774  -0.0011568109
2.1986067722  -2.3557862360  -0.0014240158
2.1983406806  -2.3552337922  -0.0017196756
2.1980450548  -2.3546282146  -0.0020443542
2.1977194704  -2.3539692638  -0.0023986072
2.1973635069  -2.3532566891  -0.0027829812
2.1969767466  -2.3524902270  -0.0031980147
2.1965587737  -2.3516696004  -0.0036442372
2.1961091739  -2.3507945183  -0.0041221698
2.1956275339  -2.3498646760  -0.0046323253
2.1951134414  -2.3488797551  -0.0051752074
2.1945664848  -2.3478394243  -0.0057513116
2.1939862536  -2.3467433398  -0.0063611248
2.1933723382  -2.3455911461  -0.0070051253
2.1927243297  -2.3443824768  -0.0076837827
2.1920418206  -2.3431169555  -0.0083975581
2.1913244046  -2.3417941968  -0.0091469042
2.1905716765  -2.3404138070  -0.0099322649
2.1897832330  -2.3389753853  -0.0107540756
2.1889586725  -2.3374785249  -0.0116127632
2.1880975950  -2.3359228139  -0.0125087461
2.1871995931  -2.3343067402  -0.0134437005
2.1862642853  -2.3326308930  -0.0144169187
2.1852912906  -2.3308961946  -0.0154284160
2.1842802034  -2.3291014196  -0.0164784900
2.1832306300  -2.3272458655  -0.0175674706
2.1821421855  -2.3253290068  -0.0186957294
2.1810144892  -2.3233503592  -0.0198636326
2.1798471642  -2.3213094729  -0.0210715449
2.1786398376  -2.3192059149  -0.0223198291
2.1773921410  -2.3170392657  -0.0236088451
2.1761037107  -2.3148091194  -0.0249389486
2.1747741876  -2.3125150841  -0.0263104905
2.1734032177  -2.3101567824  -0.0277238168
2.1719904523  -2.3077338526  -0.0291792688
2.1705355482  -2.3052459489  -0.0306771824
2.1690381677  -2.3026927428  -0.0322178880
2.1674979793  -2.3000739239  -0.0338017102
2.1659146575  -2.2973892017  -0.0354289677
2.1642878830  -2.2946383063  -0.0370999729
2.1626173433  -2.2918209897  -0.0388150318
2.1609027323  -2.2889370272  -0.0405744435
2.1591437512  -2.2859862187  -0.0423785005
2.1573401081  -2.2829683892  -0.0442274878
2.1554915184  -2.2798833881  -0.0461216827
2.1535977048  -2.2767310888  -0.0480613537
2.1516583979  -2.2735113886  -0.0500467622
2.1496733309  -2.2702242056  -0.0520781618
2.1476422401  -2.2668694794  -0.0541557987
2.1455648742  -2.2634471800  -0.0562799110
2.1434409944  -2.2599573089  -0.0584507289
2.1412703707  -2.2563998961  -0.0606684745
2.1390527813  -2.2527747196  -0.0629333619
2.1367880121  -2.2490817646  -0.0652455965
2.1344758591  -2.2453216967  -0.0676053746
2.1321161305  -2.2414949063  -0.0700128824
2.1297086426  -2.2376013792  -0.0724682968
2.1272532187  -2.2336412342  -0.0749717863
2.1247496913  -2.2296146659  -0.0775235110
2.1221979030  -2.2255219075  -0.0801236227
2.1195977054  -2.2213632239  -0.0827722645
2.1169489594  -2.2171389059  -0.0854695707
2.1142515348  -2.2128492675  -0.0882156672
2.1115052940  -2.2084946348  -0.0910106710
2.1087101020  -2.2040753539  -0.0938546900
2.1058658475  -2.1995918075  -0.0967478233
2.1029724352  -2.1950444092  -0.0996901597
2.1000297797  -2.1904335991  -0.1026817773
2.0970378050  -2.1857598437  -0.1057227444
2.0939964451  -2.1810236323  -0.1088131194
2.0909056433  -2.1762254757  -0.1119529508
2.0877653525  -2.1713659039  -0.1151422777
2.0845755349  -2.1664454646  -0.1183811297
2.0813361620  -2.1614647234  -0.1216695290
2.0780472148  -2.1564242665  -0.1250074938
2.0747086727  -2.1513246961  -0.1283950361
2.0713204922  -2.1461666162  -0.1318321579
2.0678826454  -2.1409506602  -0.1353188508
2.0643951415  -2.1356775078  -0.1388550980
2.0608580009  -2.1303478639  -0.1424408741
2.0572712535  -2.1249624545  -0.1460761460
2.0536349379  -2.1195220281  -0.1497608737
2.0499491017  -2.1140273562  -0.1534950136
2.0462138019  -2.1084792144  -0.1572785217
2.0424291039  -2.1028783734  -0.1611113501
2.0385950799  -2.0972256370  -0.1649934460
2.0347117812  -2.0915218464  -0.1689247520
2.0307792256  -2.0857678401  -0.1729052060
2.0267974629  -2.0799644806  -0.1769347417
2.0227665878  -2.0741126756  -0.1810132890
2.0186867029  -2.0682133865  -0.1851407741
2.0145579188  -2.0622676395  -0.1893171193
2.0103803525  -2.0562763609  -0.1935422424
2.0061541272  -2.0502401824  -0.1978160581
2.0018793706  -2.0441596512  -0.2021384777
1.9975562155  -2.0380356325  -0.2065094086
1.9931848020  -2.0318693569  -0.2109287482
1.9887652482  -2.0256621340  -0.2153963847
1.9842976379  -2.0194151742  -0.2199122095
1.9797820466  -2.0131296243  -0.2244761242
1.9752185503  -2.0068065987  -0.2290880388
1.9706072237  -2.0004471748  -0.2337478690
1.9659481391  -1.9940523895  -0.2384555311
1.9612413642  -1.9876232343  -0.2432109288
1.9564869605  -1.9811606511  -0.2480139428
1.9516851042  -1.9746656846  -0.2528644297
1.9468360762  -1.9681394754  -0.2577622263
1.9419400371  -1.9615829807  -0.2627071507
1.9369970375  -1.9549969794  -0.2676990114
1.9320071275  -1.9483822118  -0.2727376219
1.9269703586  -1.9417393903  -0.2778228027
1.9218867798  -1.9350691996  -0.2829543716
1.9167564358  -1.9283722954  -0.2881321395
1.9115794067  -1.9216493575  -0.2933559116
1.9063559503  -1.9149012711  -0.2986254898
1.9010863736  -1.9081289651  -0.3039406755
1.8957708841  -1.9013332252  -0.3093012679
1.8904096801  -1.8945148155  -0.3147070607
1.8850029651  -1.8876745036  -0.3201578428
1.8795509489  -1.8808130664  -0.3256534007
1.8740538475  -1.8739312941  -0.3311935161
1.8685118999  -1.8670300399  -0.3367779627
1.8629253583  -1.8601102632  -0.3424064868
1.8572944578  -1.8531729025  -0.3480788138
1.8516194440  -1.8462185078  -0.3537947472
1.8459006014  -1.8392473447  -0.3595542075
1.8401382084  -1.8322602739  -0.3653570823
1.8343324786  -1.8252588838  -0.3712031216
1.8284833537  -1.8182444716  -0.3770920059
1.8225909120  -1.8112180565  -0.3830234153
1.8166557639  -1.8041809814  -0.3889970326
1.8106787185  -1.7971347769  -0.3950125407
1.8046606301  -1.7900810345  -0.4010696220
1.7986023909  -1.7830213951  -0.4071679571
1.7925047128  -1.7759573867  -0.4133072272
1.7863677585  -1.7688900161  -0.4194871170
1.7801913103  -1.7618198200  -0.4257073119
1.7739750933  -1.7547472202  -0.4319674953
1.7677187837  -1.7476725866  -0.4382673482
1.7614220104  -1.7405962415  -0.4446065513
1.7550847733  -1.7335189523  -0.4509847916
1.7487076804  -1.7264421888  -0.4574017629
1.7422912789  -1.7193673202  -0.4638571688
1.7358358392  -1.7122953607  -0.4703507186
1.7293415909  -1.7052272434  -0.4768819719
1.7228087343  -1.6981638502  -0.4834503668
1.7162376161  -1.6911062762  -0.4900555608
1.7096286794  -1.6840557191  -0.4966973904
1.7029822645  -1.6770131874  -0.5033756367
1.6962986281  -1.6699795536  -0.5100900222
1.6895780238  -1.6629556569  -0.5168402168
1.6828207721  -1.6559424168  -0.5236257879
1.6760271488  -1.6489406013  -0.5304460975
1.6691972407  -1.6419504768  -0.5373000051
1.6623300781  -1.6349708921  -0.5441823646
1.6554254995  -1.6280018869  -0.5510915916
1.6484882380  -1.6210497279  -0.5580393294
1.6415232100  -1.6141215614  -0.5650354575
1.6345290099  -1.6072173149  -0.5720793904
1.6275020904  -1.6003334899  -0.5791687611
1.6204412313  -1.5934683163  -0.5863022122
1.6133464183  -1.5866210539  -0.5934784496
1.6062178011  -1.5797910478  -0.6006960812
1.5990556397  -1.5729776843  -0.6079536189
1.5918601468  -1.5661801026  -0.6152494835
1.5846314627  -1.5593971699  -0.6225820115
1.5773698631  -1.5526278509  -0.6299494730
1.5700756243  -1.5458709594  -0.6373500911
1.5627490066  -1.5391251446  -0.6447820520
1.5553903348  -1.5323890987  -0.6522435130
1.5479997340  -1.5256611755  -0.6597326115
1.5405773893  -1.5189397465  -0.6672474662
1.5331236273  -1.5122232725  -0.6747861676
1.5256387576  -1.5055101518  -0.6823467779
1.5181232974  -1.4987989597  -0.6899273451
1.5105773644  -1.4920878159  -0.6975259121
1.5029919758  -1.4853656704  -0.7051405246
1.4953644213  -1.4786278130  -0.7127692317
1.4877041573  -1.4718820459  -0.7204100822
1.4800138585  -1.4651294272  -0.7280611306
1.4722920874  -1.4583667230  -0.7357204471
1.4645371635  -1.4515904245  -0.7433861245
1.4567459259  -1.4447956071  -0.7510562819
1.4489124331  -1.4379746492  -0.7587290700
1.4410246310  -1.4311138857  -0.7664026848
1.4330531441  -1.4241816440  -0.7740754224
1.4247597761  -1.4169394235  -0.7817456866
1.4164569083  -1.4097060950  -0.7894117517
1.4086355933  -1.4029745376  -0.7970716037
1.4010724523  -1.3965135990  -0.8047232372
1.3935485305  -1.3900958093  -0.8123649349
1.3860381909  -1.3836891458  -0.8199951795
1.3785408788  -1.3772896369  -0.8276125286
1.3710563644  -1.3708948981  -0.8352156106
1.3635844268  -1.3645027948  -0.8428031394
1.3561248684  -1.3581113512  -0.8503739206
1.3486775174  -1.3517187568  -0.8579268584
1.3412422266  -1.3453233721  -0.8654609592
1.3338188715  -1.3389237359  -0.8729753338
1.3264073493  -1.3325185688  -0.8804692029
1.3190075779  -1.3261067726  -0.8879419005
1.3116194956  -1.3196874289  -0.8953928810
1.3042430605  -1.3132597961  -0.9028217260
1.2968782472  -1.3068233024  -0.9102281436
1.2895250428  -1.3003775380  -0.9176119721
1.2821834446  -1.2939222492  -0.9249731804
1.2748534603  -1.2874573414  -0.9323118766
1.2675351695  -1.2809828974  -0.9396284943
1.2602287474  -1.2744991772  -0.9469238174
1.2529342867  -1.2680065557  -0.9541986372
1.2456517279  -1.2615054788  -0.9614537426
1.2383810295  -1.2549964882  -0.9686901419
1.2311222337  -1.2484802391  -0.9759090895
1.2238754180  -1.2419574883  -0.9831121065
1.2166406966  -1.2354290917  -0.9903010685
1.2094182695  -1.2288960251  -0.9974783768
1.2022085531  -1.2223595373  -1.0046474041
1.1950136082  -1.2158215120  -1.0118168235
1.1878349444  -1.2092835744  -1.0189933032
1.1806673141  -1.2027451337  -1.0261691753
1.1735035645  -1.1962042733  -1.0333352231
1.1663436221  -1.1896603279  -1.0404908965
1.1591907879  -1.1831138241  -1.0476374210
1.1520463079  -1.1765652454  -1.0547751323
1.1449101313  -1.1700148200  -1.0619042357
1.1377820729  -1.1634626861  -1.0690249411
1.1306619473  -1.1569089452  -1.0761374639
1.1235495703  -1.1503536685  -1.0832420247
1.1164447584  -1.1437968980  -1.0903388486
1.1093473282  -1.1372386452  -1.0974281644
1.1022570970  -1.1306788917  -1.1045102040
1.0951738821  -1.1241175885  -1.1115852018
1.0880975008  -1.1175546573  -1.1186533936
1.0810277710  -1.1109899914  -1.1257150158
1.0739645103  -1.1044234566  -1.1327703043
1.0669075365  -1.0978548922  -1.1398194937
1.0598566678  -1.0912841128  -1.1468628163
1.0528117224  -1.0847109095  -1.1539005013
1.0457725188  -1.0781350638  -1.1609327723
1.0387388742  -1.0715563645  -1.1679598436
1.0317106054  -1.0649745870  -1.1749819198
1.0246875309  -1.0583894560  -1.1819991986
1.0176694717  -1.0518006622  -1.1890118718
1.0106562501  -1.0452079011  -1.1960201210
1.0036476882  -1.0386108786  -1.2030241158
0.9966436075  -1.0320093081  -1.2100240115
0.9896438297  -1.0254029213  -1.2170199456
0.9826481742  -1.0187914970  -1.2240120313
0.9756564486  -1.0121750813  -1.2310003209
0.9686684424  -1.0055539031  -1.2379847889
0.9616839785  -0.9989272670  -1.2449654707
0.9547029753  -0.9922933227  -1.2519425958
0.9477253852  -0.9856507728  -1.2589164636
0.9407510856  -0.9789995676  -1.2658872833
0.9337798894  -0.9723398582  -1.2728551998
0.9268116162  -0.9656714572  -1.2798203560
0.9198461103  -0.9589940483  -1.2867828988
0.9128832251  -0.9523073227  -1.2937429742
0.9059228166  -0.9456109914  -1.3007007259
0.8989647425  -0.9389047860  -1.3076562956
0.8920088624  -0.9321884582  -1.3146098227
0.8850550375  -0.9254617796  -1.3215614446
0.8781031311  -0.9187245405  -1.3285112964
0.8711530084  -0.9119765500  -1.3354595109
0.8642045362  -0.9052176377  -1.3424062189
0.8572575837  -0.8984476535  -1.3493515486
0.8503120217  -0.8916664609  -1.3562956263
0.8433677232  -0.8848739331  -1.3632385756
0.8364245633  -0.8780699529  -1.3701805183
0.8294824192  -0.8712544110  -1.3771215738
0.8225411702  -0.8644272009  -1.3840618591
0.8156006980  -0.8575882139  -1.3910014893
0.8086608862  -0.8507373396  -1.3979405773
0.8017216210  -0.8438744680  -1.4048792335
0.7947827907  -0.8369994858  -1.4118175662
0.7878442859  -0.8301122709  -1.4187556816
0.7809059999  -0.8232126874  -1.4256936834
0.7739678281  -0.8163005807  -1.4326316736
0.7670296689  -0.8093757680  -1.4395697516
0.7600914229  -0.8024380060  -1.4465080154
0.7531529940  -0.7954869502  -1.4534465617
0.7462142887  -0.7885222324  -1.4603854858
0.7392752156  -0.7815436477  -1.4673248792
0.7323356849  -0.7745511753  -1.4742648277
0.7253956086  -0.7675448038  -1.4812054127
0.7184549027  -0.7605244430  -1.4881467131
0.7115134872  -0.7534899718  -1.4950888059
0.7045712851  -0.7464412789  -1.5020317652
0.6976282226  -0.7393782635  -1.5089756619
0.6906842285  -0.7323008324  -1.5159205634
0.6837392353  -0.7252088992  -1.5228665339
0.6767931785  -0.7181023850  -1.5298136341
0.6698459973  -0.7109812186  -1.5367619212
0.6628976344  -0.7038450599  -1.5437114490
0.6559480367  -0.6966930215  -1.5506622693
0.6489971545  -0.6895248141  -1.5576144297
0.6420449405  -0.6823417061  -1.5645679697
0.6350913503  -0.6751448954  -1.5715229224
0.6281363449  -0.6679344094  -1.5784793192
0.6211798913  -0.6607100208  -1.5854371897
0.6142219606  -0.6534716613  -1.5923965599
0.6072625277  -0.6462192539  -1.5993574513
0.6003015716  -0.6389527061  -1.6063198810
0.5933390758  -0.6316719159  -1.6132838618
0.5863750285  -0.6243767760  -1.6202494018
0.5794094224  -0.6170671793  -1.6272165045
0.5724422551  -0.6097430241  -1.6341851682
0.5654735292  -0.6024042193  -1.6411553859
0.5585032522  -0.5950506890  -1.6481271453
0.5515314368  -0.5876823780  -1.6551004286
0.5445581010  -0.5802992562  -1.6620752118
0.5375832682  -0.5729013229  -1.6690514652
0.5306069672  -0.5654886112  -1.6760291526
0.5236292326  -0.5580611909  -1.6830082317
0.5166501048  -0.5506191714  -1.6899886534
0.5096696301  -0.5431627045  -1.6969703623
0.5026878607  -0.5356919871  -1.7039532963
0.4957048553  -0.5282072636  -1.7109373863
0.4887206786  -0.5207088274  -1.7179225565
0.4817354018  -0.5131970214  -1.7249087241
0.4747491028  -0.5056722390  -1.7318957993
0.4677618657  -0.4981349235  -1.7388836856
0.4607737819  -0.4905855680  -1.7458722791
0.4537849492  -0.4830247147  -1.7528614693
0.4467954724  -0.4754529529  -1.7598511384
0.4398054935  -0.4678751605  -1.7668413153
0.4328152037  -0.4602978303  -1.7738321978
0.4258246944  -0.4527117811  -1.7808235349
0.4188339185  -0.4451044789  -1.7878146619
0.4118429517  -0.4374813718  -1.7948052457
0.4048520293  -0.4298500253  -1.8017951500
0.3978613611  -0.4222117880  -1.8087841592
0.3908711215  -0.4145680093  -1.8157720622
0.3838814939  -0.4069200452  -1.8227586532
0.3768926691  -0.3992692466  -1.8297437329
0.3699048455  -0.3916169477  -1.8367271094
0.3629182277  -0.3839644569  -1.8437085986
0.3559330263  -0.3763130483  -1.8506880252
0.3489494570  -0.3686639543  -1.8576652224
0.3419677400  -0.3610183603  -1.8646400327
0.3349880994  -0.3533773998  -1.8716123074
0.3280107629  -0.3457421514  -1.8785819067
0.3210359611  -0.3381136369  -1.8855486990
0.3140639277  -0.3304928202  -1.8925125608
0.3070948988  -0.3228806082  -1.8994733754
0.3001291130  -0.3152778520  -1.9064310325
0.2931668114  -0.3076853493  -1.9133854268
0.2862082374  -0.3001038481  -1.9203364569
0.2792536370  -0.2925340507  -1.9272840237
0.2723032585  -0.2849766187  -1.9342280290
0.2653573527  -0.2774321788  -1.9411683738
0.2584161731  -0.2699013285  -1.9481049565
0.2514799753  -0.2623846431  -1.9550376709
0.2445490175  -0.2548826818  -1.9619664039
0.2376235598  -0.2473959951  -1.9688910339
0.2307038640  -0.2399251313  -1.9758114283
0.2237901932  -0.2324706614  -1.9827274403
0.2168921243  -0.2250383423  -1.9897467309
0.2100159375  -0.2176317664  -1.9969226150
0.2031377272  -0.2102377645  -2.0040704282
0.1962507173  -0.2028533012  -2.0112374772
0.1893676995  -0.1954863205  -2.0184201794
0.1824887504  -0.1881375535  -2.0256144927
0.1756139972  -0.1808078163  -2.0328159149
0.1687436176  -0.1734979970  -2.0400194844
0.1618778410  -0.1662090514  -2.0472197796
0.1550169507  -0.1589419956  -2.0544109195
0.1481612843  -0.1516978969  -2.0615865630
0.1413112351  -0.1444778633  -2.0687399094
0.1344672527  -0.1372830297  -2.0758636985
0.1276298428  -0.1301145439  -2.0829502099
0.1207995673  -0.1229735498  -2.0899912638
0.1139770436  -0.1158611706  -2.0969782207
0.1071629440  -0.1087784901  -2.1039019811
0.1003579940  -0.1017265346  -2.1107529860
0.0935629704  -0.0947062547  -2.1175212166
0.0867786997  -0.0877185075  -2.1241961943
0.0800060550  -0.0807640415  -2.1307669808
0.0732459528  -0.0738434821  -2.1372221781
0.0664993500  -0.0669573217  -2.1435499284
0.0597672394  -0.0601059115  -2.1497379142
0.0530506454  -0.0532894594  -2.1557733584
0.0463506191  -0.0465080312  -2.1616430239
0.0396682329  -0.0397615578  -2.1673332141
0.0330045745  -0.0330498472  -2.1728297725
0.0263607407  -0.0263726026  -2.1781180829
0.0197378301  -0.0197294451  -2.1831830695
0.0131369363  -0.0131199409  -2.1880091966
0.0065591397  -0.0065436318  -2.1925804688
0.0065475701  -0.0065435102  -2.1925804688
