0.157864
1.4371801199  -1.4381236036   0.0000412181
1.4371801199  -1.4381236036   0.0000412181
1.4371836310  -1.4381217676   0.0000346560
1.4371813932  -1.4381059904   0.0000174520
1.4371704384  -1.4380753963  -0.0000106730
1.4371485801  -1.4380277489  -0.0000499975
1.4371149979  -1.4379622941  -0.0001007988
1.4370692247  -1.4378786460  -0.0001633535
1.4370109254  -1.4377765547  -0.0002379373
1.4369398251  -1.4376558291  -0.0003248249
1.4368556787  -1.4375163057  -0.0004242902
1.4367582570  -1.4373578338  -0.0005366062
1.4366473398  -1.4371802676  -0.0006620450
1.4365227117  -1.4369834620  -0.0008008779
1.4363841598  -1.4367672700  -0.0009533752
1.4362314721  -1.4365315415  -0.0011198063
1.4360644367  -1.4362761218  -0.0013004397
1.4358828410  -1.4360008515  -0.0014955433
1.4356864718  -1.4357055657  -0.0017053837
1.4354751142  -1.4353900942  -0.0019302269
1.4352485519  -1.4350542609  -0.0021703378
1.4350065670  -1.4346978841  -0.0024259806
1.4347489399  -1.4343207764  -0.0026974186
1.4344754489  -1.4339227445  -0.0029849141
1.4341858705  -1.4335035895  -0.0032887285
1.4338799793  -1.4330631071  -0.0036091225
1.4335575480  -1.4326010872  -0.0039463556
1.4332183469  -1.4321173144  -0.0043006869
1.4328621446  -1.4316115683  -0.0046723740
1.4324887076  -1.4310836230  -0.0050616742
1.4320978004  -1.4305332481  -0.0054688434
1.4316891856  -1.4299602082  -0.0058941371
1.4312626156  -1.4293638808  -0.0063384248
1.4308178578  -1.4287443735  -0.0068014057
1.4303546797  -1.4281019308  -0.0072831359
1.4298728276  -1.4274360255  -0.0077838335
1.4293720499  -1.4267462824  -0.0083037286
1.4288520963  -1.4260323991  -0.0088430690
1.4283127144  -1.4252940845  -0.0094021041
1.4277536505  -1.4245310535  -0.0099810865
1.4271746488  -1.4237430213  -0.0105802715
1.4265754520  -1.4229297024  -0.0111999171
1.4259558007  -1.4220908101  -0.0118402833
1.4253154339  -1.4212260570  -0.0125016322
1.4246540887  -1.4203351548  -0.0131842278
1.4239715007  -1.4194178149  -0.0138883362
1.4232674035  -1.4184737482  -0.0146142250
1.4225415294  -1.4175026662  -0.0153621637
1.4217936087  -1.4165042805  -0.0161324233
1.4210233703  -1.4154783032  -0.0169252766
1.4202305416  -1.4144244474  -0.0177409977
1.4194148483  -1.4133424272  -0.0185798624
1.4185760147  -1.4122319583  -0.0194421479
1.4177137636  -1.4110927588  -0.0203281326
1.4168278165  -1.4099245492  -0.0212380964
1.4159178934  -1.4087270528  -0.0221723207
1.4149837132  -1.4074999960  -0.0231310877
1.4140249933  -1.4062431089  -0.0241146812
1.4130414501  -1.4049561251  -0.0251233859
1.4120327987  -1.4036387823  -0.0261574877
1.4109987533  -1.4022908227  -0.0272172736
1.4099390268  -1.4009119931  -0.0283030313
1.4088533313  -1.3995020459  -0.0294150498
1.4077413780  -1.3980606312  -0.0305536188
1.4066028767  -1.3965874726  -0.0317190291
1.4054375361  -1.3950825572  -0.0329115709
1.4042450658  -1.3935457635  -0.0341315347
1.4030251745  -1.3919767982  -0.0353792116
1.4017775697  -1.3903754100  -0.0366548944
1.4005019582  -1.3887413755  -0.0379588766
1.3991980465  -1.3870744816  -0.0392914530
1.3978655407  -1.3853745218  -0.0406529193
1.3965041467  -1.3836412939  -0.0420435721
1.3951135699  -1.3818746005  -0.0434637085
1.3936935157  -1.3800742502  -0.0449136263
1.3922436896  -1.3782400589  -0.0463936239
1.3907637981  -1.3763718498  -0.0479039997
1.3892535470  -1.3744694504  -0.0494450526
1.3877126421  -1.3725326913  -0.0510170814
1.3861407889  -1.3705614075  -0.0526203847
1.3845376934  -1.3685554391  -0.0542552603
1.3829030618  -1.3665146311  -0.0559220040
1.3812366006  -1.3644388331  -0.0576209090
1.3795380169  -1.3623278998  -0.0593522653
1.3778070182  -1.3601816902  -0.0611163606
1.3760433129  -1.3580000680  -0.0629134799
1.3742466101  -1.3557829026  -0.0647439051
1.3724166198  -1.3535300710  -0.0666079154
1.3705530531  -1.3512414579  -0.0685057872
1.3686556222  -1.3489169517  -0.0704377940
1.3667240405  -1.3465564415  -0.0724042065
1.3647580230  -1.3441598199  -0.0744052929
1.3627572859  -1.3417269869  -0.0764413187
1.3607215473  -1.3392578522  -0.0785125494
1.3586505275  -1.3367523308  -0.0806192531
1.3565439487  -1.3342103427  -0.0827616984
1.3544015328  -1.3316318224  -0.0849401520
1.3522229743  -1.3290167019  -0.0871548792
1.3500079678  -1.3263649250  -0.0894061437
1.3477562464  -1.3236764790  -0.0916942077
1.3454675596  -1.3209514034  -0.0940193317
1.3431416627  -1.3181897973  -0.0963817745
1.3407783179  -1.3153916855  -0.0987817933
1.3383772945  -1.3125568484  -0.1012196449
1.3359383674  -1.3096849757  -0.1036955863
1.3334613167  -1.3067760010  -0.1062098725
1.3309459290  -1.3038301502  -0.1087627548
1.3283919982  -1.3008477591  -0.1113544807
1.3257993261  -1.2978291621  -0.1139852954
1.3231677214  -1.2947746772  -0.1166554415
1.3204970000  -1.2916846073  -0.1193651595
1.3177869842  -1.2885592395  -0.1221146879
1.3150374761  -1.2853988289  -0.1249042630
1.3122482342  -1.2822035698  -0.1277341202
1.3094189999  -1.2789736044  -0.1306044923
1.3065495151  -1.2757090449  -0.1335156093
1.3036395174  -1.2724099778  -0.1364676987
1.3006887402  -1.2690764646  -0.1394609849
1.2976969127  -1.2657085316  -0.1424956890
1.2946637595  -1.2623061600  -0.1455720283
1.2915890010  -1.2588693212  -0.1486902177
1.2884723543  -1.2553980266  -0.1518504697
1.2853135331  -1.2518923043  -0.1550529947
1.2821122470  -1.2483521420  -0.1582979988
1.2788682118  -1.2447774990  -0.1615856830
1.2755812804  -1.2411684884  -0.1649162440
1.2722513791  -1.2375253095  -0.1682898746
1.2688783518  -1.2338480640  -0.1717067627
1.2654620141  -1.2301368234  -0.1751670902
1.2620021866  -1.2263916690  -0.1786710326
1.2584986950  -1.2226126880  -0.1822187587
1.2549513704  -1.2187999525  -0.1858104290
1.2513600444  -1.2149532230  -0.1894461772
1.2477245489  -1.2110722164  -0.1931261098
1.2440447438  -1.2071583113  -0.1968503960
1.2403205558  -1.2032143187  -0.2006193175
1.2365519257  -1.1992412746  -0.2044331421
1.2327387215  -1.1952377721  -0.2082920123
1.2288807650  -1.1912024118  -0.2121959879
1.2249778983  -1.1871349164  -0.2161451127
1.2210299949  -1.1830356139  -0.2201394276
1.2170369466  -1.1789050024  -0.2241789625
1.2129986545  -1.1747436455  -0.2282637326
1.2089150354  -1.1705521784  -0.2323937431
1.2047860505  -1.1663313582  -0.2365689925
1.2006116749  -1.1620819974  -0.2407894716
1.1963918668  -1.1578049003  -0.2450551644
1.1921265900  -1.1535009063  -0.2493660482
1.1878158203  -1.1491708973  -0.2537221070
1.1834595436  -1.1448157885  -0.2581233143
1.1790577341  -1.1404365037  -0.2625695010
1.1746103818  -1.1360340299  -0.2670603540
1.1701175318  -1.1316094182  -0.2715957156
1.1655792777  -1.1271637402  -0.2761756598
1.1609957107  -1.1226980737  -0.2808002505
1.1563668781  -1.1182134615  -0.2854694892
1.1516928181  -1.1137109270  -0.2901833662
1.1469736288  -1.1091915749  -0.2949418465
1.1422094358  -1.1046565256  -0.2997448597
1.1374003185  -1.1001067734  -0.3045922850
1.1325463291  -1.0955432200  -0.3094839224
1.1276475047  -1.0909666920  -0.3144194359
1.1227038858  -1.0863779696  -0.3193982277
1.1177154694  -1.0817776274  -0.3244191006
1.1126811903  -1.0771649224  -0.3294754892
1.1076004559  -1.0725396424  -0.3345648014
1.1024772515  -1.0679067274  -0.3397012513
1.0973164034  -1.0632727913  -0.3448982244
1.0921172679  -1.0586390219  -0.3501567876
1.0868765608  -1.0540029463  -0.3554745913
1.0815925951  -1.0493628024  -0.3608498628
1.0762651260  -1.0447180043  -0.3662811642
1.0708942435  -1.0400681594  -0.3717669380
1.0654799023  -1.0354125037  -0.3773055089
1.0600220420  -1.0307500854  -0.3828950912
1.0545207797  -1.0260800409  -0.3885337964
1.0489762715  -1.0214013649  -0.3942196406
1.0433886062  -1.0167127901  -0.3999505532
1.0377579677  -1.0120130920  -0.4057243854
1.0320844497  -1.0073008098  -0.4115389171
1.0263690604  -1.0025752488  -0.4173918649
1.0206112123  -0.9978341074  -0.4232808902
1.0148036320  -0.9930682437  -0.4292036091
1.0089414916  -0.9882708255  -0.4351575972
1.0030326601  -0.9834479346  -0.4411403915
0.9970831760  -0.9786038728  -0.4471494955
0.9910920375  -0.9737356759  -0.4531823887
0.9850590904  -0.9688411414  -0.4592365362
0.9789840212  -0.9639179144  -0.4653093937
0.9728661612  -0.9589633174  -0.4713984127
0.9667041641  -0.9539740287  -0.4775010480
0.9604956736  -0.9489457708  -0.4836147660
0.9542365007  -0.9438725252  -0.4897370520
0.9479190104  -0.9387449574  -0.4958654193
0.9415280365  -0.9335463997  -0.5019974198
0.9350287079  -0.9282406510  -0.5081307049
0.9281005818  -0.9225084152  -0.5142630469
0.9211177210  -0.9167279689  -0.5203920993
0.9147055676  -0.9115211487  -0.5265152104
0.9086485482  -0.9066621921  -0.5326297000
0.9026872114  -0.9018853740  -0.5387331663
0.8967445578  -0.8971102826  -0.5448234376
0.8908187612  -0.8923327079  -0.5508984455
0.8849094625  -0.8875503552  -0.5569562026
0.8790165295  -0.8827613749  -0.5629948217
0.8731398600  -0.8779641019  -0.5690125295
0.8672793832  -0.8731570587  -0.5750076702
0.8614350576  -0.8683389573  -0.5809787093
0.8556068700  -0.8635086998  -0.5869242426
0.8497948359  -0.8586653790  -0.5928430015
0.8439989974  -0.8538082765  -0.5987338610
0.8382194168  -0.8489368582  -0.6045958292
0.8324561780  -0.8440507740  -0.6104280712
0.8267094399  -0.8391498800  -0.6162300709
0.8209794624  -0.8342342450  -0.6220016904
0.8152664711  -0.8293040889  -0.6277428859
0.8095705537  -0.8243597256  -0.6334535831
0.8038917807  -0.8194015921  -0.6391338887
0.7982303041  -0.8144302798  -0.6447841589
0.7925863090  -0.8094465132  -0.6504049612
0.7869599815  -0.8044511285  -0.6559970961
0.7813515153  -0.7994450648  -0.6615616229
0.7757611170  -0.7944293562  -0.6670998984
0.7701890151  -0.7894051262  -0.6726136363
0.7646354805  -0.7843735900  -0.6781050144
0.7591008757  -0.7793360748  -0.6835768889
0.7535857875  -0.7742941628  -0.6890333135
0.7480927432  -0.7692503209  -0.6944853965
0.7426238799  -0.7642067808  -0.6999424408
0.7371737683  -0.7591626472  -0.7053958443
0.7317342959  -0.7541154409  -0.7108337405
0.7263047291  -0.7490648929  -0.7162540131
0.7208885475  -0.7440123936  -0.7216576425
0.7154875933  -0.7389590655  -0.7270451305
0.7101021589  -0.7339055645  -0.7324165870
0.7047321686  -0.7288523840  -0.7377721229
0.6993775398  -0.7237999728  -0.7431118549
0.6940381899  -0.7187487408  -0.7484359064
0.6887140370  -0.7136990595  -0.7537444064
0.6834049997  -0.7086512616  -0.7590374891
0.6781109968  -0.7036056408  -0.7643152925
0.6728319472  -0.6985624531  -0.7695779582
0.6675677703  -0.6935219172  -0.7748256297
0.6623183854  -0.6884842156  -0.7800584519
0.6570837117  -0.6834494960  -0.7852765688
0.6518636679  -0.6784178721  -0.7904801197
0.6466581718  -0.6733894260  -0.7956692380
0.6414671423  -0.6683642118  -0.8008440537
0.6362905008  -0.6633422591  -0.8060046940
0.6311281697  -0.6583235738  -0.8111512809
0.6259800718  -0.6533081397  -0.8162839285
0.6208461303  -0.6482959214  -0.8214027417
0.6157262689  -0.6432868681  -0.8265078150
0.6106204124  -0.6382809159  -0.8315992311
0.6055284862  -0.6332779905  -0.8366770590
0.6004504166  -0.6282780098  -0.8417413513
0.5953861299  -0.6232808851  -0.8467921407
0.5903355513  -0.6182865195  -0.8518294326
0.5852985954  -0.6132947702  -0.8568531625
0.5802751591  -0.6083054578  -0.8618631712
0.5752651674  -0.6033185862  -0.8668593565
0.5702686313  -0.5983344410  -0.8718418333
0.5652855989  -0.5933532575  -0.8768108118
0.5603160569  -0.5883749997  -0.8817664174
0.5553599315  -0.5833995445  -0.8867086988
0.5504171485  -0.5784268485  -0.8916376940
0.5454876539  -0.5734569360  -0.8965534448
0.5405714045  -0.5684898602  -0.9014559933
0.5356683597  -0.5635256915  -0.9063453798
0.5307784808  -0.5585645159  -0.9112216425
0.5259017307  -0.5536064355  -0.9160848180
0.5210380736  -0.5486515677  -0.9209349409
0.5161874755  -0.5437000450  -0.9257720440
0.5113499035  -0.5387520138  -0.9305961583
0.5065253267  -0.5338076337  -0.9354073131
0.5017137153  -0.5288670764  -0.9402055358
0.4969150410  -0.5239305227  -0.9449908525
0.4921292772  -0.5189981595  -0.9497632874
0.4873563985  -0.5140701793  -0.9545228635
0.4825963809  -0.5091467810  -0.9592696021
0.4778492019  -0.5042281691  -0.9640035233
0.4731148401  -0.4993145504  -0.9687246456
0.4683932757  -0.4944061318  -0.9734329864
0.4636844901  -0.4895031187  -0.9781285617
0.4589884657  -0.4846057129  -0.9828113866
0.4543051867  -0.4797141100  -0.9874814751
0.4496346380  -0.4748284976  -0.9921388401
0.4449768059  -0.4699490516  -0.9967834939
0.4403316779  -0.4650759314  -1.0014154479
0.4356992427  -0.4602092625  -1.0060347134
0.4310794899  -0.4553491116  -1.0106413017
0.4264724106  -0.4504955274  -1.0152352247
0.4218779964  -0.4456486414  -1.0198164922
0.4172962394  -0.4408086861  -1.0243851107
0.4127271322  -0.4359759077  -1.0289410843
0.4081706687  -0.4311505148  -1.0334844163
0.4036268443  -0.4263326963  -1.0380151102
0.3990956553  -0.4215226412  -1.0425331690
0.3945770992  -0.4167205411  -1.0470385948
0.3900711736  -0.4119265900  -1.0515313890
0.3855778774  -0.4071409828  -1.0560115522
0.3810972098  -0.4023639162  -1.0604790842
0.3766291711  -0.3975955879  -1.0649339842
0.3721737621  -0.3928361971  -1.0693762509
0.3677309841  -0.3880858923  -1.0738058821
0.3633008391  -0.3833447229  -1.0782228756
0.3588833298  -0.3786128515  -1.0826272283
0.3544784597  -0.3738907223  -1.0870189362
0.3500862326  -0.3691787582  -1.0913979946
0.3457066528  -0.3644771674  -1.0957643986
0.3413397251  -0.3597861136  -1.1001181431
0.3369854545  -0.3551057857  -1.1044592230
0.3326438467  -0.3504363690  -1.1087876326
0.3283149073  -0.3457780446  -1.1131033661
0.3239986425  -0.3411309904  -1.1174064173
0.3196950586  -0.3364953823  -1.1216967799
0.3154041622  -0.3318713943  -1.1259744476
0.3111259601  -0.3272591998  -1.1302394135
0.3068604592  -0.3226589721  -1.1344916711
0.3026076665  -0.3180708849  -1.1387312134
0.2983675891  -0.3134951129  -1.1429580334
0.2941402342  -0.3089318323  -1.1471721243
0.2899256088  -0.3043812212  -1.1513734790
0.2857237203  -0.2998434597  -1.1555620905
0.2815345755  -0.2953187300  -1.1597379520
0.2773581815  -0.2908072164  -1.1639010565
0.2731945451  -0.2863091053  -1.1680513976
0.2690436730  -0.2818245857  -1.1721889686
0.2649055715  -0.2773538485  -1.1763137633
0.2607802471  -0.2728970867  -1.1804257757
0.2566677055  -0.2684544947  -1.1845249999
0.2525679523  -0.2640262683  -1.1886114307
0.2484809929  -0.2596126041  -1.1926850629
0.2444068321  -0.2552136990  -1.1967458919
0.2403454743  -0.2508297501  -1.2007939134
0.2362969237  -0.2464609535  -1.2048291239
0.2322611878  -0.2421081729  -1.2088515551
0.2282382789  -0.2377724888  -1.2128612795
0.2242281935  -0.2334524974  -1.2168582697
0.2202309107  -0.2291463382  -1.2208424058
0.2162464253  -0.2248549890  -1.2248136462
0.2122747492  -0.2205797031  -1.2287719960
0.2083158887  -0.2163207344  -1.2327174446
0.2043698446  -0.2120783238  -1.2366499848
0.2004366169  -0.2078527010  -1.2405696127
0.1965162049  -0.2036440835  -1.2444763283
0.1926086071  -0.1994526750  -1.2483701356
0.1887138210  -0.1952786649  -1.2522510426
0.1848318433  -0.1911222278  -1.2561190615
0.1809626695  -0.1869835230  -1.2599742090
0.1771062938  -0.1828626941  -1.2638165060
0.1732627094  -0.1787598695  -1.2676459781
0.1694319082  -0.1746751621  -1.2714626547
0.1656138807  -0.1706086703  -1.2752665698
0.1618086163  -0.1665604776  -1.2790577613
0.1580161029  -0.1625306539  -1.2828362711
0.1542363271  -0.1585192561  -1.2866021447
0.1504692743  -0.1545263286  -1.2903554307
0.1467149285  -0.1505519045  -1.2940961812
0.1429732725  -0.1465960062  -1.2978244505
0.1392442877  -0.1426586466  -1.3015402952
0.1355279546  -0.1387398299  -1.3052437737
0.1318242521  -0.1348395527  -1.3089349454
0.1281331583  -0.1309578048  -1.3126138706
0.1244546497  -0.1270945701  -1.3162806092
0.1207887021  -0.1232498279  -1.3199352208
0.1171352899  -0.1194235530  -1.3235777634
0.1134943862  -0.1156157190  -1.3272082929
0.1098680864  -0.1118268830  -1.3308802094
0.1062577338  -0.1080573235  -1.3346199989
0.1026577910  -0.1043054527  -1.3383365128
0.0990666225  -0.1005708517  -1.3420532988
0.0954870517  -0.0968543126  -1.3457687464
0.0919190029  -0.0931558105  -1.3494810224
0.0883624106  -0.0894753237  -1.3531880700
0.0848172203  -0.0858128336  -1.3568876099
0.0812833884  -0.0821683237  -1.3605771391
0.0777608836  -0.0785417788  -1.3642539320
0.0742496872  -0.0749331844  -1.3679150395
0.0707497934  -0.0713425255  -1.3715572897
0.0672612101  -0.0677697857  -1.3751772874
0.0637839592  -0.0642149461  -1.3787714145
0.0603180768  -0.0606779840  -1.3823358296
0.0568636136  -0.0571588721  -1.3858664683
0.0534206351  -0.0536575771  -1.3893590431
0.0499892216  -0.0501740589  -1.3928090434
0.0465694682  -0.0467082692  -1.3962117355
0.0431614846  -0.0432601513  -1.3995621626
0.0397653946  -0.0398296390  -1.4028551448
0.0363813362  -0.0364166561  -1.4060852791
0.0330094606  -0.0330211166  -1.4092469394
0.0296499313  -0.0296429245  -1.4123342764
0.0263029236  -0.0262819741  -1.4153412179
0.0229686231  -0.0229381508  -1.4182614686
0.0196472243  -0.0196113318  -1.4210885098
0.0163389293  -0.0163013879  -1.4238156000
0.0130439455  -0.0130081846  -1.4264357746
0.0097624839  -0.0097315841  -1.4289418456
0.0064947564  -0.0064714472  -1.4313264023
0.0032409733  -0.0032276356  -1.4335818107
0.0032381509  -0.0032276089  -1.4335818107
