0.0614727
2.5670374290  -2.7497358057   0.0001082361
2.5670374290  -2.7497358057   0.0001082361
2.5670431367  -2.7497116554   0.0000856226
2.5670321090  -2.7496306389   0.0000319606
2.5669966354  -2.7494931863  -0.0000536938
2.5669291452  -2.7492868700  -0.0001722670
2.5668269696  -2.7490081684  -0.0003246677
2.5666886353  -2.7486556090  -0.0005117871
2.5665131163  -2.7482284603  -0.0007344988
2.5662995913  -2.7477263095  -0.0009936588
2.5660473447  -2.7471488919  -0.0012901054
2.5657557213  -2.7464960110  -0.0016246596
2.5654241025  -2.7457674985  -0.0019981244
2.5650518937  -2.7449631923  -0.0024112856
2.5646385170  -2.7440829240  -0.0028649112
2.5641834062  -2.7431265126  -0.0033597518
2.5636860048  -2.7420937599  -0.0038965401
2.5631457641  -2.7409844492  -0.0044759915
2.5625621417  -2.7397983446  -0.0050988038
2.5619346018  -2.7385351906  -0.0057656569
2.5612626142  -2.7371947133  -0.0064772135
2.5605456543  -2.7357766212  -0.0072341186
2.5597832032  -2.7342806058  -0.0080369994
2.5589747473  -2.7327063439  -0.0088864659
2.5581197795  -2.7310534989  -0.0097831101
2.5572177990  -2.7293217232  -0.0107275066
2.5562683120  -2.7275106596  -0.0117202126
2.5552708312  -2.7256199430  -0.0127617674
2.5542248770  -2.7236492028  -0.0138526929
2.5531299772  -2.7215980644  -0.0149934933
2.5519856678  -2.7194661514  -0.0161846554
2.5507914932  -2.7172530877  -0.0174266482
2.5495470031  -2.7149568948  -0.0187216547
2.5482517733  -2.7125787348  -0.0200686017
2.5469053801  -2.7101201951  -0.0214673988
2.5455073881  -2.7075796999  -0.0229183114
2.5440573835  -2.7049565128  -0.0244216530
2.5425549704  -2.7022501424  -0.0259777956
2.5409997644  -2.6994601661  -0.0275870964
2.5393913928  -2.6965862228  -0.0292499044
2.5377294946  -2.6936279862  -0.0309665597
2.5360137216  -2.6905851606  -0.0327373918
2.5342437386  -2.6874574801  -0.0345627182
2.5324192236  -2.6842447095  -0.0364428434
2.5305398681  -2.6809466447  -0.0383780584
2.5286053776  -2.6775631141  -0.0403686405
2.5266154717  -2.6740939791  -0.0424148536
2.5245698842  -2.6705391352  -0.0445169474
2.5224683573  -2.6668985072  -0.0466751577
2.5203106464  -2.6631720554  -0.0488897053
2.5180965267  -2.6593597845  -0.0511607964
2.5158257913  -2.6554617409  -0.0534886221
2.5134982489  -2.6514780107  -0.0558733580
2.5111137240  -2.6474087207  -0.0583151633
2.5086720575  -2.6432540393  -0.0608141804
2.5061731061  -2.6390141763  -0.0633705364
2.5036167432  -2.6346893838  -0.0659843428
2.5010028587  -2.6302799570  -0.0686556959
2.4983313587  -2.6257862347  -0.0713846761
2.4956021658  -2.6212085992  -0.0741713485
2.4928152192  -2.6165474759  -0.0770157622
2.4899704744  -2.6118033329  -0.0799179506
2.4870679019  -2.6069766801  -0.0828779297
2.4841074719  -2.6020676557  -0.0858956990
2.4810891644  -2.5970766946  -0.0889712424
2.4780129926  -2.5920052010  -0.0921045290
2.4748789958  -2.5868541793  -0.0952955133
2.4716872272  -2.5816240752  -0.0985441354
2.4684377521  -2.5763155325  -0.1018503211
2.4651306527  -2.5709292981  -0.1052139814
2.4617660266  -2.5654661698  -0.1086350117
2.4583439869  -2.5599269864  -0.1121132911
2.4548646612  -2.5543126182  -0.1156486851
2.4513281924  -2.5486239650  -0.1192410465
2.4477347288  -2.5428619468  -0.1228902152
2.4440844049  -2.5370274866  -0.1265960188
2.4403773742  -2.5311215405  -0.1303582728
2.4366138296  -2.5251451156  -0.1341767799
2.4327939796  -2.5190992463  -0.1380513288
2.4289180454  -2.5129849896  -0.1419816948
2.4249862614  -2.5068034252  -0.1459676423
2.4209988747  -2.5005556539  -0.1500089264
2.4169561445  -2.4942427990  -0.1541052926
2.4128583412  -2.4878660064  -0.1582564771
2.4087057307  -2.4814264297  -0.1624622073
2.4044985491  -2.4749252035  -0.1667222019
2.4002370530  -2.4683634844  -0.1710361700
2.3959215466  -2.4617424743  -0.1754038093
2.3915523459  -2.4550633901  -0.1798248064
2.3871297760  -2.4483274617  -0.1842988372
2.3826541708  -2.4415359332  -0.1888255682
2.3781258727  -2.4346900643  -0.1934046575
2.3735452318  -2.4277911319  -0.1980357578
2.3689125822  -2.4208404130  -0.2027185215
2.3642282129  -2.4138391363  -0.2074526005
2.3594924398  -2.4067885198  -0.2122376399
2.3547056327  -2.3996898502  -0.2170732773
2.3498681701  -2.3925444772  -0.2219591446
2.3449804360  -2.3853537658  -0.2268948685
2.3400428201  -2.3781190754  -0.2318800739
2.3350557179  -2.3708417757  -0.2369143888
2.3300195152  -2.3635232654  -0.2419974469
2.3249345249  -2.3561649429  -0.2471288833
2.3198010641  -2.3487681248  -0.2523083337
2.3146195249  -2.3413339055  -0.2575354360
2.3093903119  -2.3338632612  -0.2628098310
2.3041138327  -2.3263574216  -0.2681311622
2.2987904980  -2.3188179448  -0.2734990762
2.2934207213  -2.3112464952  -0.2789132212
2.2880048821  -2.3036446800  -0.2843732474
2.2825432694  -2.2960140019  -0.2898788074
2.2770361981  -2.2883559346  -0.2954295553
2.2714840681  -2.2806719610  -0.3010251424
2.2658872840  -2.2729635250  -0.3066652201
2.2602462531  -2.2652320313  -0.3123494554
2.2545613874  -2.2574788495  -0.3180775362
2.2488330995  -2.2497053122  -0.3238491673
2.2430617942  -2.2419127508  -0.3296640655
2.2372478061  -2.2341024022  -0.3355219422
2.2313913817  -2.2262753195  -0.3414224888
2.2254927346  -2.2184324525  -0.3473653759
2.2195520670  -2.2105746967  -0.3533502572
2.2135695731  -2.2027029016  -0.3593767737
2.2075454445  -2.1948178833  -0.3654445688
2.2014799984  -2.1869205990  -0.3715533012
2.1953737436  -2.1790122469  -0.3777026371
2.1892270499  -2.1710938353  -0.3838922445
2.1830400738  -2.1631660624  -0.3901217964
2.1768129557  -2.1552295911  -0.3963909702
2.1705458270  -2.1472850876  -0.4026994459
2.1642388105  -2.1393332172  -0.4090469027
2.1578921251  -2.1313747752  -0.4154330182
2.1515062148  -2.1234108566  -0.4218574678
2.1450815241  -2.1154427288  -0.4283199136
2.1386183720  -2.1074715606  -0.4348200040
2.1321170885  -2.0994975571  -0.4413574495
2.1255780339  -2.0915199688  -0.4479320720
2.1190015709  -2.0835392817  -0.4545436906
2.1123880475  -2.0755579689  -0.4611920095
2.1057377848  -2.0675785304  -0.4678766596
2.0990510854  -2.0596024132  -0.4745972707
2.0923282658  -2.0516305889  -0.4813534845
2.0855696511  -2.0436639752  -0.4881449466
2.0787755094  -2.0357034328  -0.4949713037
2.0719458528  -2.0277496085  -0.5018322048
2.0650810014  -2.0198034368  -0.5087272996
2.0581818766  -2.0118663994  -0.5156562381
2.0512495223  -2.0039401040  -0.5226186723
2.0442850169  -1.9960261912  -0.5296142548
2.0372892546  -1.9881261647  -0.5366426409
2.0302624588  -1.9802408747  -0.5437034892
2.0232043314  -1.9723705303  -0.5507964614
2.0161144943  -1.9645151654  -0.5579212264
2.0089925192  -1.9566747480  -0.5650774631
2.0018380521  -1.9488493356  -0.5722648659
1.9946514649  -1.9410398231  -0.5794831117
1.9874334100  -1.9332473860  -0.5867317088
1.9801841549  -1.9254726958  -0.5940101290
1.9729040043  -1.9177164424  -0.6013180957
1.9655933499  -1.9099794324  -0.6086554192
1.9582525834  -1.9022625262  -0.6160218358
1.9508820217  -1.8945664525  -0.6234170456
1.9434818865  -1.8868917124  -0.6308406779
1.9360523476  -1.8792386713  -0.6382922099
1.9285935405  -1.8716075284  -0.6457707554
1.9211047973  -1.8639973798  -0.6532724035
1.9135857552  -1.8564077666  -0.6607950775
1.9060400481  -1.8488433913  -0.6683471873
1.8984724013  -1.8413109635  -0.6759378007
1.8908823619  -1.8338113484  -0.6835673482
1.8832666268  -1.8263411806  -0.6912336543
1.8756236637  -1.8188981819  -0.6989354970
1.8679534727  -1.8114816121  -0.7066717747
1.8602562678  -1.8040908965  -0.7144413202
1.8525321695  -1.7967251534  -0.7222429056
1.8447813727  -1.7893835009  -0.7300752537
1.8370041347  -1.7820650351  -0.7379370420
1.8292006125  -1.7747685556  -0.7458268910
1.8213710063  -1.7674928395  -0.7537433592
1.8135155711  -1.7602366468  -0.7616849469
1.8056345036  -1.7529985247  -0.7696501013
1.7977280664  -1.7457770711  -0.7776372346
1.7897963746  -1.7385706501  -0.7856447453
1.7818395351  -1.7313775679  -0.7936710295
1.7738578093  -1.7241962602  -0.8017144862
1.7658514590  -1.7170251415  -0.8097735235
1.7578211377  -1.7098629975  -0.8178465499
1.7497654181  -1.7027064755  -0.8259319658
1.7416752994  -1.6955445850  -0.8340281760
1.7335524179  -1.6883771712  -0.8421335965
1.7254052066  -1.6812111922  -0.8502466507
1.7172330895  -1.6740445227  -0.8583657725
1.7090347443  -1.6668741659  -0.8664894146
1.7008077602  -1.6596960382  -0.8746160553
1.6925476220  -1.6525040036  -0.8827442052
1.6842453053  -1.6452874493  -0.8908724145
1.6758795382  -1.6380227181  -0.8989993146
1.6672699175  -1.6305278042  -0.9071236354
1.6586009954  -1.6229933184  -0.9152440270
1.6502991872  -1.6158501524  -0.9233588932
1.6422575227  -1.6089859926  -0.9314666007
1.6342582208  -1.6021747214  -0.9395657508
1.6262705066  -1.5953784143  -0.9476551425
1.6182938043  -1.5885926710  -0.9557336485
1.6103278473  -1.5818151003  -0.9638001969
1.6023723720  -1.5750436136  -0.9718537893
1.5944271346  -1.5682762693  -0.9798935073
1.5864919120  -1.5615112779  -0.9879185132
1.5785665006  -1.5547470027  -0.9959280555
1.5706507171  -1.5479819567  -1.0039214732
1.5627443963  -1.5412148025  -1.0118981976
1.5548473899  -1.5344443567  -1.0198577563
1.5469595658  -1.5276695944  -1.0277997765
1.5390808074  -1.5208896547  -1.0357239896
1.5312110131  -1.5141038432  -1.0436302378
1.5233500935  -1.5073116265  -1.0515184739
1.5154979681  -1.5005126241  -1.0593887625
1.5076545607  -1.4937065984  -1.0672412762
1.4998198104  -1.4868934528  -1.0750763329
1.4919937381  -1.4800732500  -1.0828945781
1.4841764220  -1.4732462018  -1.0906968976
1.4763678189  -1.4664126049  -1.0984841167
1.4685677804  -1.4595728176  -1.1062571235
1.4607762179  -1.4527272922  -1.1140170341
1.4529931093  -1.4458765824  -1.1217651824
1.4452184635  -1.4390213377  -1.1295031823
1.4374523542  -1.4321623177  -1.1372330564
1.4296950146  -1.4253005235  -1.1449575543
1.4219479435  -1.4184375284  -1.1526834365
1.4142125652  -1.4115748252  -1.1604169637
1.4064850972  -1.4047120209  -1.1681533155
1.3987592035  -1.3978472078  -1.1758843668
1.3910338808  -1.3909793537  -1.1836088797
1.3833118056  -1.3841086946  -1.1913280968
1.3755942472  -1.3772355844  -1.1990424374
1.3678811287  -1.3703601232  -1.2067521619
1.3601722066  -1.3634823078  -1.2144575348
1.3524672372  -1.3566020979  -1.2221588258
1.3447659768  -1.3497194258  -1.2298563095
1.3370681820  -1.3428341963  -1.2375502650
1.3293736090  -1.3359462868  -1.2452409752
1.3216820140  -1.3290555493  -1.2529287265
1.3139931525  -1.3221618110  -1.2606138075
1.3063067796  -1.3152648754  -1.2682965093
1.2986226498  -1.3083645234  -1.2759771238
1.2909405172  -1.3014605148  -1.2836559437
1.2832601349  -1.2945525879  -1.2913332610
1.2755812558  -1.2876404596  -1.2990093668
1.2679036319  -1.2807238249  -1.3066845502
1.2602270150  -1.2738023621  -1.3143590975
1.2525511555  -1.2668757558  -1.3220332897
1.2448758020  -1.2599437127  -1.3297073995
1.2372007021  -1.2530059143  -1.3373816922
1.2295256047  -1.2460619773  -1.3450564281
1.2218502597  -1.2391114976  -1.3527318623
1.2141744166  -1.2321540937  -1.3604082404
1.2064978233  -1.2251894051  -1.3680857974
1.1988202261  -1.2182170952  -1.3757647545
1.1911413692  -1.2112368858  -1.3834453143
1.1834609857  -1.2042488382  -1.3911276329
1.1757787909  -1.1972533286  -1.3988117996
1.1680945217  -1.1902496267  -1.4064979387
1.1604079949  -1.1832352607  -1.4141863332
1.1527190680  -1.1762081782  -1.4218773474
1.1450275398  -1.1691681267  -1.4295712811
1.1373331441  -1.1621153781  -1.4372683723
1.1296356122  -1.1550497301  -1.4449688535
1.1219346967  -1.1479707226  -1.4526729636
1.1142301592  -1.1408778833  -1.4603809416
1.1065217623  -1.1337707570  -1.4680930261
1.0988092686  -1.1266489056  -1.4758094552
1.0910924414  -1.1195119079  -1.4835304666
1.0833710439  -1.1123593591  -1.4912562973
1.0756448396  -1.1051908676  -1.4989871841
1.0679135924  -1.0980060569  -1.5067233631
1.0601770661  -1.0908045737  -1.5144650701
1.0524350251  -1.0835860887  -1.5222125399
1.0446872336  -1.0763502818  -1.5299660070
1.0369334565  -1.0690968316  -1.5377257055
1.0291734588  -1.0618254189  -1.5454918693
1.0214070061  -1.0545357303  -1.5532647317
1.0136338642  -1.0472274540  -1.5610445258
1.0058537990  -1.0399002727  -1.5688314843
0.9980665771  -1.0325538601  -1.5766258398
0.9902719653  -1.0251878829  -1.5844278244
0.9824697309  -1.0178020014  -1.5922376701
0.9746596415  -1.0103958644  -1.6000556085
0.9668414653  -1.0029691023  -1.6078818710
0.9590149708  -0.9955213213  -1.6157166888
0.9511799272  -0.9880520939  -1.6235602931
0.9433361045  -0.9805609267  -1.6314129150
0.9354832735  -0.9730472123  -1.6392747866
0.9276212059  -0.9655102942  -1.6471461403
0.9197496733  -0.9579496665  -1.6550272075
0.9118684467  -0.9503650304  -1.6629182161
0.9039772972  -0.9427561181  -1.6708193918
0.8960759972  -0.9351225691  -1.6787309598
0.8881643211  -0.9274639708  -1.6866531453
0.8802420445  -0.9197799123  -1.6945861727
0.8723089438  -0.9120699891  -1.7025302656
0.8643647965  -0.9043337977  -1.7104856462
0.8564093810  -0.8965709349  -1.7184525355
0.8484424770  -0.8887809976  -1.7264311532
0.8404638658  -0.8809635827  -1.7344217176
0.8324733306  -0.8731177694  -1.7424244466
0.8244706582  -0.8652415863  -1.7504395594
0.8164556359  -0.8573341542  -1.7584672734
0.8084280475  -0.8493975257  -1.7665077950
0.8003876757  -0.8414336354  -1.7745613224
0.7923343102  -0.8334421822  -1.7826280567
0.7842677483  -0.8254223511  -1.7907082034
0.7761877893  -0.8173736217  -1.7988019662
0.7680942338  -0.8092954455  -1.8069095464
0.7599868844  -0.8011872245  -1.8150311433
0.7518655466  -0.7930483197  -1.8231669536
0.7437300289  -0.7848780595  -1.8313171715
0.7355801430  -0.7766757487  -1.8394819879
0.7274157040  -0.7684406773  -1.8476615901
0.7192365307  -0.7601721297  -1.8558561613
0.7110424454  -0.7518693943  -1.8640658803
0.7028332746  -0.7435317719  -1.8722909206
0.6946088494  -0.7351585853  -1.8805314504
0.6863690050  -0.7267491876  -1.8887876317
0.6781135819  -0.7183029706  -1.8970596200
0.6698424256  -0.7098193719  -1.9053475639
0.6615553874  -0.7012978814  -1.9136516045
0.6532523244  -0.6927380471  -1.9219718752
0.6449331002  -0.6841394820  -1.9303085012
0.6365975850  -0.6755018698  -1.9386615992
0.6282456564  -0.6668249690  -1.9470312769
0.6198771992  -0.6581086165  -1.9554176329
0.6114921067  -0.6493527303  -1.9638207561
0.6030902804  -0.6405573114  -1.9722407255
0.5946716309  -0.6317224448  -1.9806776098
0.5862360784  -0.6228483000  -1.9891314673
0.5777835528  -0.6139351301  -1.9976023451
0.5693140572  -0.6049916963  -2.0060905720
0.5608277051  -0.5960301507  -2.0145968018
0.5523243994  -0.5870316013  -2.0231208354
0.5438037100  -0.5779699631  -2.0316616822
0.5352654574  -0.5688546574  -2.0402189812
0.5267098366  -0.5596996267  -2.0487927460
0.5181369924  -0.5505065901  -2.0573828373
0.5095469829  -0.5412773051  -2.0659891221
0.5009398855  -0.5320135728  -2.0746114748
0.4923157954  -0.5227172144  -2.0832497791
0.4836748251  -0.5133900483  -2.0919039284
0.4750171033  -0.5040338699  -2.1005738269
0.4663427736  -0.4946504341  -2.1092593898
0.4576519941  -0.4852414386  -2.1179605427
0.4489449365  -0.4758085109  -2.1266772219
0.4402217854  -0.4663531969  -2.1354093727
0.4314827382  -0.4568769529  -2.1441569487
0.4227280048  -0.4473811389  -2.1529199097
0.4139578081  -0.4378670158  -2.1616982199
0.4051723842  -0.4283357442  -2.1704918456
0.3963719830  -0.4187883863  -2.1793007519
0.3875568692  -0.4092259103  -2.1881249003
0.3787273236  -0.3996491966  -2.1969642448
0.3698836437  -0.3900590471  -2.2058187285
0.3610261454  -0.3804561963  -2.2146882799
0.3521551638  -0.3708413242  -2.2235728085
0.3432710549  -0.3612150717  -2.2324722010
0.3343741960  -0.3515780570  -2.2413863171
0.3254649867  -0.3419308939  -2.2503149848
0.3165438497  -0.3322742109  -2.2592579969
0.3076112307  -0.3226086714  -2.2682151060
0.2986675976  -0.3129350419  -2.2771860203
0.2897312042  -0.3032664680  -2.2863170627
0.2808141472  -0.2936114668  -2.2956806676
0.2718708915  -0.2839381803  -2.3050255761
0.2628884537  -0.2742385800  -2.3144158919
0.2538912435  -0.2645312734  -2.3238465197
0.2448794632  -0.2548176820  -2.3333117175
0.2358534418  -0.2450995514  -2.3428050958
0.2268136270  -0.2353789118  -2.3523196182
0.2177605892  -0.2256580764  -2.3618476013
0.2086950236  -0.2159396311  -2.3713807144
0.1996177522  -0.2062264186  -2.3809099798
0.1905297247  -0.1965215138  -2.3904257726
0.1814320172  -0.1868281916  -2.3999178210
0.1723258317  -0.1771498872  -2.4093752059
0.1632124925  -0.1674901487  -2.4187863613
0.1540934426  -0.1578525836  -2.4281390738
0.1449702388  -0.1482407986  -2.4374204833
0.1358445449  -0.1386583365  -2.4466170822
0.1267181246  -0.1291086093  -2.4557147161
0.1175928327  -0.1195948319  -2.4646985834
0.1084706059  -0.1101199567  -2.4735532353
0.0993534521  -0.1006866135  -2.4822625760
0.0902434393  -0.0912970567  -2.4908098626
0.0811426842  -0.0819531228  -2.4991777052
0.0720533398  -0.0726562016  -2.5073480665
0.0629775832  -0.0634072225  -2.5153022625
0.0539176034  -0.0542066606  -2.5230209617
0.0448755893  -0.0450545619  -2.5304841859
0.0358537180  -0.0359505899  -2.5376713094
0.0268541438  -0.0268940933  -2.5445610596
0.0178789883  -0.0178841929  -2.5511315170
0.0089303314  -0.0089198843  -2.5573601146
0.0089088689  -0.0089196155  -2.5573601146
