0.148459
1.2467941715  -1.8630837203   0.0000823993
1.2467941715  -1.8630837203   0.0000823993
1.2468063812  -1.8631104770   0.0000719201
1.2468071326  -1.8630969874   0.0000413641
1.2467893038  -1.8630273716  -0.0000098812
1.2467499168  -1.8628951400  -0.0000824172
1.2466877285  -1.8626976989  -0.0001768342
1.2466019856  -1.8624335487  -0.0002937113
1.2464921225  -1.8621016054  -0.0004336163
1.2463576601  -1.8617009717  -0.0005971062
1.2461981634  -1.8612308435  -0.0007847265
1.2460132233  -1.8606904671  -0.0009970118
1.2458024457  -1.8600791173  -0.0012344853
1.2455654471  -1.8593960858  -0.0014976594
1.2453018509  -1.8586406748  -0.0017870351
1.2450112861  -1.8578121936  -0.0021031022
1.2446933861  -1.8569099566  -0.0024463396
1.2443477880  -1.8559332827  -0.0028172149
1.2439741326  -1.8548814946  -0.0032161844
1.2435720638  -1.8537539195  -0.0036436937
1.2431412290  -1.8525498896  -0.0041001767
1.2426812788  -1.8512687424  -0.0045860565
1.2421918673  -1.8499098221  -0.0051017451
1.2416726523  -1.8484724801  -0.0056476431
1.2411232948  -1.8469560759  -0.0062241401
1.2405434599  -1.8453599788  -0.0068316146
1.2399328172  -1.8436835689  -0.0074704337
1.2392910407  -1.8419262387  -0.0081409538
1.2386178092  -1.8400873941  -0.0088435197
1.2379128065  -1.8381664557  -0.0095784652
1.2371757215  -1.8361628597  -0.0103461132
1.2364062488  -1.8340760602  -0.0111467750
1.2356040906  -1.8319048618  -0.0119820385
1.2347689551  -1.8296493636  -0.0128510233
1.2339005517  -1.8273099488  -0.0137535744
1.2329985955  -1.8248856587  -0.0146899664
1.2320628123  -1.8223758240  -0.0156604534
1.2310929356  -1.8197799746  -0.0166652869
1.2300887066  -1.8170976920  -0.0177047109
1.2290498737  -1.8143285955  -0.0187789639
1.2279761932  -1.8114723373  -0.0198882774
1.2268674298  -1.8085286027  -0.0210328756
1.2257233564  -1.8054971109  -0.0222129749
1.2245437546  -1.8023776157  -0.0234287834
1.2233284148  -1.7991699068  -0.0246804999
1.2220771364  -1.7958738103  -0.0259683138
1.2207897282  -1.7924891894  -0.0272924054
1.2194660083  -1.7890159455  -0.0286529460
1.2181058044  -1.7854540186  -0.0300500975
1.2167089510  -1.7818033856  -0.0314840125
1.2152752882  -1.7780640587  -0.0329548341
1.2138046677  -1.7742360932  -0.0344626953
1.2122969556  -1.7703195903  -0.0360077196
1.2107520286  -1.7663146933  -0.0375900200
1.2091697738  -1.7622215876  -0.0392096987
1.2075500890  -1.7580405017  -0.0408668468
1.2058928826  -1.7537717068  -0.0425615450
1.2041980740  -1.7494155173  -0.0442938647
1.2024655932  -1.7449722908  -0.0460638668
1.2006953811  -1.7404424281  -0.0478716026
1.1988873895  -1.7358263727  -0.0497171131
1.1970415806  -1.7311246105  -0.0516004292
1.1951579278  -1.7263376696  -0.0535215716
1.1932364142  -1.7214659700  -0.0554805492
1.1912770220  -1.7165100573  -0.0574773601
1.1892797367  -1.7114708634  -0.0595119928
1.1872445655  -1.7063492022  -0.0615844268
1.1851715326  -1.7011456845  -0.0636946324
1.1830606716  -1.6958610236  -0.0658425705
1.1809120269  -1.6904960116  -0.0680281931
1.1787256533  -1.6850514826  -0.0702514426
1.1765016157  -1.6795283071  -0.0725122509
1.1742399886  -1.6739273888  -0.0748105395
1.1719408562  -1.6682496642  -0.0771462217
1.1696043122  -1.6624961008  -0.0795192028
1.1672304536  -1.6566676915  -0.0819293810
1.1648193608  -1.6507654339  -0.0843766465
1.1623711252  -1.6447903553  -0.0868608822
1.1598858697  -1.6387435318  -0.0893819630
1.1573637288  -1.6326260689  -0.0919397538
1.1548048451  -1.6264390973  -0.0945341117
1.1522093696  -1.6201837712  -0.0971648877
1.1495774616  -1.6138612679  -0.0998319277
1.1469092876  -1.6074727875  -0.1025350723
1.1442050212  -1.6010195520  -0.1052741568
1.1414648278  -1.5945027894  -0.1080490117
1.1386888439  -1.5879237134  -0.1108594622
1.1358772233  -1.5812835610  -0.1137053272
1.1330301588  -1.5745836117  -0.1165864177
1.1301478506  -1.5678251611  -0.1195025372
1.1272305047  -1.5610095183  -0.1224534828
1.1242783325  -1.5541380056  -0.1254390454
1.1212915505  -1.5472119588  -0.1284590112
1.1182703802  -1.5402327271  -0.1315131663
1.1152150173  -1.5332016374  -0.1346012995
1.1121256211  -1.5261199765  -0.1377231982
1.1090023812  -1.5189890660  -0.1408786441
1.1058455289  -1.5118102840  -0.1440674149
1.1026553001  -1.5045850163  -0.1472892845
1.0994319336  -1.4973146467  -0.1505440246
1.0961756721  -1.4900005630  -0.1538314091
1.0928867614  -1.4826441741  -0.1571512185
1.0895654235  -1.4752468976  -0.1605032381
1.0862118171  -1.4678100457  -0.1638872555
1.0828261226  -1.4603347784  -0.1673030606
1.0794085824  -1.4528222403  -0.1707504468
1.0759594442  -1.4452737391  -0.1742292104
1.0724789582  -1.4376907582  -0.1777391511
1.0689673764  -1.4300748211  -0.1812800724
1.0654249514  -1.4224274194  -0.1848517806
1.0618518731  -1.4147499738  -0.1884540850
1.0582482716  -1.4070438367  -0.1920867977
1.0546143341  -1.3993103629  -0.1957497291
1.0509503026  -1.3915509113  -0.1994426872
1.0472564210  -1.3837668125  -0.2031654906
1.0435329362  -1.3759593678  -0.2069179788
1.0397800971  -1.3681298500  -0.2107000107
1.0359981529  -1.3602795164  -0.2145114604
1.0321873287  -1.3524096256  -0.2183522041
1.0283477696  -1.3445213302  -0.2222221007
1.0244795545  -1.3366156460  -0.2261209854
1.0205827457  -1.3286935414  -0.2300486739
1.0166573959  -1.3207559511  -0.2340049647
1.0127035512  -1.3128037780  -0.2379896528
1.0087212687  -1.3048379125  -0.2420025461
1.0047108252  -1.2968595009  -0.2460434626
1.0006725485  -1.2888697578  -0.2501122225
0.9966065296  -1.2808696030  -0.2542086496
0.9925127660  -1.2728598266  -0.2583325707
0.9883912432  -1.2648411927  -0.2624838144
0.9842419360  -1.2568144463  -0.2666622089
0.9800648264  -1.2487803386  -0.2708675793
0.9758601080  -1.2407398813  -0.2750997477
0.9716281045  -1.2326942433  -0.2793585220
0.9673690287  -1.2246444349  -0.2836436996
0.9630830606  -1.2165913330  -0.2879551372
0.9587704030  -1.2085357781  -0.2922927841
0.9544312567  -1.2004787447  -0.2966565747
0.9500658119  -1.1924213736  -0.3010463433
0.9456742635  -1.1843647970  -0.3054618689
0.9412567979  -1.1763100094  -0.3099029297
0.9368135954  -1.1682579297  -0.3143693111
0.9323448430  -1.1602094780  -0.3188607993
0.9278507288  -1.1521655719  -0.3233771807
0.9233311813  -1.1441269092  -0.3279182423
0.9187861961  -1.1360942649  -0.3324837695
0.9142163867  -1.1280689697  -0.3370735455
0.9096226942  -1.1200526490  -0.3416873532
0.9050061144  -1.1120469781  -0.3463249738
0.9003676091  -1.1040536163  -0.3509861870
0.8957075574  -1.0960737078  -0.3556707700
0.8910256453  -1.0881076355  -0.3603784979
0.8863213566  -1.0801554480  -0.3651091496
0.8815941141  -1.0722171020  -0.3698625089
0.8768433086  -1.0642925064  -0.3746383763
0.8720689764  -1.0563823223  -0.3794364942
0.8672716753  -1.0484878247  -0.3842563895
0.8624517023  -1.0406099217  -0.3890976119
0.8576092682  -1.0327492669  -0.3939600105
0.8527446281  -1.0249065079  -0.3988434833
0.8478580535  -1.0170824387  -0.4037478283
0.8429497848  -1.0092778454  -0.4086727921
0.8380199670  -1.0014933111  -0.4136180183
0.8330686873  -0.9937293289  -0.4185829391
0.8280959992  -0.9859864143  -0.4235664691
0.8231012581  -0.9782651801  -0.4285633353
0.8180842667  -0.9705661245  -0.4335716029
0.8130483788  -0.9628896138  -0.4386032787
0.8079973876  -0.9552365340  -0.4436693266
0.8029304915  -0.9476082715  -0.4487695953
0.7978449673  -0.9400056951  -0.4539016349
0.7927397113  -0.9324289878  -0.4590641099
0.7876147734  -0.9248783528  -0.4642557663
0.7824703539  -0.9173539676  -0.4694752574
0.7773065419  -0.9098557159  -0.4747211474
0.7721235137  -0.9023835606  -0.4799919242
0.7669215146  -0.8949375039  -0.4852860083
0.7617006742  -0.8875172743  -0.4906017465
0.7564611934  -0.8801226774  -0.4959374033
0.7512033260  -0.8727535416  -0.5012911629
0.7459272689  -0.8654095201  -0.5066611339
0.7406332757  -0.8580903502  -0.5120453645
0.7353213952  -0.8507954837  -0.5174418676
0.7299917133  -0.8435243806  -0.5228486374
0.7246444892  -0.8362766472  -0.5282636574
0.7192799309  -0.8290518131  -0.5336849093
0.7138990159  -0.8218501663  -0.5391103695
0.7084977968  -0.8146670865  -0.5445379985
0.7030659405  -0.8074916051  -0.5499657483
0.6976081539  -0.8003279474  -0.5553915726
0.6921334269  -0.7931847086  -0.5608134291
0.6866400377  -0.7860596063  -0.5662292845
0.6811261668  -0.7789502509  -0.5716371215
0.6755883913  -0.7718527135  -0.5770349471
0.6700204242  -0.7647603178  -0.5824208008
0.6644097005  -0.7576603110  -0.5877927627
0.6587260571  -0.7505226448  -0.5931489895
0.6527203619  -0.7431007134  -0.5984877247
0.6466960415  -0.7357032400  -0.6038071507
0.6411848311  -0.7288568937  -0.6091052791
0.6359788340  -0.7223425398  -0.6143801369
0.6308322437  -0.7159101814  -0.6196299615
0.6257154511  -0.7095286731  -0.6248531553
0.6206278215  -0.7031961405  -0.6300481994
0.6155691225  -0.6969112870  -0.6352136477
0.6105391327  -0.6906729076  -0.6403481430
0.6055376500  -0.6844798831  -0.6454504234
0.6005644899  -0.6783311799  -0.6505193245
0.5956194846  -0.6722258486  -0.6555537860
0.5907024824  -0.6661630203  -0.6605528577
0.5858133462  -0.6601419053  -0.6655157013
0.5809519514  -0.6541617897  -0.6704415964
0.5761181857  -0.6482220326  -0.6753299450
0.5713119477  -0.6423220630  -0.6801802789
0.5665331468  -0.6364613758  -0.6849922670
0.5617817000  -0.6306395278  -0.6897657158
0.5570575294  -0.6248561334  -0.6945005724
0.5523605586  -0.6191108600  -0.6991969164
0.5476907279  -0.6134034244  -0.7038550464
0.5430480409  -0.6077335870  -0.7084756874
0.5384325188  -0.6021011512  -0.7130597944
0.5338440816  -0.5965059618  -0.7176082444
0.5292825931  -0.5909478930  -0.7221220462
0.5247479696  -0.5854268360  -0.7266025051
0.5202401667  -0.5799427005  -0.7310512087
0.5157591601  -0.5744954151  -0.7354701194
0.5113049730  -0.5690849266  -0.7398617517
0.5068777494  -0.5637112216  -0.7442296265
0.5024785844  -0.5583743179  -0.7485828037
0.4981083236  -0.5530742413  -0.7529286979
0.4937639153  -0.5478109785  -0.7572597439
0.4894410151  -0.5425842868  -0.7615659386
0.4851393492  -0.5373936882  -0.7658463844
0.4808607884  -0.5322387553  -0.7701024221
0.4766060456  -0.5271192028  -0.7743344020
0.4723750239  -0.5220347822  -0.7785425204
0.4681675404  -0.5169852376  -0.7827269743
0.4639834130  -0.5119703061  -0.7868879633
0.4598224615  -0.5069897177  -0.7910256888
0.4556845073  -0.5020431959  -0.7951403542
0.4515693733  -0.4971304577  -0.7992321639
0.4474768841  -0.4922512148  -0.8033013230
0.4434068656  -0.4874051735  -0.8073480366
0.4393591454  -0.4825920357  -0.8113725098
0.4353335522  -0.4778114997  -0.8153749465
0.4313299164  -0.4730632603  -0.8193555490
0.4273480697  -0.4683470096  -0.8233145176
0.4233878452  -0.4636624374  -0.8272520500
0.4194490776  -0.4590092325  -0.8311683404
0.4155316028  -0.4543870823  -0.8350635794
0.4116352580  -0.4497956729  -0.8389379514
0.4077598815  -0.4452346889  -0.8427916331
0.4039053129  -0.4407038177  -0.8466247950
0.4000713939  -0.4362027531  -0.8504376026
0.3962579683  -0.4317311924  -0.8542302158
0.3924648811  -0.4272888339  -0.8580027863
0.3886919784  -0.4228753783  -0.8617554567
0.3849391074  -0.4184905287  -0.8654883586
0.3812061163  -0.4141339888  -0.8692016088
0.3774928512  -0.4098054384  -0.8728952886
0.3737991548  -0.4055045408  -0.8765694324
0.3701248793  -0.4012310739  -0.8802241070
0.3664699033  -0.3969849745  -0.8838594924
0.3628341157  -0.3927661325  -0.8874758131
0.3592173864  -0.3885742734  -0.8910732421
0.3556195692  -0.3844090836  -0.8946519120
0.3520405200  -0.3802703015  -0.8982119534
0.3484801023  -0.3761576983  -0.9017534994
0.3449381831  -0.3720710547  -0.9052766820
0.3414146309  -0.3680101567  -0.9087816319
0.3379093152  -0.3639747954  -0.9122684785
0.3344221073  -0.3599647668  -0.9157373497
0.3309528793  -0.3559798713  -0.9191883722
0.3275015048  -0.3520199137  -0.9226216713
0.3240678584  -0.3480847027  -0.9260373710
0.3206518161  -0.3441740511  -0.9294355942
0.3172532549  -0.3402877746  -0.9328164624
0.3138720530  -0.3364256924  -0.9361800959
0.3105080898  -0.3325876263  -0.9395266139
0.3071612458  -0.3287734009  -0.9428561345
0.3038314026  -0.3249828425  -0.9461687745
0.3005184428  -0.3212157795  -0.9494646498
0.2972222502  -0.3174720411  -0.9527438752
0.2939427096  -0.3137514572  -0.9560065644
0.2906797067  -0.3100538589  -0.9592528303
0.2874331285  -0.3063790780  -0.9624827846
0.2842028627  -0.3027269469  -0.9656965383
0.2809887982  -0.2990972976  -0.9688942012
0.2777908247  -0.2954899620  -0.9720758827
0.2746088330  -0.2919047710  -0.9752416909
0.2714427149  -0.2883415519  -0.9783917334
0.2682923628  -0.2848001259  -0.9815261174
0.2651576704  -0.2812803141  -0.9846449493
0.2620385322  -0.2777819511  -0.9877483345
0.2589348432  -0.2743048867  -0.9908363768
0.2558464996  -0.2708489723  -0.9939091785
0.2527733983  -0.2674140544  -0.9969668414
0.2497154373  -0.2639999782  -1.0000094667
0.2466725153  -0.2606065902  -1.0030371549
0.2436445319  -0.2572337384  -1.0060500054
0.2406313874  -0.2538812724  -1.0090481173
0.2376329831  -0.2505490429  -1.0120315883
0.2346492209  -0.2472369018  -1.0150005158
0.2316800036  -0.2439447024  -1.0179549961
0.2287252348  -0.2406722944  -1.0208951250
0.2257848188  -0.2374195200  -1.0238209974
0.2228586605  -0.2341862327  -1.0267327074
0.2199466660  -0.2309723123  -1.0296303485
0.2170487417  -0.2277776370  -1.0325140131
0.2141647950  -0.2246020670  -1.0353837934
0.2112947339  -0.2214454594  -1.0382397805
0.2084384671  -0.2183076748  -1.0410820650
0.2055959040  -0.2151885746  -1.0439107368
0.2027669548  -0.2120880208  -1.0467258850
0.1999515303  -0.2090058762  -1.0495275982
0.1971495420  -0.2059420048  -1.0523159642
0.1943609020  -0.2028962710  -1.0550910703
0.1915855232  -0.1998685407  -1.0578530029
0.1888233190  -0.1968586805  -1.0606018480
0.1860742036  -0.1938665582  -1.0633376907
0.1833380918  -0.1908920427  -1.0660606157
0.1806148989  -0.1879350040  -1.0687707069
0.1779045410  -0.1849953135  -1.0714680476
0.1752069349  -0.1820728433  -1.0741527207
0.1725219976  -0.1791674671  -1.0768248081
0.1698496473  -0.1762790597  -1.0794843914
0.1671898022  -0.1734074968  -1.0821315514
0.1645423816  -0.1705526556  -1.0847663685
0.1619073052  -0.1677144143  -1.0873889223
0.1592844931  -0.1648926522  -1.0899992920
0.1566738662  -0.1620872497  -1.0925975561
0.1540753460  -0.1592980883  -1.0951837925
0.1514888544  -0.1565250505  -1.0977580787
0.1489143140  -0.1537680197  -1.1003204915
0.1463516479  -0.1510268804  -1.1028711071
0.1438007798  -0.1483015178  -1.1054100013
0.1412616344  -0.1455918709  -1.1079372608
0.1387341381  -0.1428978955  -1.1104529851
0.1362182152  -0.1402193536  -1.1129572400
0.1337137880  -0.1375559735  -1.1154500603
0.1312207817  -0.1349077078  -1.1179315052
0.1287391249  -0.1322745314  -1.1204016489
0.1262687462  -0.1296563417  -1.1228605596
0.1238095735  -0.1270530352  -1.1253083059
0.1213615356  -0.1244645086  -1.1277449565
0.1189245615  -0.1218906586  -1.1301705808
0.1164985809  -0.1193313820  -1.1325852487
0.1140835239  -0.1167865752  -1.1349890305
0.1116793211  -0.1142561347  -1.1373819975
0.1092859036  -0.1117399568  -1.1397642213
0.1069032029  -0.1092379379  -1.1421357745
0.1045311509  -0.1067499739  -1.1444967301
0.1021696801  -0.1042759611  -1.1468471621
0.0998187233  -0.1018157955  -1.1491871450
0.0974782138  -0.0993693732  -1.1515167538
0.0951480852  -0.0969365902  -1.1538360641
0.0928282717  -0.0945173430  -1.1561451522
0.0905187078  -0.0921115280  -1.1584440944
0.0882193283  -0.0897190420  -1.1607329675
0.0859300686  -0.0873397819  -1.1630118483
0.0836508645  -0.0849736453  -1.1652808137
0.0813816520  -0.0826205299  -1.1675399402
0.0791223677  -0.0802803343  -1.1697893040
0.0768729486  -0.0779529573  -1.1720289809
0.0746333319  -0.0756382986  -1.1742590456
0.0724034554  -0.0733362583  -1.1764795718
0.0701832572  -0.0710467375  -1.1786906321
0.0679726759  -0.0687696380  -1.1808922974
0.0657723503  -0.0665048894  -1.1831162861
0.0635826785  -0.0642524091  -1.1853783423
0.0614017852  -0.0620120289  -1.1876244540
0.0592290758  -0.0597836365  -1.1898686310
0.0570654310  -0.0575671773  -1.1921099619
0.0549107762  -0.0553625591  -1.1943474031
0.0527650410  -0.0531696910  -1.1965797785
0.0506281593  -0.0509884830  -1.1988057796
0.0485000697  -0.0488188461  -1.2010239655
0.0463807155  -0.0466606924  -1.2032327628
0.0442700454  -0.0445139347  -1.2054304658
0.0421680132  -0.0423784867  -1.2076152362
0.0400745784  -0.0402542628  -1.2097851034
0.0379897063  -0.0381411783  -1.2119379644
0.0359133678  -0.0360391490  -1.2140715837
0.0338455401  -0.0339480914  -1.2161835934
0.0317862064  -0.0318679224  -1.2182714932
0.0297353560  -0.0297985595  -1.2203326504
0.0276929844  -0.0277399206  -1.2223642997
0.0256590929  -0.0256919241  -1.2243635437
0.0236336892  -0.0236544886  -1.2263273523
0.0216167865  -0.0216275332  -1.2282525631
0.0196084036  -0.0196109774  -1.2301358812
0.0176085648  -0.0176047409  -1.2319738794
0.0156172991  -0.0156087440  -1.2337629979
0.0136346400  -0.0136229074  -1.2354995447
0.0116606249  -0.0116471521  -1.2371796952
0.0096952947  -0.0096814001  -1.2387994925
0.0077386925  -0.0077255738  -1.2403548471
0.0057908635  -0.0057795963  -1.2418415372
0.0038518534  -0.0038433917  -1.2432552087
0.0019217078  -0.0019168853  -1.2445913748
0.0019207160  -0.0019168798  -1.2445913748
