0.227139
0.6813219711  -0.8204973768   0.0000240183
0.6813219711  -0.8204973768   0.0000240183
0.6813259003  -0.8205036628   0.0000219117
0.6813269002  -0.8205040859   0.0000145168
0.6813228978  -0.8204953926   0.0000017015
0.6813132629  -0.8204766982  -0.0000166666
0.6812977202  -0.8204476120  -0.0000407201
0.6812760960  -0.8204078841  -0.0000705911
0.6812482551  -0.8203573169  -0.0001064120
0.6812140788  -0.8202957351  -0.0001483151
0.6811734567  -0.8202229736  -0.0001964327
0.6811262822  -0.8201388720  -0.0002508971
0.6810724504  -0.8200432716  -0.0003118405
0.6810118574  -0.8199360144  -0.0003793953
0.6809443991  -0.8198169415  -0.0004536935
0.6808699711  -0.8196858931  -0.0005348675
0.6807884686  -0.8195427080  -0.0006230495
0.6806997855  -0.8193872232  -0.0007183716
0.6806038153  -0.8192192742  -0.0008209660
0.6805004501  -0.8190386943  -0.0009309649
0.6803895812  -0.8188453150  -0.0010485003
0.6802710986  -0.8186389660  -0.0011737045
0.6801448910  -0.8184194748  -0.0013067096
0.6800108463  -0.8181866668  -0.0014476475
0.6798688508  -0.8179403655  -0.0015966505
0.6797187898  -0.8176803923  -0.0017538505
0.6795605471  -0.8174065668  -0.0019193797
0.6793940054  -0.8171187062  -0.0020933700
0.6792190460  -0.8168166260  -0.0022759535
0.6790355491  -0.8165001395  -0.0024672621
0.6788433933  -0.8161690582  -0.0026674279
0.6786424560  -0.8158231916  -0.0028765828
0.6784326125  -0.8154622902  -0.0030952066
0.6782137385  -0.8150862125  -0.0033231048
0.6779857087  -0.8146948407  -0.0035602829
0.6777483940  -0.8142879346  -0.0038068774
0.6775016645  -0.8138652712  -0.0040630201
0.6772453895  -0.8134266435  -0.0043288417
0.6769794368  -0.8129718449  -0.0046044743
0.6767036729  -0.8125006680  -0.0048900520
0.6764179629  -0.8120129037  -0.0051857102
0.6761221706  -0.8115083418  -0.0054915861
0.6758161583  -0.8109867703  -0.0058078184
0.6754997870  -0.8104479761  -0.0061345471
0.6751729162  -0.8098917447  -0.0064719138
0.6748354042  -0.8093178602  -0.0068200616
0.6744871076  -0.8087261057  -0.0071791348
0.6741278820  -0.8081162629  -0.0075492795
0.6737575812  -0.8074881128  -0.0079306429
0.6733760578  -0.8068414351  -0.0083233738
0.6729831629  -0.8061760087  -0.0087276224
0.6725787464  -0.8054916117  -0.0091435405
0.6721626566  -0.8047880214  -0.0095712812
0.6717347403  -0.8040650143  -0.0100109990
0.6712948432  -0.8033223664  -0.0104628501
0.6708428093  -0.8025598533  -0.0109269919
0.6703784814  -0.8017772499  -0.0114035835
0.6699017007  -0.8009743309  -0.0118927854
0.6694123072  -0.8001508707  -0.0123947594
0.6689101393  -0.7993066434  -0.0129096692
0.6683950336  -0.7984414230  -0.0134376795
0.6678668248  -0.7975549830  -0.0139789569
0.6673253463  -0.7966470968  -0.0145336695
0.6667704304  -0.7957175216  -0.0151019874
0.6662019074  -0.7947660251  -0.0156840824
0.6656196064  -0.7937924160  -0.0162801280
0.6650233550  -0.7927964853  -0.0168902991
0.6644129793  -0.7917779949  -0.0175147723
0.6637883038  -0.7907367132  -0.0181537254
0.6631491515  -0.7896724145  -0.0188073380
0.6624953439  -0.7885848742  -0.0194757910
0.6618267008  -0.7874738680  -0.0201592669
0.6611430408  -0.7863391722  -0.0208579495
0.6604441807  -0.7851805642  -0.0215720242
0.6597299358  -0.7839978217  -0.0223016775
0.6590001200  -0.7827907238  -0.0230470977
0.6582545455  -0.7815590501  -0.0238084742
0.6574930233  -0.7803025811  -0.0245859977
0.6567153623  -0.7790210982  -0.0253798604
0.6559213706  -0.7777143839  -0.0261902558
0.6551108541  -0.7763822216  -0.0270173785
0.6542836176  -0.7750243960  -0.0278614244
0.6534394643  -0.7736406931  -0.0287225909
0.6525781959  -0.7722309005  -0.0296010765
0.6516996126  -0.7707948080  -0.0304970807
0.6508035131  -0.7693322067  -0.0314108045
0.6498896945  -0.7678428883  -0.0323424495
0.6489579527  -0.7663266455  -0.0332922185
0.6480080820  -0.7647832726  -0.0342603151
0.6470398753  -0.7632125666  -0.0352469440
0.6460531240  -0.7616143268  -0.0362523106
0.6450476182  -0.7599883550  -0.0372766211
0.6440231468  -0.7583344560  -0.0383200825
0.6429794969  -0.7566524369  -0.0393829026
0.6419164641  -0.7549421182  -0.0404652897
0.6408338549  -0.7532033373  -0.0415674531
0.6397314694  -0.7514359292  -0.0426896025
0.6386090988  -0.7496397250  -0.0438319487
0.6374665336  -0.7478145605  -0.0449947028
0.6363035635  -0.7459602822  -0.0461780764
0.6351199777  -0.7440767520  -0.0473822813
0.6339155652  -0.7421638164  -0.0486075297
0.6326901143  -0.7402212637  -0.0498540341
0.6314434131  -0.7382488572  -0.0511220077
0.6301752492  -0.7362464154  -0.0524116637
0.6288854094  -0.7342138295  -0.0537232149
0.6275736806  -0.7321510240  -0.0550568739
0.6262398497  -0.7300579268  -0.0564128536
0.6248837035  -0.7279344626  -0.0577913669
0.6235050290  -0.7257805536  -0.0591926266
0.6221036130  -0.7235961199  -0.0606168448
0.6206792426  -0.7213810795  -0.0620642336
0.6192317050  -0.7191353487  -0.0635350042
0.6177607886  -0.7168588441  -0.0650293677
0.6162662863  -0.7145514883  -0.0665475343
0.6147479920  -0.7122131980  -0.0680897137
0.6132056957  -0.7098438802  -0.0696561152
0.6116391871  -0.7074434511  -0.0712469481
0.6100482567  -0.7050118394  -0.0728624210
0.6084326958  -0.7025489731  -0.0745027420
0.6067922961  -0.7000547735  -0.0761681178
0.6051268500  -0.6975291615  -0.0778587539
0.6034361510  -0.6949720624  -0.0795748544
0.6017199936  -0.6923834073  -0.0813166234
0.5999781733  -0.6897631336  -0.0830842633
0.5982104869  -0.6871111861  -0.0848779745
0.5964167325  -0.6844275177  -0.0866979542
0.5945967119  -0.6817120948  -0.0885443971
0.5927502378  -0.6789649104  -0.0904174953
0.5908771246  -0.6761859635  -0.0923174391
0.5889771811  -0.6733752386  -0.0942444148
0.5870502157  -0.6705326256  -0.0961985958
0.5850960376  -0.6676579922  -0.0981801423
0.5831144633  -0.6647517173  -0.1001892435
0.5811053233  -0.6618146548  -0.1022261429
0.5790684500  -0.6588471564  -0.1042910809
0.5770036637  -0.6558488138  -0.1063842425
0.5749107772  -0.6528191580  -0.1085057728
0.5727896167  -0.6497580550  -0.1106558066
0.5706400281  -0.6466656107  -0.1128344768
0.5684618560  -0.6435420023  -0.1150419129
0.5662549399  -0.6403874220  -0.1172782403
0.5640191231  -0.6372020871  -0.1195435815
0.5617542529  -0.6339862389  -0.1218380536
0.5594601819  -0.6307401419  -0.1241617813
0.5571367672  -0.6274640820  -0.1265148883
0.5547838657  -0.6241583699  -0.1288974130
0.5524013500  -0.6208233793  -0.1313092703
0.5499891104  -0.6174595116  -0.1337504125
0.5475470489  -0.6140671413  -0.1362209769
0.5450750785  -0.6106466464  -0.1387211706
0.5425731020  -0.6071984240  -0.1412511499
0.5400410141  -0.6037228861  -0.1438110472
0.5374787153  -0.6002204573  -0.1464009908
0.5348861436  -0.5966916258  -0.1490210971
0.5322632539  -0.5931369073  -0.1516714665
0.5296099773  -0.5895567699  -0.1543521755
0.5269262356  -0.5859516617  -0.1570632692
0.5242119525  -0.5823220292  -0.1598047471
0.5214670543  -0.5786683207  -0.1625765369
0.5186915047  -0.5749910512  -0.1653784460
0.5158852713  -0.5712907493  -0.1682100552
0.5130482475  -0.5675678405  -0.1710704342
0.5101798272  -0.5638226965  -0.1739537462
0.5072796132  -0.5600556800  -0.1768573008
0.5043493682  -0.5562673083  -0.1797931381
0.5013913230  -0.5524583630  -0.1827734384
0.4984052552  -0.5486296534  -0.1858004819
0.4953896547  -0.5447817407  -0.1888730083
0.4923435913  -0.5409150120  -0.1919894764
0.4892668108  -0.5370298636  -0.1951486170
0.4861592752  -0.5331265946  -0.1983491172
0.4830209360  -0.5292053787  -0.2015895489
0.4798518246  -0.5252664720  -0.2048683735
0.4766519809  -0.5213101061  -0.2081839483
0.4734213421  -0.5173363081  -0.2115345348
0.4701607179  -0.5133459529  -0.2149183056
0.4668698966  -0.5093389130  -0.2183333525
0.4635446012  -0.5053109294  -0.2217776943
0.4601797952  -0.5012568803  -0.2252492837
0.4567781057  -0.4971793721  -0.2287460132
0.4533459051  -0.4930848735  -0.2322657206
0.4498843407  -0.4889745103  -0.2358061970
0.4463927127  -0.4848474596  -0.2393651949
0.4428711026  -0.4807036734  -0.2429404352
0.4393194898  -0.4765429924  -0.2465296134
0.4357377641  -0.4723651836  -0.2501304052
0.4321255389  -0.4681697276  -0.2537404746
0.4284820244  -0.4639557098  -0.2573574805
0.4248059624  -0.4597217741  -0.2609790841
0.4210951449  -0.4554656472  -0.2646029557
0.4173457905  -0.4511835381  -0.2682267806
0.4135511299  -0.4468687494  -0.2718482664
0.4096980114  -0.4425083477  -0.2754651524
0.4057566414  -0.4380731113  -0.2790752386
0.4014335889  -0.4332722458  -0.2826764004
0.3970431387  -0.4284236024  -0.2862664976
0.3931330795  -0.4240719487  -0.2898432996
0.3895566731  -0.4200635903  -0.2934045916
0.3861143094  -0.4161955649  -0.2969483004
0.3827120491  -0.4123730534  -0.3004724903
0.3793347062  -0.4085805241  -0.3039753206
0.3759811965  -0.4048164898  -0.3074550367
0.3726511980  -0.4010802334  -0.3109099782
0.3693445118  -0.3973711979  -0.3143385863
0.3660609542  -0.3936888811  -0.3177394095
0.3628003558  -0.3900328338  -0.3211111120
0.3595625584  -0.3864026575  -0.3244524649
0.3563474143  -0.3827980016  -0.3277623585
0.3531548008  -0.3792185640  -0.3310399046
0.3499846343  -0.3756640907  -0.3342845175
0.3468368373  -0.3721343679  -0.3374957784
0.3437112922  -0.3686292110  -0.3406732656
0.3406078575  -0.3651484619  -0.3438166346
0.3375264138  -0.3616919919  -0.3469257387
0.3344668644  -0.3582596993  -0.3500006159
0.3314291157  -0.3548515040  -0.3530414773
0.3284130736  -0.3514673439  -0.3560487205
0.3254186453  -0.3481071717  -0.3590229421
0.3224457393  -0.3447709519  -0.3619649557
0.3194942660  -0.3414586584  -0.3648758137
0.3165641387  -0.3381702719  -0.3677568402
0.3136552771  -0.3349057783  -0.3706096844
0.3107676144  -0.3316651686  -0.3734364140
0.3079011142  -0.3284484411  -0.3762396984
0.3050558145  -0.3252556197  -0.3790232488
0.3022324591  -0.3220868680  -0.3817971993
0.2994317126  -0.3189423226  -0.3845705716
0.2966516049  -0.3158216088  -0.3873369067
0.2938891026  -0.3127240818  -0.3900861128
0.2911435777  -0.3096494447  -0.3928155520
0.2884159388  -0.3065976729  -0.3955255531
0.2857067386  -0.3035687174  -0.3982166956
0.2830160303  -0.3005624573  -0.4008892371
0.2803436684  -0.2975787356  -0.4035433669
0.2776894803  -0.2946173843  -0.4061792725
0.2750532935  -0.2916782291  -0.4087971420
0.2724349372  -0.2887610903  -0.4113971645
0.2698342423  -0.2858657831  -0.4139795295
0.2672510412  -0.2829921186  -0.4165444267
0.2646851682  -0.2801399027  -0.4190920454
0.2621364592  -0.2773089362  -0.4216225733
0.2596047513  -0.2744990155  -0.4241361952
0.2570898837  -0.2717099356  -0.4266330942
0.2545916971  -0.2689414927  -0.4291134519
0.2521100342  -0.2661934814  -0.4315774480
0.2496447394  -0.2634656942  -0.4340252593
0.2471956586  -0.2607579219  -0.4364570589
0.2447626392  -0.2580699549  -0.4388730161
0.2423455304  -0.2554015840  -0.4412732961
0.2399441832  -0.2527526001  -0.4436580592
0.2375584501  -0.2501227954  -0.4460274609
0.2351881852  -0.2475119630  -0.4483816507
0.2328332442  -0.2449198974  -0.4507207721
0.2304934845  -0.2423463944  -0.4530449618
0.2281687649  -0.2397912505  -0.4553543479
0.2258589456  -0.2372542614  -0.4576490482
0.2235638870  -0.2347351982  -0.4599291544
0.2212834487  -0.2322338127  -0.4621947222
0.2190174946  -0.2297499504  -0.4644458234
0.2167659003  -0.2272835901  -0.4666826040
0.2145285474  -0.2248346796  -0.4689052470
0.2123053122  -0.2224030424  -0.4711139102
0.2100960651  -0.2199884601  -0.4733087240
0.2079006769  -0.2175907403  -0.4754898112
0.2057190218  -0.2152097153  -0.4776572940
0.2035509766  -0.2128452274  -0.4798112938
0.2013964199  -0.2104971229  -0.4819519310
0.1992552314  -0.2081652508  -0.4840793245
0.1971272924  -0.2058494624  -0.4861935916
0.1950124856  -0.2035496116  -0.4882948486
0.1929106948  -0.2012655546  -0.4903832102
0.1908218052  -0.1989971494  -0.4924587899
0.1887457033  -0.1967442563  -0.4945216998
0.1866822767  -0.1945067371  -0.4965720509
0.1846314146  -0.1922844556  -0.4986099527
0.1825930070  -0.1900772772  -0.5006355136
0.1805669455  -0.1878850689  -0.5026488409
0.1785531225  -0.1857076993  -0.5046500405
0.1765514320  -0.1835450382  -0.5066392172
0.1745617687  -0.1813969564  -0.5086164748
0.1725840289  -0.1792633259  -0.5105819157
0.1706181097  -0.1771440199  -0.5125356414
0.1686639094  -0.1750389119  -0.5144777522
0.1667213276  -0.1729478766  -0.5164083475
0.1647902647  -0.1708707891  -0.5183275255
0.1628706223  -0.1688075250  -0.5202353835
0.1609623031  -0.1667579602  -0.5221320176
0.1590652108  -0.1647219699  -0.5240175232
0.1571792500  -0.1626994273  -0.5258919948
0.1553043265  -0.1606902061  -0.5277555259
0.1534403471  -0.1586941851  -0.5296082091
0.1515872194  -0.1567112494  -0.5314501356
0.1497448522  -0.1547412862  -0.5332813957
0.1479131551  -0.1527841820  -0.5351020783
0.1460920388  -0.1508398231  -0.5369122719
0.1442814148  -0.1489080967  -0.5387120640
0.1424811956  -0.1469888914  -0.5405015410
0.1406912947  -0.1450820966  -0.5422807886
0.1389116263  -0.1431876032  -0.5440498915
0.1371421058  -0.1413053027  -0.5458089337
0.1353826491  -0.1394350882  -0.5475579980
0.1336331734  -0.1375768535  -0.5492971666
0.1318935964  -0.1357304936  -0.5510265208
0.1301638368  -0.1338959039  -0.5527461409
0.1284438141  -0.1320729790  -0.5544561067
0.1267334488  -0.1302616167  -0.5561564969
0.1250326620  -0.1284617196  -0.5578473894
0.1233413757  -0.1266731911  -0.5595288614
0.1216595127  -0.1248959321  -0.5612009893
0.1199869966  -0.1231298441  -0.5628638487
0.1183237518  -0.1213748298  -0.5645175144
0.1166697034  -0.1196307930  -0.5661620604
0.1150247773  -0.1178976382  -0.5677975602
0.1133889002  -0.1161752709  -0.5694240862
0.1117619994  -0.1144635975  -0.5710417103
0.1101440031  -0.1127625254  -0.5726505037
0.1085348403  -0.1110719628  -0.5742505366
0.1069344403  -0.1093918188  -0.5758418789
0.1053427336  -0.1077220036  -0.5774245995
0.1037596511  -0.1060624281  -0.5789987667
0.1021851245  -0.1044130043  -0.5805644481
0.1006190861  -0.1027736450  -0.5821217106
0.0990614691  -0.1011442639  -0.5836706206
0.0975122070  -0.0995247756  -0.5852112435
0.0959712343  -0.0979150957  -0.5867436445
0.0944384860  -0.0963151406  -0.5882678877
0.0929138978  -0.0947248276  -0.5897840369
0.0913974059  -0.0931440747  -0.5912921551
0.0898889473  -0.0915728010  -0.5927923047
0.0883884595  -0.0900109262  -0.5942845476
0.0868958807  -0.0884583710  -0.5957689449
0.0854111497  -0.0869150570  -0.5972455572
0.0839342059  -0.0853809062  -0.5987144445
0.0824649891  -0.0838558418  -0.6001756663
0.0810034400  -0.0823397877  -0.6016292814
0.0795494998  -0.0808326768  -0.6030753515
0.0781031105  -0.0793344456  -0.6045139421
0.0766642142  -0.0778449997  -0.6059451078
0.0752327531  -0.0763642401  -0.6073688931
0.0738086704  -0.0748921049  -0.6087853498
0.0723919103  -0.0734285358  -0.6101945339
0.0709824176  -0.0719734628  -0.6115964992
0.0695801372  -0.0705268164  -0.6129912992
0.0681850147  -0.0690885277  -0.6143789870
0.0667969963  -0.0676585280  -0.6157596158
0.0654160285  -0.0662367497  -0.6171332383
0.0640420584  -0.0648231253  -0.6184999072
0.0626750338  -0.0634175881  -0.6198596749
0.0613149026  -0.0620200717  -0.6212125939
0.0599616136  -0.0606305105  -0.6225587164
0.0586151159  -0.0592488391  -0.6238980944
0.0572753589  -0.0578749930  -0.6252307799
0.0559422928  -0.0565089079  -0.6265568249
0.0546158680  -0.0551505202  -0.6278762809
0.0532960356  -0.0537997668  -0.6291891996
0.0519827469  -0.0524565850  -0.6304956324
0.0506759539  -0.0511209128  -0.6317956304
0.0493756088  -0.0497926887  -0.6330892446
0.0480816644  -0.0484718517  -0.6343765257
0.0467940739  -0.0471583415  -0.6356575239
0.0455127908  -0.0458520980  -0.6369322895
0.0442377694  -0.0445530621  -0.6382008718
0.0429689639  -0.0432611750  -0.6394633201
0.0417063294  -0.0419763784  -0.6407196830
0.0404498210  -0.0406986147  -0.6419700083
0.0391993945  -0.0394278269  -0.6432143434
0.0379550060  -0.0381639585  -0.6444527349
0.0367168281  -0.0369069576  -0.6457027939
0.0354849593  -0.0356567709  -0.6469732637
0.0342587966  -0.0344133328  -0.6482341854
0.0330381328  -0.0331765864  -0.6494933429
0.0318232161  -0.0319464839  -0.6507502414
0.0306140000  -0.0307229723  -0.6520043124
0.0294104399  -0.0295059993  -0.6532549142
0.0282124923  -0.0282955129  -0.6545013320
0.0270201157  -0.0270914618  -0.6557427773
0.0258332704  -0.0258937954  -0.6569783886
0.0246519183  -0.0247024634  -0.6582072310
0.0234760234  -0.0235174159  -0.6594282962
0.0223055514  -0.0223386039  -0.6606405026
0.0211404702  -0.0211659785  -0.6618426954
0.0199807497  -0.0199994916  -0.6630336464
0.0188263619  -0.0188390953  -0.6642120542
0.0176772808  -0.0176847422  -0.6653765439
0.0165334826  -0.0165363856  -0.6665256673
0.0153949456  -0.0153939788  -0.6676579032
0.0142616500  -0.0142574760  -0.6687716566
0.0131335784  -0.0131268314  -0.6698652596
0.0120107150  -0.0120019998  -0.6709369707
0.0108930462  -0.0108829366  -0.6719849753
0.0097805601  -0.0097695972  -0.6730073854
0.0086732465  -0.0086619377  -0.6740022397
0.0075710968  -0.0075599146  -0.6749675034
0.0064741036  -0.0064634846  -0.6759010688
0.0053822611  -0.0053726052  -0.6768007545
0.0042955639  -0.0042872340  -0.6776643059
0.0032140077  -0.0032073291  -0.6784893951
0.0021375885  -0.0021328491  -0.6792736211
0.0010663023  -0.0010637532  -0.6800145091
0.0010659971  -0.0010637516  -0.6800145091
