0.0620456
2.4546006067  -2.5887650575   0.0001101881
2.4546006067  -2.5887650575   0.0001101881
2.4546067371  -2.5887428632   0.0000877011
2.4545959887  -2.5886656491   0.0000339067
2.4545605129  -2.5885336903  -0.0000521380
2.4544927769  -2.5883353788  -0.0001713592
2.4543901110  -2.5880673874  -0.0003246657
2.4542510368  -2.5877283069  -0.0005129498
2.4540745231  -2.5873174228  -0.0007370866
2.4538597426  -2.5868343215  -0.0009979342
2.4536059735  -2.5862787291  -0.0012963338
2.4533125543  -2.5856504375  -0.0016331097
2.4529788599  -2.5849492663  -0.0020090689
2.4526042891  -2.5841750423  -0.0024250018
2.4521882567  -2.5833275878  -0.0028816816
2.4517301898  -2.5824067143  -0.0033798647
2.4512295244  -2.5814122189  -0.0039202903
2.4506857041  -2.5803438824  -0.0045036809
2.4500981789  -2.5792014686  -0.0051307417
2.4494664047  -2.5779847247  -0.0058021613
2.4487898430  -2.5766933816  -0.0065186110
2.4480679605  -2.5753271550  -0.0072807452
2.4473002298  -2.5738857464  -0.0080892015
2.4464861286  -2.5723688449  -0.0089446004
2.4456251405  -2.5707761285  -0.0098475453
2.4447167552  -2.5691072658  -0.0107986229
2.4437604686  -2.5673619178  -0.0117984027
2.4427557829  -2.5655397395  -0.0128474373
2.4417022077  -2.5636403818  -0.0139462624
2.4405992593  -2.5616634937  -0.0150953966
2.4394464618  -2.5596087238  -0.0162953415
2.4382433474  -2.5574757224  -0.0175465820
2.4369894526  -2.5552625838  -0.0188513358
2.4356843401  -2.5529704424  -0.0202085267
2.4343275726  -2.5506008674  -0.0216180727
2.4329186998  -2.5481523602  -0.0230802598
2.4314572929  -2.5456242198  -0.0245954204
2.4299429399  -2.5430159924  -0.0261639450
2.4283752400  -2.5403272930  -0.0277862099
2.4267538030  -2.5375577977  -0.0294625845
2.4250782501  -2.5347072177  -0.0311934295
2.4233482142  -2.5317752948  -0.0329790962
2.4215633405  -2.5287618004  -0.0348199248
2.4197232867  -2.5256665364  -0.0367162441
2.4178277230  -2.5224893361  -0.0386683709
2.4158763327  -2.5192300652  -0.0406766093
2.4138688104  -2.5158886224  -0.0427412506
2.4118048511  -2.5124649325  -0.0448625727
2.4096841605  -2.5089589546  -0.0470408402
2.4075064691  -2.5053706903  -0.0492763034
2.4052715234  -2.5017001812  -0.0515691992
2.4029790846  -2.4979475072  -0.0539197496
2.4006289287  -2.4941127881  -0.0563281626
2.3982208463  -2.4901961836  -0.0587946315
2.3957546433  -2.4861978941  -0.0613193346
2.3932301403  -2.4821181613  -0.0639024356
2.3906471736  -2.4779572680  -0.0665440830
2.3880055945  -2.4737155391  -0.0692444104
2.3853052699  -2.4693933416  -0.0720035362
2.3825460820  -2.4649910853  -0.0748215636
2.3797279286  -2.4605092211  -0.0776985815
2.3768507234  -2.4559482397  -0.0806346656
2.3739143952  -2.4513086720  -0.0836298773
2.3709188880  -2.4465907032  -0.0866842617
2.3678641585  -2.4417948148  -0.0897978475
2.3647501814  -2.4369224229  -0.0929706470
2.3615769517  -2.4319745514  -0.0962026568
2.3583444769  -2.4269516728  -0.0994938582
2.3550527761  -2.4218544494  -0.1028442166
2.3517018839  -2.4166836431  -0.1062536820
2.3482918497  -2.4114400651  -0.1097221888
2.3448227380  -2.4061245666  -0.1132496566
2.3412946274  -2.4007380305  -0.1168359899
2.3377076111  -2.3952813681  -0.1204810785
2.3340617959  -2.3897555187  -0.1241847977
2.3303573028  -2.3841614495  -0.1279470089
2.3265942662  -2.3785001544  -0.1317675595
2.3227728339  -2.3727726518  -0.1356462837
2.3188931669  -2.3669799827  -0.1395830029
2.3149554392  -2.3611232098  -0.1435775260
2.3109598375  -2.3552034170  -0.1476296504
2.3069065609  -2.3492217085  -0.1517391613
2.3027958205  -2.3431792079  -0.1559058327
2.2986278391  -2.3370770567  -0.1601294276
2.2944028513  -2.3309164135  -0.1644096984
2.2901211028  -2.3246984532  -0.1687463875
2.2857828502  -2.3184243657  -0.1731392272
2.2813883611  -2.3120953548  -0.1775879406
2.2769379129  -2.3057126374  -0.1820922420
2.2724317938  -2.2992774433  -0.1866518386
2.2678703024  -2.2927910146  -0.1912664348
2.2632537478  -2.2862546061  -0.1959357313
2.2585825025  -2.2796695962  -0.2006594203
2.2538569874  -2.2730374607  -0.2054371852
2.2490775745  -2.2663595544  -0.2102687011
2.2442445981  -2.2596371191  -0.2151536354
2.2393583961  -2.2528714191  -0.2200916478
2.2344193105  -2.2460637659  -0.2250823908
2.2294276879  -2.2392154709  -0.2301255096
2.2243838786  -2.2323278252  -0.2352206426
2.2192882365  -2.2254021132  -0.2403674212
2.2141411192  -2.2184396344  -0.2455654706
2.2089428881  -2.2114417105  -0.2508144097
2.2036939079  -2.2044095786  -0.2561138517
2.1983945461  -2.1973442685  -0.2614634045
2.1930451725  -2.1902467439  -0.2668626715
2.1876461597  -2.1831181666  -0.2723112506
2.1821978851  -2.1759599050  -0.2778087339
2.1767007302  -2.1687733676  -0.2833547083
2.1711550804  -2.1615599216  -0.2889487566
2.1655613243  -2.1543208922  -0.2945904578
2.1599198537  -2.1470575658  -0.3002793881
2.1542310637  -2.1397711885  -0.3060151217
2.1484953527  -2.1324629660  -0.3117972306
2.1427131216  -2.1251340648  -0.3176252832
2.1368847743  -2.1177856115  -0.3234988453
2.1310107178  -2.1104186937  -0.3294174792
2.1250913619  -2.1030343612  -0.3353807447
2.1191271202  -2.0956336268  -0.3413881985
2.1131184095  -2.0882174691  -0.3474393947
2.1070656504  -2.0807868348  -0.3535338846
2.1009693726  -2.0733428212  -0.3596712163
2.0948302640  -2.0658867561  -0.3658509349
2.0886489327  -2.0584197917  -0.3720725811
2.0824258544  -2.0509428164  -0.3783356902
2.0761615005  -2.0434566792  -0.3846397924
2.0698563423  -2.0359622044  -0.3909844145
2.0635108516  -2.0284601970  -0.3973690806
2.0571255008  -2.0209514437  -0.4037933147
2.0507007621  -2.0134367140  -0.4102566382
2.0442371061  -2.0059167648  -0.4167585657
2.0377350005  -1.9983923471  -0.4232986029
2.0311949120  -1.9908642147  -0.4298762470
2.0246173047  -1.9833332350  -0.4364909765
2.0180026405  -1.9758002719  -0.4431422550
2.0113513938  -1.9682654761  -0.4498295977
2.0046640602  -1.9607284785  -0.4565525977
1.9979411291  -1.9531899290  -0.4633108240
1.9911830557  -1.9456516526  -0.4701037511
1.9843902792  -1.9381152767  -0.4769308079
1.9775632528  -1.9305817763  -0.4837914316
1.9707024486  -1.9230518899  -0.4906850808
1.9638083497  -1.9155263469  -0.4976112273
1.9568814846  -1.9080060543  -0.5045693449
1.9499224098  -1.9004919777  -0.5115589077
1.9429316536  -1.8929849083  -0.5185793927
1.9359097302  -1.8854855625  -0.5256302809
1.9288571536  -1.8779946477  -0.5327110577
1.9217744383  -1.8705128643  -0.5398212135
1.9146621000  -1.8630409068  -0.5469602495
1.9075206584  -1.8555794673  -0.5541276869
1.9003506356  -1.8481292338  -0.5613230626
1.8931525478  -1.8406908817  -0.5685459145
1.8859269020  -1.8332650679  -0.5757957738
1.8786741993  -1.8258524306  -0.5830721663
1.8713949408  -1.8184535925  -0.5903746232
1.8640896337  -1.8110691668  -0.5977026957
1.8567587870  -1.8036997521  -0.6050559433
1.8494028968  -1.7963459152  -0.6124339011
1.8420225077  -1.7890083320  -0.6198360792
1.8346182595  -1.7816879017  -0.6272619901
1.8271906620  -1.7743852651  -0.6347111225
1.8197400342  -1.7671006535  -0.6421828971
1.8122666426  -1.7598341775  -0.6496766201
1.8047706785  -1.7525857314  -0.6571913542
1.7972516369  -1.7453543525  -0.6647238021
1.7897095155  -1.7381397702  -0.6722729079
1.7821475799  -1.7309455678  -0.6798456935
1.7745691537  -1.7237758165  -0.6874479187
1.7669732043  -1.7166299771  -0.6950788116
1.7593572309  -1.7095052937  -0.7027365552
1.7517203501  -1.7024001252  -0.7104199817
1.7440629090  -1.6953141074  -0.7181279680
1.7363857428  -1.6882474560  -0.7258593491
1.7286894256  -1.6811998741  -0.7336129206
1.7209742153  -1.6741704990  -0.7413874430
1.7132403613  -1.6671583667  -0.7491816465
1.7054881075  -1.6601624311  -0.7569942354
1.6977176913  -1.6531815732  -0.7648238930
1.6899293394  -1.6462146071  -0.7726692849
1.6821232647  -1.6392602871  -0.7805290630
1.6742999828  -1.6323177942  -0.7884018690
1.6664603682  -1.6253867810  -0.7962863374
1.6586049839  -1.6184663534  -0.8041810993
1.6507340048  -1.6115550102  -0.8120847861
1.6428475437  -1.6046511725  -0.8199960328
1.6349456404  -1.5977531975  -0.8279134810
1.6270286916  -1.5908599878  -0.8358357819
1.6190976554  -1.5839712377  -0.8437615984
1.6111526706  -1.5770855755  -0.8516896086
1.6031926412  -1.5702001238  -0.8596185081
1.5952166916  -1.5633124906  -0.8675470099
1.5872246893  -1.5564213438  -0.8754738481
1.5792143814  -1.5495229769  -0.8833977861
1.5711820884  -1.5426123672  -0.8913176236
1.5631206374  -1.5356811540  -0.8992322024
1.5550154005  -1.5287129020  -0.9071404404
1.5467241653  -1.5215649717  -0.9150413361
1.5384416585  -1.5144358229  -0.9229338181
1.5304679947  -1.5076268789  -0.9308166471
1.5226586876  -1.5009890088  -0.9386886109
1.5148772554  -1.4943798747  -0.9465487057
1.5071089036  -1.4877801450  -0.9543960771
1.4993532257  -1.4811870250  -0.9622299313
1.4916099798  -1.4745987987  -0.9700495199
1.4838789245  -1.4680139317  -0.9778541508
1.4761598353  -1.4614310097  -0.9856432023
1.4684525089  -1.4548487422  -0.9934161285
1.4607567596  -1.4482659642  -1.0011724605
1.4530724164  -1.4416816374  -1.0089118093
1.4453993224  -1.4350948492  -1.0166338688
1.4377373340  -1.4285048120  -1.0243384188
1.4300863172  -1.4219108606  -1.0320253219
1.4224461424  -1.4153124472  -1.0396945145
1.4148166830  -1.4087091377  -1.0473460100
1.4071978231  -1.4021006089  -1.0549799132
1.3995894602  -1.3954866456  -1.0625964268
1.3919915003  -1.3888671366  -1.0701958541
1.3844038535  -1.3822420669  -1.0777785954
1.3768264242  -1.3756115093  -1.0853451344
1.3692591133  -1.3689756172  -1.0928960480
1.3617018353  -1.3623346219  -1.1004320457
1.3541545238  -1.3556888287  -1.1079539823
1.3466171131  -1.3490386067  -1.1154628407
1.3390895388  -1.3423843843  -1.1229597685
1.3315717663  -1.3357266534  -1.1304461467
1.3240638162  -1.3290659818  -1.1379236799
1.3165658169  -1.3224031022  -1.1453946059
1.3090788615  -1.3157391395  -1.1528642913
1.3016036777  -1.3090750188  -1.1603367613
1.2941368487  -1.3024101746  -1.1678072158
1.2866738618  -1.2957431702  -1.1752700447
1.2792146458  -1.2890734386  -1.1827250720
1.2717611866  -1.2824012239  -1.1901731793
1.2643141480  -1.2757267306  -1.1976146774
1.2568733867  -1.2690499827  -1.2050498025
1.2494386823  -1.2623709370  -1.2124787933
1.2420098148  -1.2556895221  -1.2199018917
1.2345865655  -1.2490056463  -1.2273193425
1.2271687158  -1.2423191976  -1.2347313923
1.2197560479  -1.2356300431  -1.2421382898
1.2123483441  -1.2289380287  -1.2495402845
1.2049453875  -1.2222429800  -1.2569376267
1.1975469612  -1.2155447023  -1.2643305669
1.1901528486  -1.2088429801  -1.2717193551
1.1827628339  -1.2021375767  -1.2791042403
1.1753767014  -1.1954282374  -1.2864854705
1.1679942358  -1.1887146928  -1.2938632913
1.1606152220  -1.1819966611  -1.3012379456
1.1532394452  -1.1752738478  -1.3086096724
1.1458666909  -1.1685459447  -1.3159787071
1.1384967453  -1.1618126306  -1.3233452803
1.1311293950  -1.1550735768  -1.3307096176
1.1237644270  -1.1483284542  -1.3380719383
1.1164016283  -1.1415769334  -1.3454324541
1.1090407865  -1.1348186833  -1.3527913692
1.1016816892  -1.1280533788  -1.3601488781
1.0943241242  -1.1212807128  -1.3675051640
1.0869678781  -1.1145004139  -1.3748603947
1.0796127305  -1.1077124160  -1.3822147016
1.0722584503  -1.1009167893  -1.3895681706
1.0649048287  -1.0941128419  -1.3969209271
1.0575517173  -1.0872989393  -1.4042732172
1.0501989877  -1.0804739208  -1.4116253285
1.0428464631  -1.0736376683  -1.4189774911
1.0354939253  -1.0667902231  -1.4263298950
1.0281411612  -1.0599313340  -1.4336827293
1.0207879735  -1.0530606375  -1.4410361859
1.0134341709  -1.0461777736  -1.4483904559
1.0060795635  -1.0392823958  -1.4557457289
0.9987239625  -1.0323741710  -1.4631021934
0.9913671804  -1.0254527790  -1.4704600365
0.9840090306  -1.0185179116  -1.4778194440
0.9766493278  -1.0115692709  -1.4851806002
0.9692878877  -1.0046065701  -1.4925436883
0.9619245274  -0.9976295377  -1.4999088900
0.9545590650  -0.9906379187  -1.5072763854
0.9471913200  -0.9836314651  -1.5146463532
0.9398211131  -0.9766099295  -1.5220189710
0.9324482662  -0.9695730664  -1.5293944147
0.9250726029  -0.9625206343  -1.5367728591
0.9176939478  -0.9554523935  -1.5441544775
0.9103121270  -0.9483681052  -1.5515394416
0.9029269682  -0.9412675290  -1.5589279219
0.8955383004  -0.9341504211  -1.5663200874
0.8881459540  -0.9270165312  -1.5737161057
0.8807497613  -0.9198656003  -1.5811161428
0.8733495560  -0.9126973583  -1.5885203633
0.8659451733  -0.9055115193  -1.5959289305
0.8585364506  -0.8983077757  -1.6033420062
0.8511232267  -0.8910857765  -1.6107597508
0.8437053426  -0.8838450999  -1.6181823240
0.8362826414  -0.8765853101  -1.6256098842
0.8288549673  -0.8693060900  -1.6330425872
0.8214221658  -0.8620072534  -1.6404805849
0.8139840839  -0.8546886180  -1.6479240260
0.8065405715  -0.8473499414  -1.6553730576
0.7990914812  -0.8399909583  -1.6628278250
0.7916366680  -0.8326114097  -1.6702884714
0.7841759894  -0.8252110437  -1.6777551375
0.7767093048  -0.8177896128  -1.6852279613
0.7692364767  -0.8103468736  -1.6927070782
0.7617573698  -0.8028825869  -1.7001926208
0.7542718519  -0.7953965182  -1.7076847188
0.7467797938  -0.7878880522  -1.7151834998
0.7392810705  -0.7803558010  -1.7226890903
0.7317755596  -0.7727991978  -1.7302016132
0.7242631388  -0.7652198502  -1.7377211820
0.7167436872  -0.7576192730  -1.7452479023
0.7092170906  -0.7499973350  -1.7527818802
0.7016832415  -0.7423535359  -1.7603232217
0.6941420362  -0.7346875950  -1.7678720298
0.6865933739  -0.7269992134  -1.7754284033
0.6790371577  -0.7192880628  -1.7829924373
0.6714732947  -0.7115537918  -1.7905642227
0.6639016967  -0.7037960326  -1.7981438461
0.6563222797  -0.6960144084  -1.8057313894
0.6487349648  -0.6882085399  -1.8133269296
0.6411396777  -0.6803780525  -1.8209305381
0.6335363494  -0.6725225835  -1.8285422806
0.6259249160  -0.6646417891  -1.8361622170
0.6183053194  -0.6567353507  -1.8437904004
0.6106775071  -0.6488029816  -1.8514268773
0.6030414325  -0.6408444330  -1.8590716869
0.5953970554  -0.6328594993  -1.8667248610
0.5877443419  -0.6248480227  -1.8743864237
0.5800832651  -0.6168098976  -1.8820563911
0.5724138050  -0.6087450753  -1.8897347711
0.5647359490  -0.6006535676  -1.8974215628
0.5570496919  -0.5925354500  -1.9051167569
0.5493550365  -0.5843908631  -1.9128203349
0.5416519938  -0.5762200148  -1.9205322693
0.5339405833  -0.5680231811  -1.9282525232
0.5262208331  -0.5598007063  -1.9359810503
0.5184927803  -0.5515530028  -1.9437177946
0.5107564717  -0.5432805498  -1.9514626902
0.5030120074  -0.5349900128  -1.9592158756
0.4952595643  -0.5266904593  -1.9669777250
0.4874991717  -0.5183683757  -1.9747479861
0.4797306398  -0.5100052132  -1.9825258268
0.4719539594  -0.5016083015  -1.9903108766
0.4641693722  -0.4931881470  -1.9981030379
0.4563770842  -0.4847463325  -2.0059021012
0.4485772461  -0.4762844596  -2.0137078610
0.4407700225  -0.4678041551  -2.0215201171
0.4329555914  -0.4593070536  -2.0293386763
0.4251341435  -0.4507947811  -2.0371633528
0.4173058809  -0.4422689411  -2.0449939692
0.4094710168  -0.4337311013  -2.0528303568
0.4016297741  -0.4251827836  -2.0606723560
0.3937823854  -0.4166254539  -2.0685198161
0.3859290918  -0.4080605157  -2.0763725950
0.3780701426  -0.3994893040  -2.0842305587
0.3702057954  -0.3909130820  -2.0920935803
0.3623363151  -0.3823330389  -2.0999615393
0.3544619746  -0.3737502904  -2.1078343197
0.3465830545  -0.3651658797  -2.1157118091
0.3386998436  -0.3565807814  -2.1235938961
0.3308126388  -0.3479959055  -2.1314804693
0.3229217459  -0.3394121045  -2.1393714141
0.3150274796  -0.3308301803  -2.1472666112
0.3071301641  -0.3222508930  -2.1551659333
0.2992301333  -0.3136749705  -2.1630692431
0.2913277311  -0.3051031194  -2.1709763900
0.2834233110  -0.2965360354  -2.1788872077
0.2755172368  -0.2879744156  -2.1868015110
0.2676098817  -0.2794189697  -2.1947190928
0.2597016276  -0.2708704623  -2.2026397205
0.2518058678  -0.2623379044  -2.2106893756
0.2439314296  -0.2538270409  -2.2189304253
0.2360449795  -0.2453168601  -2.2271465885
0.2281370690  -0.2368023402  -2.2353931456
0.2202255916  -0.2282960483  -2.2436657962
0.2123107009  -0.2197991006  -2.2519596938
0.2043926303  -0.2113127866  -2.2602694459
0.1964716910  -0.2028385460  -2.2685891141
0.1885482735  -0.1943779631  -2.2769122136
0.1806228498  -0.1859327572  -2.2852317139
0.1726959748  -0.1775047692  -2.2935400380
0.1647682863  -0.1690959439  -2.3018290633
0.1568405061  -0.1607083085  -2.3100901208
0.1489134386  -0.1523439470  -2.3183139955
0.1409879700  -0.1440049715  -2.3264909265
0.1330650665  -0.1356934903  -2.3346106066
0.1251457717  -0.1274115741  -2.3426621826
0.1172312035  -0.1191612207  -2.3506342554
0.1093225506  -0.1109443189  -2.3585148797
0.1014210674  -0.1027626135  -2.3662915640
0.0935280695  -0.0946176728  -2.3739512710
0.0856449278  -0.0865108583  -2.3814804171
0.0777730626  -0.0784433008  -2.3888648728
0.0699139364  -0.0704158814  -2.3960899624
0.0620690470  -0.0624292213  -2.4031404642
0.0542399200  -0.0544836796  -2.4100006106
0.0464281008  -0.0465793621  -2.4166540875
0.0386351460  -0.0387161399  -2.4230840352
0.0308626156  -0.0308936792  -2.4292730476
0.0231120635  -0.0231114817  -2.4352031727
0.0153850295  -0.0153689344  -2.4408559124
0.0076830296  -0.0076653664  -2.4462122225
0.0076671515  -0.0076651658  -2.4462122225
