0.114477
1.7411140850  -1.7931523110   0.0000630404
1.7411140850  -1.7931523110   0.0000630404
1.7411189456  -1.7931469177   0.0000520410
1.7411146874  -1.7931170938   0.0000242081
1.7410967625  -1.7930618835  -0.0000209249
1.7410615288  -1.7929770053  -0.0000838205
1.7410076450  -1.7928610962  -0.0001649374
1.7409343534  -1.7927135019  -0.0002647306
1.7408411159  -1.7925338283  -0.0003836510
1.7407274932  -1.7923217944  -0.0005221459
1.7405930968  -1.7920771724  -0.0006806586
1.7404375650  -1.7917997591  -0.0008596286
1.7402605520  -1.7914893614  -0.0010594917
1.7400617211  -1.7911457884  -0.0012806796
1.7398407406  -1.7907688462  -0.0015236204
1.7395972818  -1.7903583360  -0.0017887382
1.7393310173  -1.7899140514  -0.0020764533
1.7390416204  -1.7894357783  -0.0023871823
1.7387287639  -1.7889232935  -0.0027213377
1.7383921201  -1.7883763649  -0.0030793283
1.7380313604  -1.7877947513  -0.0034615591
1.7376461549  -1.7871782024  -0.0038684313
1.7372361727  -1.7865264588  -0.0043003420
1.7368010815  -1.7858392524  -0.0047576847
1.7363405478  -1.7851163067  -0.0052408491
1.7358542364  -1.7843573368  -0.0057502207
1.7353418113  -1.7835620501  -0.0062861817
1.7348029348  -1.7827301466  -0.0068491100
1.7342372681  -1.7818613192  -0.0074393798
1.7336444714  -1.7809552541  -0.0080573616
1.7330242034  -1.7800116316  -0.0087034219
1.7323761222  -1.7790301261  -0.0093779234
1.7316998742  -1.7780097084  -0.0100821956
1.7309951283  -1.7769506726  -0.0108157330
1.7302615538  -1.7758535550  -0.0115785883
1.7294987931  -1.7747175160  -0.0123710525
1.7287064952  -1.7735420128  -0.0131934370
1.7278843124  -1.7723266261  -0.0140460825
1.7270318975  -1.7710709606  -0.0149293288
1.7261489032  -1.7697746379  -0.0158435178
1.7252349822  -1.7684372858  -0.0167889930
1.7242897874  -1.7670585365  -0.0177660988
1.7233129718  -1.7656380262  -0.0187751796
1.7223041891  -1.7641753956  -0.0198165802
1.7212630930  -1.7626702901  -0.0208906449
1.7201893383  -1.7611223610  -0.0219977176
1.7190825801  -1.7595312653  -0.0231381416
1.7179424746  -1.7578966670  -0.0243122592
1.7167686790  -1.7562182374  -0.0255204118
1.7155608514  -1.7544956556  -0.0267629395
1.7143186513  -1.7527286096  -0.0280401811
1.7130417398  -1.7509167964  -0.0293524740
1.7117297791  -1.7490599228  -0.0307001538
1.7103824335  -1.7471577060  -0.0320835545
1.7089993688  -1.7452098740  -0.0335030079
1.7075802530  -1.7432161662  -0.0349588439
1.7061247560  -1.7411763341  -0.0364513901
1.7046325501  -1.7390901413  -0.0379809717
1.7031033101  -1.7369573643  -0.0395479117
1.7015367131  -1.7347777929  -0.0411525313
1.6999324393  -1.7325512304  -0.0427951498
1.6982901716  -1.7302774943  -0.0444760832
1.6966095957  -1.7279564170  -0.0461956442
1.6948904007  -1.7255876578  -0.0479541419
1.6931322778  -1.7231710089  -0.0497518818
1.6913349221  -1.7207067208  -0.0515891647
1.6894980348  -1.7181948627  -0.0534662877
1.6876213203  -1.7156352197  -0.0553835437
1.6857044855  -1.7130276577  -0.0573412211
1.6837472415  -1.7103720940  -0.0593396039
1.6817493036  -1.7076684687  -0.0613789711
1.6797103915  -1.7049167401  -0.0634595968
1.6776302296  -1.7021168799  -0.0655817499
1.6755085469  -1.6992688733  -0.0677456943
1.6733450772  -1.6963727199  -0.0699516879
1.6711395594  -1.6934284346  -0.0721999833
1.6688917374  -1.6904360480  -0.0744908273
1.6666013604  -1.6873956043  -0.0768244609
1.6642681833  -1.6843071616  -0.0792011188
1.6618919662  -1.6811707913  -0.0816210298
1.6594724755  -1.6779865784  -0.0840844161
1.6570094832  -1.6747546211  -0.0865914938
1.6545027676  -1.6714750313  -0.0891424720
1.6519521130  -1.6681479339  -0.0917375532
1.6493573104  -1.6647734673  -0.0943769332
1.6467181573  -1.6613517832  -0.0970608005
1.6440344579  -1.6578830477  -0.0997893367
1.6413060234  -1.6543674411  -0.1025627163
1.6385326721  -1.6508051580  -0.1053811061
1.6357142296  -1.6471964060  -0.1082446658
1.6328505485  -1.6435414394  -0.1111535474
1.6299415200  -1.6398405763  -0.1141078955
1.6269870280  -1.6360941236  -0.1171078465
1.6239869384  -1.6323023577  -0.1201535295
1.6209411238  -1.6284655601  -0.1232450655
1.6178494643  -1.6245840150  -0.1263825680
1.6147118473  -1.6206580290  -0.1295661433
1.6115281681  -1.6166879416  -0.1327958903
1.6082983294  -1.6126741075  -0.1360719002
1.6050222420  -1.6086168896  -0.1393942558
1.6016998240  -1.6045166737  -0.1427630317
1.5983310017  -1.6003738885  -0.1461782946
1.5949157092  -1.5961889602  -0.1496401024
1.5914538890  -1.5919621771  -0.1531485058
1.5879454909  -1.5876936767  -0.1567035478
1.5843904717  -1.5833836796  -0.1603052637
1.5807887964  -1.5790326590  -0.1639536792
1.5771404392  -1.5746412470  -0.1676488099
1.5734453836  -1.5702100908  -0.1713906627
1.5697036217  -1.5657398156  -0.1751792355
1.5659151542  -1.5612310297  -0.1790145179
1.5620799899  -1.5566843243  -0.1828964908
1.5581981462  -1.5521002721  -0.1868251266
1.5542696484  -1.5474794266  -0.1908003891
1.5502945305  -1.5428223232  -0.1948222332
1.5462728346  -1.5381294798  -0.1988906055
1.5422046112  -1.5334013968  -0.2030054441
1.5380899190  -1.5286385556  -0.2071666781
1.5339288253  -1.5238414213  -0.2113742294
1.5297214064  -1.5190104449  -0.2156280137
1.5254677468  -1.5141460672  -0.2199279376
1.5211679385  -1.5092487207  -0.2242738955
1.5168220811  -1.5043188335  -0.2286657688
1.5124302825  -1.4993568304  -0.2331034264
1.5079926589  -1.4943631313  -0.2375867249
1.5035093356  -1.4893381542  -0.2421155093
1.4989804467  -1.4842823217  -0.2466896126
1.4944061518  -1.4791961333  -0.2513088566
1.4897866411  -1.4740801708  -0.2559730519
1.4851221065  -1.4689349670  -0.2606819980
1.4804127358  -1.4637610022  -0.2654354826
1.4756587255  -1.4585587654  -0.2702332816
1.4708602799  -1.4533287089  -0.2750751520
1.4660176084  -1.4480712316  -0.2799608229
1.4611309370  -1.4427869894  -0.2848900397
1.4562005318  -1.4374771565  -0.2898626436
1.4512266878  -1.4321428494  -0.2948785308
1.4462096746  -1.4267845074  -0.2999375156
1.4411497219  -1.4214022725  -0.3050393069
1.4360470621  -1.4159965480  -0.3101835799
1.4309019589  -1.4105679938  -0.3153700090
1.4257147001  -1.4051173596  -0.3205982635
1.4204855865  -1.3996454321  -0.3258680050
1.4152149291  -1.3941530287  -0.3311788886
1.4099030489  -1.3886409962  -0.3365305630
1.4045502776  -1.3831102084  -0.3419226741
1.3991569593  -1.3775615671  -0.3473548752
1.3937234506  -1.3719960002  -0.3528268276
1.3882501162  -1.3664144548  -0.3583381881
1.3827373260  -1.3608178950  -0.3638886036
1.3771855480  -1.3552075039  -0.3694777135
1.3715952853  -1.3495845653  -0.3751051499
1.3659669198  -1.3439501135  -0.3807705386
1.3603007694  -1.3383050329  -0.3864735141
1.3545971549  -1.3326501947  -0.3922137283
1.3488563929  -1.3269864496  -0.3979908233
1.3430787855  -1.3213146138  -0.4038044081
1.3372646233  -1.3156354650  -0.4096540608
1.3314141989  -1.3099497511  -0.4155393593
1.3255278118  -1.3042581926  -0.4214598832
1.3196057470  -1.2985614579  -0.4274151462
1.3136482640  -1.2928601444  -0.4334045858
1.3076556019  -1.2871547697  -0.4394275329
1.3016279462  -1.2814456906  -0.4454830610
1.2955650267  -1.2757326455  -0.4515683733
1.2894662147  -1.2700149949  -0.4576796192
1.2833334023  -1.2642949820  -0.4638208109
1.2771716933  -1.2585786731  -0.4700027260
1.2709834113  -1.2528695753  -0.4762295215
1.2647662390  -1.2471660516  -0.4824989290
1.2585180394  -1.2414658459  -0.4888089881
1.2522384980  -1.2357680497  -0.4951582797
1.2459278485  -1.2300721757  -0.5015453219
1.2395863533  -1.2243776616  -0.5079685585
1.2332142785  -1.2186838303  -0.5144263652
1.2268118919  -1.2129898943  -0.5209170557
1.2203794614  -1.2072949632  -0.5274388881
1.2139174254  -1.2015983119  -0.5339900707
1.2074267001  -1.1958998189  -0.5405687678
1.2009080905  -1.1901990635  -0.5471731052
1.1943619502  -1.1844948521  -0.5538011761
1.1877885771  -1.1787858545  -0.5604510449
1.1811882384  -1.1730706631  -0.5671207504
1.1745611620  -1.1673477983  -0.5738083129
1.1679075877  -1.1616157983  -0.5805117427
1.1612285955  -1.1558743406  -0.5872290446
1.1545253123  -1.1501231400  -0.5939582229
1.1477976577  -1.1443603034  -0.6006972873
1.1410448957  -1.1385831870  -0.6074442587
1.1342661462  -1.1327891383  -0.6141971742
1.1274619472  -1.1269773798  -0.6209540918
1.1206319548  -1.1211461340  -0.6277130952
1.1137727474  -1.1152901804  -0.6344723008
1.1068812886  -1.1094052088  -0.6412298636
1.0999504722  -1.1034828817  -0.6479839855
1.0929655233  -1.0975070514  -0.6547329409
1.0858145166  -1.0913648967  -0.6614751134
1.0784774893  -1.0850394249  -0.6682089068
1.0713676208  -1.0789450403  -0.6749325430
1.0646475558  -1.0732386057  -0.6816441021
1.0580522438  -1.0676489019  -0.6883418120
1.0514774654  -1.0620675799  -0.6950241449
1.0449198692  -1.0564885740  -0.7016897019
1.0383791352  -1.0509098287  -0.7083371549
1.0318551113  -1.0453297990  -0.7149652588
1.0253476633  -1.0397470891  -0.7215728625
1.0188566804  -1.0341604514  -0.7281589138
1.0123820736  -1.0285687876  -0.7347224640
1.0059237747  -1.0229711484  -0.7412626695
0.9994817301  -1.0173667311  -0.7477787842
0.9930558981  -1.0117548774  -0.7542701592
0.9866462534  -1.0061350713  -0.7607362576
0.9802527921  -1.0005069381  -0.7671766643
0.9738755272  -0.9948702401  -0.7735910890
0.9675144853  -0.9892248715  -0.7799793712
0.9611697046  -0.9835708526  -0.7863414847
0.9548412266  -0.9779083216  -0.7926775247
0.9485290886  -0.9722375245  -0.7989876985
0.9422333323  -0.9665588097  -0.8052723531
0.9359540194  -0.9608726254  -0.8115320077
0.9296912293  -0.9551795121  -0.8177673653
0.9234450404  -0.9494800896  -0.8239792916
0.9172155187  -0.9437750451  -0.8301688175
0.9110027470  -0.9380651325  -0.8363372229
0.9048068442  -0.9323511720  -0.8424860793
0.8986279663  -0.9266340504  -0.8486173242
0.8924663626  -0.9209147721  -0.8547334928
0.8863229906  -0.9151946811  -0.8608397284
0.8801995431  -0.9094753578  -0.8669435648
0.8740947672  -0.9037573250  -0.8730450301
0.8680030321  -0.8980394267  -0.8791352477
0.8619209502  -0.8923206576  -0.8852094016
0.8558503269  -0.8866013757  -0.8912683330
0.8497933431  -0.8808823336  -0.8973127180
0.8437504248  -0.8751639755  -0.9033427054
0.8377214701  -0.8694465837  -0.9093584324
0.8317063632  -0.8637303989  -0.9153600396
0.8257049897  -0.8580156324  -0.9213476708
0.8197172362  -0.8523024675  -0.9273214729
0.8137429906  -0.8465910590  -0.9332815951
0.8077821420  -0.8408815334  -0.9392281882
0.8018345807  -0.8351739891  -0.9451614041
0.7959001980  -0.8294684973  -0.9510813952
0.7899788863  -0.8237651045  -0.9569883137
0.7840705389  -0.8180638329  -0.9628823104
0.7781750502  -0.8123646824  -0.9687635337
0.7722923154  -0.8066676318  -0.9746321292
0.7664222312  -0.8009726403  -0.9804882384
0.7605646952  -0.7952796483  -0.9863319984
0.7547196067  -0.7895885803  -0.9921635413
0.7488868661  -0.7838993473  -0.9979829926
0.7430663752  -0.7782118501  -1.0037904704
0.7372580366  -0.7725259802  -1.0095860839
0.7314617548  -0.7668416215  -1.0153699330
0.7256774358  -0.7611586530  -1.0211421075
0.7199049866  -0.7554769527  -1.0269026848
0.7141443156  -0.7497963998  -1.0326517278
0.7083953315  -0.7441168787  -1.0383892819
0.7026579398  -0.7384382961  -1.0441153581
0.6969320357  -0.7327605966  -1.0498299069
0.6912175182  -0.7270836888  -1.0555328625
0.6855143356  -0.7214073585  -1.0612242707
0.6798224909  -0.7157313748  -1.0669043020
0.6741419719  -0.7100556374  -1.0725731138
0.6684727089  -0.7043801258  -1.0782307868
0.6628146116  -0.6987048053  -1.0838773738
0.6571676052  -0.6930296317  -1.0895129317
0.6515316294  -0.6873545742  -1.0951375174
0.6459066281  -0.6816796185  -1.1007511859
0.6402925474  -0.6760047652  -1.1063539896
0.6346893357  -0.6703300300  -1.1119459788
0.6290969434  -0.6646554438  -1.1175272011
0.6235153231  -0.6589810515  -1.1230977020
0.6179444294  -0.6533069125  -1.1286575246
0.6123842190  -0.6476330990  -1.1342067097
0.6068346509  -0.6419596964  -1.1397452956
0.6012956860  -0.6362868017  -1.1452733186
0.5957672875  -0.6306145216  -1.1507908126
0.5902494207  -0.6249429708  -1.1562978092
0.5847420527  -0.6192722714  -1.1617943380
0.5792451532  -0.6136025518  -1.1672804263
0.5737586935  -0.6079339451  -1.1727560993
0.5682826474  -0.6022665872  -1.1782213803
0.5628169904  -0.5966006151  -1.1836762903
0.5573617005  -0.5909361650  -1.1891208485
0.5519167573  -0.5852733711  -1.1945550721
0.5464821429  -0.5796123633  -1.1999789765
0.5410578412  -0.5739532645  -1.2053925753
0.5356438380  -0.5682961874  -1.2107958803
0.5302401215  -0.5626412253  -1.2161889019
0.5248466818  -0.5569884320  -1.2215716492
0.5194635110  -0.5513378285  -1.2269441305
0.5140906032  -0.5456894739  -1.2323063523
0.5087279539  -0.5400435268  -1.2376583177
0.5033755601  -0.5344002020  -1.2430000259
0.4980334206  -0.5287596933  -1.2483314740
0.4927015367  -0.5231221662  -1.2536526581
0.4873799120  -0.5174877845  -1.2589635725
0.4820685521  -0.5118567196  -1.2642642102
0.4767674640  -0.5062291486  -1.2695545620
0.4714766567  -0.5006052538  -1.2748346168
0.4661961411  -0.4949852229  -1.2801043620
0.4609259297  -0.4893692485  -1.2853637830
0.4556660369  -0.4837575286  -1.2906128635
0.4504164789  -0.4781501757  -1.2958515855
0.4451772733  -0.4725471292  -1.3010799300
0.4399484397  -0.4669485301  -1.3062978759
0.4347299996  -0.4613550217  -1.3115053995
0.4295219760  -0.4557672171  -1.3167024749
0.4243243935  -0.4501853543  -1.3218890754
0.4191372783  -0.4446095942  -1.3270651731
0.4139606583  -0.4390401484  -1.3322307390
0.4087945629  -0.4334772256  -1.3373857425
0.4036390229  -0.4279210318  -1.3425301516
0.3984940705  -0.4223717712  -1.3476639330
0.3933597392  -0.4168296482  -1.3527870519
0.3882360641  -0.4112948687  -1.3578994725
0.3831230815  -0.4057676416  -1.3630011576
0.3780208289  -0.4002481800  -1.3680920686
0.3729293452  -0.3947367024  -1.3731721659
0.3678486703  -0.3892334340  -1.3782414085
0.3627788455  -0.3837386077  -1.3832997543
0.3577199131  -0.3782524647  -1.3883471603
0.3526719162  -0.3727752553  -1.3933835820
0.3476348994  -0.3673072393  -1.3984089741
0.3426089078  -0.3618486861  -1.4034232904
0.3375939876  -0.3563998753  -1.4084264837
0.3325901859  -0.3509610963  -1.4134185058
0.3275975506  -0.3455326491  -1.4183993081
0.3226161300  -0.3401148429  -1.4233688408
0.3176459736  -0.3347079968  -1.4283270538
0.3126871310  -0.3293124383  -1.4332738962
0.3077396526  -0.3239285034  -1.4382093169
0.3028035893  -0.3185565351  -1.4431332642
0.2978789923  -0.3131968833  -1.4480456859
0.2929659132  -0.3078499029  -1.4529465299
0.2880644120  -0.3025171857  -1.4578358002
0.2831745589  -0.2972007437  -1.4627135653
0.2782963952  -0.2918980197  -1.4675797315
0.2734299277  -0.2866055810  -1.4724340557
0.2685751952  -0.2813252268  -1.4772764192
0.2637322719  -0.2760592954  -1.4821067785
0.2589012230  -0.2708082941  -1.4869250639
0.2540821030  -0.2655727131  -1.4917312101
0.2492749665  -0.2603530295  -1.4965251564
0.2444798677  -0.2551497036  -1.5013068479
0.2396968603  -0.2499631768  -1.5060762350
0.2349259973  -0.2447938695  -1.5108332744
0.2301673307  -0.2396421793  -1.5155779286
0.2254209113  -0.2345084802  -1.5203101669
0.2206867886  -0.2293931214  -1.5250299647
0.2159650106  -0.2242964270  -1.5297373042
0.2112556238  -0.2192186960  -1.5344321739
0.2065586729  -0.2141602023  -1.5391145684
0.2018742009  -0.2091211957  -1.5437844889
0.1972022486  -0.2041019021  -1.5484419420
0.1925428554  -0.1991025249  -1.5530869401
0.1878960584  -0.1941232461  -1.5577195005
0.1832618931  -0.1891642278  -1.5623396451
0.1786403926  -0.1842256133  -1.5669473998
0.1740315887  -0.1793075292  -1.5715427939
0.1694355108  -0.1744100871  -1.5761258594
0.1648521866  -0.1695333846  -1.5806966299
0.1602816419  -0.1646775080  -1.5852551403
0.1557239007  -0.1598425334  -1.5898014252
0.1511789849  -0.1550285285  -1.5943355185
0.1466469145  -0.1502355542  -1.5988574521
0.1421277077  -0.1454636699  -1.6033672546
0.1376248033  -0.1407141101  -1.6079321645
0.1331404256  -0.1359875652  -1.6125855196
0.1286657051  -0.1312809547  -1.6172123984
0.1241980667  -0.1265935377  -1.6218424264
0.1197421240  -0.1219270242  -1.6264735233
0.1152978154  -0.1172814805  -1.6311033268
0.1108650955  -0.1126569822  -1.6357291932
0.1064439359  -0.1080536123  -1.6403481967
0.1020343258  -0.1034714595  -1.6449571299
0.0976362735  -0.0989106174  -1.6495525037
0.0932498066  -0.0943711820  -1.6541305471
0.0888749731  -0.0898532498  -1.6586872075
0.0845118421  -0.0853569157  -1.6632181504
0.0801605040  -0.0808822701  -1.6677187595
0.0758210713  -0.0764293967  -1.6721841369
0.0714936787  -0.0719983697  -1.6766091029
0.0671784836  -0.0675892510  -1.6809881960
0.0628756655  -0.0632020878  -1.6853156729
0.0585854266  -0.0588369104  -1.6895855086
0.0543079908  -0.0544937298  -1.6937913963
0.0500436037  -0.0501725360  -1.6979267475
0.0457925318  -0.0458732966  -1.7019846919
0.0415550609  -0.0415959565  -1.7059580774
0.0373314959  -0.0373404369  -1.7098394703
0.0331221584  -0.0331066364  -1.7136211550
0.0289273852  -0.0288944319  -1.7172951341
0.0247475265  -0.0247036807  -1.7208531285
0.0205829430  -0.0205342230  -1.7242865773
0.0164340030  -0.0163858853  -1.7275866381
0.0123010796  -0.0122584847  -1.7307441863
0.0081845470  -0.0081518329  -1.7337498158
0.0040847761  -0.0040657415  -1.7365938388
0.0040802914  -0.0040656912  -1.7365938388
