0.153606
1.3890768031  -1.3889015973   0.0000463766
1.3890768031  -1.3889015973   0.0000463766
1.3890809086  -1.3888996942   0.0000389820
1.3890784995  -1.3888826811   0.0000195964
1.3890661923  -1.3888496530  -0.0000120999
1.3890415549  -1.3887983141  -0.0000564255
1.3890036714  -1.3887278953  -0.0001136970
1.3889520183  -1.3886380082  -0.0001842299
1.3888862202  -1.3885284041  -0.0002683378
1.3888059684  -1.3883988954  -0.0003663331
1.3887109879  -1.3882493223  -0.0004785265
1.3886010214  -1.3880795378  -0.0006052272
1.3884758219  -1.3878893994  -0.0007467428
1.3883351479  -1.3876787653  -0.0009033796
1.3881787606  -1.3874474910  -0.0010754422
1.3880064229  -1.3871954282  -0.0012632336
1.3878178978  -1.3869224238  -0.0014670554
1.3876129478  -1.3866283192  -0.0016872077
1.3873913348  -1.3863129499  -0.0019239890
1.3871528194  -1.3859761454  -0.0021776963
1.3868971607  -1.3856177289  -0.0024486251
1.3866241164  -1.3852375173  -0.0027370693
1.3863334425  -1.3848353216  -0.0030433214
1.3860248931  -1.3844109461  -0.0033676722
1.3856982206  -1.3839641893  -0.0037104111
1.3853531758  -1.3834948438  -0.0040718260
1.3849895072  -1.3830026959  -0.0044522031
1.3846069618  -1.3824875267  -0.0048518274
1.3842052845  -1.3819491113  -0.0052709819
1.3837842185  -1.3813872196  -0.0057099485
1.3833435051  -1.3808016163  -0.0061690074
1.3828828837  -1.3801920609  -0.0066484372
1.3824020836  -1.3795578818  -0.0071492144
1.3819008501  -1.3788992144  -0.0076709864
1.3813789289  -1.3782163518  -0.0082138053
1.3808360439  -1.3775087351  -0.0087779087
1.3802719216  -1.3767759720  -0.0093635461
1.3796862902  -1.3760177513  -0.0099709858
1.3790788765  -1.3752337750  -0.0106004974
1.3784494061  -1.3744237523  -0.0112523531
1.3777976033  -1.3735873937  -0.0119268278
1.3771231908  -1.3727244090  -0.0126241985
1.3764258901  -1.3718345080  -0.0133447437
1.3757054213  -1.3709173999  -0.0140887439
1.3749615034  -1.3699727939  -0.0148564806
1.3741938540  -1.3690003993  -0.0156482370
1.3734021898  -1.3679999260  -0.0164642972
1.3725862262  -1.3669710850  -0.0173049466
1.3717456778  -1.3659135882  -0.0181704715
1.3708802580  -1.3648271494  -0.0190611593
1.3699896795  -1.3637114840  -0.0199772982
1.3690736540  -1.3625663099  -0.0209191770
1.3681318926  -1.3613913475  -0.0218870855
1.3671641056  -1.3601863202  -0.0228813139
1.3661700027  -1.3589509547  -0.0239021532
1.3651492931  -1.3576849812  -0.0249498946
1.3641016855  -1.3563881338  -0.0260248299
1.3630268881  -1.3550601509  -0.0271272510
1.3619246091  -1.3537007755  -0.0282574502
1.3607945561  -1.3523097554  -0.0294157199
1.3596364368  -1.3508868434  -0.0306023524
1.3584499588  -1.3494317979  -0.0318176402
1.3572348297  -1.3479443829  -0.0330618754
1.3559907572  -1.3464242488  -0.0343353502
1.3547174488  -1.3448711269  -0.0356383564
1.3534146121  -1.3432850404  -0.0369711850
1.3520819569  -1.3416658957  -0.0383341265
1.3507191933  -1.3400134097  -0.0397274711
1.3493260310  -1.3383273468  -0.0411515080
1.3479021805  -1.3366075039  -0.0426065261
1.3464473530  -1.3348536901  -0.0440928128
1.3449612609  -1.3330657229  -0.0456106551
1.3434436175  -1.3312434261  -0.0471603387
1.3418941372  -1.3293866302  -0.0487421483
1.3403125355  -1.3274951731  -0.0503563673
1.3386985296  -1.3255689012  -0.0520032775
1.3370518376  -1.3236076678  -0.0536831593
1.3353721797  -1.3216113327  -0.0553962915
1.3336592775  -1.3195797617  -0.0571429507
1.3319128543  -1.3175128260  -0.0589234121
1.3301326356  -1.3154104036  -0.0607379484
1.3283183487  -1.3132723787  -0.0625868302
1.3264697231  -1.3110986426  -0.0644703258
1.3245864907  -1.3088890935  -0.0663887010
1.3226683857  -1.3066436368  -0.0683422190
1.3207151448  -1.3043621849  -0.0703311400
1.3187265073  -1.3020446576  -0.0723557217
1.3167022155  -1.2996909817  -0.0744162184
1.3146420145  -1.2973010911  -0.0765128814
1.3125456524  -1.2948749273  -0.0786459585
1.3104128805  -1.2924124394  -0.0808156942
1.3082434534  -1.2899135853  -0.0830223293
1.3060371292  -1.2873783307  -0.0852661009
1.3037936696  -1.2848066497  -0.0875472422
1.3015128400  -1.2821985197  -0.0898659823
1.2991944096  -1.2795539206  -0.0922225463
1.2968381516  -1.2768728488  -0.0946171550
1.2944438435  -1.2741553229  -0.0970500246
1.2920112671  -1.2714013722  -0.0995213672
1.2895402084  -1.2686110335  -0.1020313896
1.2870304583  -1.2657843718  -0.1045802941
1.2844818122  -1.2629214848  -0.1071682776
1.2818940707  -1.2600224007  -0.1097955320
1.2792670418  -1.2570869813  -0.1124622450
1.2766005441  -1.2541150726  -0.1151685998
1.2738944005  -1.2511067093  -0.1179147735
1.2711484348  -1.2480621076  -0.1207009366
1.2683624775  -1.2449815499  -0.1235272542
1.2655363659  -1.2418653121  -0.1263938861
1.2626699428  -1.2387136558  -0.1293009849
1.2597630573  -1.2355268303  -0.1322486962
1.2568155646  -1.2323050711  -0.1352371580
1.2538273259  -1.2290485966  -0.1382665012
1.2507982090  -1.2257576068  -0.1413368493
1.2477280879  -1.2224322845  -0.1444483183
1.2446168432  -1.2190727971  -0.1476010165
1.2414643621  -1.2156792988  -0.1507950447
1.2382705388  -1.2122519319  -0.1540304960
1.2350352740  -1.2087908291  -0.1573074559
1.2317584758  -1.2052961180  -0.1606260026
1.2284400593  -1.2017679217  -0.1639862063
1.2250799472  -1.1982063574  -0.1673881300
1.2216780692  -1.1946115363  -0.1708318285
1.2182343626  -1.1909835685  -0.1743173490
1.2147487726  -1.1873225707  -0.1778447305
1.2112212521  -1.1836286725  -0.1814140049
1.2076517624  -1.1799020157  -0.1850251963
1.2040402732  -1.1761427487  -0.1886783226
1.2003867636  -1.1723510307  -0.1923734018
1.1966912224  -1.1685270394  -0.1961104529
1.1929536470  -1.1646709644  -0.1998894868
1.1891740403  -1.1607829772  -0.2037105010
1.1853524089  -1.1568630510  -0.2075734668
1.1814887651  -1.1529112367  -0.2114783373
1.1775831517  -1.1489287806  -0.2154251221
1.1736356561  -1.1449177076  -0.2194139135
1.1696463629  -1.1408786390  -0.2234447735
1.1656153093  -1.1368106432  -0.2275176560
1.1615425481  -1.1327130468  -0.2316324515
1.1574281971  -1.1285860695  -0.2357890384
1.1532723589  -1.1244302344  -0.2399872901
1.1490751007  -1.1202460656  -0.2442270767
1.1448364984  -1.1160341307  -0.2485082707
1.1405566353  -1.1117950377  -0.2528307429
1.1362355989  -1.1075294299  -0.2571943535
1.1318734807  -1.1032379816  -0.2615989509
1.1274703773  -1.0989213954  -0.2660443737
1.1230263912  -1.0945803989  -0.2705304503
1.1185416312  -1.0902157412  -0.2750569998
1.1140162118  -1.0858281891  -0.2796238312
1.1094502555  -1.0814185251  -0.2842307549
1.1048438950  -1.0769875462  -0.2888775930
1.1001972697  -1.0725360567  -0.2935641645
1.0955105179  -1.0680648579  -0.2982902639
1.0907837761  -1.0635747405  -0.3030556569
1.0860171829  -1.0590664821  -0.3078600833
1.0812108862  -1.0545408498  -0.3127032814
1.0763650473  -1.0499986000  -0.3175850004
1.0714798278  -1.0454404628  -0.3225049480
1.0665554784  -1.0408672717  -0.3274627593
1.0615925750  -1.0362802769  -0.3324580236
1.0565916585  -1.0316806046  -0.3374902302
1.0515529589  -1.0270688651  -0.3425586354
1.0464765562  -1.0224453586  -0.3476618452
1.0413617638  -1.0178095415  -0.3527948034
1.0362086437  -1.0131616720  -0.3579565959
1.0310209353  -1.0085057804  -0.3631585669
1.0258023893  -1.0038463756  -0.3684099339
1.0205521151  -0.9991836549  -0.3737105648
1.0152675275  -0.9945155632  -0.3790583060
1.0099475367  -0.9898408176  -0.3844514829
1.0045920695  -0.9851588421  -0.3898886121
0.9992012850  -0.9804691549  -0.3953681178
0.9937756364  -0.9757715830  -0.4008883343
0.9883158439  -0.9710661976  -0.4064475125
0.9828223918  -0.9663525591  -0.4120438271
0.9772955360  -0.9616297620  -0.4176753846
0.9717355250  -0.9568967873  -0.4233402297
0.9661426030  -0.9521525205  -0.4290363531
0.9605170071  -0.9473957603  -0.4347616977
0.9548589627  -0.9426252255  -0.4405141655
0.9491686828  -0.9378395698  -0.4462916244
0.9434469861  -0.9330382261  -0.4520919136
0.9376950369  -0.9282210309  -0.4579128505
0.9319132309  -0.9233867383  -0.4637522368
0.9261013534  -0.9185333055  -0.4696078654
0.9202589678  -0.9136584710  -0.4754775265
0.9143854933  -0.9087598934  -0.4813590136
0.9084816781  -0.9038369416  -0.4872501290
0.9025480886  -0.8988887715  -0.4931486893
0.8965827879  -0.8939116223  -0.4990525305
0.8905831986  -0.8889012916  -0.5049595067
0.8845472121  -0.8838544652  -0.5108674919
0.8784683079  -0.8787632836  -0.5167743939
0.8723338271  -0.8736139046  -0.5226781702
0.8661056605  -0.8683674204  -0.5285768714
0.8595706331  -0.8628119964  -0.5344686397
0.8530585513  -0.8572796035  -0.5403515202
0.8470063567  -0.8522027657  -0.5462233514
0.8412097122  -0.8473695027  -0.5520820001
0.8354820116  -0.8425891028  -0.5579255750
0.8297742229  -0.8378103925  -0.5637523704
0.8240850007  -0.8330304264  -0.5695607755
0.8184141070  -0.8282476222  -0.5753492648
0.8127614360  -0.8234606897  -0.5811164052
0.8071268999  -0.8186684883  -0.5868608549
0.8015104307  -0.8138700286  -0.5925813698
0.7959119853  -0.8090644736  -0.5982768171
0.7903315455  -0.8042511390  -0.6039461820
0.7847691154  -0.7994294909  -0.6095885718
0.7792247183  -0.7945991422  -0.6152032219
0.7736983957  -0.7897598492  -0.6207895007
0.7681902053  -0.7849115069  -0.6263469155
0.7627002156  -0.7800541411  -0.6318751064
0.7572284975  -0.7751878997  -0.6373738349
0.7517751275  -0.7703130469  -0.6428429997
0.7463401985  -0.7654299601  -0.6482826635
0.7409238211  -0.7605391244  -0.6536930674
0.7355261174  -0.7556411227  -0.6590746399
0.7301472079  -0.7507366225  -0.6644279805
0.7247871995  -0.7458263618  -0.6697538488
0.7194462041  -0.7409111470  -0.6750532267
0.7141243615  -0.7359918524  -0.6803273723
0.7088218260  -0.7310694102  -0.6855778207
0.7035387712  -0.7261448066  -0.6908064750
0.6982754468  -0.7212191054  -0.6960158116
0.6930323362  -0.7162935638  -0.7012094771
0.6878112174  -0.7113699905  -0.7063960977
0.6826130996  -0.7064498183  -0.7115815784
0.6774335379  -0.7015322586  -0.7167583594
0.6722669317  -0.6966156813  -0.7219178086
0.6671132502  -0.6917001318  -0.7270588454
0.6619750504  -0.6867866904  -0.7321822466
0.6568535072  -0.6818761622  -0.7372883692
0.6517487620  -0.6769690345  -0.7423773230
0.6466607335  -0.6720656894  -0.7474492174
0.6415893362  -0.6671664746  -0.7525041661
0.6365344852  -0.6622717069  -0.7575422869
0.6314960963  -0.6573816723  -0.7625637013
0.6264740862  -0.6524966268  -0.7675685339
0.6214683721  -0.6476167958  -0.7725569114
0.6164788718  -0.6427423762  -0.7775289616
0.6115055036  -0.6378735363  -0.7824848132
0.6065481862  -0.6330104178  -0.7874245942
0.6016068391  -0.6281531369  -0.7923484317
0.5966813822  -0.6233017861  -0.7972564508
0.5917717364  -0.6184564362  -0.8021487740
0.5868778233  -0.6136171376  -0.8070255202
0.5819995650  -0.6087839219  -0.8118868036
0.5771368844  -0.6039568039  -0.8167327324
0.5722897053  -0.5991357841  -0.8215634078
0.5674579523  -0.5943208515  -0.8263789236
0.5626415512  -0.5895119854  -0.8311793653
0.5578404287  -0.5847091569  -0.8359648086
0.5530545124  -0.5799123306  -0.8407353175
0.5482837305  -0.5751214669  -0.8454909432
0.5435280118  -0.5703365221  -0.8502317211
0.5387872844  -0.5655574433  -0.8549576635
0.5340614692  -0.5607841284  -0.8596687305
0.5293504784  -0.5560164564  -0.8643648225
0.5246542483  -0.5512545231  -0.8690458973
0.5199727733  -0.5464986896  -0.8737120693
0.5153060657  -0.5417492126  -0.8783635071
0.5106540923  -0.5370060696  -0.8830003112
0.5060167827  -0.5322691770  -0.8876225306
0.5013940694  -0.5275385359  -0.8922302088
0.4967858990  -0.5228142050  -0.8968233920
0.4921922248  -0.5180962646  -0.9014021260
0.4876130019  -0.5133848066  -0.9059664553
0.4830481870  -0.5086799339  -0.9105164228
0.4784977380  -0.5039817601  -0.9150520699
0.4739616138  -0.4992904091  -0.9195734368
0.4694397747  -0.4946060142  -0.9240805621
0.4649321822  -0.4899287175  -0.9285734833
0.4604387986  -0.4852586694  -0.9330522364
0.4559595878  -0.4805960273  -0.9375168562
0.4514945144  -0.4759409551  -0.9419673762
0.4470435443  -0.4712936220  -0.9464038288
0.4426066443  -0.4666542012  -0.9508262455
0.4381837824  -0.4620228687  -0.9552346563
0.4337749274  -0.4573998021  -0.9596290906
0.4293800491  -0.4527851789  -0.9640095767
0.4249991184  -0.4481791758  -0.9683761419
0.4206321070  -0.4435819670  -0.9727288128
0.4162789874  -0.4389937234  -0.9770676154
0.4119397331  -0.4344146105  -0.9813925748
0.4076143183  -0.4298447867  -0.9857037155
0.4033027179  -0.4252844019  -0.9900010616
0.3990049079  -0.4207335934  -0.9942846367
0.3947208648  -0.4161924750  -0.9985544644
0.3904505658  -0.4116611253  -1.0028105685
0.3861939889  -0.4071396184  -1.0070529728
0.3819511126  -0.4026280844  -1.0112816999
0.3777219155  -0.3981267122  -1.0154967701
0.3735063767  -0.3936356931  -1.0196982020
0.3693044761  -0.3891551935  -1.0238860143
0.3651161942  -0.3846853679  -1.0280602257
0.3609415125  -0.3802263705  -1.0322208546
0.3567804126  -0.3757783564  -1.0363679190
0.3526328767  -0.3713414805  -1.0405014365
0.3484988872  -0.3669158979  -1.0446214241
0.3443784269  -0.3625017633  -1.0487278988
0.3402714792  -0.3580992313  -1.0528208771
0.3361780275  -0.3537084559  -1.0569003751
0.3320980556  -0.3493295542  -1.0609664088
0.3280315475  -0.3449625713  -1.0650189940
0.3239784875  -0.3406076323  -1.0690581465
0.3199388605  -0.3362650613  -1.0730838813
0.3159126513  -0.3319351650  -1.0770962130
0.3118998449  -0.3276180960  -1.0810951566
0.3079004264  -0.3233139736  -1.0850807270
0.3039143810  -0.3190229342  -1.0890529390
0.2999416939  -0.3147451099  -1.0930118075
0.2959823504  -0.3104806291  -1.0969573474
0.2920363359  -0.3062296162  -1.1008895735
0.2881036355  -0.3019921932  -1.1048085009
0.2841842346  -0.2977684796  -1.1087141443
0.2802781184  -0.2935585929  -1.1126065190
0.2763852720  -0.2893626494  -1.1164856400
0.2725056804  -0.2851807647  -1.1203515226
0.2686393285  -0.2810130534  -1.1242041822
0.2647862010  -0.2768596301  -1.1280436344
0.2609462826  -0.2727206095  -1.1318698949
0.2571195575  -0.2685961061  -1.1356829796
0.2533060100  -0.2644862348  -1.1394829046
0.2495056239  -0.2603911108  -1.1432696863
0.2457183828  -0.2563108494  -1.1470433413
0.2419442701  -0.2522455664  -1.1508038866
0.2381832688  -0.2481953776  -1.1545513393
0.2344353616  -0.2441603991  -1.1582857170
0.2307005310  -0.2401407465  -1.1620070377
0.2269787588  -0.2361365354  -1.1657153194
0.2232700267  -0.2321478806  -1.1694105810
0.2195743159  -0.2281748957  -1.1730928415
0.2158916071  -0.2242176935  -1.1767621204
0.2122218807  -0.2202763847  -1.1804184377
0.2085651194  -0.2163515421  -1.1840618414
0.2049213090  -0.2124438849  -1.1876924115
0.2012904242  -0.2085524089  -1.1913101496
0.1976724275  -0.2046757988  -1.1949149845
0.1940672926  -0.2008147066  -1.1985069064
0.1904750044  -0.1969699703  -1.2020859427
0.1868955443  -0.1931417339  -1.2056521079
0.1833288893  -0.1893301308  -1.2092054196
0.1797750163  -0.1855352860  -1.2127458977
0.1762339014  -0.1817573147  -1.2162735652
0.1727055199  -0.1779963224  -1.2197884483
0.1691898468  -0.1742524035  -1.2232905761
0.1656868561  -0.1705256419  -1.2267799813
0.1621965212  -0.1668161102  -1.2302566997
0.1587188145  -0.1631238700  -1.2337207706
0.1552537077  -0.1594489718  -1.2371722367
0.1518011716  -0.1557914556  -1.2406111440
0.1483611761  -0.1521513505  -1.2440375415
0.1449336901  -0.1485286760  -1.2474514818
0.1415186818  -0.1449234416  -1.2508530198
0.1381161185  -0.1413356481  -1.2542422138
0.1347259666  -0.1377652875  -1.2576191242
0.1313481914  -0.1342123443  -1.2609838137
0.1279827578  -0.1306767955  -1.2643363471
0.1246296296  -0.1271586120  -1.2676767906
0.1212887699  -0.1236577584  -1.2710052116
0.1179601410  -0.1201741946  -1.2743216783
0.1146437044  -0.1167078757  -1.2776262592
0.1113394211  -0.1132587530  -1.2809190226
0.1080472512  -0.1098267746  -1.2842000360
0.1047671540  -0.1064118861  -1.2874693656
0.1014990883  -0.1030140319  -1.2907270757
0.0982446821  -0.0996335477  -1.2940208165
0.0950049742  -0.0962705815  -1.2973742267
0.0917755899  -0.0929240317  -1.3007060220
0.0885552215  -0.0895935817  -1.3040372229
0.0853460700  -0.0862797254  -1.3073664098
0.0821480565  -0.0829824090  -1.3106919641
0.0789611104  -0.0797015813  -1.3140120685
0.0757851695  -0.0764371927  -1.3173247064
0.0726201811  -0.0731891955  -1.3206276624
0.0694661020  -0.0699575425  -1.3239185223
0.0663228996  -0.0667421873  -1.3271946726
0.0631905515  -0.0635430832  -1.3304533012
0.0600690468  -0.0603601828  -1.3336913967
0.0569583857  -0.0571934371  -1.3369057490
0.0538585803  -0.0540427949  -1.3400929490
0.0507696544  -0.0509082022  -1.3432493886
0.0476916443  -0.0477896013  -1.3463712607
0.0446245979  -0.0446869302  -1.3494545594
0.0415685757  -0.0416001222  -1.3524950795
0.0385236501  -0.0385291053  -1.3554884174
0.0354899050  -0.0354738018  -1.3584299699
0.0324674362  -0.0324341280  -1.3613149354
0.0294563500  -0.0294099941  -1.3641383131
0.0264567635  -0.0264013046  -1.3668949031
0.0234688030  -0.0234079581  -1.3695793069
0.0204926036  -0.0204298480  -1.3721859266
0.0175283079  -0.0174668629  -1.3747089658
0.0145760646  -0.0145188880  -1.3771424289
0.0116360272  -0.0115858054  -1.3794801212
0.0087083521  -0.0086674958  -1.3817156494
0.0057931967  -0.0057638394  -1.3838424210
0.0028907171  -0.0028747176  -1.3858536446
0.0028884721  -0.0028746905  -1.3858536446
