0.0735714
2.2568149507  -2.3789211196   0.0000948642
2.2568149507  -2.3789211196   0.0000948642
2.2568209042  -2.3789055314   0.0000762104
2.2568124902  -2.3788449191   0.0000310114
2.2567828946  -2.3787388130  -0.0000415175
2.2567259258  -2.3785781236  -0.0001421494
2.2566393646  -2.3783601676  -0.0002716454
2.2565219754  -2.3780837670  -0.0004307547
2.2563728912  -2.3777482916  -0.0006202147
2.2561914129  -2.3773533490  -0.0008407511
2.2559769276  -2.3768986577  -0.0010930776
2.2557288706  -2.3763839888  -0.0013778959
2.2554467062  -2.3758091352  -0.0016958961
2.2551299164  -2.3751738956  -0.0020477564
2.2547779953  -2.3744780649  -0.0024341430
2.2543904451  -2.3737214289  -0.0028557104
2.2539667736  -2.3729037615  -0.0033131011
2.2535064931  -2.3720248225  -0.0038069460
2.2530091192  -2.3710843573  -0.0043378638
2.2524741706  -2.3700820964  -0.0049064617
2.2519011681  -2.3690177560  -0.0055133347
2.2512896352  -2.3678910383  -0.0061590662
2.2506390976  -2.3667016323  -0.0068442277
2.2499490834  -2.3654492145  -0.0075693788
2.2492191231  -2.3641334504  -0.0083350672
2.2484487498  -2.3627539952  -0.0091418289
2.2476374995  -2.3613104951  -0.0099901878
2.2467849111  -2.3598025883  -0.0108806563
2.2458905265  -2.3582299069  -0.0118137346
2.2449538914  -2.3565920776  -0.0127899112
2.2439745549  -2.3548887232  -0.0138096627
2.2429520701  -2.3531194642  -0.0148734540
2.2418859861  -2.3512826292  -0.0159832423
2.2407758795  -2.3493790268  -0.0171381541
2.2396213278  -2.3474098573  -0.0183381725
2.2384218863  -2.3453737982  -0.0195836124
2.2371771256  -2.3432701517  -0.0208748261
2.2358866283  -2.3410984287  -0.0222122135
2.2345499833  -2.3388581934  -0.0235961662
2.2331667862  -2.3365490545  -0.0250270722
2.2317366390  -2.3341706449  -0.0265053153
2.2302591509  -2.3317226177  -0.0280312735
2.2287339384  -2.3292046457  -0.0296053186
2.2271606257  -2.3266164225  -0.0312278151
2.2255388450  -2.3239576628  -0.0328991201
2.2238682365  -2.3212281036  -0.0346195826
2.2221484490  -2.3184275057  -0.0363895432
2.2203791397  -2.3155556541  -0.0382093340
2.2185599752  -2.3126123597  -0.0400792778
2.2166906309  -2.3095974597  -0.0419996885
2.2147707919  -2.3065108191  -0.0439708701
2.2128001527  -2.3033523310  -0.0459931176
2.2107784181  -2.3001219176  -0.0480667172
2.2087053029  -2.2968195313  -0.0501919453
2.2065805319  -2.2934451565  -0.0523690677
2.2044038408  -2.2899988096  -0.0545983388
2.2021749757  -2.2864805388  -0.0568800017
2.1998936935  -2.2828904232  -0.0592142881
2.1975597624  -2.2792285739  -0.0616014178
2.1951729615  -2.2754951348  -0.0640415991
2.1927330813  -2.2716902829  -0.0665350280
2.1902399239  -2.2678142286  -0.0690818887
2.1876933030  -2.2638672159  -0.0716823533
2.1850930436  -2.2598491957  -0.0743365815
2.1824389808  -2.2557603617  -0.0770447209
2.1797309632  -2.2516016992  -0.0798069063
2.1769688559  -2.2473738739  -0.0826232603
2.1741525340  -2.2430770835  -0.0854938937
2.1712818822  -2.2387116818  -0.0884189049
2.1683567974  -2.2342781108  -0.0913983801
2.1653771892  -2.2297768567  -0.0944323934
2.1623429793  -2.2252084425  -0.0975210067
2.1592541016  -2.2205734207  -0.1006642700
2.1561105023  -2.2158723713  -0.1038622213
2.1529121398  -2.2111059014  -0.1071148867
2.1496589844  -2.2062746467  -0.1104222805
2.1463510187  -2.2013792697  -0.1137844058
2.1429882373  -2.1964204587  -0.1172012540
2.1395706467  -2.1913989261  -0.1206728054
2.1360982655  -2.1863154083  -0.1241990294
2.1325711239  -2.1811706648  -0.1277798841
2.1289892641  -2.1759654777  -0.1314153173
2.1253527399  -2.1707006515  -0.1351052659
2.1216616480  -2.1653770764  -0.1388496566
2.1179161238  -2.1599957219  -0.1426484059
2.1141162832  -2.1545575180  -0.1465014226
2.1102622260  -2.1490633566  -0.1504086104
2.1063540603  -2.1435141432  -0.1543698656
2.1023919026  -2.1379107976  -0.1583850735
2.0983758770  -2.1322542530  -0.1624541090
2.0943061159  -2.1265454553  -0.1665768365
2.0901827599  -2.1207853616  -0.1707531105
2.0860059576  -2.1149749392  -0.1749827753
2.0817758657  -2.1091151644  -0.1792656653
2.0774926487  -2.1032070081  -0.1836016051
2.0731564787  -2.0972514290  -0.1879904099
2.0687675353  -2.0912494144  -0.1924318852
2.0643260060  -2.0852019964  -0.1969258270
2.0598320856  -2.0791102147  -0.2014720221
2.0552859766  -2.0729751017  -0.2060702480
2.0506878884  -2.0667976945  -0.2107202734
2.0460380378  -2.0605790560  -0.2154218579
2.0413366490  -2.0543202791  -0.2201747528
2.0365839530  -2.0480223705  -0.2249787008
2.0317801877  -2.0416861303  -0.2298334374
2.0269255965  -2.0353123165  -0.2347386904
2.0220204298  -2.0289019129  -0.2396941795
2.0170649460  -2.0224561177  -0.2446996159
2.0120594120  -2.0159761710  -0.2497547030
2.0070041023  -2.0094632792  -0.2548591383
2.0018992986  -2.0029186158  -0.2600126141
1.9967452897  -1.9963433241  -0.2652148166
1.9915423708  -1.9897385161  -0.2704654249
1.9862908435  -1.9831052714  -0.2757641117
1.9809910163  -1.9764446374  -0.2811105427
1.9756432038  -1.9697576291  -0.2865043754
1.9702477318  -1.9630452371  -0.2919452596
1.9648050711  -1.9563086563  -0.2974328379
1.9593157757  -1.9495491773  -0.3029667469
1.9537802878  -1.9427678537  -0.3085466161
1.9481989900  -1.9359655944  -0.3141720687
1.9425722671  -1.9291432745  -0.3198427210
1.9369005071  -1.9223017412  -0.3255581827
1.9311841013  -1.9154418168  -0.3313180575
1.9254234443  -1.9085643013  -0.3371219428
1.9196189340  -1.9016699752  -0.3429694303
1.9137709716  -1.8947596035  -0.3488601079
1.9078799624  -1.8878339388  -0.3547935604
1.9019463139  -1.8808937223  -0.3607693652
1.8959704346  -1.8739396866  -0.3667870892
1.8899527346  -1.8669725597  -0.3728462894
1.8838936269  -1.8599930708  -0.3789465137
1.8777935270  -1.8530019569  -0.3850872994
1.8716528511  -1.8460000327  -0.3912681621
1.8654720164  -1.8389881041  -0.3974886021
1.8592514582  -1.8319665074  -0.4037481782
1.8529916386  -1.8249352859  -0.4100465293
1.8466930130  -1.8178952218  -0.4163832598
1.8403560009  -1.8108478608  -0.4227578707
1.8339810104  -1.8037945683  -0.4291698228
1.8275684871  -1.7967363440  -0.4356185953
1.8211189479  -1.7896742287  -0.4421036831
1.8146329203  -1.7826092166  -0.4486245810
1.8081108990  -1.7755421401  -0.4551807816
1.8015533777  -1.7684738181  -0.4617717780
1.7949608531  -1.7614050688  -0.4683970646
1.7883338255  -1.7543367104  -0.4750561383
1.7816727975  -1.7472695600  -0.4817484986
1.7749782747  -1.7402044329  -0.4884736473
1.7682507658  -1.7331421441  -0.4952310958
1.7614907851  -1.7260835087  -0.5020203690
1.7546988473  -1.7190293372  -0.5088409942
1.7478754635  -1.7119804281  -0.5156924943
1.7410211421  -1.7049375669  -0.5225743892
1.7341363920  -1.6979015263  -0.5294861968
1.7272217264  -1.6908730688  -0.5364274467
1.7202776665  -1.6838529497  -0.5433976888
1.7133047420  -1.6768419287  -0.5503964651
1.7063035978  -1.6698410380  -0.5574232833
1.6992748490  -1.6628512814  -0.5644776363
1.6922189208  -1.6558732435  -0.5715590214
1.6851361671  -1.6489073338  -0.5786668922
1.6780269049  -1.6419538750  -0.5858006232
1.6708914072  -1.6350130822  -0.5929594577
1.6637298565  -1.6280849285  -0.6001423176
1.6565416794  -1.6211684802  -0.6073454768
1.6493269889  -1.6142637013  -0.6145681748
1.6420894688  -1.6073746949  -0.6218186282
1.6348325256  -1.6005057095  -0.6291028287
1.6275547951  -1.5936559711  -0.6364196019
1.6202536498  -1.5868226661  -0.6437670299
1.6129285995  -1.5800047455  -0.6511438540
1.6055804279  -1.5732024746  -0.6585488403
1.5982097580  -1.5664157360  -0.6659807034
1.5908168750  -1.5596438034  -0.6734381117
1.5834020570  -1.5528858345  -0.6809196933
1.5759655790  -1.5461408926  -0.6884240404
1.5685077115  -1.5394079557  -0.6959497145
1.5610287179  -1.5326859234  -0.7034952505
1.5535288513  -1.5259736234  -0.7110591614
1.5460084744  -1.5192700056  -0.7186399425
1.5384684662  -1.5125747317  -0.7262360750
1.5309096544  -1.5058872913  -0.7338460299
1.5233323420  -1.4992063275  -0.7414682724
1.5157367219  -1.4925303144  -0.7491012659
1.5081229257  -1.4858576569  -0.7567434752
1.5004910507  -1.4791867562  -0.7643933703
1.4928419773  -1.4725171225  -0.7720494290
1.4851766096  -1.4658483112  -0.7797101403
1.4774945390  -1.4591781746  -0.7873740049
1.4697945264  -1.4525036580  -0.7950395381
1.4620762173  -1.4458230099  -0.8027052766
1.4543393168  -1.4391346757  -0.8103697852
1.4465807676  -1.4324340028  -0.8180316614
1.4387966036  -1.4257157322  -0.8256895409
1.4309783806  -1.4189702305  -0.8333421061
1.4231071014  -1.4121767511  -0.8409881229
1.4150243047  -1.4051769699  -0.8486264409
1.4069736945  -1.3982182533  -0.8562558229
1.3992742889  -1.3916197088  -0.8638748515
1.3917387104  -1.3851885543  -0.8714821565
1.3842305699  -1.3787826171  -0.8790765982
1.3767367058  -1.3723844931  -0.8866571849
1.3692567234  -1.3659915270  -0.8942229760
1.3617903980  -1.3596020092  -0.9017730820
1.3543375144  -1.3532144030  -0.9093066864
1.3468978800  -1.3468273011  -0.9168230527
1.3394713222  -1.3404394283  -0.9243215261
1.3320576862  -1.3340496426  -0.9318015366
1.3246568335  -1.3276569354  -0.9392626024
1.3172686411  -1.3212604309  -0.9467043334
1.3098929998  -1.3148593847  -0.9541264322
1.3025298085  -1.3084531802  -0.9615286852
1.2951789700  -1.3020413244  -0.9689109590
1.2878403961  -1.2956234446  -0.9762732143
1.2805140141  -1.2891992861  -0.9836155168
1.2731997633  -1.2827687079  -0.9909380393
1.2658975911  -1.2763316767  -0.9982410662
1.2586074453  -1.2698882587  -1.0055249810
1.2513292666  -1.2634386104  -1.0127902571
1.2440629985  -1.2569829732  -1.0200374864
1.2368086057  -1.2505216707  -1.0272674166
1.2295660665  -1.2440551018  -1.0344809444
1.2223353530  -1.2375837314  -1.0416791045
1.2151164464  -1.2311080871  -1.0488631314
1.2079093663  -1.2246287631  -1.0560345259
1.2007141912  -1.2181464322  -1.0631951562
1.1935311362  -1.2116619434  -1.0703475472
1.1863614931  -1.2051765480  -1.0774977556
1.1792059637  -1.1986912211  -1.0846498283
1.1720605937  -1.1922053488  -1.0917978699
1.1649206363  -1.1857175326  -1.0989358921
1.1577863855  -1.1792273657  -1.1060639604
1.1506600512  -1.1727352123  -1.1131829357
1.1435422978  -1.1662413411  -1.1202930902
1.1364330032  -1.1597458410  -1.1273946301
1.1293319784  -1.1532487400  -1.1344877644
1.1222390352  -1.1467500404  -1.1415727055
1.1151539867  -1.1402497220  -1.1486496679
1.1080766467  -1.1337477414  -1.1557188686
1.1010068299  -1.1272440321  -1.1627805257
1.0939443518  -1.1207385050  -1.1698348585
1.0868890288  -1.1142310483  -1.1768820866
1.0798406777  -1.1077215280  -1.1839224293
1.0727991165  -1.1012097870  -1.1909561053
1.0657641636  -1.0946956469  -1.1979833320
1.0587356385  -1.0881789118  -1.2050043249
1.0517133612  -1.0816593700  -1.2120192964
1.0446971525  -1.0751367956  -1.2190284554
1.0376868339  -1.0686109480  -1.2260320065
1.0306822278  -1.0620815718  -1.2330301495
1.0236831578  -1.0555483994  -1.2400230789
1.0166894483  -1.0490111575  -1.2470109829
1.0097009244  -1.0424695709  -1.2539940420
1.0027174122  -1.0359233614  -1.2609724282
0.9957387385  -1.0293722487  -1.2679463044
0.9887647312  -1.0228159592  -1.2749158228
0.9817952182  -1.0162542351  -1.2818811217
0.9748300271  -1.0096868501  -1.2888423221
0.9678689780  -1.0031137500  -1.2957995028
0.9609118811  -0.9965349686  -1.3027526942
0.9539585736  -0.9899498908  -1.3097019773
0.9470089579  -0.9833571912  -1.3166475649
0.9400629536  -0.9767560029  -1.3235897060
0.9331204264  -0.9701462728  -1.3305285831
0.9261812017  -0.9635280226  -1.3374643377
0.9192451134  -0.9569010459  -1.3443971113
0.9123120124  -0.9502650657  -1.3513270475
0.9053817560  -0.9436198143  -1.3582542880
0.8984542032  -0.9369650391  -1.3651789727
0.8915292154  -0.9303005022  -1.3721012393
0.8846066555  -0.9236259803  -1.3790212234
0.8776863884  -0.9169412644  -1.3859390586
0.8707682808  -0.9102461581  -1.3928548762
0.8638522015  -0.9035404777  -1.3997688055
0.8569380211  -0.8968240551  -1.4066809736
0.8500256124  -0.8900967369  -1.4135915053
0.8431148498  -0.8833583796  -1.4205005232
0.8362056103  -0.8766088448  -1.4274081477
0.8292977727  -0.8698479995  -1.4343144970
0.8223912179  -0.8630757166  -1.4412196871
0.8154858292  -0.8562918732  -1.4481238318
0.8085814920  -0.8494963491  -1.4550270425
0.8016780938  -0.8426890247  -1.4619294286
0.7947755246  -0.8358697792  -1.4688310969
0.7878736768  -0.8290384873  -1.4757321522
0.7809724448  -0.8221950179  -1.4826326968
0.7740717260  -0.8153392309  -1.4895328309
0.7671714198  -0.8084709734  -1.4964326523
0.7602714284  -0.8015900735  -1.5033322567
0.7533716566  -0.7946963191  -1.5102317377
0.7464720121  -0.7877894345  -1.5171311871
0.7395724054  -0.7808691401  -1.5240306949
0.7326727489  -0.7739352766  -1.5309303473
0.7257729572  -0.7669878058  -1.5378302258
0.7188729475  -0.7600266884  -1.5447304079
0.7119726402  -0.7530518325  -1.5516309687
0.7050719596  -0.7460631308  -1.5585319809
0.6981708330  -0.7390604858  -1.5654335141
0.6912691909  -0.7320438091  -1.5723356347
0.6843669666  -0.7250130196  -1.5792384058
0.6774640969  -0.7179680434  -1.5861418870
0.6705605219  -0.7109088144  -1.5930461345
0.6636561852  -0.7038352740  -1.5999512009
0.6567510340  -0.6967471022  -1.6068571357
0.6498450196  -0.6896434470  -1.6137639860
0.6429380970  -0.6825240389  -1.6206717948
0.6360302234  -0.6753901255  -1.6275805971
0.6291213589  -0.6682428852  -1.6344904217
0.6222114692  -0.6610823578  -1.6414012953
0.6153005256  -0.6539083362  -1.6483132434
0.6083885039  -0.6467207682  -1.6552262871
0.6014753833  -0.6395195930  -1.6621404435
0.5945611472  -0.6323047354  -1.6690557252
0.5876457837  -0.6250761111  -1.6759721405
0.5807292853  -0.6178336314  -1.6828896931
0.5738116491  -0.6105772079  -1.6898083819
0.5668928770  -0.6033067582  -1.6967282010
0.5599729759  -0.5960222104  -1.7036491390
0.5530519575  -0.5887235082  -1.7105711795
0.5461298387  -0.5814106153  -1.7174943003
0.5392066417  -0.5740835207  -1.7244184735
0.5322823938  -0.5667422418  -1.7313436653
0.5253571279  -0.5593868295  -1.7382698358
0.5184308824  -0.5520173706  -1.7451969388
0.5115037015  -0.5446339908  -1.7521249219
0.5045756351  -0.5372368577  -1.7590537261
0.4976467391  -0.5298261830  -1.7659832859
0.4907170753  -0.5224022249  -1.7729135292
0.4837867120  -0.5149652891  -1.7798443772
0.4768557234  -0.5075157300  -1.7867757444
0.4699241903  -0.5000539507  -1.7937075384
0.4629921997  -0.4925804031  -1.8006396601
0.4560598455  -0.4850955878  -1.8075720039
0.4491272280  -0.4776000523  -1.8145044569
0.4421944542  -0.4700943904  -1.8214368999
0.4352616670  -0.4625833651  -1.8283693564
0.4283290573  -0.4550733055  -1.8353020148
0.4213967187  -0.4475553009  -1.8422346260
0.4144646111  -0.4400171896  -1.8491665374
0.4075328138  -0.4324642958  -1.8560974202
0.4006015597  -0.4249039958  -1.8630271373
0.3936710572  -0.4173376195  -1.8699554747
0.3867414806  -0.4097664961  -1.8768822227
0.3798130122  -0.4021919606  -1.8838071772
0.3728858420  -0.3946153417  -1.8907301404
0.3659601667  -0.3870379514  -1.8976509218
0.3590361893  -0.3794610755  -1.9045693390
0.3521141183  -0.3718859654  -1.9114852181
0.3451941667  -0.3643138314  -1.9183983938
0.3382765521  -0.3567458371  -1.9253087102
0.3313614955  -0.3491830950  -1.9322160201
0.3244492212  -0.3416266637  -1.9391201852
0.3175399561  -0.3340775456  -1.9460210754
0.3106339300  -0.3265366866  -1.9529185690
0.3037313746  -0.3190049763  -1.9598125510
0.2968325241  -0.3114832498  -1.9667029130
0.2899376145  -0.3039722894  -1.9735895517
0.2830468841  -0.2964728291  -1.9804723679
0.2761605733  -0.2889855574  -1.9873512650
0.2692789244  -0.2815111233  -1.9942261477
0.2624021821  -0.2740501409  -2.0010969202
0.2555305931  -0.2666031957  -2.0079634841
0.2486644061  -0.2591708508  -2.0148257373
0.2418038717  -0.2517536530  -2.0216835711
0.2349492424  -0.2443521402  -2.0285368688
0.2281007718  -0.2369668470  -2.0353855032
0.2212587145  -0.2295983295  -2.0422293337
0.2144324066  -0.2222521606  -2.0491747439
0.2076279677  -0.2149318127  -2.0562744178
0.2008220853  -0.2076245450  -2.0633458962
0.1940081501  -0.2003274257  -2.0704359287
0.1871986321  -0.1930481396  -2.0775409821
0.1803936025  -0.1857873925  -2.0846570693
0.1735931819  -0.1785459705  -2.0917797492
0.1667975392  -0.1713247280  -2.0989041270
0.1600068941  -0.1641245833  -2.1060248538
0.1532215180  -0.1569465113  -2.1131361271
0.1464417355  -0.1497915351  -2.1202316903
0.1396679250  -0.1426607152  -2.1273048330
0.1329005196  -0.1355551372  -2.1343483910
0.1261400073  -0.1284758973  -2.1413547461
0.1193869304  -0.1214240872  -2.1483158263
0.1126418858  -0.1144007774  -2.1552231057
0.1059055232  -0.1074069997  -2.1620676046
0.0991785449  -0.1004437300  -2.1688398894
0.0924617031  -0.0935118704  -2.1755300724
0.0857557986  -0.0866122334  -2.1821278123
0.0790616778  -0.0797455264  -2.1886223139
0.0723802300  -0.0729123392  -2.1950023279
0.0657123840  -0.0661131335  -2.2012561515
0.0590591039  -0.0593482363  -2.2073716277
0.0524213852  -0.0526178374  -2.2133361457
0.0458002499  -0.0459219910  -2.2191366409
0.0391967411  -0.0392606226  -2.2247595948
0.0326119173  -0.0326335406  -2.2301910350
0.0260468461  -0.0260404539  -2.2354165353
0.0195025976  -0.0194809931  -2.2404212154
0.0129802369  -0.0129547372  -2.2451897414
0.0064808166  -0.0064612421  -2.2497063254
0.0064695218  -0.0064611105  -2.2497063254
