0.067419
2.3581992734  -2.4878977715   0.0001024305
2.3581992734  -2.4878977715   0.0001024305
2.3582053862  -2.4878791339   0.0000818759
2.3581958722  -2.4878104613   0.0000324200
2.3581633888  -2.4876915752  -0.0000468009
2.3581010980  -2.4875121566  -0.0001566360
2.3580065616  -2.4872692045  -0.0002979202
2.3578784257  -2.4869614258  -0.0004714742
2.3577157429  -2.4865881480  -0.0006781043
2.3575177511  -2.4861489672  -0.0009186026
2.3572837837  -2.4856436050  -0.0011937468
2.3570132282  -2.4850718418  -0.0015043004
2.3567055043  -2.4844334830  -0.0018510125
2.3563600528  -2.4837283404  -0.0022346181
2.3559763282  -2.4829562216  -0.0026558375
2.3555537949  -2.4821169246  -0.0031153771
2.3550919249  -2.4812102337  -0.0036139288
2.3545901956  -2.4802359184  -0.0041521703
2.3540480896  -2.4791937323  -0.0047307648
2.3534650935  -2.4780834134  -0.0053503616
2.3528406979  -2.4769046840  -0.0060115952
2.3521743973  -2.4756572518  -0.0067150861
2.3514656896  -2.4743408110  -0.0074614404
2.3507140769  -2.4729550430  -0.0082512501
2.3499190652  -2.4714996181  -0.0090850927
2.3490801644  -2.4699741964  -0.0099635313
2.3481968891  -2.4683784297  -0.0108871149
2.3472687582  -2.4667119627  -0.0118563782
2.3462952957  -2.4649744347  -0.0128718414
2.3452760307  -2.4631654811  -0.0139340107
2.3442104978  -2.4612847350  -0.0150433777
2.3430982350  -2.4593318277  -0.0162004200
2.3419387785  -2.4573049628  -0.0174072301
2.3407316932  -2.4552051052  -0.0186628350
2.3394765450  -2.4530336368  -0.0199671881
2.3381728821  -2.4507891426  -0.0213205941
2.3368202708  -2.4484709178  -0.0227233994
2.3354182915  -2.4460784862  -0.0241760027
2.3339665334  -2.4436114324  -0.0256787918
2.3324645942  -2.4410693938  -0.0272321491
2.3309120801  -2.4384520372  -0.0288364507
2.3293086070  -2.4357590544  -0.0304920651
2.3276538003  -2.4329901620  -0.0321993523
2.3259472952  -2.4301451019  -0.0339586627
2.3241887374  -2.4272236420  -0.0357703375
2.3223777830  -2.4242255778  -0.0376347071
2.3205140987  -2.4211507333  -0.0395520915
2.3185973626  -2.4179989620  -0.0415227997
2.3166272637  -2.4147701480  -0.0435471294
2.3146035029  -2.4114642073  -0.0456253669
2.3125257928  -2.4080810882  -0.0477577864
2.3103938578  -2.4046207729  -0.0499446502
2.3082074349  -2.4010832777  -0.0521862084
2.3059662732  -2.3974686539  -0.0544826985
2.3036701345  -2.3937769885  -0.0568343455
2.3013187935  -2.3900084048  -0.0592413613
2.2989120377  -2.3861630632  -0.0617039456
2.2964496679  -2.3822411616  -0.0642222864
2.2939314984  -2.3782429350  -0.0667965597
2.2913573563  -2.3741686550  -0.0694269274
2.2887270824  -2.3700186304  -0.0721135373
2.2860405306  -2.3657932071  -0.0748565226
2.2832975686  -2.3614927681  -0.0776560025
2.2804980773  -2.3571173768  -0.0805120819
2.2776419492  -2.3526673649  -0.0834248513
2.2747290925  -2.3481439287  -0.0863943865
2.2717594340  -2.3435479089  -0.0894207492
2.2687329120  -2.3388796359  -0.0925039876
2.2656494752  -2.3341396131  -0.0956441353
2.2625090864  -2.3293284385  -0.0988412123
2.2593117225  -2.3244467568  -0.1020952245
2.2560573737  -2.3194952515  -0.1054061641
2.2527460439  -2.3144746370  -0.1087740099
2.2493777502  -2.3093856561  -0.1121987272
2.2459525232  -2.3042290794  -0.1156802680
2.2424704064  -2.2990057059  -0.1192185713
2.2389314563  -2.2937163622  -0.1228135636
2.2353357424  -2.2883619001  -0.1264651588
2.2316833470  -2.2829431953  -0.1301732586
2.2279743648  -2.2774611465  -0.1339377528
2.2242089030  -2.2719166755  -0.1377585195
2.2203870813  -2.2663107257  -0.1416354254
2.2165090310  -2.2606442619  -0.1455683262
2.2125748955  -2.2549182686  -0.1495570664
2.2085848301  -2.2491337502  -0.1536014804
2.2045390011  -2.2432917296  -0.1577013921
2.2004375864  -2.2373932473  -0.1618566155
2.1962807750  -2.2314393605  -0.1660669561
2.1920687977  -2.2254312053  -0.1703322146
2.1878019444  -2.2193700352  -0.1746521871
2.1834804845  -2.2132570632  -0.1790266603
2.1791046470  -2.2070934152  -0.1834554106
2.1746746659  -2.2008802199  -0.1879382052
2.1701907817  -2.1946186116  -0.1924748017
2.1656532414  -2.1883097129  -0.1970649487
2.1610622982  -2.1819546278  -0.2017083861
2.1564182116  -2.1755544877  -0.2064048450
2.1517212471  -2.1691104708  -0.2111540481
2.1469716766  -2.1626237589  -0.2159557095
2.1421697774  -2.1560955205  -0.2208095353
2.1373158328  -2.1495269229  -0.2257152233
2.1324101313  -2.1429191542  -0.2306724641
2.1274529675  -2.1362734296  -0.2356809401
2.1224446410  -2.1295908793  -0.2407403272
2.1173854564  -2.1228724260  -0.2458502943
2.1122757223  -2.1161189377  -0.2510105047
2.1071157523  -2.1093314942  -0.2562206142
2.1019058666  -2.1025113864  -0.2614802719
2.0966463917  -2.0956599471  -0.2667891199
2.0913376597  -2.0887784717  -0.2721467949
2.0859800083  -2.0818682181  -0.2775529288
2.0805737804  -2.0749304096  -0.2830071503
2.0751193240  -2.0679662333  -0.2885090837
2.0696169918  -2.0609768408  -0.2940583482
2.0640671411  -2.0539633476  -0.2996545581
2.0584701341  -2.0469268329  -0.3052973232
2.0528263380  -2.0398683409  -0.3109862481
2.0471361253  -2.0327888814  -0.3167209332
2.0413998734  -2.0256894318  -0.3225009743
2.0356180368  -2.0185710606  -0.3283259620
2.0297912374  -2.0114350800  -0.3341954803
2.0239200553  -2.0042826889  -0.3401091061
2.0180049321  -1.9971148083  -0.3460664111
2.0120463036  -1.9899323127  -0.3520669617
2.0060446072  -1.9827360486  -0.3581103199
2.0000002819  -1.9755268379  -0.3641960426
1.9939137682  -1.9683054825  -0.3703236825
1.9877855082  -1.9610727680  -0.3764927899
1.9816159463  -1.9538294653  -0.3827029131
1.9754055272  -1.9465763319  -0.3889535931
1.9691546945  -1.9393141161  -0.3952443617
1.9628638921  -1.9320435639  -0.4015747416
1.9565335647  -1.9247654264  -0.4079442463
1.9501641560  -1.9174805528  -0.4143523690
1.9437561091  -1.9101897852  -0.4207985874
1.9373098821  -1.9028933599  -0.4272824339
1.9308259571  -1.8955910999  -0.4338035206
1.9243048100  -1.8882837271  -0.4403614302
1.9177468817  -1.8809729489  -0.4469556468
1.9111525986  -1.8736602762  -0.4535856097
1.9045224052  -1.8663466698  -0.4602507710
1.8978567709  -1.8590329203  -0.4669506049
1.8911562207  -1.8517199909  -0.4736845918
1.8844213043  -1.8444088890  -0.4804522108
1.8776525406  -1.8371004470  -0.4872529419
1.8708504383  -1.8297954389  -0.4940862672
1.8640155074  -1.8224946330  -0.5009516720
1.8571482596  -1.8151987933  -0.5078486454
1.8502492078  -1.8079086797  -0.5147766809
1.8433188685  -1.8006250493  -0.5217352852
1.8363577635  -1.7933486589  -0.5287239843
1.8293664140  -1.7860802589  -0.5357423093
1.8223453336  -1.7788205846  -0.5427897840
1.8152950306  -1.7715703549  -0.5498659290
1.8082160128  -1.7643302738  -0.5569702634
1.8011087905  -1.7571010340  -0.5641023148
1.7939738806  -1.7498833196  -0.5712616316
1.7868117998  -1.7426777978  -0.5784477631
1.7796230733  -1.7354851536  -0.5856602295
1.7724083449  -1.7283063511  -0.5928985296
1.7651682044  -1.7211422588  -0.6001621659
1.7579030375  -1.7139933019  -0.6074506088
1.7506131619  -1.7068597503  -0.6147632553
1.7432988491  -1.6997417664  -0.6220993805
1.7359602904  -1.6926392858  -0.6294579858
1.7285969483  -1.6855513581  -0.6368355647
1.7212088668  -1.6784778142  -0.6442311692
1.7137995124  -1.6714224871  -0.6516523790
1.7063722674  -1.6643895534  -0.6591050887
1.6989259498  -1.6573783719  -0.6665883440
1.6914579914  -1.6503861530  -0.6741002739
1.6839675974  -1.6434113976  -0.6816396653
1.6764553814  -1.6364541307  -0.6892053412
1.6689221716  -1.6295145448  -0.6967960784
1.6613683492  -1.6225920547  -0.7044106105
1.6537941820  -1.6156858060  -0.7120476330
1.6461999333  -1.6087948477  -0.7197058090
1.6385858614  -1.6019181453  -0.7273837738
1.6309522176  -1.5950545886  -0.7350801389
1.6232992429  -1.5882029982  -0.7427934961
1.6156271846  -1.5813621651  -0.7505224217
1.6079367513  -1.5745315323  -0.7582654800
1.6002288352  -1.5677107347  -0.7660212267
1.5925038604  -1.5608986282  -0.7737882132
1.5847620116  -1.5540936963  -0.7815649900
1.5770034120  -1.5472943503  -0.7893501105
1.5692281093  -1.5404989394  -0.7971421341
1.5614367266  -1.5337066508  -0.8049396290
1.5536302321  -1.5269171599  -0.8127411746
1.5458085182  -1.5201287390  -0.8205453654
1.5379704130  -1.5133384107  -0.8283508113
1.5301152459  -1.5065440349  -0.8361561394
1.5222428403  -1.4997442131  -0.8439600021
1.5143505858  -1.4929348145  -0.8517610834
1.5064346730  -1.4861107054  -0.8595581044
1.4984873642  -1.4792629596  -0.8673498305
1.4904923421  -1.4723734681  -0.8751351064
1.4822988593  -1.4652913048  -0.8829128596
1.4741239173  -1.4582372024  -0.8906819401
1.4662780848  -1.4515225034  -0.8984410235
1.4585971652  -1.4449779898  -0.9061888208
1.4509440305  -1.4384606858  -0.9139242626
1.4433045583  -1.4319520556  -0.9216464303
1.4356783480  -1.4254493650  -0.9293544620
1.4280651656  -1.4189508985  -0.9370475408
1.4204647810  -1.4124551179  -0.9447249141
1.4128769852  -1.4059606093  -0.9523859059
1.4053015899  -1.3994660869  -0.9600299180
1.3977384239  -1.3929703943  -0.9676564332
1.3901873321  -1.3864725051  -0.9752650181
1.3826481737  -1.3799715223  -0.9828553261
1.3751208218  -1.3734666767  -0.9904271007
1.3676051587  -1.3669573245  -0.9979801690
1.3601010700  -1.3604429417  -1.0055144335
1.3526084473  -1.3539231217  -1.0130298820
1.3451271953  -1.3473975722  -1.0205266002
1.3376572316  -1.3408661121  -1.0280047764
1.3301984823  -1.3343286662  -1.0354647046
1.3227508760  -1.3277852572  -1.0429067776
1.3153143345  -1.3212359969  -1.0503314736
1.3078887789  -1.3146810799  -1.0577393756
1.3004741474  -1.3081207807  -1.0651312100
1.2930703956  -1.3015554486  -1.0725078515
1.2856774763  -1.2949854976  -1.0798703072
1.2782953472  -1.2884114031  -1.0872197646
1.2709239992  -1.2818337056  -1.0945576598
1.2635634803  -1.2752530225  -1.1018857725
1.2562139578  -1.2686701413  -1.1092064661
1.2488766205  -1.2620862470  -1.1165254335
1.2415521985  -1.2555022927  -1.1238467412
1.2342370261  -1.2489176959  -1.1311650838
1.2269264621  -1.2423310382  -1.1384746502
1.2196205972  -1.2357418242  -1.1457753686
1.2123215297  -1.2291503525  -1.1530681134
1.2050299290  -1.2225568582  -1.1603531771
1.1977456629  -1.2159613957  -1.1676307813
1.1904685262  -1.2093639551  -1.1749011503
1.1831983147  -1.2027644996  -1.1821645115
1.1759348249  -1.1961629713  -1.1894210947
1.1686778543  -1.1895592906  -1.1966711323
1.1614272010  -1.1829533561  -1.2039148577
1.1541826635  -1.1763450441  -1.2111525058
1.1469440412  -1.1697342098  -1.2183843117
1.1397111338  -1.1631206871  -1.2256105105
1.1324837416  -1.1565042879  -1.2328313369
1.1252616657  -1.1498848027  -1.2400470243
1.1180447076  -1.1432620042  -1.2472578047
1.1108326695  -1.1366356504  -1.2544639073
1.1036253539  -1.1300054855  -1.2616655582
1.0964225638  -1.1233712404  -1.2688629796
1.0892241031  -1.1167326316  -1.2760563892
1.0820297763  -1.1100893627  -1.2832459997
1.0748393887  -1.1034411309  -1.2904320184
1.0676527462  -1.0967876325  -1.2976146452
1.0604696550  -1.0901285619  -1.3047940725
1.0532899223  -1.0834636118  -1.3119704838
1.0461133555  -1.0767924812  -1.3191440527
1.0389397624  -1.0701148861  -1.3263149405
1.0317689498  -1.0634305761  -1.3334832917
1.0246007176  -1.0567394912  -1.3406492120
1.0174348552  -1.0500416859  -1.3478127596
1.0102711764  -1.0433365022  -1.3549740376
1.0031095577  -1.0366224463  -1.3621332748
0.9959498952  -1.0298984961  -1.3692907398
0.9887920333  -1.0231645669  -1.3764466389
0.9816357758  -1.0164206913  -1.3836011382
0.9744809329  -1.0096666384  -1.3907544028
0.9673273315  -1.0029020856  -1.3979066004
0.9601748044  -0.9961267166  -1.4050578974
0.9530231865  -0.9893402293  -1.4122084584
0.9458723140  -0.9825423359  -1.4193584465
0.9387220248  -0.9757327623  -1.4265080227
0.9315721581  -0.9689112475  -1.4336573467
0.9244225550  -0.9620775421  -1.4408065760
0.9172730579  -0.9552314088  -1.4479558667
0.9101235108  -0.9483726255  -1.4551053728
0.9029737595  -0.9415009857  -1.4622552464
0.8958236513  -0.9346162913  -1.4694056379
0.8886730354  -0.9277183474  -1.4765566958
0.8815217625  -0.9208069629  -1.4837085668
0.8743696855  -0.9138819517  -1.4908613958
0.8672166587  -0.9069431306  -1.4980153256
0.8600625384  -0.8999903183  -1.5051704975
0.8529071828  -0.8930233333  -1.5123270505
0.8457504521  -0.8860419916  -1.5194851220
0.8385922084  -0.8790461038  -1.5266448473
0.8314323157  -0.8720354733  -1.5338063599
0.8242706405  -0.8650098934  -1.5409697912
0.8171070509  -0.8579691433  -1.5481352707
0.8099414177  -0.8509129816  -1.5553029263
0.8027736138  -0.8438411254  -1.5624728839
0.7956035144  -0.8367532241  -1.5696452680
0.7884309976  -0.8296489179  -1.5768202017
0.7812559430  -0.8225279669  -1.5839978045
0.7740782318  -0.8153902579  -1.5911781918
0.7668977477  -0.8082356795  -1.5983614754
0.7597143771  -0.8010640639  -1.6055477645
0.7525280101  -0.7938752239  -1.6127371666
0.7453385397  -0.7866689808  -1.6199297863
0.7381458613  -0.7794451637  -1.6271257253
0.7309498735  -0.7722036083  -1.6343250821
0.7237504776  -0.7649441558  -1.6415279521
0.7165475782  -0.7576666535  -1.6487344276
0.7093410832  -0.7503709554  -1.6559445974
0.7021309039  -0.7430565971  -1.6631585474
0.6949169558  -0.7357224670  -1.6703763620
0.6876991577  -0.7283681512  -1.6775981212
0.6804774298  -0.7209950665  -1.6848238966
0.6732516946  -0.7136045492  -1.6920537524
0.6660218809  -0.7061965551  -1.6992877520
0.6587879236  -0.6987707353  -1.7065259576
0.6515497619  -0.6913269269  -1.7137684281
0.6443073384  -0.6838649539  -1.7210152175
0.6370606000  -0.6763846190  -1.7282663759
0.6298094978  -0.6688857097  -1.7355219490
0.6225539879  -0.6613680039  -1.7427819777
0.6152940310  -0.6538312757  -1.7500464980
0.6080295926  -0.6462753017  -1.7573155407
0.6007606435  -0.6386998669  -1.7645891313
0.5934871596  -0.6311047709  -1.7718672893
0.5862091222  -0.6234898333  -1.7791500284
0.5789265182  -0.6158548994  -1.7864373559
0.5716393402  -0.6081998458  -1.7937292725
0.5643475868  -0.6005245852  -1.8010257721
0.5570512625  -0.5928290705  -1.8083268416
0.5497503783  -0.5851132985  -1.8156324606
0.5424449516  -0.5773773137  -1.8229426013
0.5351350066  -0.5696212118  -1.8302572285
0.5278205742  -0.5618451424  -1.8375762988
0.5205016926  -0.5540493111  -1.8448997612
0.5131784070  -0.5462339811  -1.8522275567
0.5058507704  -0.5383994740  -1.8595596180
0.4985188433  -0.5305461702  -1.8668958695
0.4911826938  -0.5226745090  -1.8742362277
0.4838423986  -0.5147849878  -1.8815806003
0.4764980420  -0.5068781608  -1.8889288867
0.4691497533  -0.4989597102  -1.8962811578
0.4617977229  -0.4910372789  -1.9036376826
0.4544420206  -0.4830997806  -1.9109982031
0.4470825437  -0.4751320426  -1.9183619749
0.4397193378  -0.4671403709  -1.9257286420
0.4323526473  -0.4591336522  -1.9330980783
0.4249826868  -0.4511133579  -1.9404700639
0.4176096273  -0.4430809681  -1.9478443831
0.4102336510  -0.4350379778  -1.9552208254
0.4028549505  -0.4269858827  -1.9625991869
0.3954737279  -0.4189261659  -1.9699792708
0.3880901946  -0.4108602859  -1.9773608885
0.3807045696  -0.4027896667  -1.9847438600
0.3733170797  -0.3947156885  -1.9921280140
0.3659279583  -0.3866396811  -1.9995131882
0.3585374449  -0.3785629178  -2.0068992292
0.3511457846  -0.3704866110  -2.0142859919
0.3437532277  -0.3624119099  -2.0216733392
0.3363600297  -0.3543398993  -2.0290611413
0.3289664507  -0.3462715994  -2.0364492743
0.3215727558  -0.3382079676  -2.0438376196
0.3141792147  -0.3301499014  -2.0512260621
0.3067861021  -0.3220982422  -2.0586144888
0.2993936976  -0.3140537805  -2.0660027872
0.2920022863  -0.3060172619  -2.0733908434
0.2846121582  -0.2979893938  -2.0807785397
0.2772236090  -0.2899708534  -2.0881657529
0.2698369396  -0.2819622955  -2.0955523520
0.2624524563  -0.2739643608  -2.1029381954
0.2550704705  -0.2659776851  -2.1103231289
0.2476912984  -0.2580029082  -2.1177069828
0.2403152603  -0.2500407052  -2.1250895690
0.2329536068  -0.2420982540  -2.1325869318
0.2256137330  -0.2341800828  -2.1402565271
0.2182676127  -0.2262696672  -2.1478992146
0.2109073075  -0.2183631422  -2.1555659529
0.2035478450  -0.2104704558  -2.1632528319
0.1961893385  -0.2025925198  -2.1709554429
0.1888319645  -0.1947303663  -2.1786688785
0.1814759609  -0.1868851303  -2.1863877323
0.1741216289  -0.1790580447  -2.1941060997
0.1667693350  -0.1712504317  -2.2018175771
0.1594195117  -0.1634636917  -2.2095152620
0.1520726590  -0.1556992895  -2.2171917536
0.1447293438  -0.1479587373  -2.2248391522
0.1373902008  -0.1402435758  -2.2324490593
0.1300559312  -0.1325553524  -2.2400125778
0.1227273021  -0.1248955983  -2.2475203120
0.1154051445  -0.1172658037  -2.2549623672
0.1080903518  -0.1096673923  -2.2623283503
0.1007838769  -0.1021016968  -2.2696073693
0.0934867292  -0.0945699339  -2.2767880336
0.0861999708  -0.0870731822  -2.2838584537
0.0789247129  -0.0796123622  -2.2908062418
0.0716621107  -0.0721882202  -2.2976185109
0.0644133587  -0.0648013171  -2.3042818756
0.0571796847  -0.0574520227  -2.3107824517
0.0499623445  -0.0501405162  -2.3171058563
0.0427626148  -0.0428667943  -2.3232372078
0.0355817865  -0.0356306858  -2.3291611259
0.0284211576  -0.0284318755  -2.3348617317
0.0212820252  -0.0212699332  -2.3403226473
0.0141656777  -0.0141443506  -2.3455269963
0.0070733863  -0.0070545823  -2.3504574037
0.0070599301  -0.0070544191  -2.3504574037
