0.126933
1.6189583242  -1.6516950245   0.0000569227
1.6189583242  -1.6516950245   0.0000569227
1.6189629315  -1.6516910726   0.0000472861
1.6189593882  -1.6516663148   0.0000226169
1.6189435744  -1.6516198029  -0.0000174957
1.6189123059  -1.6515480527  -0.0000734599
1.6188644012  -1.6514499355  -0.0001456806
1.6187991904  -1.6513248994  -0.0002345604
1.6187161960  -1.6511726050  -0.0003404986
1.6186150274  -1.6509928049  -0.0004638920
1.6184953382  -1.6507852948  -0.0006051343
1.6183568053  -1.6505498905  -0.0007646166
1.6181991194  -1.6502864156  -0.0009427269
1.6180219787  -1.6499946953  -0.0011398506
1.6178250857  -1.6496745523  -0.0013563702
1.6176081451  -1.6493258043  -0.0015926652
1.6173708626  -1.6489482630  -0.0018491124
1.6171129438  -1.6485417329  -0.0021260857
1.6168340938  -1.6481060110  -0.0024239564
1.6165340168  -1.6476408862  -0.0027430926
1.6162124159  -1.6471461394  -0.0030838597
1.6158689925  -1.6466215437  -0.0034466203
1.6155034467  -1.6460668639  -0.0038317342
1.6151154772  -1.6454818573  -0.0042395582
1.6147047807  -1.6448662731  -0.0046704464
1.6142710526  -1.6442198535  -0.0051247501
1.6138139864  -1.6435423333  -0.0056028176
1.6133332741  -1.6428334403  -0.0061049944
1.6128286061  -1.6420928957  -0.0066316233
1.6122996712  -1.6413204146  -0.0071830441
1.6117461567  -1.6405157060  -0.0077595938
1.6111677485  -1.6396784731  -0.0083616066
1.6105641209  -1.6388078187  -0.0089902842
1.6099349688  -1.6379039699  -0.0096451802
1.6092799873  -1.6369673667  -0.0103263499
1.6085988462  -1.6359972740  -0.0110340680
1.6078912200  -1.6349932017  -0.0117686264
1.6071567860  -1.6339547670  -0.0125303423
1.6063952209  -1.6328816067  -0.0133195332
1.6056062009  -1.6317733705  -0.0141365191
1.6047894015  -1.6306297121  -0.0149816218
1.6039444977  -1.6294502871  -0.0158551650
1.6030711638  -1.6282347533  -0.0167574729
1.6021690739  -1.6269827707  -0.0176888712
1.6012379015  -1.6256940017  -0.0186496863
1.6002773201  -1.6243681116  -0.0196402452
1.5992870031  -1.6230047697  -0.0206608749
1.5982666236  -1.6216036492  -0.0217119024
1.5972158550  -1.6201644280  -0.0227936544
1.5961343708  -1.6186867890  -0.0239064576
1.5950218449  -1.6171704205  -0.0250506378
1.5938779514  -1.6156150171  -0.0262265204
1.5927023650  -1.6140202796  -0.0274344300
1.5914947613  -1.6123859161  -0.0286746902
1.5902548162  -1.6107116418  -0.0299476237
1.5889822069  -1.6089971802  -0.0312535520
1.5876766113  -1.6072422629  -0.0325927951
1.5863377088  -1.6054466304  -0.0339656718
1.5849651797  -1.6036100326  -0.0353724992
1.5835587060  -1.6017322289  -0.0368135924
1.5821179710  -1.5998129886  -0.0382892651
1.5806426599  -1.5978520913  -0.0397998287
1.5791324597  -1.5958493270  -0.0413455924
1.5775870592  -1.5938043340  -0.0429268634
1.5760061485  -1.5917168633  -0.0445439464
1.5743894203  -1.5895870615  -0.0461971430
1.5727365718  -1.5874149183  -0.0478867522
1.5710473022  -1.5852001749  -0.0496130704
1.5693213125  -1.5829426397  -0.0513763910
1.5675583063  -1.5806421658  -0.0531770043
1.5657579902  -1.5782986247  -0.0550151974
1.5639200744  -1.5759119023  -0.0568912540
1.5620442721  -1.5734818955  -0.0588054541
1.5601303000  -1.5710085126  -0.0607580742
1.5581778792  -1.5684916751  -0.0627493870
1.5561867466  -1.5659313387  -0.0647796611
1.5541566495  -1.5633274818  -0.0668491611
1.5520873288  -1.5606800770  -0.0689581475
1.5499785248  -1.5579890994  -0.0711068765
1.5478299819  -1.5552545353  -0.0732955998
1.5456414488  -1.5524763817  -0.0755245644
1.5434126784  -1.5496546464  -0.0777940128
1.5411434285  -1.5467893482  -0.0801041827
1.5388334613  -1.5438805167  -0.0824553066
1.5364825440  -1.5409281935  -0.0848476121
1.5340904487  -1.5379324314  -0.0872813214
1.5316569526  -1.5348932943  -0.0897566517
1.5291818382  -1.5318108568  -0.0922738143
1.5266648931  -1.5286852049  -0.0948330151
1.5241059107  -1.5255164361  -0.0974344545
1.5215046899  -1.5223046591  -0.1000783275
1.5188610354  -1.5190499944  -0.1027648236
1.5161747578  -1.5157525752  -0.1054941266
1.5134456736  -1.5124125473  -0.1082664139
1.5106736055  -1.5090300634  -0.1110818568
1.5078583822  -1.5056052787  -0.1139406202
1.5049998390  -1.5021383698  -0.1168428625
1.5020978175  -1.4986295422  -0.1197887357
1.4991521659  -1.4950790158  -0.1227783848
1.4961627392  -1.4914870189  -0.1258119482
1.4931293992  -1.4878538072  -0.1288895572
1.4900520146  -1.4841796829  -0.1320113360
1.4869304614  -1.4804649250  -0.1351774017
1.4837646228  -1.4767096486  -0.1383878651
1.4805543885  -1.4729138485  -0.1416428306
1.4772996545  -1.4690776499  -0.1449423951
1.4740003241  -1.4652014226  -0.1482866464
1.4706563093  -1.4612856631  -0.1516756627
1.4672675303  -1.4573308753  -0.1551095137
1.4638339157  -1.4533375442  -0.1585882610
1.4603554017  -1.4493061398  -0.1621119580
1.4568319325  -1.4452371163  -0.1656806502
1.4532634604  -1.4411309112  -0.1692943746
1.4496499452  -1.4369879460  -0.1729531598
1.4459913550  -1.4328086260  -0.1766570264
1.4422876661  -1.4285933394  -0.1804059880
1.4385388632  -1.4243424564  -0.1842000516
1.4347449389  -1.4200563311  -0.1880392149
1.4309058935  -1.4157353043  -0.1919234641
1.4270217346  -1.4113797063  -0.1958527739
1.4230924787  -1.4069898594  -0.1998271078
1.4191181597  -1.4025661203  -0.2038464188
1.4150988377  -1.3981089043  -0.2079106486
1.4110345779  -1.3936185917  -0.2120197285
1.4069254431  -1.3890955045  -0.2161735781
1.4027715046  -1.3845399649  -0.2203721065
1.3985728431  -1.3799523039  -0.2246152120
1.3943295490  -1.3753328648  -0.2289027824
1.3900417221  -1.3706819991  -0.2332346955
1.3857094718  -1.3660000672  -0.2376108180
1.3813329167  -1.3612874424  -0.2420310061
1.3769121851  -1.3565445091  -0.2464951047
1.3724474126  -1.3517715594  -0.2510029392
1.3679387417  -1.3469688234  -0.2555543184
1.3633863384  -1.3421370808  -0.2601490931
1.3587904109  -1.3372778425  -0.2647872056
1.3541511819  -1.3323922109  -0.2694686115
1.3494688388  -1.3274802105  -0.2741931692
1.3447435363  -1.3225416062  -0.2789606461
1.3399754419  -1.3175766234  -0.2837707844
1.3351647559  -1.3125858404  -0.2886233239
1.3303117015  -1.3075699472  -0.2935179982
1.3254165153  -1.3025296782  -0.2984545326
1.3204794449  -1.2974658054  -0.3034326453
1.3155007501  -1.2923791374  -0.3084520519
1.3104807043  -1.2872705188  -0.3135124748
1.3054196011  -1.2821408434  -0.3186136399
1.3003178315  -1.2769912383  -0.3237552653
1.2951757922  -1.2718228762  -0.3289370585
1.2899937683  -1.2666367069  -0.3341587189
1.2847720120  -1.2614336084  -0.3394199379
1.2795107751  -1.2562144559  -0.3447203990
1.2742103131  -1.2509801236  -0.3500597894
1.2688708881  -1.2457314842  -0.3554378119
1.2634927637  -1.2404694013  -0.3608541657
1.2580761946  -1.2351947154  -0.3663085215
1.2526214258  -1.2299082363  -0.3718005157
1.2471287027  -1.2246107471  -0.3773297705
1.2415982804  -1.2193030098  -0.3828959180
1.2360304147  -1.2139857539  -0.3884985621
1.2304253419  -1.2086596518  -0.3941372299
1.2247832822  -1.2033253112  -0.3998113782
1.2191044359  -1.1979832605  -0.4055203285
1.2133889507  -1.1926338493  -0.4112631402
1.2076364662  -1.1872768437  -0.4170359684
1.2018469891  -1.1819125702  -0.4228354840
1.1960235542  -1.1765445495  -0.4286685658
1.1901707403  -1.1711781095  -0.4345458383
1.1842894230  -1.1658151630  -0.4404699157
1.1783770568  -1.1604537879  -0.4464385261
1.1724318689  -1.1550920705  -0.4524497912
1.1664536419  -1.1497292362  -0.4585022653
1.1604425926  -1.1443648112  -0.4645944255
1.1543989592  -1.1389982320  -0.4707246692
1.1483229846  -1.1336288182  -0.4768913192
1.1422149138  -1.1282557789  -0.4830926314
1.1360752712  -1.1228786351  -0.4893268004
1.1299049491  -1.1174973274  -0.4955919659
1.1237046028  -1.1121113012  -0.5018862170
1.1174745478  -1.1067193955  -0.5082075969
1.1112150766  -1.1013203477  -0.5145541114
1.1049264622  -1.0959128164  -0.5209237369
1.0986089507  -1.0904953876  -0.5273144264
1.0922627565  -1.0850665874  -0.5337241145
1.0858887726  -1.0796258535  -0.5401507236
1.0794882395  -1.0741730565  -0.5465921686
1.0730614374  -1.0687067584  -0.5530463633
1.0666078691  -1.0632245568  -0.5595112264
1.0601266838  -1.0577237353  -0.5659846875
1.0536178967  -1.0522027971  -0.5724646918
1.0470821369  -1.0466610542  -0.5789492049
1.0405176793  -1.0410950791  -0.5854362194
1.0339212936  -1.0355000015  -0.5919237615
1.0272895400  -1.0298711720  -0.5984098974
1.0206137694  -1.0241986915  -0.6048927413
1.0138793949  -1.0184666527  -0.6113704894
1.0069105653  -1.0124988455  -0.6178414395
0.9998141886  -1.0064055957  -0.6243038545
0.9930431763  -1.0006395156  -0.6307557930
0.9866202817  -0.9952162476  -0.6371952375
0.9803033504  -0.9898878576  -0.6436203622
0.9740063088  -0.9845648328  -0.6500295674
0.9677270169  -0.9792427700  -0.6564213693
0.9614651801  -0.9739197787  -0.6627943596
0.9552206631  -0.9685943866  -0.6691472188
0.9489933505  -0.9632652716  -0.6754787258
0.9427831508  -0.9579312625  -0.6817877632
0.9365899936  -0.9525913393  -0.6880733172
0.9304138248  -0.9472446311  -0.6943344709
0.9242546051  -0.9418904147  -0.7005704085
0.9181123152  -0.9365281137  -0.7067804302
0.9119869584  -0.9311572974  -0.7129639597
0.9058785559  -0.9257776772  -0.7191205475
0.8997871440  -0.9203891018  -0.7252498758
0.8937127724  -0.9149915519  -0.7313517648
0.8876554978  -0.9095851315  -0.7374261635
0.8816153749  -0.9041700588  -0.7434731372
0.8755924610  -0.8987466595  -0.7494928864
0.8695868300  -0.8933153639  -0.7554857787
0.8635985756  -0.8878767011  -0.7614523673
0.8576277976  -0.8824312875  -0.7673933821
0.8516745844  -0.8769798126  -0.7733097116
0.8457390226  -0.8715230322  -0.7792024476
0.8398212274  -0.8660617696  -0.7850729589
0.8339213434  -0.8605969115  -0.7909229169
0.8280395554  -0.8551294099  -0.7967544109
0.8221761453  -0.8496603492  -0.8025701626
0.8163324468  -0.8441912656  -0.8083767481
0.8105101700  -0.8387237906  -0.8141817175
0.8047068248  -0.8332580343  -0.8199822716
0.7989164564  -0.8277926009  -0.8257692569
0.7931368710  -0.8223268009  -0.8315391801
0.7873702726  -0.8168612657  -0.8372928858
0.7816185141  -0.8113967924  -0.8430309459
0.7758819212  -0.8059338496  -0.8487534902
0.7701603989  -0.8004727606  -0.8544606440
0.7644538447  -0.7950138103  -0.8601525357
0.7587621568  -0.7895572540  -0.8658292979
0.7530852348  -0.7841033172  -0.8714910659
0.7474229793  -0.7786521961  -0.8771379776
0.7417752920  -0.7732040579  -0.8827701730
0.7361420756  -0.7677590412  -0.8883877934
0.7305232339  -0.7623172579  -0.8939909805
0.7249186713  -0.7568787939  -0.8995798757
0.7193282932  -0.7514437105  -0.9051546187
0.7137520059  -0.7460120455  -0.9107153474
0.7081897165  -0.7405838151  -0.9162621963
0.7026413336  -0.7351590151  -0.9217952963
0.6971067666  -0.7297376231  -0.9273147739
0.6915859264  -0.7243196006  -0.9328207502
0.6860787248  -0.7189048955  -0.9383133395
0.6805850747  -0.7134934443  -0.9437926480
0.6751048904  -0.7080851736  -0.9492587736
0.6696380874  -0.7026800024  -0.9547118045
0.6641845829  -0.6972778450  -0.9601518185
0.6587442950  -0.6918786129  -0.9655788802
0.6533171427  -0.6864822175  -0.9709930396
0.6479030453  -0.6810885717  -0.9763943280
0.6425019176  -0.6756975932  -0.9817827353
0.6371136623  -0.6703092043  -0.9871581846
0.6317381935  -0.6649233368  -0.9925206072
0.6263754824  -0.6595399588  -0.9978700703
0.6210255432  -0.6541590713  -1.0032067447
0.6156883609  -0.6487806578  -1.0085307649
0.6103638681  -0.6434046746  -1.0138421953
0.6050519861  -0.6380310897  -1.0191410809
0.5997526521  -0.6326599001  -1.0244274703
0.5944658152  -0.6272911241  -1.0297014120
0.5891914277  -0.6219247945  -1.0349629528
0.5839294441  -0.6165609587  -1.0402121370
0.5786798208  -0.6111996778  -1.0454490072
0.5734425158  -0.6058410267  -1.0506736035
0.5682174893  -0.6004850937  -1.0558859644
0.5630047029  -0.5951319797  -1.0610861259
0.5578041203  -0.5897817975  -1.0662741223
0.5526157071  -0.5844346711  -1.0714499858
0.5474394305  -0.5790907342  -1.0766137467
0.5422752594  -0.5737501294  -1.0817654333
0.5371231648  -0.5684130062  -1.0869050721
0.5319831192  -0.5630795203  -1.0920326879
0.5268550969  -0.5577498323  -1.0971483035
0.5217390740  -0.5524241064  -1.1022519401
0.5166350281  -0.5471025080  -1.1073436171
0.5115429387  -0.5417852027  -1.1124233526
0.5064627869  -0.5364723547  -1.1174911628
0.5013945554  -0.5311641252  -1.1225470626
0.4963382286  -0.5258606702  -1.1275910655
0.4912937923  -0.5205621382  -1.1326231836
0.4862612342  -0.5152686674  -1.1376434277
0.4812405434  -0.5099803742  -1.1426518078
0.4762317105  -0.5046973347  -1.1476483331
0.4712347278  -0.4994196013  -1.1526330125
0.4662495891  -0.4941472768  -1.1576058531
0.4612762887  -0.4888805522  -1.1625668592
0.4563148224  -0.4836196516  -1.1675160318
0.4513651871  -0.4783647747  -1.1724533709
0.4464273819  -0.4731160997  -1.1773788755
0.4415014073  -0.4678738043  -1.1822925440
0.4365872652  -0.4626380714  -1.1871943733
0.4316849586  -0.4574090873  -1.1920843592
0.4267944917  -0.4521870419  -1.1969624961
0.4219158700  -0.4469721280  -1.2018287774
0.4170491001  -0.4417645419  -1.2066831951
0.4121941898  -0.4365644825  -1.2115257402
0.4073511482  -0.4313720849  -1.2163564028
0.4025199850  -0.4261873551  -1.2211751721
0.3977007114  -0.4210104485  -1.2259820362
0.3928933399  -0.4158418913  -1.2307769814
0.3880978836  -0.4106821843  -1.2355599928
0.3833143569  -0.4055315497  -1.2403310549
0.3785427747  -0.4003901516  -1.2450901519
0.3737831533  -0.3952581905  -1.2498372671
0.3690355094  -0.3901358631  -1.2545723832
0.3642998607  -0.3850233630  -1.2592954819
0.3595762256  -0.3799208813  -1.2640065446
0.3548646232  -0.3748286081  -1.2687055516
0.3501650731  -0.3697467330  -1.2733924830
0.3454775960  -0.3646754466  -1.2780673180
0.3408022128  -0.3596149412  -1.2827300354
0.3361389450  -0.3545654116  -1.2873806134
0.3314878147  -0.3495270558  -1.2920190297
0.3268488446  -0.3445000760  -1.2966452617
0.3222220574  -0.3394846786  -1.3012592860
0.3176074767  -0.3344810750  -1.3058610792
0.3130051260  -0.3294894815  -1.3104506173
0.3084150293  -0.3245101196  -1.3150278761
0.3038372108  -0.3195432160  -1.3195928312
0.2992716951  -0.3145890027  -1.3241454580
0.2947185064  -0.3096477170  -1.3286857316
0.2901776697  -0.3047196009  -1.3332136273
0.2856492094  -0.2998049012  -1.3377291201
0.2811331504  -0.2949038684  -1.3422321852
0.2766295171  -0.2900167568  -1.3467227977
0.2721383343  -0.2851438236  -1.3512009330
0.2676596262  -0.2802853282  -1.3556665667
0.2631934171  -0.2754415314  -1.3601196746
0.2587397367  -0.2706135852  -1.3645602771
0.2542986214  -0.2658029369  -1.3689884458
0.2498700865  -0.2610077299  -1.3734041252
0.2454541230  -0.2562254884  -1.3778071433
0.2410507441  -0.2514575155  -1.3821974258
0.2366599875  -0.2467054917  -1.3865749579
0.2322818835  -0.2419697712  -1.3909397047
0.2279164550  -0.2372506925  -1.3952916350
0.2235637244  -0.2325485823  -1.3996307216
0.2192237132  -0.2278637523  -1.4039569422
0.2148964423  -0.2231964985  -1.4082702791
0.2105819318  -0.2185470997  -1.4125707196
0.2062802004  -0.2139158161  -1.4168582562
0.2019912659  -0.2093028891  -1.4211328866
0.1977151447  -0.2047085410  -1.4253946141
0.1934518518  -0.2001329742  -1.4296434472
0.1892014006  -0.1955763719  -1.4338793996
0.1849638033  -0.1910388986  -1.4381024906
0.1807390702  -0.1865206997  -1.4423127440
0.1765272101  -0.1820219032  -1.4465101887
0.1723282302  -0.1775426201  -1.4506948583
0.1681421361  -0.1730829452  -1.4548667902
0.1639689319  -0.1686429586  -1.4590260256
0.1598086198  -0.1642227264  -1.4631726092
0.1556612006  -0.1598223024  -1.4673065884
0.1515266736  -0.1554417289  -1.4714280124
0.1474050364  -0.1510810382  -1.4755369324
0.1432962853  -0.1467402539  -1.4796334000
0.1392004148  -0.1424193919  -1.4837174671
0.1351174182  -0.1381184620  -1.4877891848
0.1310472869  -0.1338374684  -1.4918486023
0.1269900111  -0.1295764139  -1.4958957666
0.1229482655  -0.1253361109  -1.4999905813
0.1189237731  -0.1211169909  -1.5041627541
0.1149095507  -0.1169168919  -1.5083099752
0.1109035525  -0.1127352684  -1.5124586505
0.1069093744  -0.1085732594  -1.5166069528
0.1029269443  -0.1044308707  -1.5207528043
0.0989562024  -0.1003081137  -1.5248938767
0.0949971027  -0.0962050041  -1.5290275908
0.0910496132  -0.0921215610  -1.5331511169
0.0871137170  -0.0880578063  -1.5372613748
0.0831894128  -0.0840137628  -1.5413550336
0.0792767156  -0.0799894533  -1.5454285116
0.0753756573  -0.0759848988  -1.5494779769
0.0714862872  -0.0720001173  -1.5534993464
0.0676086723  -0.0680351216  -1.5574882870
0.0637428976  -0.0640899181  -1.5614402146
0.0598890664  -0.0601645047  -1.5653502944
0.0560473005  -0.0562588698  -1.5692134414
0.0522177396  -0.0523729902  -1.5730243195
0.0484005416  -0.0485068301  -1.5767773423
0.0445958820  -0.0446603402  -1.5804666727
0.0408039535  -0.0408334567  -1.5840862230
0.0370249649  -0.0370261012  -1.5876296547
0.0332591404  -0.0332381802  -1.5910903790
0.0295067183  -0.0294695859  -1.5944615562
0.0257679498  -0.0257201971  -1.5977360960
0.0220430967  -0.0219898804  -1.6009066578
0.0183324301  -0.0182784917  -1.6039656499
0.0146362277  -0.0145858793  -1.6069052304
0.0109547710  -0.0109118855  -1.6097173064
0.0072883429  -0.0072563503  -1.6123935348
0.0036372239  -0.0036191142  -1.6149253216
0.0036336686  -0.0036190735  -1.6149253216
