0.230234
0.8664026348  -0.8228628946   0.0000264070
0.8664026348  -0.8228628946   0.0000264070
0.8664054943  -0.8228633024   0.0000227999
0.8664048023  -0.8228571897   0.0000126993
0.8663985739  -0.8228438261  -0.0000040595
0.8663856445  -0.8228224455  -0.0000276415
0.8663655578  -0.8227927659  -0.0000582110
0.8663380470  -0.8227546317  -0.0000959328
0.8663029178  -0.8227079340  -0.0001409713
0.8662600076  -0.8226525836  -0.0001934907
0.8662091702  -0.8225885001  -0.0002536553
0.8661502678  -0.8225156071  -0.0003216294
0.8660831671  -0.8224338287  -0.0003975768
0.8660077370  -0.8223430886  -0.0004816616
0.8659238477  -0.8222433091  -0.0005740476
0.8658313693  -0.8221344104  -0.0006748985
0.8657301720  -0.8220163104  -0.0007843779
0.8656201250  -0.8218889243  -0.0009026495
0.8655010969  -0.8217521648  -0.0010298767
0.8653729551  -0.8216059414  -0.0011662227
0.8652355657  -0.8214501611  -0.0013118509
0.8650887938  -0.8212847277  -0.0014669243
0.8649325030  -0.8211095422  -0.0016316061
0.8647665555  -0.8209245023  -0.0018060592
0.8645908120  -0.8207295031  -0.0019904464
0.8644051318  -0.8205244366  -0.0021849305
0.8642093727  -0.8203091918  -0.0023896740
0.8640033909  -0.8200836548  -0.0026048396
0.8637870409  -0.8198477088  -0.0028305898
0.8635601760  -0.8196012341  -0.0030670867
0.8633226474  -0.8193441080  -0.0033144928
0.8630743052  -0.8190762053  -0.0035729701
0.8628149929  -0.8187972226  -0.0038430676
0.8625445621  -0.8185071887  -0.0041245923
0.8622628642  -0.8182062031  -0.0044175766
0.8619697382  -0.8178940064  -0.0047221690
0.8616650235  -0.8175703994  -0.0050385209
0.8613485596  -0.8172352210  -0.0053667920
0.8610201844  -0.8168883148  -0.0057071434
0.8606797345  -0.8165295259  -0.0060597386
0.8603270446  -0.8161586980  -0.0064247433
0.8599619478  -0.8157756735  -0.0068023252
0.8595842758  -0.8153802931  -0.0071926539
0.8591938583  -0.8149723957  -0.0075959008
0.8587905237  -0.8145518187  -0.0080122391
0.8583740983  -0.8141183977  -0.0084418435
0.8579444073  -0.8136719673  -0.0088848909
0.8575012737  -0.8132123601  -0.0093415594
0.8570445192  -0.8127394081  -0.0098120290
0.8565739637  -0.8122529416  -0.0102964815
0.8560894254  -0.8117527900  -0.0107951002
0.8555907211  -0.8112387819  -0.0113080700
0.8550776656  -0.8107107448  -0.0118355776
0.8545500723  -0.8101685056  -0.0123778113
0.8540077528  -0.8096118904  -0.0129349610
0.8534505173  -0.8090407249  -0.0135072182
0.8528781742  -0.8084548344  -0.0140947761
0.8522905303  -0.8078540435  -0.0146978295
0.8516873908  -0.8072381771  -0.0153165746
0.8510685593  -0.8066070596  -0.0159512094
0.8504338379  -0.8059605154  -0.0166019334
0.8497830270  -0.8052983690  -0.0172689477
0.8491159255  -0.8046204451  -0.0179524549
0.8484323309  -0.8039265169  -0.0186526592
0.8477320386  -0.8032163906  -0.0193697664
0.8470148428  -0.8024899979  -0.0201039835
0.8462805367  -0.8017472190  -0.0208555190
0.8455289131  -0.8009878472  -0.0216245830
0.8447597624  -0.8002116936  -0.0224113872
0.8439728732  -0.7994185811  -0.0232161446
0.8431680327  -0.7986083349  -0.0240390696
0.8423450265  -0.7977807819  -0.0248803782
0.8415036389  -0.7969357494  -0.0257402876
0.8406436528  -0.7960730651  -0.0266190164
0.8397648496  -0.7951925574  -0.0275167845
0.8388670096  -0.7942940552  -0.0284338131
0.8379499115  -0.7933773872  -0.0293703248
0.8370133328  -0.7924423827  -0.0303265435
0.8360570499  -0.7914888707  -0.0313026941
0.8350808378  -0.7905166807  -0.0322990030
0.8340844704  -0.7895256421  -0.0333156975
0.8330677203  -0.7885155848  -0.0343530063
0.8320303590  -0.7874863395  -0.0354111591
0.8309721570  -0.7864377372  -0.0364903865
0.8298928837  -0.7853696095  -0.0375909205
0.8287923073  -0.7842817888  -0.0387129936
0.8276701952  -0.7831741083  -0.0398568397
0.8265263138  -0.7820464016  -0.0410226934
0.8253604286  -0.7808985029  -0.0422107900
0.8241723042  -0.7797302478  -0.0434213659
0.8229617044  -0.7785414730  -0.0446546581
0.8217283923  -0.7773320169  -0.0459109042
0.8204721301  -0.7761017193  -0.0471903428
0.8191926795  -0.7748504214  -0.0484932128
0.8178898016  -0.7735779649  -0.0498197539
0.8165632569  -0.7722841921  -0.0511702060
0.8152128054  -0.7709689510  -0.0525448098
0.8138382065  -0.7696320987  -0.0539438063
0.8124392195  -0.7682735119  -0.0553674365
0.8110156030  -0.7668930864  -0.0568159416
0.8095671160  -0.7654906696  -0.0582895636
0.8080935177  -0.7640659899  -0.0597885467
0.8065945668  -0.7626187298  -0.0613131375
0.8050700212  -0.7611486702  -0.0628635826
0.8035196387  -0.7596557222  -0.0644401269
0.8019431771  -0.7581398647  -0.0660430137
0.8003403949  -0.7566010904  -0.0676724851
0.7987110515  -0.7550393845  -0.0693287828
0.7970549064  -0.7534547195  -0.0710121476
0.7953717201  -0.7518470553  -0.0727228196
0.7936612533  -0.7502163390  -0.0744610379
0.7919232676  -0.7485625034  -0.0762270408
0.7901575252  -0.7468854647  -0.0780210654
0.7883637892  -0.7451851226  -0.0798433474
0.7865418232  -0.7434613631  -0.0816941213
0.7846913922  -0.7417140596  -0.0835736199
0.7828122619  -0.7399430743  -0.0854820742
0.7809041993  -0.7381482603  -0.0874197136
0.7789669729  -0.7363294638  -0.0893867652
0.7770003522  -0.7344865281  -0.0913834542
0.7750041088  -0.7326192917  -0.0934100036
0.7729780156  -0.7307275846  -0.0954666335
0.7709218473  -0.7288112303  -0.0975535613
0.7688353806  -0.7268700520  -0.0996710013
0.7667183943  -0.7249038809  -0.1018191644
0.7645706698  -0.7229125547  -0.1039982585
0.7623919909  -0.7208959097  -0.1062084894
0.7601821446  -0.7188537803  -0.1084500628
0.7579409204  -0.7167860098  -0.1107231814
0.7556681101  -0.7146923794  -0.1130280397
0.7533635034  -0.7125723421  -0.1153648134
0.7510268905  -0.7104254530  -0.1177336658
0.7486581026  -0.7082528252  -0.1201347945
0.7462570617  -0.7060567269  -0.1225684513
0.7438236820  -0.7038378838  -0.1250348816
0.7413577920  -0.7015949124  -0.1275342718
0.7388591918  -0.6993261652  -0.1300667610
0.7363276887  -0.6970307379  -0.1326324670
0.7337631100  -0.6947083533  -0.1352314983
0.7311652995  -0.6923590402  -0.1378639568
0.7285341115  -0.6899829332  -0.1405299385
0.7258694092  -0.6875802200  -0.1432295393
0.7231710647  -0.6851511353  -0.1459628564
0.7204389570  -0.6826959576  -0.1487299782
0.7176729714  -0.6802150049  -0.1515309797
0.7148730000  -0.6777086316  -0.1543659243
0.7120389429  -0.6751772252  -0.1572348638
0.7091707083  -0.6726212032  -0.1601378379
0.7062682126  -0.6700410089  -0.1630748743
0.7033313805  -0.6674371084  -0.1660459917
0.7003601476  -0.6648099882  -0.1690512148
0.6973544608  -0.6621601519  -0.1720905775
0.6943142739  -0.6594881138  -0.1751640973
0.6912395435  -0.6567943920  -0.1782717613
0.6881302312  -0.6540795027  -0.1814135271
0.6849863079  -0.6513439593  -0.1845893404
0.6818077573  -0.6485882695  -0.1877991493
0.6785945736  -0.6458129334  -0.1910428579
0.6753468654  -0.6430186011  -0.1943202822
0.6720647998  -0.6402059723  -0.1976311508
0.6687484459  -0.6373755335  -0.2009751223
0.6653976786  -0.6345274792  -0.2043507168
0.6620118374  -0.6316615087  -0.2077529828
0.6585907977  -0.6287777223  -0.2111809523
0.6551366956  -0.6258781050  -0.2146443341
0.6516519238  -0.6229652349  -0.2181525013
0.6481364275  -0.6200399851  -0.2217079865
0.6445888214  -0.6171018439  -0.2253103032
0.6410080756  -0.6141501039  -0.2289580580
0.6373937357  -0.6111842113  -0.2326499082
0.6337456978  -0.6082037117  -0.2363845690
0.6300639592  -0.6052081085  -0.2401606503
0.6263486191  -0.6021969243  -0.2439766651
0.6226001222  -0.5991700290  -0.2478310342
0.6188188589  -0.5961270979  -0.2517220929
0.6150048737  -0.5930672328  -0.2556480982
0.6111581532  -0.5899893700  -0.2596072359
0.6072786619  -0.5868923393  -0.2635976266
0.6033663373  -0.5837748677  -0.2676173333
0.5994210817  -0.5806355818  -0.2716643667
0.5954427501  -0.5774730060  -0.2757366927
0.5914313435  -0.5742858126  -0.2798322376
0.5873876521  -0.5710735933  -0.2839488948
0.5833122781  -0.5678356457  -0.2880845300
0.5792048258  -0.5645700340  -0.2922369884
0.5750645647  -0.5612744678  -0.2964041009
0.5708904927  -0.5579464164  -0.3005836896
0.5666824763  -0.5545844460  -0.3047735737
0.5624404485  -0.5511872604  -0.3089715752
0.5581618213  -0.5477508054  -0.3131755230
0.5538425325  -0.5442696556  -0.3173832569
0.5494777778  -0.5407379453  -0.3215926347
0.5450626891  -0.5371497984  -0.3258015477
0.5405263301  -0.5334339074  -0.3300079590
0.5356882026  -0.5294110585  -0.3342099018
0.5308339795  -0.5253675509  -0.3384053528
0.5263414185  -0.5216765067  -0.3425921540
0.5221196873  -0.5182406217  -0.3467681467
0.5180345284  -0.5149225160  -0.3509313167
0.5139995982  -0.5116348373  -0.3550797958
0.5099846786  -0.5083467997  -0.3592118187
0.5059885230  -0.5050564365  -0.3633257061
0.5020106238  -0.5017624737  -0.3674198655
0.4980508789  -0.4984641292  -0.3714927973
0.4941092437  -0.4951607926  -0.3755430942
0.4901856895  -0.4918519845  -0.3795694434
0.4862802066  -0.4885373571  -0.3835706404
0.4823928065  -0.4852166932  -0.3875456006
0.4785235195  -0.4818899013  -0.3914933640
0.4746723917  -0.4785570104  -0.3954131027
0.4708394839  -0.4752181644  -0.3993041279
0.4670248696  -0.4718736155  -0.4031658980
0.4632286322  -0.4685237167  -0.4069980223
0.4594508587  -0.4651689110  -0.4108002511
0.4556916340  -0.4618097212  -0.4145724726
0.4519510485  -0.4584467466  -0.4183147436
0.4482292050  -0.4550806607  -0.4220273139
0.4445262157  -0.4517122015  -0.4257106389
0.4408421914  -0.4483421576  -0.4293653747
0.4371772325  -0.4449713544  -0.4329923712
0.4335314398  -0.4416006532  -0.4365927319
0.4299049355  -0.4382309561  -0.4401678890
0.4262978619  -0.4348631995  -0.4437196434
0.4227103682  -0.4314983493  -0.4472501931
0.4191428860  -0.4281375890  -0.4507634325
0.4155969002  -0.4247827420  -0.4542681404
0.4120732269  -0.4214351948  -0.4577706361
0.4085688602  -0.4180940256  -0.4612657723
0.4050797079  -0.4147574713  -0.4647459838
0.4016049524  -0.4114254141  -0.4682085237
0.3981458414  -0.4080988789  -0.4716529729
0.3947033923  -0.4047788321  -0.4750796691
0.3912780191  -0.4014659379  -0.4784888561
0.3878697481  -0.3981606415  -0.4818806383
0.3844785005  -0.3948633046  -0.4852551243
0.3811041925  -0.3915742570  -0.4886124257
0.3777467386  -0.3882937991  -0.4919526584
0.3744060533  -0.3850222026  -0.4952759417
0.3710820507  -0.3817597109  -0.4985823986
0.3677746448  -0.3785065393  -0.5018721539
0.3644837490  -0.3752628768  -0.5051453344
0.3612092768  -0.3720288867  -0.5084020677
0.3579511412  -0.3688047087  -0.5116424813
0.3547092552  -0.3655904596  -0.5148667023
0.3514835316  -0.3623862359  -0.5180748559
0.3482738834  -0.3591921162  -0.5212670656
0.3450802235  -0.3560081619  -0.5244434521
0.3419024650  -0.3528344183  -0.5276041323
0.3387405210  -0.3496709150  -0.5307492182
0.3355943048  -0.3465176688  -0.5338788165
0.3324637300  -0.3433746869  -0.5369930275
0.3293487107  -0.3402419684  -0.5400919445
0.3262491609  -0.3371195035  -0.5431756529
0.3231649951  -0.3340072732  -0.5462442282
0.3200961278  -0.3309052519  -0.5492977346
0.3170424731  -0.3278133881  -0.5523362192
0.3140039403  -0.3247315207  -0.5553596851
0.3109804336  -0.3216594504  -0.5583680878
0.3079718690  -0.3185973271  -0.5613614183
0.3049781904  -0.3155457103  -0.5643397769
0.3019993531  -0.3125050357  -0.5673033173
0.2990352947  -0.3094753450  -0.5702521650
0.2960859335  -0.3064565266  -0.5731864100
0.2931511848  -0.3034485179  -0.5761061287
0.2902309677  -0.3004513270  -0.5790113956
0.2873252055  -0.2974650005  -0.5819022857
0.2844338231  -0.2944895961  -0.5847788740
0.2815567464  -0.2915251748  -0.5876412350
0.2786939011  -0.2885718006  -0.5904894429
0.2758452139  -0.2856295396  -0.5933235712
0.2730106115  -0.2826984599  -0.5961436927
0.2701900210  -0.2797786314  -0.5989498801
0.2673833699  -0.2768701249  -0.6017422055
0.2645905860  -0.2739730120  -0.6045207404
0.2618115975  -0.2710873645  -0.6072855560
0.2590463328  -0.2682132536  -0.6100367233
0.2562947207  -0.2653507500  -0.6127743125
0.2535566902  -0.2624999225  -0.6154983940
0.2508321707  -0.2596608384  -0.6182090374
0.2481210918  -0.2568335619  -0.6209063124
0.2454233836  -0.2540181541  -0.6235902881
0.2427389761  -0.2512146722  -0.6262610336
0.2400677998  -0.2484231691  -0.6289186177
0.2374097855  -0.2456436928  -0.6315631090
0.2347648640  -0.2428762855  -0.6341945761
0.2321329665  -0.2401209830  -0.6368130873
0.2295140246  -0.2373778136  -0.6394187110
0.2269079698  -0.2346467921  -0.6420115155
0.2243147341  -0.2319279155  -0.6445915695
0.2217342494  -0.2292211746  -0.6471589419
0.2191664482  -0.2265265780  -0.6497137010
0.2166112628  -0.2238441559  -0.6522559142
0.2140686258  -0.2211739421  -0.6547856480
0.2115384702  -0.2185159615  -0.6573029689
0.2090207290  -0.2158702318  -0.6598079433
0.2065153356  -0.2132367665  -0.6623006376
0.2040222236  -0.2106155769  -0.6647811181
0.2015413268  -0.2080066726  -0.6672494506
0.1990725792  -0.2054100611  -0.6697057011
0.1966159149  -0.2028257481  -0.6721499351
0.1941712683  -0.2002537374  -0.6745822182
0.1917385739  -0.1976940309  -0.6770026155
0.1893177665  -0.1951466286  -0.6794111920
0.1869087810  -0.1926115290  -0.6818080127
0.1845115526  -0.1900887214  -0.6841931421
0.1821260165  -0.1875781800  -0.6865666448
0.1797521083  -0.1850798930  -0.6889285851
0.1773897638  -0.1825938849  -0.6912790270
0.1750389189  -0.1801201745  -0.6936180344
0.1726995098  -0.1776587500  -0.6959456708
0.1703714726  -0.1752095918  -0.6982619999
0.1680547440  -0.1727726823  -0.7005670850
0.1657492606  -0.1703480017  -0.7028609891
0.1634549592  -0.1679355282  -0.7051437753
0.1611717769  -0.1655352383  -0.7074155062
0.1588996510  -0.1631471068  -0.7096762445
0.1566385189  -0.1607711070  -0.7119260525
0.1543883182  -0.1584072107  -0.7141649924
0.1521489869  -0.1560553887  -0.7163931262
0.1499204628  -0.1537156106  -0.7186105155
0.1477026842  -0.1513878448  -0.7208172221
0.1454955897  -0.1490720590  -0.7230133071
0.1432991177  -0.1467682200  -0.7251988319
0.1411132072  -0.1444762935  -0.7273738573
0.1389377971  -0.1421962449  -0.7295384441
0.1367728267  -0.1399280384  -0.7316926529
0.1346182356  -0.1376716378  -0.7338365439
0.1324739632  -0.1354270064  -0.7359701773
0.1303399495  -0.1331941065  -0.7380936130
0.1282161345  -0.1309729002  -0.7402069108
0.1261024586  -0.1287633486  -0.7423101299
0.1239988621  -0.1265654123  -0.7444033299
0.1219052859  -0.1243790515  -0.7464865696
0.1198216709  -0.1222042253  -0.7485599079
0.1177479581  -0.1200408925  -0.7506234034
0.1156840889  -0.1178890110  -0.7526771146
0.1136300054  -0.1157486198  -0.7547211071
0.1115856504  -0.1136197818  -0.7567554554
0.1095509650  -0.1115022559  -0.7587802118
0.1075258893  -0.1093957502  -0.7607954078
0.1055103650  -0.1073003196  -0.7628010919
0.1035043361  -0.1052160486  -0.7647973221
0.1015077462  -0.1031428991  -0.7667841529
0.0995205384  -0.1010808308  -0.7687616388
0.0975426564  -0.0990298019  -0.7707298349
0.0955740439  -0.0969897687  -0.7726887965
0.0936146449  -0.0949606857  -0.7746385795
0.0916644036  -0.0929425057  -0.7765792402
0.0897232645  -0.0909351796  -0.7785108354
0.0877911722  -0.0889386567  -0.7804334224
0.0858680715  -0.0869528842  -0.7823470590
0.0839539076  -0.0849778081  -0.7842518037
0.0820486257  -0.0830133725  -0.7861477152
0.0801521713  -0.0810595202  -0.7880348529
0.0782644901  -0.0791161926  -0.7899132765
0.0763855281  -0.0771833297  -0.7917830462
0.0745152313  -0.0752608706  -0.7936442225
0.0726535462  -0.0733487531  -0.7954968662
0.0708004192  -0.0714469145  -0.7973410382
0.0689557973  -0.0695552909  -0.7991767995
0.0671196274  -0.0676738180  -0.8010042112
0.0652918568  -0.0658024311  -0.8028233342
0.0634724330  -0.0639410648  -0.8046342293
0.0616613038  -0.0620896537  -0.8064369568
0.0598584172  -0.0602481319  -0.8082315764
0.0580637214  -0.0584164338  -0.8100181474
0.0562771650  -0.0565944935  -0.8117967281
0.0544986966  -0.0547822455  -0.8135673759
0.0527287280  -0.0529796871  -0.8153554533
0.0509675091  -0.0511867853  -0.8171735487
0.0492137898  -0.0494033093  -0.8189784837
0.0474671690  -0.0476291549  -0.8207814619
0.0457282184  -0.0458643460  -0.8225817581
0.0439968785  -0.0441088203  -0.8243785417
0.0422730926  -0.0423625159  -0.8261708764
0.0405568069  -0.0406253717  -0.8279577202
0.0388479706  -0.0388973270  -0.8297379257
0.0371465359  -0.0371783220  -0.8315102399
0.0354524584  -0.0354682970  -0.8332733040
0.0337656971  -0.0337671929  -0.8350256537
0.0320862148  -0.0320749507  -0.8367657194
0.0304139775  -0.0303915118  -0.8384918254
0.0287489554  -0.0287168176  -0.8402021908
0.0270911223  -0.0270508095  -0.8418949289
0.0254404559  -0.0253934289  -0.8435680476
0.0237969377  -0.0237446169  -0.8452194490
0.0221605532  -0.0221043147  -0.8468469297
0.0205312918  -0.0204724630  -0.8484481808
0.0189091466  -0.0188490022  -0.8500207876
0.0172941142  -0.0172338726  -0.8515622299
0.0156861951  -0.0156270141  -0.8530698821
0.0140853930  -0.0140283662  -0.8545410127
0.0124917144  -0.0124378683  -0.8559727848
0.0109051692  -0.0108554597  -0.8573622559
0.0093257693  -0.0092810793  -0.8587063778
0.0077535289  -0.0077146664  -0.8600019967
0.0061884640  -0.0061561602  -0.8612458535
0.0046305913  -0.0046055005  -0.8624345830
0.0030799285  -0.0030626272  -0.8635647150
0.0015364928  -0.0015274812  -0.8646326732
0.0015358589  -0.0015274735  -0.8646326732
