0.120871
1.6146191868  -2.1057025532   0.0000858291
1.6146191868  -2.1057025532   0.0000858291
1.6146280863  -2.1057070945   0.0000716049
1.6146243126  -2.1056674798   0.0000347410
1.6146011478  -2.1055758577  -0.0000254424
1.6145542178  -2.1054242286  -0.0001096138
1.6144818453  -2.1052098620  -0.0002184302
1.6143830642  -2.1049313835  -0.0003525374
1.6142571785  -2.1045879235  -0.0005125696
1.6141036157  -2.1041788346  -0.0006991496
1.6139218673  -2.1037035766  -0.0009128891
1.6137114604  -2.1031616619  -0.0011543879
1.6134719444  -2.1025526286  -0.0014242348
1.6132028821  -2.1018760254  -0.0017230070
1.6129038461  -2.1011314032  -0.0020512703
1.6125744155  -2.1003183100  -0.0024095792
1.6122141746  -2.0994362886  -0.0027984767
1.6118227120  -2.0984848749  -0.0032184944
1.6113996195  -2.0974635974  -0.0036701525
1.6109444923  -2.0963719769  -0.0041539599
1.6104569284  -2.0952095272  -0.0046704139
1.6099365291  -2.0939757554  -0.0052200005
1.6093828983  -2.0926701626  -0.0058031944
1.6087956432  -2.0912922451  -0.0064204588
1.6081743742  -2.0898414953  -0.0070722453
1.6075187051  -2.0883174026  -0.0077589944
1.6068282533  -2.0867194549  -0.0084811350
1.6061026400  -2.0850471398  -0.0092390848
1.6053414905  -2.0832999455  -0.0100332498
1.6045444345  -2.0814773627  -0.0108640249
1.6037111060  -2.0795788855  -0.0117317933
1.6028411441  -2.0776040129  -0.0126369270
1.6019341896  -2.0755512285  -0.0135811419
1.6009899000  -2.0734209951  -0.0145635791
1.6000079346  -2.0712141139  -0.0155841507
1.5989879444  -2.0689293442  -0.0166431408
1.5979295931  -2.0665659331  -0.0177408383
1.5968325544  -2.0641233514  -0.0188775533
1.5956965093  -2.0616011194  -0.0200535879
1.5945211458  -2.0589987944  -0.0212692398
1.5933061592  -2.0563159597  -0.0225248009
1.5920512526  -2.0535522231  -0.0238205565
1.5907561370  -2.0507072174  -0.0251567846
1.5894205317  -2.0477806018  -0.0265337548
1.5880441644  -2.0447720624  -0.0279517280
1.5866267694  -2.0416813109  -0.0294109564
1.5851680870  -2.0385080844  -0.0309116840
1.5836678682  -2.0352521517  -0.0324541455
1.5821258761  -2.0319133150  -0.0340385666
1.5805418833  -2.0284914088  -0.0356651634
1.5789156725  -2.0249863012  -0.0373341426
1.5772470363  -2.0213978947  -0.0390457010
1.5755357780  -2.0177261269  -0.0408000253
1.5737817110  -2.0139709703  -0.0425972916
1.5719846595  -2.0101324333  -0.0444376644
1.5701444582  -2.0062105608  -0.0463212977
1.5682609530  -2.0022054345  -0.0482483349
1.5663340006  -1.9981171737  -0.0502189091
1.5643634690  -1.9939459361  -0.0522331431
1.5623492372  -1.9896919178  -0.0542911488
1.5602911954  -1.9853553538  -0.0563930273
1.5581892451  -1.9809365173  -0.0585388693
1.5560432892  -1.9764357098  -0.0607287538
1.5538532357  -1.9718530153  -0.0629627477
1.5516190107  -1.9671887256  -0.0652409062
1.5493405590  -1.9624437583  -0.0675632736
1.5470178402  -1.9576187902  -0.0699298843
1.5446508238  -1.9527141374  -0.0723407622
1.5422394892  -1.9477302553  -0.0747959210
1.5397838274  -1.9426676907  -0.0772953638
1.5372838414  -1.9375270348  -0.0798390833
1.5347395448  -1.9323089162  -0.0824270608
1.5321509627  -1.9270139962  -0.0850592652
1.5295181306  -1.9216429658  -0.0877356552
1.5268410889  -1.9161965406  -0.0904561806
1.5241198665  -1.9106754454  -0.0932207817
1.5213545059  -1.9050804375  -0.0960293896
1.5185450804  -1.8994123227  -0.0988819267
1.5156916760  -1.8936719367  -0.1017783061
1.5127943889  -1.8878601423  -0.1047184302
1.5098533251  -1.8819778277  -0.1077021903
1.5068686006  -1.8760259065  -0.1107294691
1.5038403413  -1.8700053165  -0.1138001424
1.5007686825  -1.8639170200  -0.1169140781
1.4976537673  -1.8577620042  -0.1200711373
1.4944957160  -1.8515412532  -0.1232711740
1.4912946422  -1.8452557584  -0.1265140354
1.4880506969  -1.8389065549  -0.1297995613
1.4847640537  -1.8324947079  -0.1331275822
1.4814348941  -1.8260212986  -0.1364979190
1.4780634070  -1.8194874256  -0.1399103831
1.4746497891  -1.8128942052  -0.1433647776
1.4711942439  -1.8062427732  -0.1468608981
1.4676969819  -1.7995342881  -0.1503985341
1.4641581890  -1.7927698925  -0.1539774754
1.4605780214  -1.7859506939  -0.1575975123
1.4569566699  -1.7790778454  -0.1612584301
1.4532943647  -1.7721525706  -0.1649600061
1.4495913416  -1.7651761104  -0.1687020115
1.4458478421  -1.7581497091  -0.1724842122
1.4420641129  -1.7510746251  -0.1763063710
1.4382404061  -1.7439521553  -0.1801682517
1.4343769677  -1.7367836440  -0.1840696240
1.4304739792  -1.7295703247  -0.1880102593
1.4265316228  -1.7223131865  -0.1919899300
1.4225501477  -1.7150131406  -0.1960084101
1.4185298177  -1.7076713340  -0.2000654750
1.4144709017  -1.7002892218  -0.2041609015
1.4103736730  -1.6928683660  -0.2082944683
1.4062384079  -1.6854102995  -0.2124659554
1.4020653645  -1.6779165048  -0.2166751442
1.3978547133  -1.6703883766  -0.2209218177
1.3936066301  -1.6628272744  -0.2252057600
1.3893213751  -1.6552345727  -0.2295267512
1.3849992210  -1.6476116188  -0.2338845689
1.3806404440  -1.6399597265  -0.2382790029
1.3762453255  -1.6322801798  -0.2427098648
1.3718141502  -1.6245742321  -0.2471769841
1.3673472029  -1.6168431376  -0.2516802027
1.3628447187  -1.6090881064  -0.2562193587
1.3583068482  -1.6013102024  -0.2607942685
1.3537336992  -1.5935103800  -0.2654047238
1.3491253673  -1.5856895516  -0.2700504963
1.3444819401  -1.5778485944  -0.2747313409
1.3398035014  -1.5699883571  -0.2794470118
1.3350901906  -1.5621097375  -0.2841972771
1.3303423790  -1.5542139143  -0.2889819132
1.3255603949  -1.5463020154  -0.2938006985
1.3207443177  -1.5383748552  -0.2986534135
1.3158941855  -1.5304331904  -0.3035398397
1.3110100256  -1.5224777654  -0.3084597594
1.3060918558  -1.5145093168  -0.3134129519
1.3011397313  -1.5065286393  -0.3183991918
1.2961539412  -1.4985368787  -0.3234182363
1.2911348503  -1.4905352922  -0.3284698266
1.2860827053  -1.4825246554  -0.3335537635
1.2809977635  -1.4745053928  -0.3386699589
1.2758802841  -1.4664783587  -0.3438183269
1.2707304887  -1.4584451126  -0.3489986681
1.2655485989  -1.4504072900  -0.3542107064
1.2603348597  -1.4423661842  -0.3594541592
1.2550895105  -1.4343228559  -0.3647287514
1.2498127879  -1.4262783210  -0.3700342108
1.2445049321  -1.4182336004  -0.3753702659
1.2391661643  -1.4101896996  -0.3807366453
1.2337964164  -1.4021473863  -0.3861330784
1.2283958246  -1.3941076303  -0.3915592928
1.2229651828  -1.3860719985  -0.3970150153
1.2175055076  -1.3780422690  -0.4024999728
1.2120178679  -1.3700202710  -0.4080138912
1.2065032176  -1.3620077577  -0.4135564954
1.2009618288  -1.3540058461  -0.4191275079
1.1953933422  -1.3460149195  -0.4247266518
1.1897972722  -1.3380351162  -0.4303536574
1.1841730694  -1.3300664870  -0.4360082621
1.1785202295  -1.3221091265  -0.4416902106
1.1728389917  -1.3141639970  -0.4473990852
1.1671299627  -1.3062324600  -0.4531343340
1.1613934508  -1.2983154208  -0.4588956366
1.1556297670  -1.2904136973  -0.4646828468
1.1498392080  -1.2825281157  -0.4704957505
1.1440220773  -1.2746595913  -0.4763340636
1.1381786301  -1.2668089378  -0.4821974165
1.1323090055  -1.2589767199  -0.4880852608
1.1264132423  -1.2511632952  -0.4939966183
1.1204906297  -1.2433685997  -0.4999269297
1.1145407597  -1.2355928336  -0.5058734125
1.1085671011  -1.2278384144  -0.5118458948
1.1025744104  -1.2201089579  -0.5178558761
1.0965624542  -1.2124058833  -0.5239043485
1.0905279867  -1.2047284404  -0.5299887119
1.0844694021  -1.1970757728  -0.5361075872
1.0783865911  -1.1894474952  -0.5422597463
1.0722797657  -1.1818434528  -0.5484438748
1.0661491204  -1.1742633211  -0.5546585750
1.0599947605  -1.1667064905  -0.5609023738
1.0538169263  -1.1591724787  -0.5671737346
1.0476158567  -1.1516606873  -0.5734710640
1.0413916895  -1.1441702487  -0.5797927025
1.0351446827  -1.1367004257  -0.5861369165
1.0288750715  -1.1292503441  -0.5925019018
1.0225831078  -1.1218190744  -0.5988857884
1.0162689801  -1.1144055980  -0.6052866583
1.0099327012  -1.1070086287  -0.6117025699
1.0035744525  -1.0996270335  -0.6181315723
0.9971945242  -1.0922597625  -0.6245717119
0.9907932259  -1.0849057509  -0.6310210399
0.9843708461  -1.0775639133  -0.6374776061
0.9779174920  -1.0702229753  -0.6439394495
0.9714303455  -1.0628788599  -0.6504046069
0.9649192175  -1.0555403410  -0.6568711190
0.9583859594  -1.0482081986  -0.6633370327
0.9518285442  -1.0408792228  -0.6698004094
0.9452440294  -1.0335493292  -0.6762593305
0.9386269414  -1.0262120052  -0.6827119067
0.9319663980  -1.0188554824  -0.6891562881
0.9252371216  -1.0114535641  -0.6955907048
0.9182256556  -1.0037933801  -0.7020134864
0.9111266711  -0.9960758525  -0.7084228943
0.9044687978  -0.9888282469  -0.7148169543
0.8981532572  -0.9819411242  -0.7211936487
0.8919006955  -0.9751287402  -0.7275511888
0.8856717595  -0.9683481370  -0.7338879913
0.8794658555  -0.9615963699  -0.7402025568
0.8732828018  -0.9548716451  -0.7464934501
0.8671224229  -0.9481723622  -0.7527593164
0.8609845653  -0.9414970524  -0.7589988910
0.8548690989  -0.9348443804  -0.7652110028
0.8487759146  -0.9282131454  -0.7713945775
0.8427049244  -0.9216022800  -0.7775486442
0.8366560602  -0.9150108472  -0.7836723400
0.8306292719  -0.9084380377  -0.7897649123
0.8246245259  -0.9018831685  -0.7958257245
0.8186418045  -0.8953456807  -0.8018542610
0.8126811056  -0.8888251374  -0.8078501363
0.8067424407  -0.8823212201  -0.8138130985
0.8008258309  -0.8758337227  -0.8197430291
0.7949313037  -0.8693625441  -0.8256399461
0.7890588927  -0.8629076828  -0.8315040090
0.7832086921  -0.8564692360  -0.8373357199
0.7773808780  -0.8500473946  -0.8431359515
0.7715755507  -0.8436424272  -0.8489055803
0.7657926802  -0.8372546599  -0.8546454973
0.7600322583  -0.8308844687  -0.8603568451
0.7542943530  -0.8245322798  -0.8660410512
0.7485790712  -0.8181985698  -0.8716998835
0.7428865792  -0.8118838684  -0.8773356069
0.7372171914  -0.8055888167  -0.8829513604
0.7315724034  -0.7993142538  -0.8885550410
0.7259537487  -0.7930610067  -0.8941544236
0.7203579012  -0.7868293439  -0.8997440929
0.7147788100  -0.7806188778  -0.9053137829
0.7092153740  -0.7744291701  -0.9108615042
0.7036702687  -0.7682601391  -0.9163886596
0.6981449018  -0.7621118944  -0.9218955937
0.6926393188  -0.7559845311  -0.9273824449
0.6871533973  -0.7498781077  -0.9328493535
0.6816870154  -0.7437926613  -0.9382964641
0.6762400531  -0.7377282087  -0.9437239247
0.6708123916  -0.7316847467  -0.9491318862
0.6654039138  -0.7256622525  -0.9545205023
0.6600145035  -0.7196606840  -0.9598899280
0.6546440459  -0.7136799810  -0.9652403200
0.6492924273  -0.7077200667  -0.9705718353
0.6439595350  -0.7017808481  -0.9758846304
0.6386452573  -0.6958622180  -0.9811788611
0.6333494839  -0.6899640554  -0.9864546812
0.6280721052  -0.6840862266  -0.9917122417
0.6228130129  -0.6782285865  -0.9969516904
0.6175721001  -0.6723909793  -1.0021731707
0.6123492603  -0.6665732420  -1.0073768199
0.6071443881  -0.6607752060  -1.0125627661
0.6019573780  -0.6549966976  -1.0177311277
0.5967881271  -0.6492375375  -1.0228820161
0.5916365348  -0.6434975438  -1.0280155364
0.5865025025  -0.6377765360  -1.0331317835
0.5813859318  -0.6320743353  -1.0382308407
0.5762867252  -0.6263907661  -1.0433127764
0.5712047850  -0.6207256571  -1.0483776401
0.5661400083  -0.6150788416  -1.0534254361
0.5610922825  -0.6094501543  -1.0584561026
0.5560615094  -0.6038394509  -1.0634696051
0.5510476445  -0.5982466438  -1.0684660585
0.5460506727  -0.5926716704  -1.0734456605
0.5410705427  -0.5871144218  -1.0784085488
0.5361071610  -0.5815747573  -1.0833547974
0.5311604327  -0.5760525592  -1.0882844731
0.5262302785  -0.5705477407  -1.0931976475
0.5213166267  -0.5650602316  -1.0980943916
0.5164194076  -0.5595899735  -1.1029747744
0.5115385527  -0.5541369199  -1.1078388636
0.5066739954  -0.5487010349  -1.1126867253
0.5018256701  -0.5432822939  -1.1175184237
0.4969935128  -0.5378806819  -1.1223340217
0.4921774607  -0.5324961941  -1.1271335807
0.4873774526  -0.5271288341  -1.1319171605
0.4825934283  -0.5217786135  -1.1366848195
0.4778253290  -0.5164455512  -1.1414366148
0.4730730973  -0.5111296724  -1.1461726020
0.4683366767  -0.5058310076  -1.1508928354
0.4636160123  -0.5005495915  -1.1555973683
0.4589110500  -0.4952854618  -1.1602862526
0.4542217370  -0.4900386567  -1.1649595390
0.4495480216  -0.4848092136  -1.1696172775
0.4448898534  -0.4795971690  -1.1742595167
0.4402471827  -0.4744025586  -1.1788863046
0.4356199609  -0.4692254165  -1.1834976881
0.4310081407  -0.4640657726  -1.1880937134
0.4264116753  -0.4589236516  -1.1926744258
0.4218305192  -0.4537990700  -1.1972398702
0.4172646276  -0.4486920280  -1.2017900909
0.4127139568  -0.4436024966  -1.2063251323
0.4081784639  -0.4385304358  -1.2108450386
0.4036581067  -0.4334758477  -1.2153498530
0.3991528434  -0.4284387925  -1.2198396165
0.3946626327  -0.4234193414  -1.2243143678
0.3901874344  -0.4184175434  -1.2287741457
0.3857272092  -0.4134334356  -1.2332189884
0.3812819184  -0.4084670561  -1.2376489340
0.3768515243  -0.4035184453  -1.2420640200
0.3724359895  -0.3985876445  -1.2464642832
0.3680352773  -0.3936746962  -1.2508497597
0.3636493513  -0.3887796439  -1.2552204852
0.3592781760  -0.3839025318  -1.2595764949
0.3549217161  -0.3790433705  -1.2639178236
0.3505799370  -0.3742021045  -1.2682445056
0.3462528043  -0.3693787546  -1.2725565748
0.3419402845  -0.3645735296  -1.2768540645
0.3376423445  -0.3597866228  -1.2811370072
0.3333589512  -0.3550180832  -1.2854054352
0.3290900720  -0.3502679296  -1.2896593809
0.3248356748  -0.3455361986  -1.2938988765
0.3205957276  -0.3408229242  -1.2981239537
0.3163701986  -0.3361281379  -1.3023346441
0.3121590566  -0.3314518690  -1.3065309791
0.3079622701  -0.3267941455  -1.3107129899
0.3037798082  -0.3221549943  -1.3148807075
0.2996116401  -0.3175344415  -1.3190341629
0.2954577351  -0.3129325134  -1.3231733866
0.2913180626  -0.3083492365  -1.3272984093
0.2871925922  -0.3037846377  -1.3314092615
0.2830812935  -0.2992387448  -1.3355059737
0.2789841362  -0.2947115868  -1.3395885762
0.2749010901  -0.2902031938  -1.3436570992
0.2708321249  -0.2857135974  -1.3477115730
0.2667772104  -0.2812428303  -1.3517520278
0.2627363163  -0.2767909268  -1.3557784940
0.2587094123  -0.2723579226  -1.3597910018
0.2546964681  -0.2679438546  -1.3637895815
0.2506974532  -0.2635487606  -1.3677742636
0.2467123371  -0.2591726797  -1.3717450787
0.2427410891  -0.2548156516  -1.3757020573
0.2387836783  -0.2504777163  -1.3796452302
0.2348400738  -0.2461589142  -1.3835746285
0.2309102444  -0.2418592856  -1.3874902832
0.2269941588  -0.2375788701  -1.3913922257
0.2230917885  -0.2333181300  -1.3952805187
0.2192031090  -0.2290776627  -1.3991552608
0.2153280837  -0.2248564951  -1.4030164616
0.2114666625  -0.2206533678  -1.4068640486
0.2076188079  -0.2164688164  -1.4106980178
0.2037844957  -0.2123035510  -1.4145184069
0.1999636976  -0.2081576495  -1.4183252390
0.1961563813  -0.2040311808  -1.4221185400
0.1923625139  -0.1999242067  -1.4258983384
0.1885820625  -0.1958367815  -1.4296646656
0.1848149936  -0.1917689510  -1.4334175565
0.1810612735  -0.1877207525  -1.4371570489
0.1773208677  -0.1836922141  -1.4408831844
0.1735937413  -0.1796833546  -1.4445960080
0.1698798589  -0.1756941837  -1.4482955680
0.1661791843  -0.1717247018  -1.4519819165
0.1624916808  -0.1677749002  -1.4556551091
0.1588173110  -0.1638447617  -1.4593152046
0.1551560366  -0.1599342602  -1.4629622652
0.1515078189  -0.1560433621  -1.4665963562
0.1478726183  -0.1521720259  -1.4702175457
0.1442503947  -0.1483202031  -1.4738259044
0.1406411071  -0.1444878388  -1.4774215055
0.1370447140  -0.1406748723  -1.4810044237
0.1334611732  -0.1368812374  -1.4845747358
0.1298904418  -0.1331068634  -1.4881325192
0.1263324764  -0.1293516754  -1.4916778522
0.1227872330  -0.1256155950  -1.4952108131
0.1192546669  -0.1218985411  -1.4987314797
0.1157347328  -0.1182004300  -1.5022399286
0.1122273851  -0.1145211763  -1.5057362348
0.1087325772  -0.1108606942  -1.5092204708
0.1052521464  -0.1072192311  -1.5127437576
0.1017872709  -0.1035968753  -1.5163314587
0.0983330158  -0.0999926511  -1.5198963679
0.0948879019  -0.0964062521  -1.5234610374
0.0914544129  -0.0928380646  -1.5270239441
0.0880324603  -0.0892880082  -1.5305833510
0.0846219648  -0.0857560052  -1.5341373071
0.0812228575  -0.0822419804  -1.5376836476
0.0778350800  -0.0787458602  -1.5412199939
0.0744585853  -0.0752675727  -1.5447437534
0.0710933385  -0.0718070467  -1.5482521197
0.0677393171  -0.0683642114  -1.5517420726
0.0643965115  -0.0649389960  -1.5552103779
0.0610649256  -0.0615313284  -1.5586535875
0.0577445769  -0.0581411353  -1.5620680395
0.0544354972  -0.0547683409  -1.5654498582
0.0511377322  -0.0514128668  -1.5687949540
0.0478513421  -0.0480746310  -1.5720990232
0.0445764014  -0.0447535474  -1.5753575485
0.0413129986  -0.0414495255  -1.5785657987
0.0380612364  -0.0381624699  -1.5817188286
0.0348212308  -0.0348922800  -1.5848114791
0.0315931109  -0.0316388502  -1.5878383774
0.0283770177  -0.0284020696  -1.5907939368
0.0251731041  -0.0251818222  -1.5936723565
0.0219815326  -0.0219779878  -1.5964676221
0.0188024752  -0.0187904422  -1.5991735052
0.0156361109  -0.0156190578  -1.6017835636
0.0124826244  -0.0124637052  -1.6042911410
0.0093422041  -0.0093242538  -1.6066893676
0.0062150396  -0.0062005730  -1.6089711594
0.0031013192  -0.0030925337  -1.6111292187
0.0030987351  -0.0030925164  -1.6111292187
