0.119221
1.6326431637  -2.1314182477   0.0000882715
1.6326431637  -2.1314182477   0.0000882715
1.6326522196  -2.1314223450   0.0000735068
1.6326481982  -2.1313806383   0.0000353796
1.6326241969  -2.1312851923  -0.0000268150
1.6325756710  -2.1311276627  -0.0001137693
1.6325008818  -2.1309052190  -0.0002261639
1.6323988290  -2.1306164459  -0.0003646669
1.6322687927  -2.1302604544  -0.0005299341
1.6321101817  -2.1298365877  -0.0007226095
1.6319224711  -2.1293442998  -0.0009433246
1.6317051735  -2.1287831004  -0.0011926989
1.6314578244  -2.1281525255  -0.0014713394
1.6311799738  -2.1274521224  -0.0017798413
1.6308711820  -2.1266814406  -0.0021187874
1.6305310165  -2.1258400269  -0.0024887482
1.6301590502  -2.1249274226  -0.0028902824
1.6297548609  -2.1239431620  -0.0033239361
1.6293180299  -2.1228867720  -0.0037902434
1.6288481424  -2.1217577716  -0.0042897261
1.6283447869  -2.1205556730  -0.0048228941
1.6278075555  -2.1192799814  -0.0053902447
1.6272360434  -2.1179301965  -0.0059922633
1.6266298494  -2.1165058128  -0.0066294230
1.6259885756  -2.1150063209  -0.0073021847
1.6253118279  -2.1134312089  -0.0080109972
1.6245992167  -2.1117799640  -0.0087562970
1.6238503568  -2.1100520735  -0.0095385085
1.6230648672  -2.1082470262  -0.0103580439
1.6222423723  -2.1063643139  -0.0112153030
1.6213825013  -2.1044034324  -0.0121106738
1.6204848888  -2.1023638838  -0.0130445318
1.6195491724  -2.1002441130  -0.0140186367
1.6185750066  -2.0980446305  -0.0150320967
1.6175620474  -2.0957662948  -0.0160848132
1.6165099439  -2.0934078377  -0.0171770677
1.6154183586  -2.0909685037  -0.0183091474
1.6142869651  -2.0884477692  -0.0194813610
1.6131154445  -2.0858451629  -0.0206940090
1.6119034860  -2.0831602532  -0.0219473868
1.6106507866  -2.0803926365  -0.0232417831
1.6093570519  -2.0775419351  -0.0245774797
1.6080219962  -2.0746077980  -0.0259547502
1.6066453430  -2.0715899019  -0.0273738601
1.6052268248  -2.0684879526  -0.0288350654
1.6037661838  -2.0653016859  -0.0303386126
1.6022631717  -2.0620308687  -0.0318847380
1.6007175502  -2.0586752997  -0.0334736677
1.5991290915  -2.0552348101  -0.0351056184
1.5974975770  -2.0517092640  -0.0367807964
1.5958227934  -2.0480985540  -0.0384993980
1.5941045372  -2.0444026082  -0.0402616085
1.5923426206  -2.0406213963  -0.0420676030
1.5905368681  -2.0367549270  -0.0439175454
1.5886871158  -2.0328032463  -0.0458115885
1.5867932111  -2.0287664387  -0.0477498731
1.5848550132  -2.0246446278  -0.0497325277
1.5828723932  -2.0204379767  -0.0517596693
1.5808452340  -2.0161466879  -0.0538314042
1.5787734306  -2.0117710046  -0.0559478272
1.5766568899  -2.0073112101  -0.0581090219
1.5744955309  -2.0027676276  -0.0603150607
1.5722892847  -1.9981406203  -0.0625660043
1.5700380941  -1.9934303325  -0.0648619022
1.5677419112  -1.9886371148  -0.0672027907
1.5654006879  -1.9837619470  -0.0695886935
1.5630143869  -1.9788055533  -0.0720196231
1.5605829940  -1.9737682955  -0.0744955818
1.5581065090  -1.9686506845  -0.0770165609
1.5555849445  -1.9634533251  -0.0795825410
1.5530183251  -1.9581768675  -0.0821934922
1.5504066876  -1.9528220012  -0.0848493737
1.5477500801  -1.9473894490  -0.0875501330
1.5450485621  -1.9418799652  -0.0902957048
1.5423022044  -1.9362943340  -0.0930860138
1.5395110887  -1.9306333705  -0.0959209753
1.5366753012  -1.9248979140  -0.0988004951
1.5337949131  -1.9190888080  -0.1017244702
1.5308700089  -1.9132069256  -0.1046927884
1.5279007068  -1.9072531888  -0.1077053279
1.5248871380  -1.9012285487  -0.1107619561
1.5218294436  -1.8951339811  -0.1138625294
1.5187277750  -1.8889704860  -0.1170068966
1.5155822933  -1.8827390873  -0.1201948991
1.5123931690  -1.8764408336  -0.1234263718
1.5091605815  -1.8700767982  -0.1267011423
1.5058847077  -1.8636480665  -0.1300190318
1.5025656940  -1.8571557086  -0.1333798547
1.4992037002  -1.8506008139  -0.1367834179
1.4957989297  -1.8439845181  -0.1402295186
1.4923515969  -1.8373079764  -0.1437179446
1.4888619235  -1.8305723610  -0.1472484750
1.4853301387  -1.8237788622  -0.1508208813
1.4817564783  -1.8169286913  -0.1544349277
1.4781411849  -1.8100230677  -0.1580903754
1.4744844892  -1.8030631904  -0.1617869868
1.4707865762  -1.7960502395  -0.1655245233
1.4670476492  -1.7889854463  -0.1693027401
1.4632679647  -1.7818700955  -0.1731213858
1.4594477874  -1.7747054779  -0.1769802035
1.4555873872  -1.7674928969  -0.1808789325
1.4516870392  -1.7602336928  -0.1848173111
1.4477470237  -1.7529292598  -0.1887950827
1.4437676145  -1.7455809244  -0.1928119955
1.4397490148  -1.7381897198  -0.1968677997
1.4356914248  -1.7307565460  -0.2009622471
1.4315951164  -1.7232825711  -0.2050950911
1.4274603786  -1.7157692824  -0.2092660858
1.4232875052  -1.7082182762  -0.2134749879
1.4190767929  -1.7006311191  -0.2177215575
1.4148285397  -1.6930093374  -0.2220055571
1.4105430115  -1.6853544050  -0.2263267509
1.4062203868  -1.6776677044  -0.2306849056
1.4018608678  -1.6699505914  -0.2350797862
1.3974647393  -1.6622044340  -0.2395111542
1.3930322933  -1.6544305698  -0.2439787781
1.3885638269  -1.6466303043  -0.2484824470
1.3840596408  -1.6388049121  -0.2530219696
1.3795200364  -1.6309556388  -0.2575971707
1.3749453050  -1.6230837374  -0.2622078782
1.3703356652  -1.6151903745  -0.2668539034
1.3656912520  -1.6072765546  -0.2715350329
1.3610121741  -1.5993432060  -0.2762510319
1.3562985297  -1.5913912179  -0.2810016475
1.3515504115  -1.5834214487  -0.2857866218
1.3467679109  -1.5754347342  -0.2906057085
1.3419512834  -1.5674320989  -0.2954586719
1.3371009337  -1.5594147509  -0.3003452801
1.3322170852  -1.5513836780  -0.3052653044
1.3272997870  -1.5433396473  -0.3102185181
1.3223490739  -1.5352834069  -0.3152046958
1.3173649701  -1.5272156950  -0.3202236102
1.3123474913  -1.5191372504  -0.3252750298
1.3072968156  -1.5110490839  -0.3303587060
1.3022133099  -1.5029524671  -0.3354743729
1.2970972933  -1.4948482415  -0.3406218225
1.2919490285  -1.4867367666  -0.3458009600
1.2867687806  -1.4786188619  -0.3510116950
1.2815567760  -1.4704961276  -0.3562538256
1.2763132264  -1.4623702190  -0.3615270732
1.2710383819  -1.4542424465  -0.3668311525
1.2657325012  -1.4461139024  -0.3721657856
1.2603958253  -1.4379855963  -0.3775306965
1.2550285975  -1.4298585377  -0.3829256097
1.2496310643  -1.4217337390  -0.3883502516
1.2442032654  -1.4136120379  -0.3938043508
1.2387451959  -1.4054942562  -0.3992876347
1.2332574266  -1.3973817422  -0.4047998297
1.2277409708  -1.3892762470  -0.4103406632
1.2221968981  -1.3811795811  -0.4159098619
1.2166262683  -1.3730935575  -0.4215071510
1.2110295918  -1.3650195116  -0.4271322522
1.2054066404  -1.3569579773  -0.4327848870
1.1997569305  -1.3489090883  -0.4384647833
1.1940799198  -1.3408728797  -0.4441716760
1.1883750258  -1.3328493295  -0.4499053105
1.1826422754  -1.3248391311  -0.4556652834
1.1768822486  -1.3168436012  -0.4614510468
1.1710953530  -1.3088637479  -0.4672622649
1.1652818971  -1.3009003688  -0.4730987875
1.1594421687  -1.2929542449  -0.4789604037
1.1535764623  -1.2850262503  -0.4848468292
1.1476850459  -1.2771172046  -0.4907576963
1.1417680698  -1.2692276761  -0.4966924627
1.1358255719  -1.2613579987  -0.5026501700
1.1298568371  -1.2535080565  -0.5086263757
1.1238614437  -1.2456780244  -0.5146182589
1.1178428049  -1.2378702997  -0.5206353565
1.1118056702  -1.2300884656  -0.5266891074
1.1057498609  -1.2223339230  -0.5327806045
1.0996721479  -1.2146059262  -0.5389072611
1.0935709206  -1.2069036300  -0.5450677087
1.0874460488  -1.1992266043  -0.5512607349
1.0812977326  -1.1915746632  -0.5574850418
1.0751261787  -1.1839474947  -0.5637392500
1.0689314887  -1.1763444728  -0.5700219051
1.0627138875  -1.1687650803  -0.5763314880
1.0564736224  -1.1612087265  -0.5826664253
1.0502108296  -1.1536745310  -0.5890250846
1.0439257580  -1.1461617324  -0.5954057638
1.0376186498  -1.1386694647  -0.6018066901
1.0312897449  -1.1311967717  -0.6082260251
1.0249392465  -1.1237426460  -0.6146618777
1.0185671625  -1.1163057915  -0.6211123288
1.0121736520  -1.1088850469  -0.6275754493
1.0057590004  -1.1014793510  -0.6340493075
0.9993234494  -1.0940875630  -0.6405319777
0.9928675630  -1.0867088686  -0.6470215371
0.9863819825  -1.0793325177  -0.6535160554
0.9798629665  -1.0719534931  -0.6600135977
0.9733199618  -1.0645801888  -0.6665122318
0.9667554846  -1.0572140554  -0.6730100328
0.9601674538  -1.0498518255  -0.6795050898
0.9535529824  -1.0424894618  -0.6859955120
0.9469067053  -1.0351205500  -0.6924794366
0.9402179661  -1.0277335347  -0.6989550402
0.9334620804  -1.0203027907  -0.7054205782
0.9264313148  -1.0126210688  -0.7118744055
0.9193085682  -1.0048774764  -0.7183148110
0.9126167444  -0.9975937550  -0.7247398503
0.9062681737  -0.9906717211  -0.7311475315
0.8999831286  -0.9838252225  -0.7375360886
0.8937216282  -0.9770106217  -0.7439039603
0.8874830781  -0.9702249437  -0.7502496695
0.8812672962  -0.9634663867  -0.7565718025
0.8750741055  -0.9567333444  -0.7628690247
0.8689033510  -0.9500243420  -0.7691400901
0.8627549008  -0.9433380369  -0.7753838459
0.8566286443  -0.9366732207  -0.7815992340
0.8505244912  -0.9300288184  -0.7877852990
0.8444423713  -0.9234038849  -0.7939411915
0.8383822322  -0.9167976029  -0.8000661714
0.8323440380  -0.9102092803  -0.8061596127
0.8263277684  -0.9036383482  -0.8122210089
0.8203334186  -0.8970843589  -0.8182499812
0.8143609977  -0.8905469832  -0.8242462834
0.8084105244  -0.8840260043  -0.8302098012
0.8024820241  -0.8775213110  -0.8361405559
0.7965755272  -0.8710328917  -0.8420387042
0.7906911199  -0.8645608335  -0.8479047283
0.7848289735  -0.8581053171  -0.8537394892
0.7789891946  -0.8516666018  -0.8595438707
0.7731717560  -0.8452450055  -0.8653187574
0.7673766436  -0.8388408958  -0.8710652736
0.7616039202  -0.8324546907  -0.8767848293
0.7558536908  -0.8260868586  -0.8824791683
0.7501261178  -0.8197379215  -0.8881505226
0.7444215097  -0.8134085116  -0.8938019803
0.7387413300  -0.8070994565  -0.8994412639
0.7330871142  -0.8008115761  -0.9050761069
0.7274556350  -0.7945451496  -0.9107013503
0.7218408787  -0.7882998022  -0.9163068114
0.7162416703  -0.7820750885  -0.9218904240
0.7106606556  -0.7758709105  -0.9274535890
0.7050992575  -0.7696873691  -0.9329966548
0.6995575249  -0.7635245551  -0.9385197598
0.6940353352  -0.7573825231  -0.9440230443
0.6885325662  -0.7512613064  -0.9495066528
0.6830490978  -0.7451609185  -0.9549707331
0.6775848113  -0.7390813530  -0.9604154360
0.6721395891  -0.7330225839  -0.9658409146
0.6667133153  -0.7269845664  -0.9712473239
0.6613058749  -0.7209672375  -0.9766348200
0.6559171541  -0.7149705176  -0.9820035595
0.6505470403  -0.7089943113  -0.9873536987
0.6451954221  -0.7030385090  -0.9926853927
0.6398621889  -0.6971029876  -0.9979987949
0.6345472315  -0.6911876116  -1.0032940559
0.6292504417  -0.6852922341  -1.0085713228
0.6239717126  -0.6794166979  -1.0138307387
0.6187109381  -0.6735608384  -1.0190724405
0.6134680129  -0.6677244860  -1.0242965562
0.6082428319  -0.6619074660  -1.0295032038
0.6030352922  -0.6561095979  -1.0346924943
0.5978452936  -0.6503306986  -1.0398645322
0.5926727377  -0.6445705861  -1.0450194125
0.5875175266  -0.6388290807  -1.0501572179
0.5823795629  -0.6331060062  -1.0552780171
0.5772587496  -0.6274011912  -1.0603818596
0.5721549842  -0.6217144711  -1.0654687503
0.5670681544  -0.6160456856  -1.0705386290
0.5619981624  -0.6103946867  -1.0755914603
0.5569449634  -0.6047613695  -1.0806273566
0.5519085429  -0.5991456576  -1.0856465140
0.5468888509  -0.5935474428  -1.0906490701
0.5418857946  -0.5879665894  -1.0956350986
0.5368992797  -0.5824029807  -1.1006046658
0.5319292274  -0.5768565287  -1.1055578425
0.5269755667  -0.5713271621  -1.1104946988
0.5220382284  -0.5658148218  -1.1154153033
0.5171171450  -0.5603194603  -1.1203197226
0.5122122505  -0.5548410415  -1.1252080221
0.5073234802  -0.5493795401  -1.1300802652
0.5024507709  -0.5439349413  -1.1349365139
0.4975940608  -0.5385072401  -1.1397768287
0.4927532894  -0.5330964404  -1.1446012685
0.4879283975  -0.5277025544  -1.1494098906
0.4831193274  -0.5223256015  -1.1542027511
0.4783260226  -0.5169656077  -1.1589799046
0.4735484277  -0.5116226046  -1.1637414045
0.4687864887  -0.5062966281  -1.1684873028
0.4640401528  -0.5009877172  -1.1732176501
0.4593093684  -0.4956959119  -1.1779324962
0.4545940849  -0.4904212512  -1.1826318897
0.4498942530  -0.4851637734  -1.1873158781
0.4452098243  -0.4799235162  -1.1919845081
0.4405407517  -0.4747005154  -1.1966378251
0.4358869889  -0.4694948035  -1.2012758741
0.4312484906  -0.4643064071  -1.2058986991
0.4266252127  -0.4591353452  -1.2105063433
0.4220171119  -0.4539816201  -1.2150988497
0.4174241457  -0.4488452054  -1.2196762612
0.4128462729  -0.4437260626  -1.2242386205
0.4082834528  -0.4386241958  -1.2287859693
0.4037356450  -0.4335396678  -1.2333183468
0.3992028100  -0.4284725535  -1.2378357905
0.3946849091  -0.4234229058  -1.2423383371
0.3901819044  -0.4183907652  -1.2468260234
0.3856937594  -0.4133761731  -1.2512988859
0.3812204376  -0.4083791737  -1.2557569601
0.3767619036  -0.4033998122  -1.2602002811
0.3723181223  -0.3984381349  -1.2646288833
0.3678890593  -0.3934941895  -1.2690428006
0.3634746807  -0.3885680244  -1.2734420663
0.3590749533  -0.3836596532  -1.2778267132
0.3546898440  -0.3787690204  -1.2821967740
0.3503193206  -0.3738961505  -1.2865522805
0.3459633515  -0.3690412637  -1.2908932641
0.3416219053  -0.3642045642  -1.2952197552
0.3372949511  -0.3593861063  -1.2995317843
0.3329824583  -0.3545859125  -1.3038293817
0.3286843967  -0.3498040243  -1.3081125775
0.3244007364  -0.3450404803  -1.3123814014
0.3201314476  -0.3402953168  -1.3166358831
0.3158765012  -0.3355685678  -1.3208760517
0.3116358678  -0.3308602662  -1.3251019364
0.3074095186  -0.3261704434  -1.3293135661
0.3031974249  -0.3214991308  -1.3335109695
0.2989995581  -0.3168463595  -1.3376941753
0.2948158898  -0.3122121609  -1.3418632119
0.2906463917  -0.3075965672  -1.3460181076
0.2864910356  -0.3029996116  -1.3501588907
0.2823497934  -0.2984213285  -1.3542855893
0.2782226371  -0.2938617537  -1.3583982315
0.2741095385  -0.2893209243  -1.3624968455
0.2700104697  -0.2847988792  -1.3665814591
0.2659254025  -0.2802956586  -1.3706521006
0.2618543090  -0.2758113045  -1.3747087979
0.2577971609  -0.2713458600  -1.3787515792
0.2537539300  -0.2668993697  -1.3827804728
0.2497245880  -0.2624718791  -1.3867955069
0.2457091064  -0.2580634347  -1.3907967100
0.2417074566  -0.2536740834  -1.3947841106
0.2377196097  -0.2493038727  -1.3987577376
0.2337455369  -0.2449528497  -1.4027176198
0.2297852089  -0.2406210613  -1.4066637865
0.2258385998  -0.2363089955  -1.4105962989
0.2219056872  -0.2320172820  -1.4145152553
0.2179864368  -0.2277449105  -1.4184206626
0.2140807998  -0.2234905709  -1.4223124433
0.2101887406  -0.2192548282  -1.4261905903
0.2063102374  -0.2150384291  -1.4300551392
0.2024452643  -0.2108414611  -1.4339061109
0.1985937911  -0.2066640018  -1.4377435289
0.1947557872  -0.2025061220  -1.4415674194
0.1909312216  -0.1983678840  -1.4453778120
0.1871200630  -0.1942493421  -1.4491747393
0.1833222796  -0.1901505411  -1.4529582374
0.1795378390  -0.1860715165  -1.4567283461
0.1757667084  -0.1820122942  -1.4604851085
0.1720088543  -0.1779728903  -1.4642285717
0.1682642424  -0.1739533114  -1.4679587861
0.1645328378  -0.1699535546  -1.4716758059
0.1608146050  -0.1659736078  -1.4753796889
0.1571095077  -0.1620134502  -1.4790704960
0.1534175087  -0.1580730525  -1.4827482914
0.1497385703  -0.1541523774  -1.4864131425
0.1460726539  -0.1502513804  -1.4900651190
0.1424197203  -0.1463700101  -1.4937042933
0.1387797295  -0.1425082089  -1.4973307396
0.1351526408  -0.1386659136  -1.5009445339
0.1315384130  -0.1348430563  -1.5045457532
0.1279370040  -0.1310395644  -1.5081344752
0.1243483712  -0.1272553619  -1.5117107777
0.1207724714  -0.1234903697  -1.5152747380
0.1172092605  -0.1197445062  -1.5188264322
0.1136586943  -0.1160176878  -1.5223659349
0.1101207275  -0.1123098306  -1.5258933179
0.1065972498  -0.1086212003  -1.5294603683
0.1030894738  -0.1049518960  -1.5330927796
0.0995923327  -0.1013008990  -1.5367022040
0.0961043092  -0.0976678934  -1.5403114867
0.0926279574  -0.0940532906  -1.5439190827
0.0891631886  -0.0904570121  -1.5475232305
0.0857099239  -0.0868789823  -1.5511219517
0.0822680947  -0.0833191278  -1.5547130515
0.0788376435  -0.0797773773  -1.5582941182
0.0754185241  -0.0762536609  -1.5618625235
0.0720107030  -0.0727479097  -1.5654154223
0.0686141592  -0.0692600551  -1.5689497530
0.0652288851  -0.0657900282  -1.5724622373
0.0618548867  -0.0623377592  -1.5759493800
0.0584921841  -0.0589031765  -1.5794074695
0.0551408118  -0.0554862063  -1.5828325774
0.0518008189  -0.0520867717  -1.5862205586
0.0484722691  -0.0487047919  -1.5895670514
0.0451552406  -0.0453401820  -1.5928674772
0.0418498264  -0.0419928524  -1.5961170410
0.0385561335  -0.0386627081  -1.5993107311
0.0352742827  -0.0353496487  -1.6024433188
0.0320044082  -0.0320535684  -1.6055093591
0.0287466567  -0.0287743556  -1.6085031902
0.0255011864  -0.0255118938  -1.6114189334
0.0222681660  -0.0222660613  -1.6142504936
0.0190477734  -0.0190367325  -1.6169915590
0.0158401940  -0.0158237783  -1.6196356010
0.0126456188  -0.0126270673  -1.6221758743
0.0094642426  -0.0094464667  -1.6246054170
0.0062962616  -0.0062818439  -1.6269170506
0.0031418703  -0.0031330678  -1.6291033797
0.0031392181  -0.0031330501  -1.6291033797
