0.160935
1.2455009958  -1.5379582359   0.0000481367
1.2455009958  -1.5379582359   0.0000481367
1.2455068776  -1.5379651306   0.0000416431
1.2455061673  -1.5379527812   0.0000233114
1.2454950566  -1.5379160916  -0.0000071796
1.2454715525  -1.5378519745  -0.0000501491
1.2454348571  -1.5377592494  -0.0001059140
1.2453844990  -1.5376372510  -0.0001747893
1.2453201309  -1.5374855073  -0.0002570875
1.2452414614  -1.5373036314  -0.0003531192
1.2451482273  -1.5370912771  -0.0004631927
1.2450401802  -1.5368481181  -0.0005876143
1.2449170804  -1.5365738371  -0.0007266879
1.2447786925  -1.5362681202  -0.0008807154
1.2446247836  -1.5359306532  -0.0010499966
1.2444551221  -1.5355611198  -0.0012348291
1.2442694766  -1.5351592004  -0.0014355081
1.2440676154  -1.5347245711  -0.0016523271
1.2438493062  -1.5342569031  -0.0018855771
1.2436143157  -1.5337558630  -0.0021355470
1.2433624098  -1.5332211121  -0.0024025237
1.2430933531  -1.5326523070  -0.0026867916
1.2428069089  -1.5320490989  -0.0029886334
1.2425028395  -1.5314111343  -0.0033083293
1.2421809057  -1.5307380550  -0.0036461575
1.2418408670  -1.5300294982  -0.0040023940
1.2414824817  -1.5292850967  -0.0043773125
1.2411055069  -1.5285044793  -0.0047711849
1.2407096982  -1.5276872708  -0.0051842806
1.2402948104  -1.5268330928  -0.0056168670
1.2398605968  -1.5259415631  -0.0060692093
1.2394068095  -1.5250122969  -0.0065415705
1.2389331945  -1.5240445148  -0.0070349389
1.2384395082  -1.5230381856  -0.0075489113
1.2379255070  -1.5219934245  -0.0080835032
1.2373909330  -1.5209095484  -0.0086389555
1.2368355306  -1.5197860338  -0.0092155094
1.2362590457  -1.5186224502  -0.0098134148
1.2356612238  -1.5174183804  -0.0104329229
1.2350418097  -1.5161734136  -0.0110742862
1.2344005477  -1.5148871423  -0.0117377591
1.2337371816  -1.5135591614  -0.0124235968
1.2330514546  -1.5121890683  -0.0131320554
1.2323431097  -1.5107764637  -0.0138633917
1.2316118894  -1.5093209519  -0.0146178629
1.2308575362  -1.5078221411  -0.0153957265
1.2300797922  -1.5062796442  -0.0161972404
1.2292783995  -1.5046930792  -0.0170226625
1.2284531001  -1.5030620694  -0.0178722507
1.2276036361  -1.5013862443  -0.0187462631
1.2267297497  -1.4996652391  -0.0196449574
1.2258311834  -1.4978986952  -0.0205685913
1.2249076798  -1.4960862610  -0.0215174218
1.2239589819  -1.4942275917  -0.0224917057
1.2229848333  -1.4923223505  -0.0234916988
1.2219849778  -1.4903702089  -0.0245176564
1.2209591600  -1.4883708472  -0.0255698327
1.2199071252  -1.4863239548  -0.0266484813
1.2188286192  -1.4842292308  -0.0277538547
1.2177233889  -1.4820863843  -0.0288862044
1.2165911820  -1.4798951351  -0.0300457806
1.2154317451  -1.4776552126  -0.0312328328
1.2142448230  -1.4753663557  -0.0324476088
1.2130301629  -1.4730282114  -0.0336903556
1.2117875157  -1.4706405073  -0.0349613187
1.2105166335  -1.4682032340  -0.0362607420
1.2092172713  -1.4657162813  -0.0375888688
1.2078891854  -1.4631793768  -0.0389459427
1.2065321333  -1.4605923020  -0.0403322063
1.2051458740  -1.4579548800  -0.0417478999
1.2037301686  -1.4552669529  -0.0431932621
1.2022847799  -1.4525283783  -0.0446685291
1.2008094729  -1.4497390271  -0.0461739352
1.1993040143  -1.4468987830  -0.0477097127
1.1977681733  -1.4440075433  -0.0492760914
1.1962017210  -1.4410652190  -0.0508732991
1.1946044309  -1.4380717342  -0.0525015612
1.1929760787  -1.4350270265  -0.0541611009
1.1913164424  -1.4319310471  -0.0558521392
1.1896253028  -1.4287837622  -0.0575748964
1.1879024431  -1.4255851532  -0.0593295926
1.1861476491  -1.4223352173  -0.0611164467
1.1843607099  -1.4190339727  -0.0629356753
1.1825414164  -1.4156814596  -0.0647874932
1.1806895578  -1.4122777284  -0.0666721134
1.1788049219  -1.4088228358  -0.0685897465
1.1768872983  -1.4053168515  -0.0705406010
1.1749364782  -1.4017598590  -0.0725248833
1.1729522541  -1.3981519557  -0.0745427972
1.1709344207  -1.3944932530  -0.0765945443
1.1688827741  -1.3907838776  -0.0786803239
1.1667971122  -1.3870239721  -0.0808003328
1.1646772350  -1.3832136941  -0.0829547649
1.1625229441  -1.3793532109  -0.0851438112
1.1603340431  -1.3754426941  -0.0873676598
1.1581103379  -1.3714823225  -0.0896264957
1.1558516360  -1.3674722969  -0.0919205004
1.1535577491  -1.3634128474  -0.0942498524
1.1512285360  -1.3593042762  -0.0966147241
1.1488638785  -1.3551469252  -0.0990152807
1.1464636182  -1.3509411049  -0.1014516851
1.1440275786  -1.3466871419  -0.1039241030
1.1415555844  -1.3423854013  -0.1064327021
1.1390474620  -1.3380361458  -0.1089776519
1.1365030385  -1.3336394191  -0.1115591230
1.1339221412  -1.3291952582  -0.1141772865
1.1313045975  -1.3247039764  -0.1168323089
1.1286502355  -1.3201661147  -0.1195243443
1.1259588845  -1.3155822503  -0.1222535300
1.1232303745  -1.3109529326  -0.1250199881
1.1204645484  -1.3062787033  -0.1278238264
1.1176613181  -1.3015601693  -0.1306651389
1.1148206179  -1.2967979418  -0.1335440060
1.1119423440  -1.2919925589  -0.1364604985
1.1090263909  -1.2871445317  -0.1394146881
1.1060726608  -1.2822543567  -0.1424066502
1.1030810613  -1.2773225177  -0.1454364570
1.1000515048  -1.2723494868  -0.1485041741
1.0969839086  -1.2673357264  -0.1516098619
1.0938781957  -1.2622816909  -0.1547535763
1.0907342950  -1.2571878292  -0.1579353693
1.0875521500  -1.2520546059  -0.1611552897
1.0843317168  -1.2468824938  -0.1644133807
1.0810729490  -1.2416719376  -0.1677096791
1.0777757983  -1.2364233827  -0.1710442162
1.0744402227  -1.2311373107  -0.1744170208
1.0710661868  -1.2258142145  -0.1778281200
1.0676536613  -1.2204545785  -0.1812775379
1.0642026221  -1.2150588900  -0.1847652930
1.0607130500  -1.2096276501  -0.1882913970
1.0571847991  -1.2041612656  -0.1918558543
1.0536177054  -1.1986601423  -0.1954586627
1.0500118529  -1.1931249029  -0.1990998119
1.0463674807  -1.1875561992  -0.2027792652
1.0426848598  -1.1819547999  -0.2064969722
1.0389643130  -1.1763222516  -0.2102529637
1.0352062212  -1.1706604897  -0.2140473676
1.0314109747  -1.1649705549  -0.2178802582
1.0275787706  -1.1592526248  -0.2217515852
1.0237095011  -1.1535068628  -0.2256612528
1.0198029345  -1.1477336621  -0.2296091705
1.0158588292  -1.1419335174  -0.2335952481
1.0118769153  -1.1361069335  -0.2376193894
1.0078568914  -1.1302544122  -0.2416814938
1.0037984248  -1.1243764497  -0.2457814582
0.9997013626  -1.1184737834  -0.2499191756
0.9955659981  -1.1125476896  -0.2540945369
0.9913926362  -1.1065994609  -0.2583074290
0.9871813444  -1.1006301148  -0.2625577315
0.9829321906  -1.0946406750  -0.2668453223
0.9786452508  -1.0886321814  -0.2711700794
0.9743206147  -1.0826056990  -0.2755318791
0.9699584320  -1.0765624098  -0.2799306083
0.9655588604  -1.0705035079  -0.2843661275
0.9611219719  -1.0644300526  -0.2888380862
0.9566478064  -1.0583430496  -0.2933460528
0.9521364860  -1.0522435275  -0.2978898843
0.9475882270  -1.0461325880  -0.3024695880
0.9430032808  -1.0400114438  -0.3070850902
0.9383818515  -1.0338812444  -0.3117362658
0.9337240819  -1.0277429852  -0.3164229399
0.9290301046  -1.0215976079  -0.3211448520
0.9243000580  -1.0154460412  -0.3259015895
0.9195341005  -1.0092892550  -0.3306924164
0.9147322182  -1.0031279394  -0.3355157159
0.9098933921  -0.9969620642  -0.3403648520
0.9050177500  -0.9907922741  -0.3452400970
0.9001099788  -0.9846219644  -0.3501581058
0.8951738676  -0.9784547194  -0.3551291272
0.8902072748  -0.9722910507  -0.3601508699
0.8852071249  -0.9661301103  -0.3652209260
0.8801726945  -0.9599717277  -0.3703378247
0.8751040930  -0.9538160173  -0.3755000689
0.8700013918  -0.9476628233  -0.3807060514
0.8648646954  -0.9415119205  -0.3859540637
0.8596942306  -0.9353631627  -0.3912423061
0.8544901857  -0.9292161945  -0.3965688939
0.8492527313  -0.9230705073  -0.4019318556
0.8439821346  -0.9169256844  -0.4073291350
0.8386784718  -0.9107809720  -0.4127586047
0.8333417964  -0.9046355155  -0.4182180771
0.8279723682  -0.8984886424  -0.4237053097
0.8225704447  -0.8923395664  -0.4292180121
0.8171362567  -0.8861874739  -0.4347538523
0.8116707833  -0.8800322314  -0.4403104617
0.8061724333  -0.8738711316  -0.4458854459
0.8006301334  -0.8676919349  -0.4514763942
0.7950440067  -0.8614936708  -0.4570808828
0.7894249076  -0.8552863434  -0.4626964755
0.7837743422  -0.8490705110  -0.4683207280
0.7780910372  -0.8428438177  -0.4739511980
0.7723735580  -0.8366037751  -0.4795854534
0.7666192120  -0.8303467053  -0.4852210799
0.7608232104  -0.8240669388  -0.4908556877
0.7549765364  -0.8177547370  -0.4964869184
0.7490602808  -0.8113907249  -0.5021124600
0.7430235394  -0.8049239273  -0.5077300995
0.7365725774  -0.7980651424  -0.5133377123
0.7302355752  -0.7913458785  -0.5189330321
0.7245472375  -0.7852923379  -0.5245135612
0.7190940898  -0.7794810268  -0.5300768840
0.7136808285  -0.7737128057  -0.5356208695
0.7082919555  -0.7679701225  -0.5411435535
0.7029269661  -0.7622509381  -0.5466430467
0.6975856945  -0.7565538084  -0.5521175482
0.6922679943  -0.7508774303  -0.5575653612
0.6869737442  -0.7452206375  -0.5629848974
0.6817028465  -0.7395824007  -0.5683746821
0.6764552272  -0.7339618254  -0.5737333625
0.6712308343  -0.7283581503  -0.5790597116
0.6660296367  -0.7227707450  -0.5843526371
0.6608516242  -0.7171991068  -0.5896111908
0.6556968045  -0.7116428567  -0.5948345704
0.6505651992  -0.7061017342  -0.6000221235
0.6454568429  -0.7005755911  -0.6051733541
0.6403717778  -0.6950643854  -0.6102879150
0.6353100610  -0.6895681777  -0.6153656509
0.6302718249  -0.6840871358  -0.6204068295
0.6252572651  -0.6786215269  -0.6254120732
0.6202664771  -0.6731716850  -0.6303819746
0.6152994426  -0.6677379928  -0.6353171765
0.6103561784  -0.6623208878  -0.6402185961
0.6054367613  -0.6569208622  -0.6450874220
0.6005412826  -0.6515384539  -0.6499251372
0.5956698509  -0.6461742406  -0.6547335906
0.5908226142  -0.6408288401  -0.6595151232
0.5859998109  -0.6355029226  -0.6642728403
0.5812019387  -0.6301972902  -0.6690114068
0.5764309559  -0.6249130405  -0.6737422753
0.5716876089  -0.6196509936  -0.6784716846
0.5669663830  -0.6144107407  -0.6831874062
0.5622616446  -0.6091914332  -0.6878794045
0.5575745407  -0.6039930387  -0.6925484837
0.5529079220  -0.5988159734  -0.6971957413
0.5482625008  -0.5936605098  -0.7018213952
0.5436382085  -0.5885268066  -0.7064255888
0.5390349206  -0.5834149868  -0.7110084692
0.5344525127  -0.5783251491  -0.7155701885
0.5298908610  -0.5732573683  -0.7201109034
0.5253498430  -0.5682116961  -0.7246307744
0.5208293365  -0.5631881612  -0.7291299652
0.5163292202  -0.5581867706  -0.7336086419
0.5118493730  -0.5532075102  -0.7380669724
0.5073896747  -0.5482503462  -0.7425051252
0.5029500053  -0.5433152258  -0.7469232692
0.4985302456  -0.5384020791  -0.7513215721
0.4941302768  -0.5335108202  -0.7557002002
0.4897499810  -0.5286413487  -0.7600593169
0.4853892405  -0.5237935494  -0.7643990811
0.4810479375  -0.5189672924  -0.7687196435
0.4767259547  -0.5141624384  -0.7730211473
0.4724231765  -0.5093788460  -0.7773037308
0.4681394892  -0.5046163702  -0.7815675270
0.4638747802  -0.4998748596  -0.7858126609
0.4596289371  -0.4951541575  -0.7900392475
0.4554018483  -0.4904541045  -0.7942473910
0.4511934029  -0.4857745395  -0.7984371824
0.4470034901  -0.4811152983  -0.8026086965
0.4428319986  -0.4764762079  -0.8067619842
0.4386788107  -0.4718570406  -0.8108970389
0.4345438023  -0.4672575592  -0.8150137956
0.4304268733  -0.4626777843  -0.8191122704
0.4263279726  -0.4581179918  -0.8231926510
0.4222470551  -0.4535782705  -0.8272551539
0.4181840317  -0.4490584126  -0.8312999062
0.4141387877  -0.4445582032  -0.8353269925
0.4101112172  -0.4400775301  -0.8393365016
0.4061012257  -0.4356163221  -0.8433285253
0.4021087224  -0.4311745188  -0.8473031543
0.3981336173  -0.4267520673  -0.8512604785
0.3941758217  -0.4223489215  -0.8552005864
0.3902352476  -0.4179650419  -0.8591235655
0.3863118078  -0.4136003952  -0.8630295023
0.3824054162  -0.4092549538  -0.8669184823
0.3785159875  -0.4049286952  -0.8707905899
0.3746434371  -0.4006216012  -0.8746459084
0.3707876813  -0.3963336576  -0.8784845206
0.3669486372  -0.3920648531  -0.8823065080
0.3631262227  -0.3878151792  -0.8861119513
0.3593203563  -0.3835846283  -0.8899009307
0.3555309573  -0.3793731930  -0.8936735253
0.3517579458  -0.3751808643  -0.8974298138
0.3480012425  -0.3710076324  -0.9011698740
0.3442607688  -0.3668534863  -0.9048937832
0.3405364467  -0.3627184132  -0.9086016183
0.3368281988  -0.3586023970  -0.9122934553
0.3331359483  -0.3545054178  -0.9159693700
0.3294596192  -0.3504274505  -0.9196294376
0.3257991356  -0.3463684640  -0.9232737330
0.3221544227  -0.3423284187  -0.9269023311
0.3185254059  -0.3383072596  -0.9305153063
0.3149120111  -0.3343049103  -0.9341127335
0.3113141649  -0.3303212955  -0.9376946877
0.3077317942  -0.3263563785  -0.9412612426
0.3041648261  -0.3224101550  -0.9448124699
0.3006131881  -0.3184826141  -0.9483484404
0.2970768083  -0.3145737274  -0.9518692248
0.2935556154  -0.3106834612  -0.9553748941
0.2900495387  -0.3068117823  -0.9588655189
0.2865585076  -0.3029586576  -0.9623411692
0.2830824519  -0.2991240530  -0.9658019149
0.2796213020  -0.2953079342  -0.9692478253
0.2761749883  -0.2915102664  -0.9726789695
0.2727434419  -0.2877310138  -0.9760954162
0.2693265940  -0.2839701269  -0.9794972338
0.2659243761  -0.2802275292  -0.9828844904
0.2625367200  -0.2765031737  -0.9862572540
0.2591635583  -0.2727970861  -0.9896155918
0.2558048233  -0.2691092843  -0.9929595710
0.2524604480  -0.2654397292  -0.9962892583
0.2491303655  -0.2617883689  -0.9996047204
0.2458145090  -0.2581551577  -1.0029060238
0.2425128122  -0.2545400481  -1.0061932346
0.2392252089  -0.2509429911  -1.0094664187
0.2359516332  -0.2473639359  -1.0127256420
0.2326920195  -0.2438028307  -1.0159709698
0.2294463022  -0.2402596225  -1.0192024676
0.2262144161  -0.2367342579  -1.0224202003
0.2229962962  -0.2332266823  -1.0256242328
0.2197918776  -0.2297368411  -1.0288146298
0.2166010958  -0.2262646790  -1.0319914558
0.2134238863  -0.2228101409  -1.0351547750
0.2102601849  -0.2193731713  -1.0383046515
0.2071099274  -0.2159537148  -1.0414411492
0.2039730501  -0.2125517157  -1.0445643317
0.2008494892  -0.2091671189  -1.0476742625
0.1977391811  -0.2057998688  -1.0507710051
0.1946420626  -0.2024499103  -1.0538546226
0.1915580702  -0.1991171882  -1.0569251780
0.1884871411  -0.1958016471  -1.0599827341
0.1854292123  -0.1925032319  -1.0630273537
0.1823842210  -0.1892218872  -1.0660590992
0.1793521046  -0.1859575574  -1.0690780331
0.1763328006  -0.1827101868  -1.0720842176
0.1733262467  -0.1794797193  -1.0750777148
0.1703323807  -0.1762660983  -1.0780585866
0.1673511417  -0.1730694261  -1.0810269117
0.1643824706  -0.1698898544  -1.0839827878
0.1614263039  -0.1667269425  -1.0869262644
0.1584825728  -0.1635801463  -1.0898573463
0.1555512140  -0.1604495985  -1.0927760753
0.1526321694  -0.1573354941  -1.0956825148
0.1497253797  -0.1542377903  -1.0985767206
0.1468307839  -0.1511564400  -1.1014587492
0.1439483216  -0.1480913937  -1.1043286585
0.1410779321  -0.1450425987  -1.1071865076
0.1382195552  -0.1420099995  -1.1100323569
0.1353731303  -0.1389935374  -1.1128662685
0.1325385975  -0.1359931503  -1.1156883058
0.1297158964  -0.1330087731  -1.1184985338
0.1269049669  -0.1300403373  -1.1212970190
0.1241057490  -0.1270877715  -1.1240838298
0.1213181826  -0.1241510012  -1.1268590356
0.1185422077  -0.1212299490  -1.1296227078
0.1157777642  -0.1183245349  -1.1323749188
0.1130247923  -0.1154346764  -1.1351157427
0.1102832320  -0.1125602886  -1.1378452544
0.1075530234  -0.1097012846  -1.1405635302
0.1048341066  -0.1068575757  -1.1432706469
0.1021264218  -0.1040290714  -1.1459666824
0.0994299092  -0.1012156798  -1.1486517148
0.0967445091  -0.0984173081  -1.1513258223
0.0940701618  -0.0956338622  -1.1539890833
0.0914068078  -0.0928652475  -1.1566415757
0.0887543877  -0.0901113687  -1.1592833768
0.0861128419  -0.0873721304  -1.1619145629
0.0834821112  -0.0846474369  -1.1645352087
0.0808621364  -0.0819371928  -1.1671453875
0.0782538738  -0.0792414167  -1.1697829189
0.0756579267  -0.0765600723  -1.1724665724
0.0730716029  -0.0738927633  -1.1751319062
0.0704940711  -0.0712393225  -1.1777956176
0.0679266370  -0.0685998179  -1.1804566056
0.0653692205  -0.0659741593  -1.1831136117
0.0628217469  -0.0633622578  -1.1857652192
0.0602841474  -0.0607640257  -1.1884098537
0.0577563595  -0.0581793765  -1.1910457826
0.0552383272  -0.0556082244  -1.1936711156
0.0527300013  -0.0530504845  -1.1962838044
0.0502313400  -0.0505060725  -1.1988816429
0.0477423090  -0.0479749044  -1.2014622669
0.0452628815  -0.0454568963  -1.2040231544
0.0427930389  -0.0429519646  -1.2065616254
0.0403327706  -0.0404600252  -1.2090748421
0.0378820742  -0.0379809936  -1.2115598087
0.0354409557  -0.0355147848  -1.2140133715
0.0330094292  -0.0330613131  -1.2164322188
0.0305875171  -0.0306204919  -1.2188128812
0.0281752500  -0.0281922335  -1.2211517311
0.0257726660  -0.0257764494  -1.2234449832
0.0233798111  -0.0233730500  -1.2256886942
0.0209967382  -0.0209819446  -1.2278787629
0.0186235068  -0.0186030418  -1.2300109301
0.0162601826  -0.0162362494  -1.2320807788
0.0139068362  -0.0138814746  -1.2340837341
0.0115635429  -0.0115386243  -1.2360150630
0.0092303812  -0.0092076055  -1.2378698748
0.0069074318  -0.0068883256  -1.2396431207
0.0045947764  -0.0045806926  -1.2413295941
0.0022924962  -0.0022846157  -1.2429239304
0.0022910847  -0.0022846051  -1.2429239304
