0.128235
1.5374310475  -1.9928817975   0.0000760341
1.5374310475  -1.9928817975   0.0000760341
1.5374392706  -1.9928878015   0.0000639439
1.5374364360  -1.9928562476   0.0000320943
1.5374165729  -1.9927797258  -0.0000200963
1.5373759739  -1.9926515923  -0.0000932010
1.5373132038  -1.9924695190  -0.0001877844
1.5372274313  -1.9922323014  -0.0003044028
1.5371180545  -1.9919391542  -0.0004436038
1.5369845763  -1.9915894773  -0.0006059267
1.5368265531  -1.9911827592  -0.0007919024
1.5366435713  -1.9907185329  -0.0010020531
1.5364352351  -1.9901963523  -0.0012368929
1.5362011597  -1.9896157801  -0.0014969271
1.5359409675  -1.9889763804  -0.0017826528
1.5356542858  -1.9882777150  -0.0020945585
1.5353407454  -1.9875193407  -0.0024331243
1.5349999796  -1.9867008078  -0.0027988219
1.5346316236  -1.9858216600  -0.0031921143
1.5342353145  -1.9848814338  -0.0036134563
1.5338106907  -1.9838796588  -0.0040632943
1.5333573923  -1.9828158580  -0.0045420659
1.5328750607  -1.9816895483  -0.0050502006
1.5323633385  -1.9805002410  -0.0055881193
1.5318218704  -1.9792474431  -0.0061562343
1.5312503024  -1.9779306574  -0.0067549498
1.5306482824  -1.9765493837  -0.0073846611
1.5300154603  -1.9751031198  -0.0080457555
1.5293514882  -1.9735913621  -0.0087386115
1.5286560204  -1.9720136071  -0.0094635993
1.5279287137  -1.9703693521  -0.0102210806
1.5271692279  -1.9686580961  -0.0110114087
1.5263772206  -1.9668784882  -0.0118361216
1.5255523656  -1.9650308181  -0.0126944895
1.5246943385  -1.9631156690  -0.0135864627
1.5238028022  -1.9611319199  -0.0145123276
1.5228774295  -1.9590788420  -0.0154723738
1.5219179003  -1.9569558959  -0.0164669089
1.5209238994  -1.9547625816  -0.0174962356
1.5198951159  -1.9524984268  -0.0185606541
1.5188312435  -1.9501629784  -0.0196604614
1.5177319812  -1.9477558012  -0.0207959504
1.5165970330  -1.9452764781  -0.0219674094
1.5154261083  -1.9427246106  -0.0231751218
1.5142189199  -1.9400998175  -0.0244193653
1.5129751853  -1.9374017374  -0.0257004113
1.5116946293  -1.9346300325  -0.0270185249
1.5103769844  -1.9317843891  -0.0283739650
1.5090219895  -1.9288645176  -0.0297669843
1.5076293902  -1.9258701527  -0.0311978289
1.5061989391  -1.9228010547  -0.0326667383
1.5047303959  -1.9196570098  -0.0341739451
1.5032235274  -1.9164378310  -0.0357196749
1.5016781081  -1.9131433587  -0.0373041458
1.5000939198  -1.9097734613  -0.0389275688
1.4984707523  -1.9063280370  -0.0405901469
1.4968084031  -1.9028070142  -0.0422920746
1.4951066777  -1.8992103526  -0.0440335378
1.4933653899  -1.8955380428  -0.0458147142
1.4915843617  -1.8917901072  -0.0476357740
1.4897634235  -1.8879665995  -0.0494968792
1.4879024144  -1.8840676050  -0.0513981841
1.4860011812  -1.8800932384  -0.0533398346
1.4840595700  -1.8760434246  -0.0553219685
1.4820774314  -1.8719182521  -0.0573447151
1.4800546337  -1.8677183462  -0.0594081947
1.4779910598  -1.8634441347  -0.0615125179
1.4758866006  -1.8590957378  -0.0636577858
1.4737411547  -1.8546733940  -0.0658440914
1.4715546304  -1.8501774208  -0.0680715196
1.4693269452  -1.8456081733  -0.0703401473
1.4670580260  -1.8409660386  -0.0726500431
1.4647478087  -1.8362514328  -0.0750012673
1.4623962384  -1.8314648002  -0.0773938721
1.4600032691  -1.8266066131  -0.0798279005
1.4575688635  -1.8216773724  -0.0823033856
1.4550929846  -1.8166775996  -0.0848203509
1.4525755855  -1.8116078266  -0.0873788124
1.4500166348  -1.8064686167  -0.0899787789
1.4474161268  -1.8012605737  -0.0926202517
1.4447740658  -1.7959843280  -0.0953032247
1.4420904649  -1.7906405357  -0.0980276842
1.4393653461  -1.7852298802  -0.1007936094
1.4365987398  -1.7797530716  -0.1036009724
1.4337906850  -1.7742108446  -0.1064497367
1.4309412283  -1.7686039562  -0.1093398565
1.4280504242  -1.7629331836  -0.1122712766
1.4251183252  -1.7571993148  -0.1152439330
1.4221449580  -1.7514031301  -0.1182577528
1.4191303615  -1.7455454333  -0.1213126551
1.4160746131  -1.7396270747  -0.1244085520
1.4129778018  -1.7336489317  -0.1275453530
1.4098400250  -1.7276119075  -0.1307229667
1.4066613874  -1.7215169319  -0.1339412952
1.4034419996  -1.7153649454  -0.1372002321
1.4001819787  -1.7091568868  -0.1404996643
1.3968814475  -1.7028937199  -0.1438394723
1.3935405107  -1.6965764342  -0.1472195308
1.3901592361  -1.6902060078  -0.1506397115
1.3867377195  -1.6837834422  -0.1540998881
1.3832761035  -1.6773097874  -0.1575999361
1.3797745377  -1.6707861412  -0.1611397295
1.3762331773  -1.6642136609  -0.1647191403
1.3726521824  -1.6575934379  -0.1683380393
1.3690317176  -1.6509263216  -0.1719962972
1.3653719507  -1.6442130594  -0.1756937846
1.3616730128  -1.6374546192  -0.1794303719
1.3579349857  -1.6306522369  -0.1832059280
1.3541579917  -1.6238072666  -0.1870203202
1.3503422093  -1.6169210681  -0.1908734153
1.3464878216  -1.6099949708  -0.1947650796
1.3425950145  -1.6030302773  -0.1986951748
1.3386639763  -1.5960282612  -0.2026635562
1.3346948985  -1.5889901676  -0.2066700843
1.3306879807  -1.5819172253  -0.2107146359
1.3266434131  -1.5748106656  -0.2147971023
1.3225613333  -1.5676716336  -0.2189173858
1.3184418310  -1.5605011549  -0.2230753907
1.3142849813  -1.5533002037  -0.2272710060
1.3100908468  -1.5460697127  -0.2315040966
1.3058594811  -1.5388105784  -0.2357745057
1.3015909319  -1.5315236640  -0.2400820568
1.2972852869  -1.5242098587  -0.2444265595
1.2929428386  -1.5168702889  -0.2488078265
1.2885638603  -1.5095060477  -0.2532256823
1.2841484139  -1.5021179528  -0.2576799519
1.2796965216  -1.4947067624  -0.2621704559
1.2752081968  -1.4872732199  -0.2666970163
1.2706834465  -1.4798180565  -0.2712594563
1.2661222724  -1.4723419944  -0.2758575995
1.2615248106  -1.4648459260  -0.2804912667
1.2568913684  -1.4573309560  -0.2851602741
1.2522222065  -1.4497981257  -0.2898644322
1.2475175037  -1.4422483955  -0.2946035328
1.2427774386  -1.4346827374  -0.2993773483
1.2380022079  -1.4271019898  -0.3041857109
1.2331920426  -1.4195068699  -0.3090285641
1.2283472009  -1.4118984133  -0.3139058443
1.2234679107  -1.4042780410  -0.3188173693
1.2185543502  -1.3966470928  -0.3237628835
1.2136067015  -1.3890066785  -0.3287421275
1.2086251685  -1.3813578301  -0.3337548485
1.2036099653  -1.3737015855  -0.3388007907
1.1985610730  -1.3660387963  -0.3438796949
1.1934784929  -1.3583703593  -0.3489913009
1.1883627870  -1.3506976875  -0.3541353458
1.1832148556  -1.3430225126  -0.3593115630
1.1780356544  -1.3353466296  -0.3645196858
1.1728261695  -1.3276718710  -0.3697594489
1.1675870043  -1.3199997644  -0.3750305885
1.1623180800  -1.3123311327  -0.3803328416
1.1570189938  -1.3046663459  -0.3856659438
1.1516892855  -1.2970056708  -0.3910296348
1.1463284333  -1.2893492972  -0.3964236597
1.1409361237  -1.2816976560  -0.4018477721
1.1355128132  -1.2740520554  -0.4073016910
1.1300590703  -1.2664139079  -0.4127849244
1.1245750570  -1.2587841052  -0.4182969428
1.1190610213  -1.2511635347  -0.4238375235
1.1135173065  -1.2435531625  -0.4294065413
1.1079442604  -1.2359540518  -0.4350037727
1.1023421480  -1.2283671456  -0.4406289393
1.0967111384  -1.2207931699  -0.4462816576
1.0910513549  -1.2132327542  -0.4519613392
1.0853629023  -1.2056864798  -0.4576669155
1.0796450480  -1.1981544073  -0.4633933102
1.0738973946  -1.1906367247  -0.4691379899
1.0681236949  -1.1831360267  -0.4749121341
1.0623287428  -1.1756561492  -0.4807274141
1.0565119910  -1.1681984795  -0.4865843133
1.0506700851  -1.1607621439  -0.4924801940
1.0448015151  -1.1533463472  -0.4984136418
1.0389062964  -1.1459509588  -0.5043833660
1.0329846455  -1.1385758759  -0.5103879832
1.0270366698  -1.1312206611  -0.5164260259
1.0210625651  -1.1238849126  -0.5224959537
1.0150625978  -1.1165682334  -0.5285961481
1.0090369152  -1.1092699118  -0.5347249050
1.0029857220  -1.1019892508  -0.5408804366
0.9969092923  -1.0947255697  -0.5470608754
0.9908078347  -1.0874779646  -0.5532642848
0.9846816373  -1.0802456130  -0.5594886815
0.9785308053  -1.0730274165  -0.5657320543
0.9723554280  -1.0658222092  -0.5719923740
0.9661557757  -1.0586289780  -0.5782676013
0.9599321140  -1.0514466766  -0.5845556915
0.9536852120  -1.0442747424  -0.5908545852
0.9474130998  -1.0371098647  -0.5971622035
0.9411045243  -1.0299394488  -0.6034764647
0.9347615723  -1.0227644100  -0.6097952908
0.9283945164  -1.0155940535  -0.6161166045
0.9220024508  -1.0084263720  -0.6224383339
0.9155836011  -1.0012584293  -0.6287584221
0.9091347387  -0.9940858922  -0.6350748358
0.9026498735  -0.9869017762  -0.6413855728
0.8961170743  -0.9796933321  -0.6476886711
0.8895081661  -0.9724315720  -0.6539822521
0.8825842111  -0.9648786642  -0.6602645396
0.8755968292  -0.9572925467  -0.6665336765
0.8690966791  -0.9502215064  -0.6727875616
0.8629307176  -0.9435013090  -0.6790240682
0.8568246445  -0.9368515000  -0.6852413157
0.8507425076  -0.9302327732  -0.6914376276
0.8446837183  -0.9236423311  -0.6976114099
0.8386480975  -0.9170784246  -0.7037611358
0.8326354752  -0.9105394856  -0.7098853662
0.8266457051  -0.9040240810  -0.7159827565
0.8206786636  -0.8975309133  -0.7220520591
0.8147342497  -0.8910588203  -0.7280921302
0.8088123843  -0.8846067724  -0.7341019358
0.8029130080  -0.8781738728  -0.7400805544
0.7970360803  -0.8717593555  -0.7460271822
0.7911815775  -0.8653625840  -0.7519411379
0.7853494925  -0.8589830486  -0.7578218694
0.7795398340  -0.8526203630  -0.7636689623
0.7737526235  -0.8462742578  -0.7694821408
0.7679878915  -0.8399445742  -0.7752612698
0.7622456734  -0.8336312567  -0.7810063514
0.7565260199  -0.8273343492  -0.7867175739
0.7508290640  -0.8210539958  -0.7923955396
0.7451549930  -0.8147904335  -0.7980411528
0.7395038713  -0.8085439706  -0.8036552497
0.7338756603  -0.8023149679  -0.8092387576
0.7282703819  -0.7961038365  -0.8147928986
0.7226881224  -0.7899110384  -0.8203191791
0.7171289985  -0.7837370841  -0.8258194738
0.7115931917  -0.7775825369  -0.8312961953
0.7060810443  -0.7714480750  -0.8367527165
0.7005941889  -0.7653345899  -0.8421977217
0.6951341288  -0.7592429361  -0.8476390928
0.6896970826  -0.7531733175  -0.8530701927
0.6842768748  -0.7471252764  -0.8584804582
0.6788727706  -0.7410984134  -0.8638683039
0.6734875632  -0.7350927261  -0.8692351262
0.6681225740  -0.7291083635  -0.8745812507
0.6627778307  -0.7231454379  -0.8799068159
0.6574532114  -0.7172040240  -0.8852119627
0.6521485948  -0.7112841739  -0.8904968363
0.6468638610  -0.7053859188  -0.8957615860
0.6415988916  -0.6995092687  -0.9010063639
0.6363535691  -0.6936542135  -0.9062313252
0.6311277775  -0.6878207233  -0.9114366269
0.6259214017  -0.6820087502  -0.9166224275
0.6207343273  -0.6762182284  -0.9217888859
0.6155664414  -0.6704490756  -0.9269361611
0.6104176315  -0.6647011938  -0.9320644110
0.6052877864  -0.6589744704  -0.9371737916
0.6001767959  -0.6532687791  -0.9422644565
0.5950845505  -0.6475839816  -0.9473365557
0.5900109420  -0.6419199288  -0.9523902349
0.5849558630  -0.6362764637  -0.9574256330
0.5799192060  -0.6306534223  -0.9624428791
0.5749008645  -0.6250506346  -0.9674420932
0.5699007343  -0.6194679265  -0.9724233895
0.5649187136  -0.6139051225  -0.9773868749
0.5599547019  -0.6083620468  -0.9823326458
0.5550085989  -0.6028385243  -0.9872607863
0.5500803050  -0.5973343819  -0.9921713659
0.5451697204  -0.5918494489  -0.9970644338
0.5402767400  -0.5863835472  -1.0019399911
0.5354012482  -0.5809364909  -1.0067979712
0.5305431466  -0.5755081548  -1.0116383438
0.5257023909  -0.5700985280  -1.0164612372
0.5208789625  -0.5647076027  -1.0212668554
0.5160728041  -0.5593352617  -1.0260553356
0.5112838179  -0.5539813434  -1.0308267533
0.5065119068  -0.5486457269  -1.0355811790
0.5017569892  -0.5433283296  -1.0403186878
0.4970189900  -0.5380290849  -1.0450393539
0.4922978358  -0.5327479378  -1.0497432503
0.4875934549  -0.5274848436  -1.0544304482
0.4829057767  -0.5222397679  -1.0591010176
0.4782347318  -0.5170126862  -1.0637550267
0.4735802522  -0.5118035835  -1.0683925427
0.4689422711  -0.5066124533  -1.0730136312
0.4643207227  -0.5014392971  -1.0776183563
0.4597155425  -0.4962841236  -1.0822067811
0.4551266674  -0.4911469476  -1.0867789673
0.4505540349  -0.4860277896  -1.0913349754
0.4459975840  -0.4809266745  -1.0958748647
0.4414572547  -0.4758436307  -1.1003986935
0.4369329878  -0.4707786886  -1.1049065189
0.4324247253  -0.4657318783  -1.1093983971
0.4279324102  -0.4607032286  -1.1138743836
0.4234559864  -0.4556927672  -1.1183345327
0.4189953988  -0.4507005209  -1.1227788981
0.4145505929  -0.4457265140  -1.1272075327
0.4101215154  -0.4407707662  -1.1316204887
0.4057081137  -0.4358332916  -1.1360178176
0.4013103359  -0.4309140959  -1.1403995705
0.3969281311  -0.4260131684  -1.1447657983
0.3925614490  -0.4211304698  -1.1491165518
0.3882102403  -0.4162659520  -1.1534518821
0.3838744560  -0.4114196090  -1.1577718391
0.3795540476  -0.4065914883  -1.1620764703
0.3752489669  -0.4017816443  -1.1663658217
0.3709591667  -0.3969901098  -1.1706399391
0.3666846005  -0.3922169065  -1.1748988681
0.3624252227  -0.3874620569  -1.1791426541
0.3581809879  -0.3827255854  -1.1833713420
0.3539518514  -0.3780075165  -1.1875849761
0.3497377688  -0.3733078756  -1.1917836003
0.3455386962  -0.3686266884  -1.1959672580
0.3413545903  -0.3639639809  -1.2001359922
0.3371854081  -0.3593197506  -1.2042898456
0.3330311068  -0.3546939395  -1.2084288606
0.3288916441  -0.3500865532  -1.2125530791
0.3247669785  -0.3454977538  -1.2166625426
0.3206570684  -0.3409276898  -1.2207572919
0.3165618728  -0.3363763890  -1.2248373678
0.3124813506  -0.3318438533  -1.2289028110
0.3084154612  -0.3273300995  -1.2329536621
0.3043641641  -0.3228351415  -1.2369899615
0.3003274193  -0.3183589909  -1.2410117491
0.2963051865  -0.3139016574  -1.2450190651
0.2922974261  -0.3094631489  -1.2490119493
0.2883040981  -0.3050434722  -1.2529904414
0.2843251632  -0.3006426334  -1.2569545809
0.2803605819  -0.2962606381  -1.2609044074
0.2764103147  -0.2918974917  -1.2648399603
0.2724743224  -0.2875532000  -1.2687612788
0.2685525659  -0.2832277690  -1.2726684023
0.2646450058  -0.2789212054  -1.2765613700
0.2607516032  -0.2746335166  -1.2804402210
0.2568723188  -0.2703647107  -1.2843049944
0.2530071136  -0.2661147967  -1.2881557294
0.2491559483  -0.2618837846  -1.2919924651
0.2453187839  -0.2576716849  -1.2958152407
0.2414955809  -0.2534785092  -1.2996240956
0.2376863001  -0.2493042695  -1.3034190688
0.2338909022  -0.2451489784  -1.3072001999
0.2301093475  -0.2410126488  -1.3109675283
0.2263415965  -0.2368952937  -1.3147210936
0.2225876094  -0.2327969259  -1.3184609354
0.2188473464  -0.2287175581  -1.3221870937
0.2151207674  -0.2246572021  -1.3258996083
0.2114078348  -0.2206162192  -1.3295985472
0.2077085143  -0.2165950819  -1.3332840101
0.2040227615  -0.2125929620  -1.3369560176
0.2003505209  -0.2086087968  -1.3406145173
0.1966917473  -0.2046430091  -1.3442595176
0.1930464068  -0.2006961644  -1.3478910637
0.1894144622  -0.1967683050  -1.3515091882
0.1857958726  -0.1928594652  -1.3551139258
0.1821905970  -0.1889696735  -1.3587053136
0.1785985944  -0.1850989519  -1.3622833912
0.1750198232  -0.1812473152  -1.3658482012
0.1714542415  -0.1774147711  -1.3693997888
0.1679018072  -0.1736013198  -1.3729382024
0.1643624778  -0.1698069536  -1.3764634933
0.1608362101  -0.1660316575  -1.3799757160
0.1573229607  -0.1622754085  -1.3834749280
0.1538226856  -0.1585381767  -1.3869611899
0.1503353402  -0.1548199245  -1.3904345650
0.1468608796  -0.1511206077  -1.3938951198
0.1433992581  -0.1474401756  -1.3973429232
0.1399504299  -0.1437785714  -1.4007780466
0.1365143482  -0.1401357325  -1.4042005638
0.1330909660  -0.1365115911  -1.4076105503
0.1296802357  -0.1329060748  -1.4110080834
0.1262821094  -0.1293191069  -1.4143932418
0.1228965385  -0.1257506071  -1.4177661047
0.1195234740  -0.1222004918  -1.4211267520
0.1161628667  -0.1186686746  -1.4244752637
0.1128146667  -0.1151550670  -1.4278117189
0.1094788239  -0.1116595787  -1.4311361958
0.1061552876  -0.1081821180  -1.4344487709
0.1028440069  -0.1047225931  -1.4377495184
0.0995466053  -0.1012811813  -1.4410867372
0.0962641214  -0.0978579312  -1.4444843924
0.0929921590  -0.0944520323  -1.4478601130
0.0897293929  -0.0910632155  -1.4512352098
0.0864780218  -0.0876917713  -1.4546082512
0.0832379577  -0.0843376132  -1.4579776035
0.0800091210  -0.0810006570  -1.4613414311
0.0767914411  -0.0776808204  -1.4646976964
0.0735848573  -0.0743780227  -1.4680441596
0.0703893192  -0.0710921847  -1.4713783793
0.0672047868  -0.0678232277  -1.4746977118
0.0640312318  -0.0645710738  -1.4779993116
0.0608686372  -0.0613356447  -1.4812801310
0.0577169984  -0.0581168616  -1.4845369206
0.0545763231  -0.0549146448  -1.4877662287
0.0514466315  -0.0517289127  -1.4909644020
0.0483279569  -0.0485595817  -1.4941275847
0.0452203453  -0.0454065655  -1.4972517196
0.0421238558  -0.0422697750  -1.5003325470
0.0390385601  -0.0391491173  -1.5033656055
0.0359645426  -0.0360444962  -1.5063462317
0.0329019000  -0.0329558114  -1.5092695600
0.0298507405  -0.0298829587  -1.5121305232
0.0268111836  -0.0268258301  -1.5149238518
0.0237833590  -0.0237843139  -1.5176440743
0.0207674054  -0.0207582950  -1.5202855175
0.0177634699  -0.0177476556  -1.5228423059
0.0147717063  -0.0147522754  -1.5253083621
0.0117922734  -0.0117720329  -1.5276774069
0.0088253332  -0.0088068060  -1.5299429589
0.0058710492  -0.0058564728  -1.5320983348
0.0029295836  -0.0029209131  -1.5341366492
0.0029272779  -0.0029208973  -1.5341366492
