0.100662
1.8646066475  -2.1084007606   0.0000770487
1.8646066475  -2.1084007606   0.0000770487
1.8646127948  -2.1083950147   0.0000632130
1.8646075445  -2.1083531698   0.0000285413
1.8645852206  -2.1082724450  -0.0000275694
1.8645413325  -2.1081459461  -0.0001057142
1.8644742238  -2.1079714763  -0.0002064804
1.8643829587  -2.1077479878  -0.0003304479
1.8642668729  -2.1074748561  -0.0004781887
1.8641254256  -2.1071516410  -0.0006502674
1.8639581388  -2.1067779898  -0.0008472406
1.8637645694  -2.1063535915  -0.0010696575
1.8635442949  -2.1058781538  -0.0013180595
1.8632969052  -2.1053513897  -0.0015929804
1.8630219982  -2.1047730106  -0.0018949463
1.8627191768  -2.1041427219  -0.0022244757
1.8623880473  -2.1034602205  -0.0025820792
1.8620282181  -2.1027251931  -0.0029682600
1.8616392992  -2.1019373158  -0.0033835136
1.8612209017  -2.1010962536  -0.0038283276
1.8607726375  -2.1002016606  -0.0043031823
1.8602941189  -2.0992531800  -0.0048085500
1.8597849591  -2.0982504446  -0.0053448956
1.8592447718  -2.0971930777  -0.0059126760
1.8586731711  -2.0960806930  -0.0065123408
1.8580697720  -2.0949128958  -0.0071443317
1.8574341901  -2.0936892839  -0.0078090828
1.8567660421  -2.0924094480  -0.0085070205
1.8560649458  -2.0910729729  -0.0092385636
1.8553305200  -2.0896794381  -0.0100041233
1.8545623848  -2.0882284189  -0.0108041028
1.8537601621  -2.0867194871  -0.0116388981
1.8529234665  -2.0851512534  -0.0125101050
1.8520519361  -2.0835241693  -0.0134170375
1.8511452100  -2.0818389930  -0.0143597000
1.8502029053  -2.0800945847  -0.0153383929
1.8492246484  -2.0782902507  -0.0163534377
1.8482100736  -2.0764254742  -0.0174051880
1.8471588187  -2.0744997770  -0.0184939932
1.8460705248  -2.0725127092  -0.0196202017
1.8449448360  -2.0704638354  -0.0207841602
1.8437814002  -2.0683527334  -0.0219862128
1.8425798699  -2.0661789940  -0.0232267005
1.8413399011  -2.0639422208  -0.0245059606
1.8400611541  -2.0616420311  -0.0258243261
1.8387432933  -2.0592780581  -0.0271821260
1.8373859887  -2.0568499524  -0.0285796844
1.8359889149  -2.0543573804  -0.0300173207
1.8345517506  -2.0518000245  -0.0314953488
1.8330741808  -2.0491775864  -0.0330140776
1.8315558956  -2.0464897876  -0.0345738103
1.8299965903  -2.0437363693  -0.0361748443
1.8283959665  -2.0409170948  -0.0378174711
1.8267537322  -2.0380317496  -0.0395019760
1.8250696006  -2.0350801403  -0.0412286381
1.8233432918  -2.0320620972  -0.0429977299
1.8215745328  -2.0289774749  -0.0448095173
1.8197630563  -2.0258261514  -0.0466642593
1.8179086022  -2.0226080322  -0.0485622079
1.8160109177  -2.0193230492  -0.0505036083
1.8140697562  -2.0159711581  -0.0524886981
1.8120848800  -2.0125523416  -0.0545177076
1.8100560577  -2.0090666097  -0.0565908599
1.8079830648  -2.0055137553  -0.0587083702
1.8058656841  -2.0018937568  -0.0608704472
1.8037037061  -1.9982071949  -0.0630772918
1.8014969330  -1.9944544133  -0.0653290929
1.7992451723  -1.9906353961  -0.0676260261
1.7969482384  -1.9867502513  -0.0699682613
1.7946059547  -1.9827991622  -0.0723559644
1.7922181521  -1.9787823471  -0.0747892929
1.7897846703  -1.9747000555  -0.0772683959
1.7873053563  -1.9705525641  -0.0797934160
1.7847800663  -1.9663401784  -0.0823644891
1.7822086642  -1.9620632289  -0.0849817436
1.7795910227  -1.9577220738  -0.0876452999
1.7769270223  -1.9533170977  -0.0903552716
1.7742165522  -1.9488487097  -0.0931117684
1.7714595093  -1.9443173445  -0.0959148933
1.7686557984  -1.9397234645  -0.0987647405
1.7658053323  -1.9350675554  -0.1016613969
1.7629080320  -1.9303501225  -0.1046049428
1.7599638266  -1.9255716949  -0.1075954519
1.7569726538  -1.9207328279  -0.1106329919
1.7539344587  -1.9158340981  -0.1137176240
1.7508491936  -1.9108761052  -0.1168493996
1.7477168184  -1.9058594711  -0.1200283643
1.7445373010  -1.9007848370  -0.1232545613
1.7413106167  -1.8956528642  -0.1265280221
1.7380367456  -1.8904642296  -0.1298487699
1.7347156771  -1.8852196327  -0.1332168259
1.7313474080  -1.8799197950  -0.1366322018
1.7279319412  -1.8745654533  -0.1400948976
1.7244692834  -1.8691573551  -0.1436049097
1.7209594504  -1.8636962600  -0.1471622302
1.7174024614  -1.8581829286  -0.1507668440
1.7137983939  -1.8526181993  -0.1544187263
1.7101473098  -1.8470029331  -0.1581178466
1.7064489857  -1.8413377128  -0.1618641681
1.7027032741  -1.8356231927  -0.1656576445
1.6989103316  -1.8298603533  -0.1694982218
1.6950702399  -1.8240501349  -0.1733858409
1.6911830030  -1.8181934231  -0.1773204369
1.6872486742  -1.8122910669  -0.1813019346
1.6832673327  -1.8063437203  -0.1853302518
1.6792390675  -1.8003519653  -0.1894053040
1.6751639547  -1.7943166021  -0.1935269978
1.6710420228  -1.7882386562  -0.1976952299
1.6668734208  -1.7821193541  -0.2019098880
1.6626583803  -1.7759599752  -0.2061708515
1.6583969962  -1.7697616226  -0.2104779959
1.6540893495  -1.7635253511  -0.2148311904
1.6497355845  -1.7572522493  -0.2192302938
1.6453358462  -1.7509433708  -0.2236751610
1.6408902945  -1.7445997467  -0.2281656383
1.6363991603  -1.7382224473  -0.2327015598
1.6318625901  -1.7318124239  -0.2372827531
1.6272806315  -1.7253704893  -0.2419090433
1.6226536229  -1.7188977173  -0.2465802492
1.6179818505  -1.7123951050  -0.2512961798
1.6132652714  -1.7058632838  -0.2560566353
1.6085041794  -1.6993031917  -0.2608614103
1.6036989459  -1.6927158293  -0.2657102913
1.5988495689  -1.6861017970  -0.2706030568
1.5939562095  -1.6794618342  -0.2755394781
1.5890192157  -1.6727968598  -0.2805193160
1.5840389011  -1.6661077456  -0.2855423260
1.5790154712  -1.6593952417  -0.2906082585
1.5739491040  -1.6526600606  -0.2957168514
1.5688401432  -1.6459030760  -0.3008678389
1.5636888321  -1.6391250623  -0.3060609564
1.5584953426  -1.6323267223  -0.3112959300
1.5532599444  -1.6255088634  -0.3165724729
1.5479830085  -1.6186724199  -0.3218902792
1.5426648269  -1.6118182508  -0.3272490293
1.5373055357  -1.6049469119  -0.3326484593
1.5319055448  -1.5980590943  -0.3380884009
1.5264652899  -1.5911557742  -0.3435686708
1.5209849814  -1.5842381021  -0.3490889714
1.5154648779  -1.5773072838  -0.3546489331
1.5099052026  -1.5703642644  -0.3602481776
1.5043062471  -1.5634099527  -0.3658863298
1.4986685049  -1.5564454615  -0.3715630122
1.4929922307  -1.5494716661  -0.3772778452
1.4872777241  -1.5424894880  -0.3830304487
1.4815254906  -1.5355000670  -0.3888204383
1.4757357309  -1.5285042339  -0.3946474242
1.4699086430  -1.5215028145  -0.4005110156
1.4640446736  -1.5144968903  -0.4064108271
1.4581443197  -1.5074875941  -0.4123464725
1.4522079899  -1.5004759632  -0.4183175547
1.4462359531  -1.4934628844  -0.4243236803
1.4402285786  -1.4864493342  -0.4303644601
1.4341863446  -1.4794363887  -0.4364394960
1.4281095389  -1.4724249179  -0.4425483894
1.4219986120  -1.4654159368  -0.4486907435
1.4158539269  -1.4584103528  -0.4548661531
1.4096757290  -1.4514089275  -0.4610742011
1.4034646158  -1.4444127509  -0.4673144560
1.3972210035  -1.4374227015  -0.4735864653
1.3909451693  -1.4304394741  -0.4798897382
1.3846375356  -1.4234638663  -0.4862237168
1.3782984873  -1.4164965884  -0.4925877226
1.3719283232  -1.4095381872  -0.4989808196
1.3655272361  -1.4025889653  -0.5054014644
1.3590948155  -1.3956485529  -0.5118456013
1.3526311527  -1.3887171629  -0.5183119542
1.3461399898  -1.3817987228  -0.5248095872
1.3396257916  -1.3748983443  -0.5313475685
1.3330880617  -1.3680167682  -0.5379259491
1.3265238265  -1.3611517936  -0.5445422045
1.3199317989  -1.3543019423  -0.5511948977
1.3133121598  -1.3474667997  -0.5578826757
1.3066652283  -1.3406459950  -0.5646041094
1.2999912506  -1.3338389679  -0.5713577007
1.2932906761  -1.3270452441  -0.5781418925
1.2865638978  -1.3202641840  -0.5849550688
1.2798111742  -1.3134949080  -0.5917955648
1.2730328306  -1.3067365114  -0.5986616773
1.2662292691  -1.2999880868  -0.6055516654
1.2594010624  -1.2932488259  -0.6124637511
1.2525485536  -1.2865176232  -0.6193961276
1.2456719363  -1.2797931668  -0.6263469676
1.2387717289  -1.2730744265  -0.6333144287
1.2318483183  -1.2663602087  -0.6402966544
1.2249019582  -1.2596491613  -0.6472917809
1.2179329509  -1.2529399669  -0.6542979430
1.2109414775  -1.2462311827  -0.6613132761
1.2039275742  -1.2395212240  -0.6683359261
1.1968910896  -1.2328083400  -0.6753640479
1.1898314934  -1.2260904294  -0.6823958084
1.1827477182  -1.2193648970  -0.6894293969
1.1756377559  -1.2126282647  -0.6964630288
1.1684978483  -1.2058753809  -0.7034949484
1.1613207607  -1.1990977255  -0.7105234377
1.1540912278  -1.1922788800  -0.7175468282
1.1467740428  -1.1853825084  -0.7245635350
1.1392219975  -1.1782620407  -0.7315720571
1.1316494372  -1.1711364369  -0.7385708070
1.1244738156  -1.1644222088  -0.7455579785
1.1175730631  -1.1579894427  -0.7525317559
1.1107163245  -1.1516011246  -0.7594905611
1.1038776314  -1.1452270457  -0.7664330103
1.0970565327  -1.1388642016  -0.7733577981
1.0902528465  -1.1325107499  -0.7802636833
1.0834663980  -1.1261650492  -0.7871495074
1.0766970332  -1.1198255993  -0.7940141978
1.0699446189  -1.1134910428  -0.8008567696
1.0632090431  -1.1071601664  -0.8076763339
1.0564902151  -1.1008319025  -0.8144721019
1.0497880633  -1.0945053286  -0.8212433858
1.0431025313  -1.0881796641  -0.8279895990
1.0364335775  -1.0818542675  -0.8347102611
1.0297811779  -1.0755286352  -0.8414050084
1.0231453228  -1.0692023980  -0.8480735927
1.0165260122  -1.0628753151  -0.8547158813
1.0099232562  -1.0565472686  -0.8613318667
1.0033370755  -1.0502182582  -0.8679216704
0.9967674979  -1.0438883937  -0.8744855470
0.9902145582  -1.0375578884  -0.8810238929
0.9836782982  -1.0312270516  -0.8875372556
0.9771587664  -1.0248962807  -0.8940263473
0.9706560209  -1.0185660544  -0.9004920656
0.9641701340  -1.0122369273  -0.9069355249
0.9577012019  -1.0059095266  -0.9133581107
0.9512493693  -0.9995845559  -0.9197615825
0.9448148847  -0.9932628162  -0.9261482938
0.9383982464  -0.9869452959  -0.9325217200
0.9320009487  -0.9806332999  -0.9388889607
0.9256239124  -0.9743279382  -0.9452555655
0.9192632624  -0.9680290684  -0.9516158845
0.9129132788  -0.9617356445  -0.9579614365
0.9065733879  -0.9554471937  -0.9642909790
0.9002462964  -0.9491640217  -0.9706057485
0.8939332649  -0.9428864937  -0.9769060283
0.8876342881  -0.9366148158  -0.9831919666
0.8813492346  -0.9303491315  -0.9894637145
0.8750779741  -0.9240895559  -0.9957214266
0.8688203784  -0.9178361791  -1.0019652610
0.8625763203  -0.9115890664  -1.0081953784
0.8563456742  -0.9053482585  -1.0144119415
0.8501283160  -0.8991137720  -1.0206151144
0.8439241222  -0.8928855996  -1.0268050623
0.8377329711  -0.8866637109  -1.0329819501
0.8315547419  -0.8804480541  -1.0391459423
0.8253893149  -0.8742385570  -1.0452972019
0.8192365716  -0.8680351281  -1.0514358894
0.8130963949  -0.8618376580  -1.0575621626
0.8069686686  -0.8556460211  -1.0636761751
0.8008532781  -0.8494600778  -1.0697780757
0.7947501099  -0.8432796755  -1.0758680076
0.7886590522  -0.8371046517  -1.0819461072
0.7825799943  -0.8309348351  -1.0880125036
0.7765128269  -0.8247700488  -1.0940673169
0.7704574425  -0.8186101125  -1.1001106575
0.7644137343  -0.8124548455  -1.1061426243
0.7583815972  -0.8063040711  -1.1121633024
0.7523609261  -0.8001576226  -1.1181727596
0.7463516150  -0.7940153556  -1.1241710387
0.7403535510  -0.7878771936  -1.1301581329
0.7343666130  -0.7817430916  -1.1361339804
0.7283907054  -0.7756127784  -1.1420985637
0.7224257976  -0.7694857089  -1.1480520139
0.7164718867  -0.7633614764  -1.1539945283
0.7105289212  -0.7572400001  -1.1599262375
0.7045968016  -0.7511212720  -1.1658472125
0.6986754306  -0.7450052063  -1.1717575186
0.6927647304  -0.7388916937  -1.1776572251
0.6868646319  -0.7327806398  -1.1835463993
0.6809750690  -0.7266719668  -1.1894251063
0.6750959777  -0.7205656130  -1.1952934084
0.6692272961  -0.7144615331  -1.2011513657
0.6633689650  -0.7083596977  -1.2069990355
0.6575209269  -0.7022600924  -1.2128364729
0.6516831271  -0.6961627178  -1.2186637303
0.6458555129  -0.6900675888  -1.2244808577
0.6400380338  -0.6839747339  -1.2302879026
0.6342306417  -0.6778841931  -1.2360849100
0.6284332908  -0.6717960169  -1.2418719226
0.6226459375  -0.6657102651  -1.2476489807
0.6168685405  -0.6596270054  -1.2534161222
0.6111010609  -0.6535463120  -1.2591733826
0.6053434619  -0.6474682642  -1.2649207950
0.5995957091  -0.6413929444  -1.2706583906
0.5938577703  -0.6353204365  -1.2763861980
0.5881296156  -0.6292508240  -1.2821042438
0.5824112176  -0.6231841875  -1.2878125524
0.5767025508  -0.6171206027  -1.2935111461
0.5710035922  -0.6110601360  -1.2992000455
0.5653143211  -0.6050028387  -1.3048792690
0.5596347190  -0.5989487316  -1.3105488335
0.5539647699  -0.5928977895  -1.3162087549
0.5483044599  -0.5868499815  -1.3218590474
0.5426537773  -0.5808053610  -1.3274997227
0.5370127116  -0.5747640808  -1.3331307878
0.5313812544  -0.5687263085  -1.3387522467
0.5257593998  -0.5626921759  -1.3443641014
0.5201471448  -0.5566617989  -1.3499663523
0.5145444885  -0.5506353004  -1.3555589982
0.5089514324  -0.5446128114  -1.3611420355
0.5033679797  -0.5385944695  -1.3667154584
0.4977941360  -0.5325804185  -1.3722792590
0.4922299090  -0.5265708084  -1.3778334272
0.4866753086  -0.5205657960  -1.3833779510
0.4811303465  -0.5145654387  -1.3889128162
0.4755950368  -0.5085695930  -1.3944380071
0.4700693955  -0.5025783496  -1.3999535057
0.4645534410  -0.4965923863  -1.4054592908
0.4590471937  -0.4906123470  -1.4109553385
0.4535506756  -0.4846384381  -1.4164416234
0.4480639113  -0.4786707757  -1.4219181193
0.4425869274  -0.4727095365  -1.4273847980
0.4371197523  -0.4667548955  -1.4328416294
0.4316624161  -0.4608070249  -1.4382885815
0.4262149509  -0.4548660959  -1.4437256207
0.4207773908  -0.4489322807  -1.4491527115
0.4153497715  -0.4430057538  -1.4545698168
0.4099321306  -0.4370866943  -1.4599768974
0.4045245074  -0.4311752870  -1.4653739128
0.3991269428  -0.4252717242  -1.4707608206
0.3937394797  -0.4193762067  -1.4761375765
0.3883621623  -0.4134889457  -1.4815041349
0.3829950367  -0.4076101632  -1.4868604482
0.3776381501  -0.4017400929  -1.4922064675
0.3722915518  -0.3958789814  -1.4975421422
0.3669552920  -0.3900270878  -1.5028674202
0.3616294226  -0.3841846847  -1.5081822478
0.3563139969  -0.3783520578  -1.5134865703
0.3510090693  -0.3725295067  -1.5187803314
0.3457146955  -0.3667173437  -1.5240634736
0.3404309326  -0.3609158944  -1.5293359382
0.3351578385  -0.3551254965  -1.5345976656
0.3298954722  -0.3493464991  -1.5398485950
0.3246438939  -0.3435792621  -1.5450886648
0.3194031645  -0.3378241552  -1.5503178125
0.3141733457  -0.3320815564  -1.5555359748
0.3089545101  -0.3263532895  -1.5607431538
0.3037467433  -0.3206416764  -1.5659394258
0.2985500960  -0.3149437092  -1.5711246781
0.2933645770  -0.3092553442  -1.5762986236
0.2881902340  -0.3035786447  -1.5814611196
0.2830271595  -0.2979163158  -1.5866121104
0.2778754351  -0.2922689298  -1.5917515091
0.2727351300  -0.2866370417  -1.5968792338
0.2676063138  -0.2810211935  -1.6019952076
0.2624890562  -0.2754219106  -1.6070993595
0.2573834269  -0.2698396987  -1.6121916246
0.2522894949  -0.2642750410  -1.6172719446
0.2472073289  -0.2587283966  -1.6223402680
0.2421369962  -0.2532001984  -1.6273965501
0.2370785636  -0.2476908526  -1.6324407537
0.2320320959  -0.2422007375  -1.6374728485
0.2269976570  -0.2367302034  -1.6424928114
0.2219753087  -0.2312795732  -1.6475006261
0.2169651115  -0.2258491422  -1.6524962834
0.2119671237  -0.2204391792  -1.6574797802
0.2069814019  -0.2150499277  -1.6624511197
0.2020080008  -0.2096816071  -1.6674103105
0.1970469732  -0.2043344143  -1.6723573663
0.1920983698  -0.1990085252  -1.6772923051
0.1871622395  -0.1937040969  -1.6822151486
0.1822386292  -0.1884212693  -1.6871259211
0.1773275839  -0.1831601675  -1.6920246489
0.1724291467  -0.1779209032  -1.6969113592
0.1675433586  -0.1727035773  -1.7017860790
0.1626702588  -0.1675082818  -1.7066488339
0.1578098841  -0.1623351012  -1.7114996471
0.1529622696  -0.1571841195  -1.7163385378
0.1481314309  -0.1520568095  -1.7212380252
0.1433199727  -0.1469540076  -1.7262340623
0.1385175879  -0.1418720878  -1.7312026544
0.1337212924  -0.1368101855  -1.7361757460
0.1289364694  -0.1317703405  -1.7411510762
0.1241630616  -0.1267526498  -1.7461260801
0.1194010308  -0.1217572228  -1.7510978879
0.1146503586  -0.1167841786  -1.7560633257
0.1099110475  -0.1118336450  -1.7610189150
0.1051831219  -0.1069057561  -1.7659608730
0.1004666290  -0.1020006503  -1.7708851123
0.0957616398  -0.0971184677  -1.7757872412
0.0910682498  -0.0922593469  -1.7806625635
0.0863865794  -0.0874234225  -1.7855060785
0.0817167746  -0.0826108211  -1.7903124812
0.0770590074  -0.0778216586  -1.7950761622
0.0724134757  -0.0730560363  -1.7997912074
0.0677804035  -0.0683140382  -1.8044513985
0.0631600407  -0.0635957271  -1.8090502128
0.0585526625  -0.0589011429  -1.8135808229
0.0539585690  -0.0542302993  -1.8180360972
0.0493780845  -0.0495831825  -1.8224085996
0.0448115555  -0.0449597500  -1.8266905896
0.0402593505  -0.0403599302  -1.8308740222
0.0357218569  -0.0357836225  -1.8349505479
0.0311994800  -0.0312306995  -1.8389115129
0.0266926399  -0.0267010082  -1.8427479590
0.0222017689  -0.0221943742  -1.8464506234
0.0177273082  -0.0177106055  -1.8500099389
0.0132697039  -0.0132494975  -1.8534160341
0.0088294035  -0.0088108384  -1.8566587327
0.0044068505  -0.0043944158  -1.8597275545
0.0044016303  -0.0043943750  -1.8597275545
