0.233801
0.8009787078  -0.7909833926   0.0000242085
0.8009787078  -0.7909833926   0.0000242085
0.8009815745  -0.7909847046   0.0000211259
0.8009812358  -0.7909800707   0.0000122106
0.8009758315  -0.7909684279  -0.0000026842
0.8009643821  -0.7909490633  -0.0000237052
0.8009464959  -0.7909217012  -0.0000509991
0.8009219412  -0.7908861828  -0.0000847126
0.8008905477  -0.7908423928  -0.0001249926
0.8008521717  -0.7907902345  -0.0001719857
0.8008066835  -0.7907296193  -0.0002258388
0.8007539600  -0.7906604622  -0.0002866986
0.8006938821  -0.7905826794  -0.0003547121
0.8006263324  -0.7904961863  -0.0004300259
0.8005511944  -0.7904008974  -0.0005127870
0.8004683516  -0.7902967253  -0.0006031421
0.8003776871  -0.7901835807  -0.0007012382
0.8002790834  -0.7900613721  -0.0008072222
0.8001724220  -0.7899300053  -0.0009212409
0.8000575835  -0.7897893840  -0.0010434412
0.7999344474  -0.7896394091  -0.0011739701
0.7998028919  -0.7894799789  -0.0013129744
0.7996627939  -0.7893109893  -0.0014606012
0.7995140291  -0.7891323334  -0.0016169973
0.7993564717  -0.7889439016  -0.0017823099
0.7991899945  -0.7887455819  -0.0019566857
0.7990144691  -0.7885372594  -0.0021402719
0.7988297653  -0.7883188168  -0.0023332155
0.7986357517  -0.7880901340  -0.0025356634
0.7984322951  -0.7878510884  -0.0027477628
0.7982192612  -0.7876015549  -0.0029696606
0.7979965138  -0.7873414058  -0.0032015040
0.7977639116  -0.7870703668  -0.0034437930
0.7975213195  -0.7867884376  -0.0036963490
0.7972686020  -0.7864956759  -0.0039591991
0.7970056134  -0.7861918413  -0.0042324812
0.7967322078  -0.7858767425  -0.0045163347
0.7964482395  -0.7855502214  -0.0048109049
0.7961535610  -0.7852121235  -0.0051163385
0.7958480234  -0.7848622948  -0.0054327845
0.7955314764  -0.7845005801  -0.0057603940
0.7952037679  -0.7841268224  -0.0060993198
0.7948647441  -0.7837408631  -0.0064497167
0.7945142499  -0.7833425421  -0.0068117412
0.7941521283  -0.7829316973  -0.0071855514
0.7937782208  -0.7825081653  -0.0075713073
0.7933923672  -0.7820717810  -0.0079691706
0.7929944056  -0.7816223779  -0.0083793043
0.7925841727  -0.7811597884  -0.0088018737
0.7921615032  -0.7806838432  -0.0092370452
0.7917262305  -0.7801943721  -0.0096849871
0.7912781861  -0.7796912039  -0.0101458695
0.7908172002  -0.7791741663  -0.0106198638
0.7903431010  -0.7786430864  -0.0111071435
0.7898557156  -0.7780977902  -0.0116078835
0.7893548689  -0.7775381033  -0.0121222602
0.7888403847  -0.7769638509  -0.0126504521
0.7883120849  -0.7763748572  -0.0131926388
0.7877697898  -0.7757709464  -0.0137490021
0.7872133181  -0.7751519419  -0.0143197251
0.7866424871  -0.7745176674  -0.0149049925
0.7860571122  -0.7738679459  -0.0155049909
0.7854570075  -0.7732026007  -0.0161199084
0.7848419854  -0.7725214124  -0.0167499346
0.7842118565  -0.7718241887  -0.0173952609
0.7835664297  -0.7711108413  -0.0180560800
0.7829055124  -0.7703812374  -0.0187325862
0.7822289104  -0.7696351706  -0.0194249756
0.7815364277  -0.7688724491  -0.0201334456
0.7808278667  -0.7680928924  -0.0208581954
0.7801030282  -0.7672963216  -0.0215994256
0.7793617112  -0.7664825586  -0.0223573385
0.7786037135  -0.7656514256  -0.0231321380
0.7778288311  -0.7648027454  -0.0239240291
0.7770368584  -0.7639363409  -0.0247332186
0.7762275883  -0.7630520350  -0.0255599147
0.7754008125  -0.7621496512  -0.0264043270
0.7745563220  -0.7612290135  -0.0272666666
0.7736939060  -0.7602899462  -0.0281471459
0.7728133522  -0.7593322730  -0.0290459788
0.7719144470  -0.7583558178  -0.0299633806
0.7709969753  -0.7573604044  -0.0308995678
0.7700607206  -0.7563458570  -0.0318547579
0.7691054655  -0.7553119999  -0.0328291698
0.7681309909  -0.7542586577  -0.0338230233
0.7671370767  -0.7531856551  -0.0348365397
0.7661235015  -0.7520928175  -0.0358699416
0.7650900427  -0.7509799709  -0.0369234529
0.7640364769  -0.7498469421  -0.0379972989
0.7629625798  -0.7486935589  -0.0390917056
0.7618681257  -0.7475196500  -0.0402069002
0.7607528883  -0.7463250452  -0.0413431107
0.7596166402  -0.7451095756  -0.0425005659
0.7584591530  -0.7438730736  -0.0436794955
0.7572801974  -0.7426153724  -0.0448801301
0.7560795427  -0.7413363048  -0.0461027009
0.7548569576  -0.7400357081  -0.0473474399
0.7536122098  -0.7387134266  -0.0486145797
0.7523450663  -0.7373693156  -0.0499043533
0.7510552935  -0.7360032459  -0.0512169939
0.7497426577  -0.7346150676  -0.0525527350
0.7484069259  -0.7332045404  -0.0539118108
0.7470478645  -0.7317713487  -0.0552944572
0.7456652392  -0.7303152265  -0.0567009110
0.7442588152  -0.7288360370  -0.0581314086
0.7428283571  -0.7273337374  -0.0595861856
0.7413736293  -0.7258083113  -0.0610654763
0.7398943963  -0.7242597353  -0.0625695146
0.7383904229  -0.7226879728  -0.0640985348
0.7368614742  -0.7210929734  -0.0656527713
0.7353073161  -0.7194746742  -0.0672324588
0.7337277171  -0.7178330012  -0.0688378317
0.7321224439  -0.7161678646  -0.0704691244
0.7304912580  -0.7144791545  -0.0721265714
0.7288339194  -0.7127667461  -0.0738104067
0.7271501883  -0.7110305013  -0.0755208634
0.7254398289  -0.7092702756  -0.0772581737
0.7237026137  -0.7074859212  -0.0790225689
0.7219383198  -0.7056772849  -0.0808142793
0.7201467269  -0.7038442075  -0.0826335337
0.7183276129  -0.7019865223  -0.0844805600
0.7164807502  -0.7001040524  -0.0863555854
0.7146059117  -0.6981966169  -0.0882588356
0.7127028735  -0.6962640356  -0.0901905337
0.7107714140  -0.6943061300  -0.0921509007
0.7088113138  -0.6923227252  -0.0941401561
0.7068223554  -0.6903136474  -0.0961585189
0.7048043225  -0.6882787201  -0.0982062050
0.7027570026  -0.6862177642  -0.1002834217
0.7006801866  -0.6841305858  -0.1023903695
0.6985736577  -0.6820168373  -0.1045272426
0.6964371900  -0.6798761058  -0.1066942269
0.6942705714  -0.6777088549  -0.1088915246
0.6920736288  -0.6755167885  -0.1111193849
0.6898462124  -0.6733011056  -0.1133780755
0.6875881536  -0.6710610869  -0.1156678237
0.6852992484  -0.6687950734  -0.1179888051
0.6829792707  -0.6665018787  -0.1203411685
0.6806279974  -0.6641810465  -0.1227250545
0.6782452319  -0.6618325297  -0.1251405999
0.6758308056  -0.6594564313  -0.1275879360
0.6733845621  -0.6570529114  -0.1300671873
0.6709063459  -0.6546221745  -0.1325784731
0.6683960073  -0.6521644706  -0.1351219070
0.6658534119  -0.6496800974  -0.1376975967
0.6632784370  -0.6471693991  -0.1403056444
0.6606709538  -0.6446327445  -0.1429461461
0.6580308227  -0.6420705138  -0.1456191918
0.6553579255  -0.6394831341  -0.1483248654
0.6526521549  -0.6368710641  -0.1510632436
0.6499133922  -0.6342347626  -0.1538343950
0.6471415398  -0.6315747246  -0.1566383794
0.6443365296  -0.6288914812  -0.1594752465
0.6414983051  -0.6261855773  -0.1623450318
0.6386268020  -0.6234575519  -0.1652477531
0.6357219382  -0.6207079168  -0.1681834044
0.6327836461  -0.6179371913  -0.1711519445
0.6298119316  -0.6151459521  -0.1741532813
0.6268068483  -0.6123348031  -0.1771872395
0.6237682985  -0.6095041743  -0.1802535007
0.6206960268  -0.6066543000  -0.1833515068
0.6175898845  -0.6037854661  -0.1864802443
0.6144496069  -0.6008978622  -0.1896364089
0.6112749263  -0.5979916444  -0.1928174631
0.6080669838  -0.5950679600  -0.1960297695
0.6048280359  -0.5921290019  -0.1992843966
0.6015588757  -0.5891762819  -0.2025869294
0.5982584189  -0.5862099125  -0.2059375426
0.5949253949  -0.5832294237  -0.2093348558
0.5915591703  -0.5802344059  -0.2127775238
0.5881595894  -0.5772245811  -0.2162643624
0.5847266302  -0.5741996355  -0.2197940755
0.5812602512  -0.5711591246  -0.2233652607
0.5777604276  -0.5681025065  -0.2269764139
0.5742271799  -0.5650291871  -0.2306259369
0.5706605108  -0.5619384493  -0.2343121434
0.5670604280  -0.5588294916  -0.2380332661
0.5634269385  -0.5557014272  -0.2417874635
0.5597600224  -0.5525532578  -0.2455728273
0.5560596787  -0.5493839419  -0.2493873885
0.5523258969  -0.5461923640  -0.2532291239
0.5485586076  -0.5429772904  -0.2570959628
0.5447577004  -0.5397374086  -0.2609857932
0.5409230171  -0.5364713270  -0.2648964677
0.5370542835  -0.5331775118  -0.2688258088
0.5331509620  -0.5298541503  -0.2727716159
0.5292123239  -0.5264992407  -0.2767316719
0.5252371536  -0.5231103099  -0.2807037490
0.5212235517  -0.5196842311  -0.2846856140
0.5171685468  -0.5162168574  -0.2886750327
0.5130671055  -0.5127020657  -0.2926697785
0.5089105173  -0.5091301784  -0.2966676455
0.5046842313  -0.5054858908  -0.3006664558
0.5003602894  -0.5017409122  -0.3046640764
0.4958008066  -0.4977580327  -0.3086584321
0.4910973229  -0.4936303487  -0.3126474379
0.4866480436  -0.4897536248  -0.3166289021
0.4825541833  -0.4862223071  -0.3206005771
0.4786535009  -0.4828694554  -0.3245603111
0.4748234481  -0.4795710939  -0.3285061037
0.4710148042  -0.4762775476  -0.3324360695
0.4672256320  -0.4729862735  -0.3363484065
0.4634553190  -0.4696959299  -0.3402413928
0.4597037157  -0.4664057021  -0.3441133962
0.4559707557  -0.4631149653  -0.3479628822
0.4522563928  -0.4598232224  -0.3517884196
0.4485605996  -0.4565301024  -0.3555886861
0.4448833669  -0.4532353574  -0.3593624759
0.4412247021  -0.4499388581  -0.3631087054
0.4375846286  -0.4466405897  -0.3668264202
0.4339631837  -0.4433406461  -0.3705148015
0.4303604168  -0.4400392237  -0.3741731723
0.4267763882  -0.4367366147  -0.3778010050
0.4232111674  -0.4334332004  -0.3813979299
0.4196648313  -0.4301294432  -0.3849637425
0.4161374624  -0.4268258790  -0.3884984132
0.4126291483  -0.4235231094  -0.3920021012
0.4091399805  -0.4202217938  -0.3954751688
0.4056700542  -0.4169226421  -0.3989182011
0.4022194693  -0.4136264074  -0.4023320353
0.3987883335  -0.4103338815  -0.4057178005
0.3953767687  -0.4070458923  -0.4090769855
0.3919849269  -0.4037633068  -0.4124115549
0.3886130161  -0.4004870439  -0.4157241364
0.3852613557  -0.3972181181  -0.4190183947
0.3819308301  -0.3939578873  -0.4223014026
0.3786223855  -0.3907077097  -0.4255809950
0.3753344852  -0.3874674781  -0.4288561826
0.3720633298  -0.3842356824  -0.4321189653
0.3688068354  -0.3810115478  -0.4353642194
0.3655657010  -0.3777957182  -0.4385910271
0.3623411851  -0.3745891845  -0.4417997967
0.3591338775  -0.3713926306  -0.4449908800
0.3559438463  -0.3682064680  -0.4481643939
0.3527710016  -0.3650310024  -0.4513204576
0.3496152468  -0.3618665079  -0.4544591933
0.3464764837  -0.3587132301  -0.4575807272
0.3433546141  -0.3555713876  -0.4606851892
0.3402495392  -0.3524411725  -0.4637727128
0.3371611605  -0.3493227511  -0.4668434340
0.3340893791  -0.3462162653  -0.4698974906
0.3310340960  -0.3431218334  -0.4729350218
0.3279952120  -0.3400395514  -0.4759561673
0.3249726281  -0.3369694946  -0.4789610664
0.3219662449  -0.3339117186  -0.4819498572
0.3189759634  -0.3308662612  -0.4849226764
0.3160016846  -0.3278331437  -0.4878796574
0.3130433095  -0.3248123723  -0.4908209307
0.3101007396  -0.3218039402  -0.4937466219
0.3071738766  -0.3188078284  -0.4966568520
0.3042626225  -0.3158240072  -0.4995517352
0.3013668795  -0.3128524376  -0.5024313792
0.2984865505  -0.3098930719  -0.5052958828
0.2956215383  -0.3069458530  -0.5081453350
0.2927717459  -0.3040107128  -0.5109798119
0.2899370761  -0.3010875671  -0.5137993733
0.2871174299  -0.2981762776  -0.5166040485
0.2843127050  -0.2952766549  -0.5193938249
0.2815228040  -0.2923886883  -0.5221686940
0.2787476485  -0.2895127339  -0.5249287302
0.2759871760  -0.2866492226  -0.5276740849
0.2732413173  -0.2837982808  -0.5304049077
0.2705099854  -0.2809597877  -0.5331213094
0.2677930853  -0.2781336160  -0.5358233783
0.2650905246  -0.2753197164  -0.5385111986
0.2624022153  -0.2725180884  -0.5411848559
0.2597280717  -0.2697287457  -0.5438444357
0.2570680090  -0.2669517049  -0.5464900230
0.2544219427  -0.2641869850  -0.5491217020
0.2517897889  -0.2614346072  -0.5517395564
0.2491714644  -0.2586945940  -0.5543436695
0.2465668861  -0.2559669697  -0.5569341236
0.2439759716  -0.2532517595  -0.5595110008
0.2413986389  -0.2505489894  -0.5620743823
0.2388348064  -0.2478586856  -0.5646243490
0.2362843931  -0.2451808743  -0.5671609812
0.2337473182  -0.2425155810  -0.5696843587
0.2312235016  -0.2398628301  -0.5721945610
0.2287128635  -0.2372226445  -0.5746916667
0.2262153243  -0.2345950450  -0.5771757545
0.2237308053  -0.2319800498  -0.5796469024
0.2212592278  -0.2293776742  -0.5821051881
0.2188005136  -0.2267879296  -0.5845506889
0.2163545850  -0.2242108235  -0.5869834817
0.2139213646  -0.2216463587  -0.5894036433
0.2115007754  -0.2190945322  -0.5918112501
0.2090927409  -0.2165553347  -0.5942063783
0.2066971846  -0.2140287476  -0.5965891039
0.2043140309  -0.2115147397  -0.5989595030
0.2019432041  -0.2090132717  -0.6013176515
0.1995846291  -0.2065243127  -0.6036636252
0.1972382312  -0.2040478498  -0.6059974987
0.1949039358  -0.2015838791  -0.6083193458
0.1925816687  -0.1991323920  -0.6106292397
0.1902713564  -0.1966933725  -0.6129272534
0.1879729255  -0.1942668005  -0.6152134600
0.1856863030  -0.1918526543  -0.6174879318
0.1834114163  -0.1894509107  -0.6197507413
0.1811481933  -0.1870615452  -0.6220019604
0.1788965619  -0.1846845321  -0.6242416604
0.1766564507  -0.1823198443  -0.6264699127
0.1744277884  -0.1799674535  -0.6286867881
0.1722105042  -0.1776273302  -0.6308923570
0.1700045275  -0.1752994434  -0.6330866897
0.1678097883  -0.1729837564  -0.6352698559
0.1656262165  -0.1706802215  -0.6374419252
0.1634537429  -0.1683888011  -0.6396029667
0.1612922981  -0.1661094831  -0.6417530492
0.1591418136  -0.1638422514  -0.6438922410
0.1570022209  -0.1615870686  -0.6460206103
0.1548734518  -0.1593438918  -0.6481382248
0.1527554386  -0.1571126799  -0.6502451520
0.1506481138  -0.1548933901  -0.6523414590
0.1485514104  -0.1526859787  -0.6544272125
0.1464652615  -0.1504904005  -0.6565024790
0.1443896008  -0.1483066096  -0.6585673246
0.1423243621  -0.1461345592  -0.6606218150
0.1402694798  -0.1439742014  -0.6626660157
0.1382248882  -0.1418254880  -0.6646999916
0.1361905225  -0.1396883699  -0.6667238077
0.1341663178  -0.1375627975  -0.6687375283
0.1321522098  -0.1354487209  -0.6707412174
0.1301481343  -0.1333460896  -0.6727349389
0.1281540276  -0.1312548527  -0.6747187561
0.1261698263  -0.1291749590  -0.6766927320
0.1241954673  -0.1271063571  -0.6786569295
0.1222308879  -0.1250489951  -0.6806114109
0.1202760257  -0.1230028210  -0.6825562383
0.1183308186  -0.1209677825  -0.6844914733
0.1163952049  -0.1189438271  -0.6864171775
0.1144691231  -0.1169309021  -0.6883334118
0.1125525121  -0.1149289544  -0.6902402370
0.1106453114  -0.1129379307  -0.6921377135
0.1087474603  -0.1109577777  -0.6940259013
0.1068588989  -0.1089884414  -0.6959048601
0.1049795674  -0.1070298679  -0.6977746494
0.1031094066  -0.1050820593  -0.6996353343
0.1012483583  -0.1031450343  -0.7014869871
0.0993963632  -0.1012186019  -0.7033296616
0.0975533611  -0.0993025365  -0.7051633949
0.0957192935  -0.0973968522  -0.7069882375
0.0938941035  -0.0955015837  -0.7088042477
0.0920777341  -0.0936166810  -0.7106114804
0.0902701283  -0.0917420930  -0.7124099910
0.0884712295  -0.0898777676  -0.7141998346
0.0866809812  -0.0880236517  -0.7159810667
0.0848993276  -0.0861796912  -0.7177537432
0.0831262129  -0.0843458309  -0.7195179199
0.0813615816  -0.0825220147  -0.7212736531
0.0796053788  -0.0807081853  -0.7230209993
0.0778575497  -0.0789042847  -0.7247600153
0.0761180398  -0.0771102537  -0.7264907583
0.0743867949  -0.0753260324  -0.7282132856
0.0726637612  -0.0735515600  -0.7299276549
0.0709488852  -0.0717867752  -0.7316339241
0.0692421136  -0.0700316158  -0.7333321512
0.0675433935  -0.0682860192  -0.7350223946
0.0658526721  -0.0665499222  -0.7367047126
0.0641698972  -0.0648232613  -0.7383791635
0.0624950167  -0.0631059726  -0.7400458057
0.0608279788  -0.0613979921  -0.7417046974
0.0591687323  -0.0596992556  -0.7433558968
0.0575172258  -0.0580096987  -0.7449994614
0.0558734087  -0.0563292573  -0.7466354487
0.0542372304  -0.0546578670  -0.7482639155
0.0526086408  -0.0529954640  -0.7498849178
0.0509875899  -0.0513419842  -0.7514985111
0.0493740282  -0.0496973644  -0.7531047498
0.0477682832  -0.0480615821  -0.7547265901
0.0461705510  -0.0464345954  -0.7563754266
0.0445798065  -0.0448162334  -0.7580121869
0.0429957151  -0.0432064083  -0.7596470132
0.0414187350  -0.0416051163  -0.7612792526
0.0398488104  -0.0400122972  -0.7629081563
0.0382858879  -0.0384278914  -0.7645328803
0.0367299167  -0.0368518399  -0.7661524849
0.0351808481  -0.0352840843  -0.7677659347
0.0336386365  -0.0337245668  -0.7693720988
0.0321032388  -0.0321732300  -0.7709697510
0.0305746150  -0.0306300168  -0.7725575691
0.0290527281  -0.0290948707  -0.7741341357
0.0275375440  -0.0275677354  -0.7756979377
0.0260290320  -0.0260485548  -0.7772473663
0.0245271644  -0.0245372729  -0.7787807175
0.0230319169  -0.0230338340  -0.7802961914
0.0215432684  -0.0215381824  -0.7817918927
0.0200612011  -0.0200502623  -0.7832658305
0.0185857004  -0.0185700180  -0.7847159183
0.0171167550  -0.0170973939  -0.7861399741
0.0156543567  -0.0156323341  -0.7875357202
0.0141984999  -0.0141747829  -0.7889007837
0.0127491824  -0.0127246843  -0.7902326957
0.0113064042  -0.0112819825  -0.7915288920
0.0098701678  -0.0098466217  -0.7927867128
0.0084404779  -0.0084185463  -0.7940034026
0.0070173408  -0.0069977007  -0.7951761106
0.0056007645  -0.0055840297  -0.7963018902
0.0041907577  -0.0041774784  -0.7973776993
0.0027873297  -0.0027779925  -0.7984004003
0.0013904897  -0.0013855180  -0.7993667600
0.0013899706  -0.0013855141  -0.7993667600
