0.165103
1.2631531226  -1.3349285900   0.0000418161
1.2631531226  -1.3349285900   0.0000418161
1.2631573457  -1.3349292722   0.0000356357
1.2631557950  -1.3349160471   0.0000189063
1.2631453461  -1.3348870941  -0.0000086500
1.2631240041  -1.3348403042  -0.0000473102
1.2630910000  -1.3347749255  -0.0000973501
1.2630458887  -1.3346905562  -0.0001590446
1.2629883481  -1.3345869245  -0.0002326673
1.2629181108  -1.3344638149  -0.0003184910
1.2628349374  -1.3343210386  -0.0004167874
1.2627386030  -1.3341584188  -0.0005278269
1.2626288911  -1.3339757836  -0.0006518793
1.2625055894  -1.3337729620  -0.0007892129
1.2623684878  -1.3335497814  -0.0009400951
1.2622173771  -1.3333060660  -0.0011047925
1.2620520481  -1.3330416361  -0.0012835703
1.2618722912  -1.3327563076  -0.0014766927
1.2616778956  -1.3324498913  -0.0016844231
1.2614686495  -1.3321221931  -0.0019070237
1.2612443394  -1.3317730134  -0.0021447554
1.2610047507  -1.3314021476  -0.0023978784
1.2607496666  -1.3310093856  -0.0026666518
1.2604788691  -1.3305945120  -0.0029513335
1.2601921381  -1.3301573063  -0.0032521804
1.2598892519  -1.3296975428  -0.0035694483
1.2595699868  -1.3292149909  -0.0039033922
1.2592341174  -1.3287094149  -0.0042542657
1.2588814165  -1.3281805743  -0.0046223215
1.2585116549  -1.3276282242  -0.0050078114
1.2581246017  -1.3270521148  -0.0054109859
1.2577200242  -1.3264519924  -0.0058320946
1.2572976808  -1.3258272461  -0.0062720118
1.2568573430  -1.3251779358  -0.0067304185
1.2563987823  -1.3245042528  -0.0072073577
1.2559217517  -1.3238056740  -0.0077030505
1.2554260063  -1.3230818138  -0.0082177243
1.2549113019  -1.3223323596  -0.0087516211
1.2543773929  -1.3215570093  -0.0093049837
1.2538240319  -1.3207554655  -0.0098780582
1.2532509699  -1.3199274309  -0.0104710928
1.2526579563  -1.3190726075  -0.0110843383
1.2520447390  -1.3181906966  -0.0117180471
1.2514110639  -1.3172813988  -0.0123724737
1.2507566758  -1.3163444140  -0.0130478741
1.2500813177  -1.3153794425  -0.0137445059
1.2493847310  -1.3143861845  -0.0144626278
1.2486666559  -1.3133643408  -0.0152025001
1.2479268312  -1.3123136130  -0.0159643842
1.2471649952  -1.3112337045  -0.0167485426
1.2463808855  -1.3101243200  -0.0175552393
1.2455742382  -1.3089851662  -0.0183847394
1.2447447882  -1.3078159522  -0.0192373092
1.2438922699  -1.3066163896  -0.0201132158
1.2430164162  -1.3053861925  -0.0210127276
1.2421169597  -1.3041250779  -0.0219361137
1.2411936318  -1.3028327660  -0.0228836443
1.2402461622  -1.3015089797  -0.0238555908
1.2392742792  -1.3001534456  -0.0248522251
1.2382777115  -1.2987658955  -0.0258738196
1.2372561873  -1.2973460663  -0.0269206471
1.2362094348  -1.2958936998  -0.0279929804
1.2351371813  -1.2944085425  -0.0290910928
1.2340391544  -1.2928902471  -0.0302152584
1.2329150803  -1.2913385343  -0.0313657522
1.2317646843  -1.2897533671  -0.0325428496
1.2305876916  -1.2881346092  -0.0337468259
1.2293838263  -1.2864819653  -0.0349779564
1.2281528114  -1.2847951811  -0.0362365160
1.2268943696  -1.2830740306  -0.0375227799
1.2256082237  -1.2813182979  -0.0388370227
1.2242940982  -1.2795277757  -0.0401795193
1.2229517201  -1.2777022647  -0.0415505443
1.2215808170  -1.2758415721  -0.0429503718
1.2201811179  -1.2739455118  -0.0443792750
1.2187523522  -1.2720139052  -0.0458375265
1.2172942487  -1.2700465797  -0.0473253980
1.2158065333  -1.2680433665  -0.0488431615
1.2142889307  -1.2660040999  -0.0503910893
1.2127411658  -1.2639286189  -0.0519694526
1.2111629642  -1.2618167692  -0.0535785208
1.2095540559  -1.2596684070  -0.0552185609
1.2079141746  -1.2574833973  -0.0568898389
1.2062430541  -1.2552616104  -0.0585926207
1.2045404297  -1.2530029231  -0.0603271722
1.2028060356  -1.2507072171  -0.0620937573
1.2010396076  -1.2483743819  -0.0638926366
1.1992408884  -1.2460043196  -0.0657240677
1.1974096261  -1.2435969430  -0.0675883070
1.1955455721  -1.2411521736  -0.0694856094
1.1936484740  -1.2386699355  -0.0714162274
1.1917180694  -1.2361501484  -0.0733804123
1.1897540913  -1.2335927340  -0.0753784141
1.1877562748  -1.2309976230  -0.0774104803
1.1857243708  -1.2283647649  -0.0794768552
1.1836581492  -1.2256941292  -0.0815777806
1.1815573885  -1.2229857064  -0.0837134948
1.1794218624  -1.2202395000  -0.0858842324
1.1772513316  -1.2174555092  -0.0880902255
1.1750455523  -1.2146337371  -0.0903317048
1.1728042854  -1.2117742142  -0.0926088979
1.1705273026  -1.2088770110  -0.0949220270
1.1682143835  -1.2059421562  -0.0972713103
1.1658653097  -1.2029695142  -0.0996569647
1.1634798685  -1.1999588616  -0.1020792062
1.1610578436  -1.1969101181  -0.1045382450
1.1585990095  -1.1938234284  -0.1070342826
1.1561031418  -1.1906990492  -0.1095675168
1.1535700445  -1.1875372639  -0.1121381447
1.1509995576  -1.1843383704  -0.1147463596
1.1483915262  -1.1811026549  -0.1173923484
1.1457457602  -1.1778303498  -0.1200762926
1.1430620360  -1.1745216308  -0.1227983702
1.1403401367  -1.1711766601  -0.1255587550
1.1375798976  -1.1677956350  -0.1283576164
1.1347812065  -1.1643787866  -0.1311951191
1.1319439438  -1.1609263205  -0.1340714223
1.1290679305  -1.1574383639  -0.1369866805
1.1261529493  -1.1539149871  -0.1399410433
1.1231988280  -1.1503562932  -0.1429346552
1.1202054336  -1.1467624144  -0.1459676545
1.1171726231  -1.1431334628  -0.1490401720
1.1141002661  -1.1394695550  -0.1521523311
1.1109882751  -1.1357708438  -0.1553042517
1.1078365623  -1.1320374791  -0.1584960500
1.1046450106  -1.1282695809  -0.1617278359
1.1014135108  -1.1244672769  -0.1649997112
1.0981419604  -1.1206307059  -0.1683117704
1.0948302332  -1.1167599860  -0.1716640979
1.0914782114  -1.1128552461  -0.1750567690
1.0880858454  -1.1089166786  -0.1784898527
1.0846531202  -1.1049444903  -0.1819634068
1.0811799573  -1.1009386927  -0.1854774670
1.0776662179  -1.0968992502  -0.1890320510
1.0741118405  -1.0928270992  -0.1926272177
1.0705168975  -1.0887242630  -0.1962631096
1.0668814424  -1.0845918843  -0.1999398747
1.0632053432  -1.0804291911  -0.2036575625
1.0594884286  -1.0762350610  -0.2074161387
1.0557307365  -1.0720093684  -0.2112155484
1.0519323822  -1.0677526039  -0.2150557339
1.0480933414  -1.0634652546  -0.2189366304
1.0442135569  -1.0591478149  -0.2228581678
1.0402930490  -1.0548008957  -0.2268202631
1.0363318633  -1.0504251690  -0.2308228212
1.0323300585  -1.0460213529  -0.2348657457
1.0282877140  -1.0415902152  -0.2389489335
1.0242048948  -1.0371325336  -0.2430722696
1.0200816655  -1.0326491057  -0.2472356305
1.0159181323  -1.0281407916  -0.2514388882
1.0117144214  -1.0236084863  -0.2556819088
1.0074706593  -1.0190530910  -0.2599645496
1.0031869685  -1.0144755084  -0.2642866597
0.9988633898  -1.0098765634  -0.2686480797
0.9945000301  -1.0052571414  -0.2730486374
0.9900971534  -1.0006182790  -0.2774881454
0.9856549754  -0.9959609503  -0.2819663984
0.9811736604  -0.9912860602  -0.2864831672
0.9766533979  -0.9865945117  -0.2910381865
0.9720943634  -0.9818871654  -0.2956311372
0.9674966496  -0.9771647618  -0.3002616135
0.9628604160  -0.9724280595  -0.3049290521
0.9581858925  -0.9676778349  -0.3096325774
0.9534730528  -0.9629144988  -0.3143706766
0.9487213505  -0.9581379092  -0.3191390546
0.9439306796  -0.9533483627  -0.3239353716
0.9391038875  -0.9485488631  -0.3287688897
0.9342451183  -0.9437439526  -0.3336520458
0.9293547906  -0.9389353457  -0.3385877142
0.9244302614  -0.9341217449  -0.3435734494
0.9194698319  -0.9293018951  -0.3486074083
0.9144733440  -0.9244754511  -0.3536881740
0.9094409423  -0.9196421680  -0.3588142271
0.9043729346  -0.9148018365  -0.3639839472
0.8992696635  -0.9099541565  -0.3691956187
0.8941310297  -0.9050982599  -0.3744474369
0.8889572254  -0.9002334514  -0.3797375160
0.8837487349  -0.8953592248  -0.3850638958
0.8785057829  -0.8904747187  -0.3904245495
0.8732285735  -0.8855789604  -0.3958173912
0.8679173520  -0.8806709386  -0.4012402822
0.8625724324  -0.8757496426  -0.4066910372
0.8571940593  -0.8708139323  -0.4121674307
0.8517824384  -0.8658625810  -0.4176672043
0.8463377934  -0.8608943442  -0.4231880746
0.8408602479  -0.8559078501  -0.4287277398
0.8353497875  -0.8509015748  -0.4342838818
0.8298062461  -0.8458738406  -0.4398541718
0.8242291959  -0.8408227213  -0.4454362784
0.8186177929  -0.8357459016  -0.4510278740
0.8129704224  -0.8306403322  -0.4566266403
0.8072843295  -0.8255018935  -0.4622302771
0.8015546098  -0.8203244152  -0.4678365085
0.7957721419  -0.8150976571  -0.4734430883
0.7899186788  -0.8098025028  -0.4790478144
0.7839571760  -0.8044014463  -0.4846485638
0.7777223056  -0.7987302094  -0.4902432998
0.7713852547  -0.7929634608  -0.4958299299
0.7654492276  -0.7876016082  -0.5014061587
0.7599101758  -0.7826313265  -0.5069696358
0.7544830345  -0.7777619850  -0.5125182130
0.7490781931  -0.7729017326  -0.5180499635
0.7436935632  -0.7680468730  -0.5235630706
0.7383288351  -0.7631957211  -0.5290557946
0.7329838876  -0.7583469443  -0.5345264855
0.7276586206  -0.7534993590  -0.5399735903
0.7223529602  -0.7486519333  -0.5453956673
0.7170668596  -0.7438037877  -0.5507913935
0.7118002941  -0.7389541926  -0.5561595587
0.7065532571  -0.7341025657  -0.5614990735
0.7013257642  -0.7292484707  -0.5668089802
0.6961178509  -0.7243916138  -0.5720884567
0.6909295694  -0.7195318382  -0.5773368201
0.6857609867  -0.7146691187  -0.5825535329
0.6806121833  -0.7098035559  -0.5877382102
0.6754832519  -0.7049353694  -0.5928906252
0.6703742946  -0.7000648898  -0.5980107164
0.6652854217  -0.6951925513  -0.6030985972
0.6602167514  -0.6903188834  -0.6081545665
0.6551684076  -0.6854445023  -0.6131791216
0.6501405207  -0.6805701023  -0.6181729768
0.6451332296  -0.6756964488  -0.6231370912
0.6401466866  -0.6708243718  -0.6280727104
0.6351810674  -0.6659547629  -0.6329814350
0.6302365945  -0.6610885794  -0.6378653475
0.6253135912  -0.6562268655  -0.6427272696
0.6204125977  -0.6513708270  -0.6475712912
0.6155350693  -0.6465220563  -0.6524055778
0.6106822542  -0.6416820259  -0.6572379531
0.6058510641  -0.6368505753  -0.6620641414
0.6010355708  -0.6320262509  -0.6668735150
0.5962339777  -0.6272085831  -0.6716623563
0.5914486765  -0.6223984390  -0.6764317057
0.5866814868  -0.6175967148  -0.6811821382
0.5819327050  -0.6128039175  -0.6859137683
0.5772022477  -0.6080204137  -0.6906267078
0.5724900246  -0.6032465338  -0.6953210734
0.5677959456  -0.5984825783  -0.6999969867
0.5631199212  -0.5937288170  -0.7046545735
0.5584618624  -0.5889854896  -0.7092939635
0.5538216807  -0.5842528067  -0.7139152895
0.5491992878  -0.5795309501  -0.7185186865
0.5445945961  -0.5748200738  -0.7231042911
0.5400075177  -0.5701203056  -0.7276722405
0.5354379655  -0.5654317477  -0.7322226715
0.5308858526  -0.5607544792  -0.7367557199
0.5263510923  -0.5560885568  -0.7412715194
0.5218335986  -0.5514340171  -0.7457702004
0.5173332859  -0.5467908784  -0.7502518894
0.5128500690  -0.5421591424  -0.7547167080
0.5083838636  -0.5375387965  -0.7591647716
0.5039345856  -0.5329298155  -0.7635961882
0.4995021520  -0.5283321638  -0.7680110580
0.4950864801  -0.5237457968  -0.7724094712
0.4906874879  -0.5191706624  -0.7767915068
0.4863050939  -0.5146067015  -0.7811572301
0.4819392162  -0.5100538470  -0.7855066890
0.4775897722  -0.5055120175  -0.7898399071
0.4732566740  -0.5009810845  -0.7941568610
0.4689398267  -0.4964608880  -0.7984574684
0.4646391499  -0.4919514611  -0.8027416734
0.4603546098  -0.4874531716  -0.8070095633
0.4560862016  -0.4829663829  -0.8112613207
0.4518338915  -0.4784911231  -0.8154970850
0.4475976040  -0.4740272471  -0.8197169274
0.4433772563  -0.4695746879  -0.8239209029
0.4391727789  -0.4651334680  -0.8281090708
0.4349841102  -0.4607036382  -0.8322814916
0.4308111913  -0.4562852594  -0.8364382246
0.4266539639  -0.4518784009  -0.8405793279
0.4225123706  -0.4474831405  -0.8447048587
0.4183863552  -0.4430995639  -0.8488148729
0.4142758619  -0.4387277644  -0.8529094255
0.4101808361  -0.4343678421  -0.8569885705
0.4061012238  -0.4300199035  -0.8610523609
0.4020369718  -0.4256840602  -0.8651008487
0.3979880278  -0.4213604286  -0.8691340852
0.3939543400  -0.4170491286  -0.8731521206
0.3899358576  -0.4127502828  -0.8771550046
0.3859325301  -0.4084640151  -0.8811427860
0.3819443081  -0.4041904501  -0.8851155129
0.3779711424  -0.3999297118  -0.8890732327
0.3740129848  -0.3956819222  -0.8930159926
0.3700697875  -0.3914472007  -0.8969438387
0.3661415031  -0.3872256623  -0.9008568172
0.3622280850  -0.3830174168  -0.9047549736
0.3583294871  -0.3788225666  -0.9086383531
0.3544456635  -0.3746412055  -0.9125070008
0.3505765690  -0.3704734151  -0.9163609616
0.3467221589  -0.3663192573  -0.9202002805
0.3428823887  -0.3621787666  -0.9240250029
0.3390572145  -0.3580519654  -0.9278351745
0.3352465925  -0.3539389099  -0.9316308405
0.3314504791  -0.3498397065  -0.9354120443
0.3276688308  -0.3457544755  -0.9391788277
0.3239016045  -0.3416833181  -0.9429312325
0.3201487577  -0.3376263197  -0.9466693005
0.3164102481  -0.3335835628  -0.9503930739
0.3126860338  -0.3295551297  -0.9541025946
0.3089760731  -0.3255411016  -0.9577979042
0.3052803243  -0.3215415585  -0.9614790441
0.3015987459  -0.3175565792  -0.9651460556
0.2979312968  -0.3135862411  -0.9687989798
0.2942779358  -0.3096306201  -0.9724378579
0.2906386218  -0.3056897682  -0.9760627306
0.2870133138  -0.3017636916  -0.9796736389
0.2834019711  -0.2978524453  -0.9832706236
0.2798045532  -0.2939562067  -0.9868537254
0.2762210194  -0.2900751398  -0.9904229844
0.2726513292  -0.2862093125  -0.9939784413
0.2690954420  -0.2823587709  -0.9975201366
0.2655533174  -0.2785235709  -1.0010481110
0.2620249146  -0.2747037645  -1.0045624051
0.2585101932  -0.2708994005  -1.0080630596
0.2550091125  -0.2671105243  -1.0115501152
0.2515216318  -0.2633371789  -1.0150236128
0.2480477106  -0.2595794050  -1.0184835931
0.2445873079  -0.2558372410  -1.0219300973
0.2411403828  -0.2521107238  -1.0253631662
0.2377068946  -0.2483998888  -1.0287828410
0.2342868020  -0.2447047703  -1.0321891630
0.2308800640  -0.2410254015  -1.0355821735
0.2274866391  -0.2373618149  -1.0389619139
0.2241064861  -0.2337140420  -1.0423284258
0.2207395634  -0.2300821138  -1.0456817509
0.2173858291  -0.2264660607  -1.0490219310
0.2140452415  -0.2228659124  -1.0523490081
0.2107177586  -0.2192816980  -1.0556630245
0.2074033380  -0.2157134462  -1.0589640223
0.2041019374  -0.2121611846  -1.0622520443
0.2008135142  -0.2086249403  -1.0655271329
0.1975380256  -0.2051047395  -1.0687893312
0.1942754287  -0.2016006073  -1.0720386822
0.1910256802  -0.1981125674  -1.0752752291
0.1877887366  -0.1946406425  -1.0784990155
0.1845645545  -0.1911848534  -1.0817100852
0.1813530917  -0.1877454969  -1.0849085022
0.1781543080  -0.1843229550  -1.0880943543
0.1749681566  -0.1809165786  -1.0912676712
0.1717945830  -0.1775255363  -1.0944284293
0.1686335400  -0.1741501733  -1.0975766497
0.1654849871  -0.1707909431  -1.1007123807
0.1623488820  -0.1674478834  -1.1038356609
0.1592251795  -0.1641210252  -1.1069465311
0.1561138347  -0.1608103938  -1.1100450335
0.1530148021  -0.1575160087  -1.1131312124
0.1499280360  -0.1542378830  -1.1162051143
0.1468534905  -0.1509760234  -1.1192667875
0.1437911193  -0.1477304300  -1.1223162830
0.1407408758  -0.1445010963  -1.1253536536
0.1377027131  -0.1412880091  -1.1283789546
0.1346765837  -0.1380911488  -1.1313922435
0.1316624400  -0.1349104896  -1.1343935801
0.1286602339  -0.1317459996  -1.1373830263
0.1256699168  -0.1285976411  -1.1403606459
0.1226914399  -0.1254653709  -1.1433265050
0.1197247539  -0.1223491408  -1.1462806711
0.1167698092  -0.1192488979  -1.1492232136
0.1138265558  -0.1161645849  -1.1521542031
0.1108949436  -0.1130961406  -1.1550737115
0.1079749217  -0.1100435001  -1.1579818117
0.1050664393  -0.1070065958  -1.1608785769
0.1021694453  -0.1039853570  -1.1637640809
0.0992838880  -0.1009797110  -1.1666383972
0.0964097158  -0.0979895829  -1.1695015989
0.0935468767  -0.0950148964  -1.1723537585
0.0906953183  -0.0920555739  -1.1751949470
0.0878549884  -0.0891115376  -1.1780252337
0.0850270603  -0.0861829270  -1.1808857597
0.0822122774  -0.0832697759  -1.1837969391
0.0794074066  -0.0803714271  -1.1866886389
0.0766114647  -0.0774876604  -1.1895790165
0.0738260466  -0.0746187050  -1.1924668632
0.0710510733  -0.0717644862  -1.1953507983
0.0682864722  -0.0689249309  -1.1982292697
0.0655321773  -0.0660999673  -1.2011005534
0.0627881297  -0.0632895247  -1.2039627537
0.0600542781  -0.0604935331  -1.2068138034
0.0573305791  -0.0577119233  -1.2096514633
0.0546169973  -0.0549446259  -1.2124733228
0.0519135062  -0.0521915714  -1.2152767994
0.0492200878  -0.0494526900  -1.2180591390
0.0465367335  -0.0467279107  -1.2208174156
0.0438634435  -0.0440171613  -1.2235485318
0.0412002277  -0.0413203677  -1.2262492184
0.0385471054  -0.0386374541  -1.2289160343
0.0359041051  -0.0359683424  -1.2315453670
0.0332712648  -0.0333129516  -1.2341334320
0.0306486316  -0.0306711984  -1.2366762734
0.0280362615  -0.0280429963  -1.2391697634
0.0254342191  -0.0254282562  -1.2416096025
0.0228425771  -0.0228268860  -1.2439913196
0.0202614155  -0.0202387911  -1.2463102718
0.0176908211  -0.0176638745  -1.2485616446
0.0151308868  -0.0151020369  -1.2507404518
0.0125817102  -0.0125531779  -1.2528415353
0.0100433927  -0.0100171959  -1.2548595655
0.0075160381  -0.0074939888  -1.2567890412
0.0049997512  -0.0049834550  -1.2586242891
0.0024946359  -0.0024854941  -1.2603594646
0.0024929643  -0.0024854805  -1.2603594646
