0.124701
1.6063730866  -1.7766386618   0.0000592168
1.6063730866  -1.7766386618   0.0000592168
1.6063783177  -1.7766370272   0.0000494434
1.6063750722  -1.7766109850   0.0000241534
1.6063589815  -1.7765580363  -0.0000170818
1.6063268693  -1.7764738727  -0.0000746875
1.6062775425  -1.7763570476  -0.0001490854
1.6062103207  -1.7762068308  -0.0002406937
1.6061247166  -1.7760227570  -0.0003499273
1.6060203305  -1.7758044768  -0.0004771975
1.6058968070  -1.7755516957  -0.0006229119
1.6057538144  -1.7752641454  -0.0007874750
1.6055910350  -1.7749415691  -0.0009712875
1.6054081590  -1.7745837132  -0.0011747468
1.6052048809  -1.7741903227  -0.0013982467
1.6049808979  -1.7737611381  -0.0016421776
1.6047359083  -1.7732958942  -0.0019069264
1.6044696107  -1.7727943186  -0.0021928763
1.6041817035  -1.7722561313  -0.0025004074
1.6038718844  -1.7716810443  -0.0028298961
1.6035398504  -1.7710687616  -0.0031817151
1.6031852972  -1.7704189790  -0.0035562341
1.6028079196  -1.7697313847  -0.0039538189
1.6024074111  -1.7690056587  -0.0043748319
1.6019834641  -1.7682414741  -0.0048196322
1.6015357695  -1.7674384965  -0.0052885752
1.6010640173  -1.7665963848  -0.0057820129
1.6005678962  -1.7657147915  -0.0063002938
1.6000470937  -1.7647933630  -0.0068437629
1.5995012962  -1.7638317403  -0.0074127617
1.5989301892  -1.7628295589  -0.0080076284
1.5983334570  -1.7617864501  -0.0086286974
1.5977107745  -1.7607014084  -0.0092772072
1.5970618354  -1.7595746362  -0.0099526753
1.5963863338  -1.7584065525  -0.0106551413
1.5956839409  -1.7571963141  -0.0113848826
1.5949543329  -1.7559433509  -0.0121421906
1.5941971894  -1.7546472152  -0.0129273790
1.5934121898  -1.7533074810  -0.0137407599
1.5925990136  -1.7519237374  -0.0145826471
1.5917573406  -1.7504955791  -0.0154533560
1.5908868503  -1.7490226050  -0.0163532040
1.5899872229  -1.7475044176  -0.0172825092
1.5890581384  -1.7459406243  -0.0182415897
1.5880992772  -1.7443308389  -0.0192307633
1.5871103200  -1.7426746814  -0.0202503473
1.5860909482  -1.7409717777  -0.0213006589
1.5850408442  -1.7392217606  -0.0223820146
1.5839596911  -1.7374242714  -0.0234947305
1.5828471730  -1.7355789602  -0.0246391219
1.5817029743  -1.7336854865  -0.0258155031
1.5805267809  -1.7317435193  -0.0270241877
1.5793182803  -1.7297527385  -0.0282654880
1.5780771616  -1.7277128352  -0.0295397149
1.5768031153  -1.7256235127  -0.0308471772
1.5754958327  -1.7234844857  -0.0321881826
1.5741550067  -1.7212954812  -0.0335630382
1.5727803331  -1.7190562399  -0.0349720498
1.5713715098  -1.7167665166  -0.0364155213
1.5699282355  -1.7144260804  -0.0378937535
1.5684502111  -1.7120347154  -0.0394070449
1.5669371403  -1.7095922215  -0.0409556921
1.5653887305  -1.7070984143  -0.0425399891
1.5638046888  -1.7045529547  -0.0441602275
1.5621847239  -1.7019556282  -0.0458166963
1.5605285528  -1.6993066402  -0.0475096811
1.5588359014  -1.6966060355  -0.0492394653
1.5571065063  -1.6938536118  -0.0510063298
1.5553400878  -1.6910492290  -0.0528105517
1.5535363321  -1.6881927617  -0.0546524027
1.5516949176  -1.6852840963  -0.0565321518
1.5498155594  -1.6823231717  -0.0584500672
1.5478980085  -1.6793099754  -0.0604064140
1.5459420211  -1.6762445125  -0.0624014500
1.5439473502  -1.6731267981  -0.0644354267
1.5419137378  -1.6699568485  -0.0665085946
1.5398409220  -1.6667346873  -0.0686212029
1.5377286487  -1.6634603577  -0.0707734932
1.5355766758  -1.6601339285  -0.0729656997
1.5333847684  -1.6567554874  -0.0751980525
1.5311526945  -1.6533251353  -0.0774707788
1.5288802273  -1.6498429871  -0.0797841017
1.5265671451  -1.6463091729  -0.0821382394
1.5242132351  -1.6427238418  -0.0845334042
1.5218182849  -1.6390871551  -0.0869698013
1.5193820716  -1.6353992741  -0.0894476309
1.5169043734  -1.6316603699  -0.0919670894
1.5143850058  -1.6278706604  -0.0945283662
1.5118238239  -1.6240304137  -0.0971316431
1.5092206672  -1.6201398921  -0.0997770958
1.5065753421  -1.6161993332  -0.1024648944
1.5038876561  -1.6122089842  -0.1051952042
1.5011574417  -1.6081691264  -0.1079681846
1.4983845446  -1.6040800647  -0.1107839856
1.4955688126  -1.5999421086  -0.1136427494
1.4927101007  -1.5957555726  -0.1165446147
1.4898082660  -1.5915207915  -0.1194897146
1.4868631807  -1.5872381436  -0.1224781728
1.4838747495  -1.5829080515  -0.1255101051
1.4808428735  -1.5785309385  -0.1285856201
1.4777673947  -1.5741071830  -0.1317048190
1.4746481444  -1.5696371847  -0.1348677966
1.4714850708  -1.5651214802  -0.1380746450
1.4682782051  -1.5605605749  -0.1413254494
1.4650274570  -1.5559546399  -0.1446202844
1.4617326087  -1.5513037089  -0.1479592195
1.4583935579  -1.5466081981  -0.1513423193
1.4550103821  -1.5418689425  -0.1547696365
1.4515830939  -1.5370867606  -0.1582412128
1.4481115239  -1.5322622545  -0.1617570836
1.4445955452  -1.5273960389  -0.1653172803
1.4410351773  -1.5224888556  -0.1689218289
1.4374304391  -1.5175414233  -0.1725707476
1.4337813457  -1.5125544277  -0.1762640452
1.4300879212  -1.5075285384  -0.1800017222
1.4263501206  -1.5024643294  -0.1837837743
1.4225679021  -1.4973623507  -0.1876101899
1.4187413301  -1.4922232332  -0.1914809486
1.4148704764  -1.4870475946  -0.1953960247
1.4109553164  -1.4818359352  -0.1993553836
1.4069958367  -1.4765887453  -0.2033589780
1.4029920858  -1.4713065612  -0.2074067577
1.3989441315  -1.4659899245  -0.2114986682
1.3948521032  -1.4606394278  -0.2156346444
1.3907160737  -1.4552555978  -0.2198146121
1.3865359845  -1.4498388207  -0.2240384908
1.3823119176  -1.4443896175  -0.2283061927
1.3780440927  -1.4389086514  -0.2326176215
1.3737326041  -1.4333964596  -0.2369726727
1.3693774954  -1.4278535273  -0.2413712342
1.3649788790  -1.4222804112  -0.2458131823
1.3605368698  -1.4166776720  -0.2502983808
1.3560515206  -1.4110457954  -0.2548266831
1.3515229833  -1.4053853114  -0.2593979214
1.3469515473  -1.3996969943  -0.2640119188
1.3423373245  -1.3939818934  -0.2686685700
1.3376803950  -1.3882411869  -0.2733678525
1.3329811019  -1.3824757644  -0.2781096930
1.3282396459  -1.3766859400  -0.2828938947
1.3234559933  -1.3708719466  -0.2877202002
1.3186302414  -1.3650344063  -0.2925883518
1.3137626153  -1.3591741668  -0.2974980959
1.3088534262  -1.3532921911  -0.3024491718
1.3039029538  -1.3473894311  -0.3074413072
1.2989114015  -1.3414667809  -0.3124742219
1.2938789231  -1.3355251004  -0.3175476307
1.2888057516  -1.3295653428  -0.3226612470
1.2836922566  -1.3235886139  -0.3278147819
1.2785386283  -1.3175958477  -0.3330079357
1.2733450784  -1.3115880039  -0.3382404017
1.2681120286  -1.3055662616  -0.3435118741
1.2628396238  -1.2995315195  -0.3488220433
1.2575280560  -1.2934847150  -0.3541705934
1.2521778644  -1.2874271341  -0.3595572033
1.2467893562  -1.2813598209  -0.3649815440
1.2413627361  -1.2752836945  -0.3704432769
1.2358983453  -1.2691997935  -0.3759420559
1.2303965485  -1.2631091600  -0.3814775211
1.2248576844  -1.2570127789  -0.3870492872
1.2192820749  -1.2509115853  -0.3926569345
1.2136700870  -1.2448065250  -0.3982999921
1.2080220860  -1.2386984898  -0.4039778971
1.2023382950  -1.2325881689  -0.4096899133
1.1966188403  -1.2264760786  -0.4154349367
1.1908638762  -1.2203626206  -0.4212109779
1.1850729437  -1.2142475738  -0.4270132831
1.1792467645  -1.2081319413  -0.4328425864
1.1733898599  -1.2020204818  -0.4387111406
1.1675057973  -1.1959176049  -0.4446272041
1.1615929655  -1.1898231490  -0.4505893129
1.1556485102  -1.1837350324  -0.4565950681
1.1496715715  -1.1776522236  -0.4626430093
1.1436624206  -1.1715745084  -0.4687316707
1.1376214341  -1.1655016698  -0.4748594970
1.1315488921  -1.1594332626  -0.4810248489
1.1254449953  -1.1533686352  -0.4872260129
1.1193100853  -1.1473071628  -0.4934612099
1.1131445365  -1.1412481495  -0.4997286014
1.1069488839  -1.1351909623  -0.5060262925
1.1007234858  -1.1291347013  -0.5123523398
1.0944684602  -1.1230781446  -0.5187047614
1.0881843094  -1.1170203877  -0.5250815377
1.0818715135  -1.1109604490  -0.5314806198
1.0755303440  -1.1048970885  -0.5378999396
1.0691611429  -1.0988290986  -0.5443374077
1.0627642201  -1.0927552136  -0.5507909181
1.0563397800  -1.0866740455  -0.5572583609
1.0498879571  -1.0805841326  -0.5637376255
1.0434086892  -1.0744838263  -0.5702266030
1.0369016109  -1.0683711898  -0.5767231925
1.0303659228  -1.0622438848  -0.5832253072
1.0238001270  -1.0560989282  -0.5897308788
1.0172014252  -1.0499321078  -0.5962378627
1.0105645793  -1.0437368662  -0.6027442465
1.0038795450  -1.0375019818  -0.6092480618
0.9971246426  -1.0312048211  -0.6157473955
0.9902486295  -1.0247935072  -0.6222404249
0.9830921597  -1.0181109653  -0.6287253910
0.9760281564  -1.0115334582  -0.6352003942
0.9694531263  -1.0054528107  -0.6416633245
0.9631009020  -0.9995943166  -0.6481121404
0.9567827177  -0.9937642459  -0.6545450674
0.9504838446  -0.9879447425  -0.6609605031
0.9442038833  -0.9821333969  -0.6673569188
0.9379426763  -0.9763285331  -0.6737328596
0.9317000799  -0.9705286405  -0.6800869619
0.9254759756  -0.9647323570  -0.6864179618
0.9192702699  -0.9589384720  -0.6927246982
0.9130828910  -0.9531459256  -0.6990061148
0.9069137869  -0.9473538083  -0.7052612623
0.9007629250  -0.9415613589  -0.7114893035
0.8946302939  -0.9357679642  -0.7176895257
0.8885159016  -0.9299731555  -0.7238613405
0.8824197692  -0.9241766036  -0.7300042820
0.8763419310  -0.9183781143  -0.7361180175
0.8702824358  -0.9125776237  -0.7422023526
0.8642413429  -0.9067751908  -0.7482572345
0.8582187208  -0.9009709909  -0.7542827590
0.8522146462  -0.8951653086  -0.7602791774
0.8462292026  -0.8893585297  -0.7662469062
0.8402624807  -0.8835511332  -0.7721865397
0.8343145790  -0.8777436829  -0.7780988684
0.8283856065  -0.8719368213  -0.7839849045
0.8224756888  -0.8661312631  -0.7898459241
0.8165849826  -0.8603277940  -0.7956835428
0.8107137073  -0.8545272783  -0.8014998568
0.8048622217  -0.8487306905  -0.8072977574
0.7990312282  -0.8429392199  -0.8130817064
0.7932224919  -0.8371543803  -0.8188603236
0.7874362998  -0.8313772041  -0.8246378661
0.7816674036  -0.8256071133  -0.8304054235
0.7759103888  -0.8198429704  -0.8361548086
0.7701660535  -0.8140847436  -0.8418860615
0.7644372600  -0.8083330898  -0.8476002354
0.7587249168  -0.8025884935  -0.8532975279
0.7530289837  -0.7968512539  -0.8589780645
0.7473493544  -0.7911216180  -0.8646419739
0.7416859234  -0.7853998040  -0.8702893895
0.7360385865  -0.7796860025  -0.8759204484
0.7304072409  -0.7739803766  -0.8815352907
0.7247917847  -0.7682830617  -0.8871340593
0.7191921173  -0.7625941666  -0.8927168990
0.7136081390  -0.7569137738  -0.8982839555
0.7080397507  -0.7512419410  -0.9038353751
0.7024868546  -0.7455787020  -0.9093713034
0.6969493536  -0.7399240679  -0.9148918846
0.6914271515  -0.7342780287  -0.9203972608
0.6859201534  -0.7286405549  -0.9258875709
0.6804282652  -0.7230115994  -0.9313629497
0.6749513937  -0.7173910995  -0.9368235268
0.6694894473  -0.7117789785  -0.9422694260
0.6640423352  -0.7061751480  -0.9477007639
0.6586099678  -0.7005795102  -0.9531176491
0.6531922571  -0.6949919601  -0.9585201809
0.6477891157  -0.6894123874  -0.9639084479
0.6424004577  -0.6838406793  -0.9692825259
0.6370261977  -0.6782767227  -0.9746424760
0.6316662505  -0.6727204068  -0.9799883387
0.6263205286  -0.6671716258  -0.9853201248
0.6209889369  -0.6616302831  -0.9906377876
0.6156713758  -0.6560962861  -0.9959412332
0.6103677805  -0.6505695483  -1.0012304484
0.6050781494  -0.6450500148  -1.0065055815
0.5998024902  -0.6395376516  -1.0117668143
0.5945407539  -0.6340324035  -1.0170142443
0.5892928548  -0.6285342065  -1.0222479211
0.5840587172  -0.6230430204  -1.0274678955
0.5788382823  -0.6175588296  -1.0326742210
0.5736314973  -0.6120816352  -1.0378669496
0.5684383116  -0.6066114525  -1.0430461312
0.5632586761  -0.6011483110  -1.0482118138
0.5580925438  -0.5956922536  -1.0533640434
0.5529398690  -0.5902433370  -1.0585028639
0.5478006082  -0.5848016304  -1.0636283174
0.5426747191  -0.5793672151  -1.0687404442
0.5375621615  -0.5739401839  -1.0738392825
0.5324628967  -0.5685206397  -1.0789248687
0.5273768877  -0.5631086949  -1.0839972376
0.5223040990  -0.5577044694  -1.0890564220
0.5172444969  -0.5523080899  -1.0941024532
0.5121980493  -0.5469196885  -1.0991353608
0.5071647254  -0.5415394012  -1.1041551728
0.5021444962  -0.5361673664  -1.1091619156
0.4971373342  -0.5308037236  -1.1141556141
0.4921432134  -0.5254486116  -1.1191362920
0.4871621092  -0.5201021666  -1.1241039714
0.4821939985  -0.5147645205  -1.1290586734
0.4772388596  -0.5094357985  -1.1340004176
0.4722966722  -0.5041161152  -1.1389292228
0.4673674175  -0.4988055694  -1.1438451069
0.4624510781  -0.4935042296  -1.1487480870
0.4575476376  -0.4882121274  -1.1536381802
0.4526570815  -0.4829293033  -1.1585154028
0.4477793956  -0.4776558764  -1.1633797689
0.4429145669  -0.4723920338  -1.1682312894
0.4380625831  -0.4671379574  -1.1730699733
0.4332234337  -0.4618937979  -1.1778958289
0.4283971096  -0.4566596975  -1.1827088642
0.4235836030  -0.4514358022  -1.1875090862
0.4187829069  -0.4462222619  -1.1922965009
0.4139950154  -0.4410192287  -1.1970711131
0.4092199235  -0.4358268576  -1.2018329268
0.4044576274  -0.4306453056  -1.2065819449
0.3997081240  -0.4254747322  -1.2113181696
0.3949714113  -0.4203152417  -1.2160416020
0.3902474878  -0.4151668276  -1.2207522429
0.3855363532  -0.4100296117  -1.2254500921
0.3808380083  -0.4049040323  -1.2301351478
0.3761524545  -0.3997905050  -1.2348074073
0.3714796938  -0.3946892058  -1.2394668676
0.3668197290  -0.3896002607  -1.2441135255
0.3621725636  -0.3845238264  -1.2487473769
0.3575382018  -0.3794600563  -1.2533684175
0.3529166482  -0.3744091005  -1.2579766423
0.3483079079  -0.3693711067  -1.2625720457
0.3437119869  -0.3643462212  -1.2671546219
0.3391288912  -0.3593345896  -1.2717243644
0.3345586276  -0.3543363576  -1.2762812665
0.3300012031  -0.3493516722  -1.2808253211
0.3254566251  -0.3443806817  -1.2853565206
0.3209249016  -0.3394235367  -1.2898748572
0.3164060404  -0.3344803908  -1.2943803229
0.3119000499  -0.3295514007  -1.2988729092
0.3074069387  -0.3246367265  -1.3033526075
0.3029267154  -0.3197365320  -1.3078194090
0.2984593889  -0.3148509849  -1.3122733048
0.2940049682  -0.3099802565  -1.3167142859
0.2895634623  -0.3051245220  -1.3211423432
0.2851348801  -0.3002839602  -1.3255574675
0.2807192306  -0.2954587534  -1.3299596498
0.2763165228  -0.2906490870  -1.3343488811
0.2719267655  -0.2858551492  -1.3387251526
0.2675499674  -0.2810771303  -1.3430884554
0.2631861370  -0.2763152225  -1.3474387810
0.2588352824  -0.2715696193  -1.3517761214
0.2544974117  -0.2668405145  -1.3561004684
0.2501725376  -0.2621288474  -1.3604118553
0.2458606787  -0.2574358019  -1.3647103623
0.2415618348  -0.2527597957  -1.3689959531
0.2372759848  -0.2480987314  -1.3732684839
0.2330031268  -0.2434536753  -1.3775279009
0.2287432800  -0.2388260069  -1.3817742052
0.2244964573  -0.2342159941  -1.3860073790
0.2202626649  -0.2296238909  -1.3902274083
0.2160419084  -0.2250499406  -1.3944342827
0.2118341930  -0.2204943736  -1.3986279961
0.2076395231  -0.2159574064  -1.4028085468
0.2034579021  -0.2114392406  -1.4069759375
0.1992893328  -0.2069400623  -1.4111301760
0.1951338165  -0.2024600411  -1.4152712746
0.1909913538  -0.1979993305  -1.4193992507
0.1868619439  -0.1935580674  -1.4235141265
0.1827455846  -0.1891363724  -1.4276159292
0.1786422727  -0.1847343502  -1.4317046905
0.1745520033  -0.1803520899  -1.4357804470
0.1704747705  -0.1759896657  -1.4398432393
0.1664105667  -0.1716471377  -1.4438931124
0.1623593831  -0.1673245529  -1.4479301150
0.1583212096  -0.1630219456  -1.4519542990
0.1542960345  -0.1587393391  -1.4559657193
0.1502838449  -0.1544767460  -1.4599644334
0.1462846268  -0.1502341698  -1.4639505006
0.1422983646  -0.1460116058  -1.4679239811
0.1383250415  -0.1418090421  -1.4718849363
0.1343646396  -0.1376264606  -1.4758334270
0.1304171397  -0.1334638382  -1.4797695134
0.1264825210  -0.1293211473  -1.4836932539
0.1225607620  -0.1251983595  -1.4876047042
0.1186543093  -0.1210960955  -1.4915616324
0.1147647380  -0.1170146693  -1.4955926913
0.1108856154  -0.1129523138  -1.4995992510
0.1070150459  -0.1089085627  -1.5036067816
0.1031563233  -0.1048843012  -1.5076135326
0.0993093689  -0.1008795045  -1.5116175117
0.0954741157  -0.0968941521  -1.5156164847
0.0916505096  -0.0929282274  -1.5196079759
0.0878385094  -0.0889817166  -1.5235892679
0.0840380882  -0.0850546081  -1.5275574014
0.0802492339  -0.0811468909  -1.5315091757
0.0764719497  -0.0772585545  -1.5354411481
0.0727062546  -0.0733895868  -1.5393496344
0.0689521842  -0.0695399732  -1.5432307086
0.0652097907  -0.0657096952  -1.5470802031
0.0614791437  -0.0618987291  -1.5508937084
0.0577603299  -0.0581070447  -1.5546665734
0.0540534532  -0.0543346038  -1.5583939054
0.0503586353  -0.0505813594  -1.5620705699
0.0466760146  -0.0468472545  -1.5656911907
0.0430057465  -0.0431322211  -1.5692501499
0.0393480028  -0.0394361802  -1.5727415879
0.0357029705  -0.0357590407  -1.5761594034
0.0320708517  -0.0321007003  -1.5794972533
0.0284518616  -0.0284610452  -1.5827485530
0.0248462280  -0.0248399509  -1.5859064761
0.0212541890  -0.0212372838  -1.5889639544
0.0176759914  -0.0176529022  -1.5919136781
0.0141118885  -0.0140866582  -1.5947480957
0.0105621377  -0.0105384001  -1.5974594140
0.0070269974  -0.0070079745  -1.6000395980
0.0035067243  -0.0034952289  -1.6024803711
0.0035034197  -0.0034952027  -1.6024803711
