0.0980871
1.8959252720  -2.1473977805   0.0000795399
1.8959252720  -2.1473977805   0.0000795399
1.8959315300  -2.1473913271   0.0000651142
1.8959259760  -2.1473471210   0.0000290960
1.8959027521  -2.1472623832  -0.0000291430
1.8958571754  -2.1471298451  -0.0001102223
1.8957875223  -2.1469472060  -0.0002147534
1.8956928207  -2.1467133772  -0.0003433393
1.8955723807  -2.1464277153  -0.0004965746
1.8954256415  -2.1460897715  -0.0006750456
1.8952521076  -2.1456991890  -0.0008793304
1.8950513205  -2.1452556548  -0.0011099984
1.8948228429  -2.1447588754  -0.0013676110
1.8945662507  -2.1442085632  -0.0016527210
1.8942811286  -2.1436044287  -0.0019658730
1.8939670664  -2.1429461761  -0.0023076032
1.8936236578  -2.1422335007  -0.0026784394
1.8932504990  -2.1414660874  -0.0030789011
1.8928471882  -2.1406436099  -0.0035094994
1.8924133248  -2.1397657303  -0.0039707371
1.8919485092  -2.1388320993  -0.0044631086
1.8914523430  -2.1378423566  -0.0049871001
1.8909244285  -2.1367961312  -0.0055431892
1.8903643691  -2.1356930422  -0.0061318453
1.8897717691  -2.1345326991  -0.0067535294
1.8891462339  -2.1333147032  -0.0074086942
1.8884873698  -2.1320386476  -0.0080977839
1.8877947846  -2.1307041188  -0.0088212346
1.8870680875  -2.1293106973  -0.0095794739
1.8863068894  -2.1278579585  -0.0103729209
1.8855108029  -2.1263454741  -0.0112019867
1.8846794428  -2.1247728130  -0.0120670737
1.8838124174  -2.1231385353  -0.0129698260
1.8829093583  -2.1214431339  -0.0139095272
1.8819698984  -2.1196874211  -0.0148861744
1.8809936494  -2.1178702215  -0.0159000691
1.8799802334  -2.1159908321  -0.0169515345
1.8789292808  -2.1140487314  -0.0180409275
1.8778404254  -2.1120434372  -0.0191685998
1.8767133054  -2.1099744997  -0.0203349017
1.8755475630  -2.1078414869  -0.0215401815
1.8743428444  -2.1056439801  -0.0227847840
1.8730988001  -2.1033815751  -0.0240690504
1.8718150863  -2.1010538829  -0.0253933175
1.8704913638  -2.0986605306  -0.0267579175
1.8691272982  -2.0962011604  -0.0281631775
1.8677225602  -2.0936754324  -0.0296094193
1.8662768267  -2.0910830266  -0.0310969590
1.8647897796  -2.0884236416  -0.0326261071
1.8632611072  -2.0856969949  -0.0341971679
1.8616905045  -2.0829028254  -0.0358104394
1.8600776720  -2.0800408931  -0.0374662132
1.8584223169  -2.0771109818  -0.0391647741
1.8567241539  -2.0741129008  -0.0409064001
1.8549829038  -2.0710464822  -0.0426913622
1.8531982942  -2.0679115814  -0.0445199242
1.8513700607  -2.0647080811  -0.0463923424
1.8494979454  -2.0614358894  -0.0483088657
1.8475816990  -2.0580949420  -0.0502697351
1.8456210794  -2.0546852021  -0.0522751840
1.8436158521  -2.0512066597  -0.0543254376
1.8415657914  -2.0476593327  -0.0564207133
1.8394706789  -2.0440432665  -0.0585612201
1.8373303044  -2.0403582819  -0.0607471589
1.8351444645  -2.0366043940  -0.0629787222
1.8329129655  -2.0327822457  -0.0652560934
1.8306356263  -2.0288922305  -0.0675794485
1.8283122719  -2.0249343685  -0.0699489560
1.8259427342  -2.0209088106  -0.0723647704
1.8235268526  -2.0168157849  -0.0748270317
1.8210644768  -2.0126555561  -0.0773358745
1.8185554654  -2.0084284214  -0.0798914286
1.8159996863  -2.0041347093  -0.0824938141
1.8133970158  -1.9997747741  -0.0851431429
1.8107473390  -1.9953489936  -0.0878395199
1.8080505495  -1.9908577736  -0.0905830425
1.8053065500  -1.9863015510  -0.0933738003
1.8025152516  -1.9816807894  -0.0962118744
1.7996765750  -1.9769959777  -0.0990973406
1.7967904496  -1.9722476307  -0.1020302699
1.7938568133  -1.9674362867  -0.1050107248
1.7908756114  -1.9625625081  -0.1080387592
1.7878467976  -1.9576268838  -0.1111144200
1.7847703343  -1.9526300257  -0.1142377475
1.7816461919  -1.9475725634  -0.1174087758
1.7784743498  -1.9424551515  -0.1206275327
1.7752547946  -1.9372784694  -0.1238940369
1.7719875211  -1.9320432196  -0.1272082997
1.7686725308  -1.9267501236  -0.1305703304
1.7653098342  -1.9213999226  -0.1339801282
1.7618994469  -1.9159933759  -0.1374376826
1.7584413925  -1.9105312595  -0.1409429810
1.7549357009  -1.9050143669  -0.1444960027
1.7513824095  -1.8994435140  -0.1480967147
1.7477815632  -1.8938195213  -0.1517450802
1.7441332097  -1.8881432017  -0.1554410590
1.7404374060  -1.8824154063  -0.1591846034
1.7366942097  -1.8766370302  -0.1629756568
1.7329037450  -1.8708090388  -0.1668141567
1.7290661009  -1.8649323603  -0.1707000346
1.7251810552  -1.8590076190  -0.1746332125
1.7212485105  -1.8530355902  -0.1786136056
1.7172686786  -1.8470174015  -0.1826411245
1.7132416561  -1.8409539829  -0.1867156738
1.7091674829  -1.8348459790  -0.1908371486
1.7050462564  -1.8286940109  -0.1950054385
1.7008780917  -1.8224989421  -0.1992204297
1.6966631170  -1.8162619200  -0.2034819985
1.6924014132  -1.8099841312  -0.2077900119
1.6880930712  -1.8036667401  -0.2121443291
1.6837383504  -1.7973110433  -0.2165448027
1.6793374597  -1.7909182560  -0.2209912823
1.6748904889  -1.7844894355  -0.2254836087
1.6703975879  -1.7780256645  -0.2300216155
1.6658589363  -1.7715280212  -0.2346051320
1.6612747099  -1.7649975404  -0.2392339770
1.6566451520  -1.7584352913  -0.2439079588
1.6519704869  -1.7518422910  -0.2486268824
1.6472507758  -1.7452193551  -0.2533905496
1.6424863125  -1.7385674988  -0.2581987545
1.6376774804  -1.7318878049  -0.2630512812
1.6328242781  -1.7251809389  -0.2679479074
1.6279269525  -1.7184477817  -0.2728884051
1.6229859397  -1.7116893904  -0.2778725372
1.6180012788  -1.7049064015  -0.2829000607
1.6129731218  -1.6980995404  -0.2879707232
1.6079018450  -1.6912697505  -0.2930842639
1.6027877919  -1.6844179326  -0.2982404197
1.5976311870  -1.6775448568  -0.3034389189
1.5924322337  -1.6706512631  -0.3086794787
1.5871912979  -1.6637380511  -0.3139618085
1.5819086283  -1.6568060071  -0.3192856150
1.5765844184  -1.6498558669  -0.3246506013
1.5712189712  -1.6428885083  -0.3300564498
1.5658126871  -1.6359049108  -0.3355028259
1.5603658448  -1.6289057305  -0.3409894502
1.5548786436  -1.6218913457  -0.3465161381
1.5493515521  -1.6148627268  -0.3520826944
1.5437849345  -1.6078212563  -0.3576888104
1.5381789898  -1.6007681634  -0.3633341051
1.5325340134  -1.5937044900  -0.3690181922
1.5268502381  -1.5866310795  -0.3747406889
1.5211280595  -1.5795489308  -0.3805012060
1.5153679491  -1.5724591286  -0.3862993525
1.5095701115  -1.5653624868  -0.3921347394
1.5037349916  -1.5582600635  -0.3980069746
1.4978630105  -1.5511528979  -0.4039156619
1.4919543177  -1.5440417492  -0.4098604035
1.4860092246  -1.5369275402  -0.4158408029
1.4800282373  -1.5298113910  -0.4218564675
1.4740118490  -1.5226944032  -0.4279070011
1.4679603935  -1.5155775090  -0.4339920003
1.4618741620  -1.5084615854  -0.4401110670
1.4557536250  -1.5013476763  -0.4462638045
1.4495991735  -1.4942367311  -0.4524498079
1.4434111380  -1.4871296207  -0.4586686712
1.4371900108  -1.4800273597  -0.4649199879
1.4309360062  -1.4729306571  -0.4712033419
1.4246495905  -1.4658404441  -0.4775182996
1.4183313299  -1.4587577262  -0.4838644056
1.4119814902  -1.4516831682  -0.4902411706
1.4056004493  -1.4446174990  -0.4966480412
1.3991886127  -1.4375614263  -0.5030843445
1.3927462887  -1.4305154862  -0.5095491606
1.3862736614  -1.4234799530  -0.5160409882
1.3797703450  -1.4164544604  -0.5225558830
1.3732364554  -1.4094392243  -0.5290924285
1.3666755699  -1.4024379953  -0.5356593263
1.3600921254  -1.3954558330  -0.5422656490
1.3534858003  -1.3884936221  -0.5489115946
1.3468536451  -1.3815491787  -0.5555946424
1.3401943439  -1.3746209906  -0.5623133635
1.3335080293  -1.3677085825  -0.5690664216
1.3267950472  -1.3608115988  -0.5758524096
1.3200556465  -1.3539294728  -0.5826698499
1.3132902242  -1.3470616690  -0.5895172063
1.3064992088  -1.3402075760  -0.5963928889
1.2996828914  -1.3333663421  -0.6032952567
1.2928415559  -1.3265370157  -0.6102226292
1.2859756003  -1.3197186798  -0.6171732937
1.2790855494  -1.3129104736  -0.6241455031
1.2721718349  -1.3061113786  -0.6311374802
1.2652346457  -1.2993200772  -0.6381474262
1.2582744057  -1.2925354420  -0.6451735291
1.2512915744  -1.2857563497  -0.6522139649
1.2442863877  -1.2789814288  -0.6592669010
1.2372591421  -1.2722093553  -0.6663305046
1.2302100288  -1.2654386965  -0.6734029440
1.2231390871  -1.2586678709  -0.6804823962
1.2160461774  -1.2518951371  -0.6875670512
1.2089307981  -1.2451184219  -0.6946551100
1.2017919147  -1.2383351602  -0.7017447939
1.1946275872  -1.2315419376  -0.7088343518
1.1874341914  -1.2247337338  -0.7159220614
1.1802047337  -1.2179022604  -0.7230062373
1.1729245030  -1.2110316358  -0.7300852433
1.1655595612  -1.2040867553  -0.7371575255
1.1579667826  -1.1969249808  -0.7442216129
1.1503443991  -1.1897491784  -0.7512759539
1.1431072108  -1.1829735536  -0.7583187821
1.1361480545  -1.1764832928  -0.7653483144
1.1292338131  -1.1700390459  -0.7723629989
1.1223374404  -1.1636094141  -0.7793614794
1.1154584820  -1.1571913299  -0.7863424790
1.1085967532  -1.1507829366  -0.7933047836
1.1017520750  -1.1443825839  -0.8002472600
1.0949242893  -1.1379887607  -0.8071688604
1.0881132589  -1.1316000979  -0.8140686236
1.0813188664  -1.1252153695  -0.8209456812
1.0745410159  -1.1188334935  -0.8277992641
1.0677796306  -1.1124535324  -0.8346287033
1.0610346491  -1.1060746903  -0.8414334295
1.0543060244  -1.0996963101  -0.8482129773
1.0475937255  -1.0933178707  -0.8549669943
1.0408977368  -1.0869389845  -0.8616952437
1.0342180527  -1.0805593928  -0.8683976022
1.0275546769  -1.0741789592  -0.8750740683
1.0209076235  -1.0677976641  -0.8817247675
1.0142769140  -1.0614155982  -0.8883499562
1.0076625769  -1.0550329554  -0.8949500295
1.0010646471  -1.0486500255  -0.9015255308
0.9944831668  -1.0422671867  -0.9080771645
0.9879181873  -1.0358848982  -0.9146058167
0.9813697737  -1.0295036952  -0.9211125853
0.9748380149  -1.0231241856  -0.9275988323
0.9683230463  -1.0167470536  -0.9340662835
0.9618251044  -1.0103730797  -0.9405172405
0.9553446676  -1.0040032290  -0.9469550894
0.9488831872  -0.9976387796  -0.9533867363
0.9424416175  -0.9912808368  -0.9598177781
0.9360162394  -0.9849292901  -0.9662429102
0.9296013541  -0.9785831041  -0.9726536958
0.9231962554  -0.9722417675  -0.9790487761
0.9168036105  -0.9659055484  -0.9854293968
0.9104247057  -0.9595747959  -0.9917958503
0.9040595384  -0.9532497036  -0.9981482884
0.8977079736  -0.9469304018  -1.0044868652
0.8913698775  -0.9406169923  -1.0108117388
0.8850451181  -0.9343095526  -1.0171230702
0.8787335648  -0.9280081351  -1.0234210231
0.8724350886  -0.9217127684  -1.0297057633
0.8661495616  -0.9154234573  -1.0359774581
0.8598768572  -0.9091401831  -1.0422362752
0.8536168498  -0.9028629042  -1.0484823827
0.8473694152  -0.8965915576  -1.0547159480
0.8411344304  -0.8903260604  -1.0609371369
0.8349117733  -0.8840663108  -1.0671461130
0.8287013233  -0.8778121891  -1.0733430370
0.8225029610  -0.8715635597  -1.0795280654
0.8163165680  -0.8653202731  -1.0857013501
0.8101420277  -0.8590821672  -1.0918630375
0.8039792246  -0.8528490697  -1.0980132671
0.7978280446  -0.8466208002  -1.1041521712
0.7916883752  -0.8403971724  -1.1102798734
0.7855601051  -0.8341779970  -1.1163964876
0.7794431245  -0.8279630846  -1.1225021162
0.7733373245  -0.8217522499  -1.1285968483
0.7672425969  -0.8155453187  -1.1346807558
0.7611588324  -0.8093421404  -1.1407538860
0.7550859148  -0.8031426388  -1.1468162381
0.7490237197  -0.7969467750  -1.1528677559
0.7429721471  -0.7907542633  -1.1589084242
0.7369311617  -0.7845645033  -1.1649383738
0.7309007571  -0.7783770342  -1.1709578041
0.7248808801  -0.7721917642  -1.1769668505
0.7188714283  -0.7660086919  -1.1829655875
0.7128723009  -0.7598277271  -1.1889540839
0.7068834164  -0.7536487479  -1.1949324120
0.7009047025  -0.7474716465  -1.2009006424
0.6949360898  -0.7412963317  -1.2068588435
0.6889775110  -0.7351227290  -1.2128070806
0.6830289013  -0.7289507800  -1.2187454171
0.6770901981  -0.7227804423  -1.2246739134
0.6711613410  -0.7166116888  -1.2305926275
0.6652422720  -0.7104445078  -1.2365016149
0.6593329355  -0.7042789017  -1.2424009286
0.6534332781  -0.6981148870  -1.2482906191
0.6475432488  -0.6919524917  -1.2541707342
0.6416627987  -0.6857917546  -1.2600413194
0.6357918816  -0.6796327238  -1.2659024178
0.6299304535  -0.6734754556  -1.2717540699
0.6240784725  -0.6673200131  -1.2775963139
0.6182358993  -0.6611664643  -1.2834291856
0.6124026971  -0.6550148808  -1.2892527185
0.6065788310  -0.6488653356  -1.2950669437
0.6007642689  -0.6427179016  -1.3008718900
0.5949589808  -0.6365726490  -1.3066675843
0.5891629391  -0.6304296429  -1.3124540509
0.5833761186  -0.6242889394  -1.3182313124
0.5775984965  -0.6181505794  -1.3239993892
0.5718300524  -0.6120145734  -1.3297583002
0.5660707684  -0.6058808849  -1.3355080628
0.5603206288  -0.5997494701  -1.3412486931
0.5545796201  -0.5936203698  -1.3469802042
0.5488477305  -0.5874937268  -1.3527026047
0.5431249500  -0.5813697019  -1.3584158998
0.5374112713  -0.5752484190  -1.3641200927
0.5317066902  -0.5691299856  -1.3698151850
0.5260112047  -0.5630145163  -1.3755011762
0.5203248154  -0.5569021343  -1.3811780636
0.5146475247  -0.5507929696  -1.3868458422
0.5089793376  -0.5446871590  -1.3925045043
0.5033202611  -0.5385848460  -1.3981540405
0.4976703047  -0.5324861809  -1.4037944386
0.4920294801  -0.5263912082  -1.4094256846
0.4863978012  -0.5202997568  -1.4150477628
0.4807752841  -0.5142119061  -1.4206606549
0.4751619476  -0.5081283645  -1.4262643390
0.4695578122  -0.5020498054  -1.4318587906
0.4639629007  -0.4959764329  -1.4374439833
0.4583772386  -0.4899083547  -1.4430198900
0.4528008534  -0.4838457438  -1.4485864810
0.4472337747  -0.4777887714  -1.4541437250
0.4416760341  -0.4717376056  -1.4596915884
0.4361276652  -0.4656924141  -1.4652300358
0.4305887039  -0.4596533654  -1.4707590296
0.4250591878  -0.4536206309  -1.4762785305
0.4195391569  -0.4475943870  -1.4817884970
0.4140286527  -0.4415748167  -1.4872888858
0.4085277190  -0.4355621109  -1.4927796517
0.4030364013  -0.4295564705  -1.4982607473
0.3975547471  -0.4235581074  -1.5037321236
0.3920828055  -0.4175672456  -1.5091937297
0.3866206276  -0.4115841224  -1.5146455125
0.3811682661  -0.4056089889  -1.5200874175
0.3757257755  -0.3996421108  -1.5255193882
0.3702932118  -0.3936837683  -1.5309413665
0.3648706328  -0.3877342565  -1.5363532928
0.3594580976  -0.3817938860  -1.5417551057
0.3540556670  -0.3758629821  -1.5471467425
0.3486634030  -0.3699418845  -1.5525281390
0.3432813690  -0.3640309472  -1.5578992296
0.3379096300  -0.3581305370  -1.5632599476
0.3325482517  -0.3522410333  -1.5686102251
0.3271973013  -0.3463628267  -1.5739499931
0.3218568471  -0.3404963179  -1.5792791817
0.3165269688  -0.3346434663  -1.5845977896
0.3112077608  -0.3288067719  -1.5899058942
0.3058992801  -0.3229829916  -1.5952033727
0.3006015379  -0.3171677600  -1.6004899174
0.2953145880  -0.3113632932  -1.6057653735
0.2900385330  -0.3055725047  -1.6110296777
0.2847734636  -0.2997960105  -1.6162827341
0.2795194575  -0.2940344097  -1.6215244512
0.2742765932  -0.2882882886  -1.6267547430
0.2690449492  -0.2825582162  -1.6319735296
0.2638246042  -0.2768447417  -1.6371807371
0.2586156366  -0.2711483908  -1.6423762987
0.2534181243  -0.2654696641  -1.6475601544
0.2482321443  -0.2598090351  -1.6527322515
0.2430577726  -0.2541669487  -1.6578925447
0.2378950841  -0.2485438208  -1.6630409962
0.2327441521  -0.2429400377  -1.6681775753
0.2276050483  -0.2373559563  -1.6733022588
0.2224778428  -0.2317919045  -1.6784150303
0.2173626038  -0.2262481822  -1.6835158802
0.2122593976  -0.2207250621  -1.6886048050
0.2071682887  -0.2152227913  -1.6936818072
0.2020893396  -0.2097415931  -1.6987468943
0.1970226109  -0.2042816683  -1.7038000782
0.1919681611  -0.1988431976  -1.7088413747
0.1869260469  -0.1934263437  -1.7138708024
0.1818963230  -0.1880312531  -1.7188883816
0.1768790421  -0.1826580586  -1.7238941337
0.1718742549  -0.1773068812  -1.7288880797
0.1668820100  -0.1719778326  -1.7338702392
0.1619023541  -0.1666710170  -1.7388406292
0.1569353314  -0.1613865379  -1.7437992624
0.1519851964  -0.1561260163  -1.7488205992
0.1470547109  -0.1508903810  -1.7539415530
0.1421329813  -0.1456756846  -1.7590347851
0.1372168597  -0.1404809933  -1.7641330912
0.1323120469  -0.1353085479  -1.7692341414
0.1274184903  -0.1301584678  -1.7743352930
0.1225361571  -0.1250308862  -1.7794335905
0.1176650357  -0.1199259477  -1.7845257658
0.1128051363  -0.1148438064  -1.7896082381
0.1079564924  -0.1097846240  -1.7946771135
0.1031191617  -0.1047485671  -1.7997281856
0.0982932266  -0.0997358048  -1.8047569351
0.0934787955  -0.0947465047  -1.8097585302
0.0886760030  -0.0897808304  -1.8147278260
0.0838850106  -0.0848389369  -1.8196593651
0.0791060069  -0.0799209678  -1.8245473771
0.0743392079  -0.0750270507  -1.8293857790
0.0695848568  -0.0701572942  -1.8341681750
0.0648432239  -0.0653117841  -1.8388878566
0.0601146062  -0.0604905802  -1.8435378024
0.0553993267  -0.0556937140  -1.8481106784
0.0506977332  -0.0509211864  -1.8525988377
0.0460101974  -0.0461729663  -1.8569943206
0.0413371131  -0.0414489905  -1.8612888549
0.0366788945  -0.0367491634  -1.8654738553
0.0320359741  -0.0320733594  -1.8695404240
0.0274087997  -0.0274214244  -1.8734793504
0.0227978318  -0.0227931803  -1.8772811109
0.0182035401  -0.0181884290  -1.8809358694
0.0136263992  -0.0136069581  -1.8844334770
0.0090668852  -0.0090485472  -1.8877634719
0.0045254697  -0.0045129745  -1.8909150797
0.0045199645  -0.0045129314  -1.8909150797
