0.0798725
2.1450016827  -2.4436868635   0.0001018674
2.1450016827  -2.4436868635   0.0001018674
2.1450087457  -2.4436728595   0.0000819996
2.1450002564  -2.4436062610   0.0000336688
2.1449687446  -2.4434846915  -0.0000439864
2.1449077302  -2.4432974254  -0.0001518116
2.1448148693  -2.4430412437  -0.0002906371
2.1446888519  -2.4427147168  -0.0004612777
2.1445287565  -2.4423170685  -0.0006645329
2.1443338398  -2.4418478059  -0.0009011866
2.1441034500  -2.4413065692  -0.0011720073
2.1438369879  -2.4406930620  -0.0014777482
2.1435338858  -2.4400070149  -0.0018191470
2.1431935966  -2.4392481668  -0.0021969258
2.1428155872  -2.4384162537  -0.0026117914
2.1423993349  -2.4375110027  -0.0030644353
2.1419443248  -2.4365321282  -0.0035555332
2.1414500484  -2.4354793307  -0.0040857458
2.1409160027  -2.4343522957  -0.0046557181
2.1403416899  -2.4331506939  -0.0052660796
2.1397266168  -2.4318741818  -0.0059174446
2.1390702948  -2.4305224021  -0.0066104119
2.1383722403  -2.4290949852  -0.0073455646
2.1376319742  -2.4275915501  -0.0081234707
2.1368490226  -2.4260117063  -0.0089446826
2.1360229166  -2.4243550548  -0.0098097374
2.1351531930  -2.4226211898  -0.0107191565
2.1342393940  -2.4208097011  -0.0116734462
2.1332810685  -2.4189201751  -0.0126730970
2.1322777713  -2.4169521969  -0.0137185843
2.1312290640  -2.4149053511  -0.0148103679
2.1301345152  -2.4127792243  -0.0159488922
2.1289936973  -2.4105719904  -0.0171362083
2.1278062060  -2.4082845823  -0.0183713065
2.1265716378  -2.4059183403  -0.0196540996
2.1252895781  -2.4034718044  -0.0209848699
2.1239596306  -2.4009442322  -0.0223639315
2.1225814138  -2.3983351271  -0.0237916436
2.1211545568  -2.3956440548  -0.0252683534
2.1196786979  -2.3928706337  -0.0267944009
2.1181534858  -2.3900145155  -0.0283701185
2.1165785804  -2.3870753811  -0.0299958294
2.1149536521  -2.3840529379  -0.0316718464
2.1132783830  -2.3809469206  -0.0333984717
2.1115524668  -2.3777570936  -0.0351759962
2.1097756091  -2.3744832534  -0.0370046991
2.1079475278  -2.3711252286  -0.0388848473
2.1060679531  -2.3676828798  -0.0408166954
2.1041366283  -2.3641561016  -0.0428004853
2.1021533093  -2.3605448244  -0.0448364458
2.1001177656  -2.3568490155  -0.0469247926
2.0980297800  -2.3530686804  -0.0490657282
2.0958891482  -2.3492038652  -0.0512594414
2.0936956798  -2.3452546524  -0.0535061073
2.0914491988  -2.3412211600  -0.0558058873
2.0891495432  -2.3371035487  -0.0581589289
2.0867965647  -2.3329020239  -0.0605653654
2.0843901298  -2.3286168288  -0.0630253161
2.0819301189  -2.3242482445  -0.0655388860
2.0794164264  -2.3197965913  -0.0681061661
2.0768489609  -2.3152622305  -0.0707272330
2.0742276460  -2.3106455691  -0.0734021491
2.0715524206  -2.3059470533  -0.0761309626
2.0688232360  -2.3011668158  -0.0789137076
2.0660400563  -2.2963052600  -0.0817504040
2.0632028611  -2.2913636387  -0.0846410573
2.0603116502  -2.2863428567  -0.0875856594
2.0573664355  -2.2812433201  -0.0905841885
2.0543672381  -2.2760656095  -0.0936366095
2.0513140938  -2.2708104075  -0.0967428735
2.0482070526  -2.2654784453  -0.0999029186
2.0450461772  -2.2600704915  -0.1031166696
2.0418315455  -2.2545873530  -0.1063840384
2.0385632477  -2.2490298678  -0.1097049243
2.0352413836  -2.2433988983  -0.1130792140
2.0318660691  -2.2376953421  -0.1165067821
2.0284374324  -2.2319201292  -0.1199874914
2.0249556105  -2.2260742148  -0.1235211949
2.0214207536  -2.2201585763  -0.1271077303
2.0178330235  -2.2141742208  -0.1307469140
2.0141925909  -2.2081221831  -0.1344385526
2.0104996378  -2.2020035153  -0.1381824481
2.0067543587  -2.1958192971  -0.1419783925
2.0029569591  -2.1895706301  -0.1458261702
1.9991076522  -2.1832586328  -0.1497255585
1.9952066605  -2.1768844525  -0.1536763267
1.9912542174  -2.1704492562  -0.1576782382
1.9872505653  -2.1639542259  -0.1617310538
1.9831959521  -2.1574005652  -0.1658345286
1.9790906342  -2.1507894920  -0.1699884099
1.9749348765  -2.1441222459  -0.1741924403
1.9707289501  -2.1374000819  -0.1784463587
1.9664731312  -2.1306242590  -0.1827499010
1.9621677022  -2.1237960550  -0.1871027968
1.9578129532  -2.1169167495  -0.1915047725
1.9534091793  -2.1099876049  -0.1959555540
1.9489566772  -2.1030099129  -0.2004548603
1.9444557481  -2.0959850241  -0.2050024083
1.9399066991  -2.0889142971  -0.2095979132
1.9353098398  -2.0817990769  -0.2142410821
1.9306654820  -2.0746407202  -0.2189316217
1.9259739413  -2.0674406117  -0.2236692404
1.9212355373  -2.0602001655  -0.2284536421
1.9164505886  -2.0529207235  -0.2332845278
1.9116194116  -2.0456034115  -0.2381615982
1.9067423263  -2.0382492407  -0.2430845508
1.9018196532  -2.0308593996  -0.2480530798
1.8968517095  -2.0234353475  -0.2530668796
1.8918388224  -2.0159786613  -0.2581256414
1.8867814252  -2.0084909852  -0.2632290518
1.8816795259  -2.0009734836  -0.2683767984
1.8765330460  -1.9934271917  -0.2735685686
1.8713423908  -1.9858536047  -0.2788040457
1.8661078829  -1.9782541041  -0.2840829100
1.8608297761  -1.9706299591  -0.2894048406
1.8555084036  -1.9629824771  -0.2947695181
1.8501440908  -1.9553129142  -0.3001766199
1.8447370767  -1.9476224010  -0.3056258217
1.8392877593  -1.9399121891  -0.3111167980
1.8337966029  -1.9321835596  -0.3166492160
1.8282638834  -1.9244375636  -0.3222227410
1.8226899064  -1.9166752457  -0.3278370411
1.8170750189  -1.9088976594  -0.3334917826
1.8114196175  -1.9011058773  -0.3391866262
1.8057241039  -1.8933009530  -0.3449212301
1.7999886948  -1.8854837243  -0.3506952504
1.7942138875  -1.8776552870  -0.3565083392
1.7884000951  -1.8698166383  -0.3623601453
1.7825474955  -1.8619685163  -0.3682503123
1.7766566532  -1.8541120332  -0.3741784811
1.7707278315  -1.8462479942  -0.3801442916
1.7647612362  -1.8383771383  -0.3861473762
1.7587574059  -1.8305005548  -0.3921873596
1.7527167806  -1.8226193169  -0.3982638517
1.7466396493  -1.8147343517  -0.4043764481
1.7405264270  -1.8068461710  -0.4105247881
1.7343775454  -1.7989546722  -0.4167085996
1.7281933015  -1.7910602549  -0.4229276127
1.7219740818  -1.7831647212  -0.4291814586
1.7157203585  -1.7752701378  -0.4354696973
1.7094323849  -1.7673776708  -0.4417918779
1.7031104933  -1.7594881831  -0.4481475567
1.6967552189  -1.7516026945  -0.4545363009
1.6903669080  -1.7437220269  -0.4609576803
1.6839459136  -1.7358469969  -0.4674112615
1.6774925421  -1.7279783666  -0.4738966160
1.6710072684  -1.7201170631  -0.4804133191
1.6644905785  -1.7122640202  -0.4869609453
1.6579427704  -1.7044199690  -0.4935390724
1.6513643710  -1.6965858634  -0.5001472848
1.6447557141  -1.6887624508  -0.5067851677
1.6381169954  -1.6809503243  -0.5134523065
1.6314487238  -1.6731503852  -0.5201482895
1.6247514419  -1.6653635568  -0.5268727103
1.6180255493  -1.6575906013  -0.5336251622
1.6112713487  -1.6498321623  -0.5404052368
1.6044893129  -1.6420890327  -0.5472125267
1.5976798242  -1.6343618923  -0.5540466205
1.5908432717  -1.6266514028  -0.5609070947
1.5839800488  -1.6189582021  -0.5677935144
1.5770904215  -1.6112827646  -0.5747054174
1.5701749253  -1.6036257989  -0.5816422922
1.5632339451  -1.5959878187  -0.5886035419
1.5562676953  -1.5883690978  -0.5955883791
1.5492764223  -1.5807698195  -0.6025955619
1.5422598199  -1.5731895183  -0.6096219573
1.5352178590  -1.5656280891  -0.6166655709
1.5281535338  -1.5580885954  -0.6237327522
1.5210710609  -1.5505756956  -0.6308321218
1.5139705796  -1.5430904902  -0.6379646940
1.5068494069  -1.5356309469  -0.6451281068
1.4997062472  -1.5281955149  -0.6523210373
1.4925411593  -1.5207835544  -0.6595423059
1.4853543263  -1.5133944639  -0.6667906719
1.4781460643  -1.5060276780  -0.6740648383
1.4709166686  -1.4986825082  -0.6813634609
1.4636664119  -1.4913581422  -0.6886851533
1.4563957374  -1.4840538476  -0.6960284900
1.4491049621  -1.4767686832  -0.7033920085
1.4417943118  -1.4695015391  -0.7107742181
1.4344641356  -1.4622513660  -0.7181736030
1.4271149037  -1.4550171816  -0.7255886263
1.4197470084  -1.4477978739  -0.7330177408
1.4123606390  -1.4405920870  -0.7404593888
1.4049561485  -1.4333985999  -0.7479120003
1.3975339038  -1.4262161871  -0.7553740012
1.3900940903  -1.4190434303  -0.7628438203
1.3826369083  -1.4118789211  -0.7703198912
1.3751624249  -1.4047211224  -0.7778006546
1.3676705526  -1.3975683632  -0.7852845642
1.3601609192  -1.3904187109  -0.7927700892
1.3526327175  -1.3832698359  -0.8002557212
1.3450844374  -1.3761187562  -0.8077399742
1.3375132128  -1.3689611942  -0.8152213872
1.3299135546  -1.3617903276  -0.8226985358
1.3222741602  -1.3545936013  -0.8301700394
1.3145685555  -1.3473431712  -0.8376345887
1.3066856848  -1.3399275893  -0.8450909550
1.2987291459  -1.3324547690  -0.8525378589
1.2910758540  -1.3253030482  -0.8599738286
1.2837047448  -1.3184454906  -0.8673973453
1.2763826554  -1.3116425333  -0.8748070855
1.2690769379  -1.3048565065  -0.8822019144
1.2617871127  -1.2980839524  -0.8895807737
1.2545129693  -1.2913229435  -0.8969426619
1.2472542996  -1.2845717956  -0.9042866478
1.2400109126  -1.2778289533  -0.9116118750
1.2327826365  -1.2710929939  -0.9189175660
1.2255693174  -1.2643626281  -0.9262030230
1.2183708178  -1.2576367005  -0.9334676307
1.2111870175  -1.2509141893  -0.9407108631
1.2040178134  -1.2441942064  -0.9479322857
1.1968631147  -1.2374759953  -0.9551315532
1.1897228421  -1.2307589289  -0.9623084131
1.1825969290  -1.2240425068  -0.9694627131
1.1754853214  -1.2173263507  -0.9765944041
1.1683879732  -1.2106101981  -0.9837035383
1.1613048457  -1.2038938985  -0.9907902769
1.1542359084  -1.1971774082  -0.9978548943
1.1471811370  -1.1904607835  -1.0048977829
1.1401405130  -1.1837441735  -1.0119194612
1.1331140242  -1.1770278139  -1.0189205842
1.1261016668  -1.1703120206  -1.0259019597
1.1191034486  -1.1635971841  -1.0328645721
1.1121193970  -1.1568837658  -1.0398096244
1.1051495780  -1.1501723004  -1.0467386163
1.0981941384  -1.1434634135  -1.0536535055
1.0912534189  -1.1367578974  -1.0605571052
1.0843285444  -1.1300568335  -1.0674549757
1.0774205561  -1.1233612470  -1.0743526440
1.0705267387  -1.1166711565  -1.0812469229
1.0636417713  -1.1099855592  -1.0881300648
1.0567642239  -1.1033037134  -1.0950001466
1.0498963954  -1.0966256532  -1.1018584092
1.0430396490  -1.0899516043  -1.1087052060
1.0361939847  -1.0832816623  -1.1155407184
1.0293592361  -1.0766158541  -1.1223651297
1.0225352378  -1.0699541787  -1.1291786264
1.0157218264  -1.0632966131  -1.1359813979
1.0089188397  -1.0566431125  -1.1427736357
1.0021261168  -1.0499936099  -1.1495555331
0.9953434983  -1.0433480170  -1.1563272847
0.9885708256  -1.0367062254  -1.1630890856
0.9818079415  -1.0300681063  -1.1698411311
0.9750546898  -1.0234335113  -1.1765836158
0.9683109153  -1.0168022737  -1.1833167329
0.9615764641  -1.0101742099  -1.1900406739
0.9548511833  -1.0035491206  -1.1967556272
0.9481349210  -0.9969267921  -1.2034617780
0.9414275267  -0.9903069978  -1.2101593073
0.9347288511  -0.9836895003  -1.2168483909
0.9280387460  -0.9770740528  -1.2235291991
0.9213570646  -0.9704604015  -1.2302018952
0.9146836612  -0.9638482878  -1.2368666352
0.9080183916  -0.9572374512  -1.2435235663
0.9013611128  -0.9506276324  -1.2501728260
0.8947116824  -0.9440185791  -1.2568145395
0.8880699591  -0.9374100546  -1.2634488177
0.8814358003  -0.9308018573  -1.2700757504
0.8748090580  -0.9241938977  -1.2766953875
0.8681895752  -0.9175861766  -1.2833077268
0.8615772122  -0.9109783307  -1.2899127869
0.8549718882  -0.9043693724  -1.2965107108
0.8483735599  -0.8977584024  -1.3031017215
0.8417821465  -0.8911452011  -1.3096859938
0.8351975151  -0.8845298132  -1.3162636408
0.8286195285  -0.8779121156  -1.3228347662
0.8220480686  -0.8712918833  -1.3293994773
0.8154830275  -0.8646688970  -1.3359578803
0.8089243005  -0.8580429538  -1.3425100787
0.8023717848  -0.8514138669  -1.3490561736
0.7958253803  -0.8447814659  -1.3555962636
0.7892849888  -0.8381455961  -1.3621304447
0.7827505146  -0.8315061183  -1.3686588105
0.7762218643  -0.8248629082  -1.3751814518
0.7696989470  -0.8182158569  -1.3816984571
0.7631816738  -0.8115648704  -1.3882099120
0.7566699586  -0.8049098666  -1.3947158997
0.7501637176  -0.7982507733  -1.4012165007
0.7436628693  -0.7915875276  -1.4077117929
0.7371673351  -0.7849200750  -1.4142018517
0.7306770385  -0.7782483679  -1.4206867499
0.7241919057  -0.7715723643  -1.4271665575
0.7177118656  -0.7648920254  -1.4336413421
0.7112368495  -0.7582073144  -1.4401111687
0.7047667914  -0.7515181939  -1.4465760995
0.6983016282  -0.7448246240  -1.4530361943
0.6918412990  -0.7381265593  -1.4594915104
0.6853857462  -0.7314239449  -1.4659421025
0.6789349146  -0.7247167102  -1.4723880229
0.6724887520  -0.7180047524  -1.4788293216
0.6660472092  -0.7112879169  -1.4852660468
0.6596102397  -0.7045660293  -1.4916982447
0.6531778000  -0.6978389976  -1.4981259581
0.6467498483  -0.6911068515  -1.5045492251
0.6403263456  -0.6843696557  -1.5109680795
0.6339072560  -0.6776274347  -1.5173825520
0.6274925473  -0.6708801885  -1.5237926711
0.6210821907  -0.6641279244  -1.5301984627
0.6146761603  -0.6573706608  -1.5365999491
0.6082744333  -0.6506084247  -1.5429971499
0.6018769901  -0.6438412517  -1.5493900809
0.5954838140  -0.6370691860  -1.5557787550
0.5890948920  -0.6302922805  -1.5621631817
0.5827102140  -0.6235104102  -1.5685433675
0.5763297737  -0.6167230861  -1.5749193161
0.5699535681  -0.6099302306  -1.5812910280
0.5635815971  -0.6031328177  -1.5876584974
0.5572138636  -0.5963317695  -1.5940217135
0.5508503745  -0.5895272228  -1.6003806637
0.5444911412  -0.5827191484  -1.6067353331
0.5381361787  -0.5759076270  -1.6130857036
0.5317855052  -0.5690927366  -1.6194317537
0.5254391424  -0.5622745489  -1.6257734579
0.5190971158  -0.5554531335  -1.6321107875
0.5127594545  -0.5486285603  -1.6384437100
0.5064261911  -0.5418009036  -1.6447721892
0.5000973623  -0.5349702453  -1.6510961851
0.4937730084  -0.5281366783  -1.6574156538
0.4874531734  -0.5213003093  -1.6637305475
0.4811379052  -0.5144612621  -1.6700408143
0.4748272557  -0.5076196804  -1.6763463982
0.4685212804  -0.5007757302  -1.6826472392
0.4622200388  -0.4939296023  -1.6889432730
0.4559235943  -0.4870815138  -1.6952344311
0.4496320144  -0.4802317098  -1.7015206409
0.4433453702  -0.4733804646  -1.7078018254
0.4370637371  -0.4665280830  -1.7140779037
0.4307871941  -0.4596749009  -1.7203487906
0.4245158243  -0.4528212860  -1.7266143968
0.4182497149  -0.4459676375  -1.7328746289
0.4119889567  -0.4391143860  -1.7391293895
0.4057336446  -0.4322619927  -1.7453785774
0.3994838772  -0.4254109485  -1.7516220873
0.3932397572  -0.4185617730  -1.7578598105
0.3870013907  -0.4117150126  -1.7640916343
0.3807689070  -0.4048739580  -1.7703175500
0.3745424644  -0.3980428951  -1.7765376684
0.3683221566  -0.3912160539  -1.7827517880
0.3621079934  -0.3843856041  -1.7889594193
0.3559000620  -0.3775552535  -1.7951603067
0.3496985445  -0.3707300051  -1.8013543341
0.3435036048  -0.3639108579  -1.8075413317
0.3373153846  -0.3570987983  -1.8137211349
0.3311340292  -0.3502948059  -1.8198935848
0.3249596873  -0.3434998455  -1.8260585292
0.3187925103  -0.3367148610  -1.8322158233
0.3126326517  -0.3299407690  -1.8383653301
0.3064802671  -0.3231784544  -1.8445069208
0.3003355130  -0.3164287661  -1.8506404756
0.2941985469  -0.3096925141  -1.8567658831
0.2880695267  -0.3029704669  -1.8628830411
0.2819486105  -0.2962633504  -1.8689918561
0.2758359560  -0.2895718471  -1.8750922432
0.2697317205  -0.2828965959  -1.8811841260
0.2636360606  -0.2762381930  -1.8872674356
0.2575491323  -0.2695971935  -1.8933421106
0.2514710907  -0.2629741129  -1.8994080960
0.2454020897  -0.2563694297  -1.9054653423
0.2393422825  -0.2497835885  -1.9115138049
0.2332918213  -0.2432170029  -1.9175534425
0.2272508570  -0.2366700589  -1.9235842162
0.2212195397  -0.2301431194  -1.9296060882
0.2151980183  -0.2236365273  -1.9356190200
0.2091864403  -0.2171506096  -1.9416229711
0.2031849520  -0.2106856820  -1.9476178976
0.1971936980  -0.2042420521  -1.9536037498
0.1912128210  -0.1978200333  -1.9595804707
0.1852489768  -0.1914229198  -1.9656394108
0.1793065102  -0.1850527035  -1.9718258323
0.1733686491  -0.1787017696  -1.9779832627
0.1674306054  -0.1723683741  -1.9841518918
0.1615012770  -0.1660570468  -1.9903287692
0.1555806640  -0.1597681609  -1.9965105585
0.1496687987  -0.1535021270  -2.0026935370
0.1437657464  -0.1472593869  -2.0088735956
0.1378716074  -0.1410404103  -2.0150462391
0.1319865177  -0.1348456908  -2.0212065858
0.1261106505  -0.1286757405  -2.0273493680
0.1202442169  -0.1225310843  -2.0334689315
0.1143874672  -0.1164122524  -2.0395592360
0.1085406911  -0.1103197733  -2.0456138549
0.1027042179  -0.1042541648  -2.0516259753
0.0968784171  -0.0982159262  -2.0575883981
0.0910636979  -0.0922055285  -2.0634935378
0.0852605090  -0.0862234062  -2.0693334227
0.0794693376  -0.0802699488  -2.0750996949
0.0736907087  -0.0743454922  -2.0807836102
0.0679251836  -0.0684503126  -2.0863760382
0.0621733579  -0.0625846200  -2.0918674620
0.0564358599  -0.0567485542  -2.0972479786
0.0507133477  -0.0509421825  -2.1025072988
0.0450065065  -0.0451654994  -2.1076347470
0.0393160452  -0.0394184283  -2.1126192615
0.0336426923  -0.0337008268  -2.1174493941
0.0279871921  -0.0280124929  -2.1221133105
0.0223502992  -0.0223531756  -2.1265987901
0.0167327736  -0.0167225863  -2.1308932261
0.0111353744  -0.0111204127  -2.1349836252
0.0055588535  -0.0055463345  -2.1388566082
0.0055505451  -0.0055462656  -2.1388566082
