0.140857
1.4589519266  -1.5844788218   0.0000511074
1.4589519266  -1.5844788218   0.0000511074
1.4589567286  -1.5844785272   0.0000430711
1.4589543330  -1.5844589623   0.0000218704
1.4589409507  -1.5844179048  -0.0000128504
1.4589139779  -1.5843521553  -0.0000614448
1.4588724254  -1.5842606102  -0.0001242641
1.4588157255  -1.5841426976  -0.0002016577
1.4587434697  -1.5839980424  -0.0002939728
1.4586553211  -1.5838263562  -0.0004015543
1.4585509792  -1.5836273907  -0.0005247452
1.4584301627  -1.5834009175  -0.0006638864
1.4582926013  -1.5831467159  -0.0008193166
1.4581380310  -1.5828645675  -0.0009913724
1.4579661907  -1.5825542527  -0.0011803882
1.4577768213  -1.5822155477  -0.0013866964
1.4575696638  -1.5818482243  -0.0016106274
1.4573444592  -1.5814520482  -0.0018525092
1.4571009476  -1.5810267789  -0.0021126680
1.4568388683  -1.5805721694  -0.0023914275
1.4565579589  -1.5800879658  -0.0026891097
1.4562579559  -1.5795739076  -0.0030060343
1.4559385940  -1.5790297277  -0.0033425187
1.4555996066  -1.5784551523  -0.0036988785
1.4552407250  -1.5778499009  -0.0040754271
1.4548616791  -1.5772136871  -0.0044724757
1.4544621970  -1.5765462182  -0.0048903334
1.4540420050  -1.5758471956  -0.0053293073
1.4536008280  -1.5751163152  -0.0057897022
1.4531383888  -1.5743532674  -0.0062718209
1.4526544089  -1.5735577377  -0.0067759642
1.4521486081  -1.5727294067  -0.0073024306
1.4516206962  -1.5718674544  -0.0078522924
1.4510703998  -1.5709720042  -0.0084251476
1.4504974455  -1.5700433575  -0.0090210416
1.4499015383  -1.5690808214  -0.0096402306
1.4492823866  -1.5680839070  -0.0102829808
1.4486397006  -1.5670522246  -0.0109495778
1.4479731900  -1.5659854002  -0.0116403076
1.4472825632  -1.5648830692  -0.0123554589
1.4465675277  -1.5637448694  -0.0130953227
1.4458277900  -1.5625704402  -0.0138601913
1.4450630559  -1.5613594230  -0.0146503588
1.4442730300  -1.5601114606  -0.0154661200
1.4434574165  -1.5588261981  -0.0163077708
1.4426159187  -1.5575032829  -0.0171756080
1.4417482394  -1.5561423654  -0.0180699292
1.4408540808  -1.5547430995  -0.0189910325
1.4399331446  -1.5533051431  -0.0199392168
1.4389851322  -1.5518281589  -0.0209147807
1.4380097452  -1.5503118152  -0.0219180228
1.4370066849  -1.5487557855  -0.0229492413
1.4359756516  -1.5471597476  -0.0240087348
1.4349163451  -1.5455233850  -0.0250968029
1.4338284650  -1.5438463877  -0.0262137456
1.4327117107  -1.5421284532  -0.0273598626
1.4315657816  -1.5403692866  -0.0285354521
1.4303903777  -1.5385686011  -0.0297408109
1.4291852025  -1.5367261212  -0.0309762346
1.4279499615  -1.5348415817  -0.0322420196
1.4266843623  -1.5329147269  -0.0335384627
1.4253881134  -1.5309453117  -0.0348658601
1.4240609221  -1.5289330986  -0.0362245062
1.4227024929  -1.5268777228  -0.0376146925
1.4213125298  -1.5247789147  -0.0390367092
1.4198907378  -1.5226367360  -0.0404908453
1.4184368248  -1.5204511156  -0.0419773896
1.4169505024  -1.5182217758  -0.0434966292
1.4154314842  -1.5159485012  -0.0450488501
1.4138794845  -1.5136311156  -0.0466343366
1.4122942191  -1.5112694590  -0.0482533713
1.4106754057  -1.5088633855  -0.0499062338
1.4090227641  -1.5064127603  -0.0515932010
1.4073360160  -1.5039174592  -0.0533145483
1.4056148858  -1.5013773692  -0.0550705494
1.4038590983  -1.4987923878  -0.0568614759
1.4020683815  -1.4961624255  -0.0586875957
1.4002424706  -1.4934874086  -0.0605491732
1.3983811072  -1.4907672789  -0.0624464704
1.3964840369  -1.4880019903  -0.0643797465
1.3945510000  -1.4851914992  -0.0663492579
1.3925817260  -1.4823357590  -0.0683552587
1.3905759418  -1.4794347286  -0.0703980003
1.3885333841  -1.4764883855  -0.0724777291
1.3864538190  -1.4734967441  -0.0745946864
1.3843370377  -1.4704598529  -0.0767491105
1.3821828316  -1.4673777693  -0.0789412383
1.3799909612  -1.4642505273  -0.0811713032
1.3777611549  -1.4610781363  -0.0834395332
1.3754931409  -1.4578606136  -0.0857461513
1.3731866887  -1.4545980266  -0.0880913769
1.3708416199  -1.4512905031  -0.0904754247
1.3684577726  -1.4479381959  -0.0928985040
1.3660349482  -1.4445412301  -0.0953608186
1.3635728959  -1.4410996804  -0.0978625698
1.3610713594  -1.4376136158  -0.1004039559
1.3585301326  -1.4340831722  -0.1029851686
1.3559490515  -1.4305085531  -0.1056063919
1.3533279467  -1.4268899673  -0.1082678070
1.3506666394  -1.4232276210  -0.1109695924
1.3479649680  -1.4195217556  -0.1137119189
1.3452227814  -1.4157726579  -0.1164949487
1.3424399058  -1.4119805876  -0.1193188384
1.3396161490  -1.4081456440  -0.1221837407
1.3367513421  -1.4042677730  -0.1250898052
1.3338453611  -1.4003470235  -0.1280371776
1.3308980997  -1.3963837319  -0.1310259964
1.3279094196  -1.3923783932  -0.1340563914
1.3248791513  -1.3883314939  -0.1371284845
1.3218071523  -1.3842435182  -0.1402423914
1.3186933140  -1.3801149631  -0.1433982243
1.3155375254  -1.3759463026  -0.1465960874
1.3123396925  -1.3717380063  -0.1498360768
1.3090997644  -1.3674905636  -0.1531182851
1.3058176654  -1.3632044174  -0.1564428000
1.3024932422  -1.3588799072  -0.1598096978
1.2991263574  -1.3545173661  -0.1632190478
1.2957169919  -1.3501172260  -0.1666709174
1.2922651585  -1.3456799345  -0.1701653658
1.2887707913  -1.3412058414  -0.1737024430
1.2852337971  -1.3366952507  -0.1772821933
1.2816541242  -1.3321484957  -0.1809046560
1.2780317483  -1.3275659272  -0.1845698624
1.2743666341  -1.3229478767  -0.1882778344
1.2706587092  -1.3182946318  -0.1920285858
1.2669079438  -1.3136065185  -0.1958221239
1.2631144315  -1.3088839881  -0.1996584503
1.2592782279  -1.3041274567  -0.2035375573
1.2553992361  -1.2993371852  -0.2074594260
1.2514774128  -1.2945134901  -0.2114240304
1.2475129032  -1.2896568842  -0.2154313380
1.2435058082  -1.2847678316  -0.2194813045
1.2394560430  -1.2798465565  -0.2235738677
1.2353635682  -1.2748932538  -0.2277089392
1.2312284412  -1.2699085405  -0.2318864389
1.2270507702  -1.2648938823  -0.2361063722
1.2228307541  -1.2598508403  -0.2403688008
1.2185685276  -1.2547797577  -0.2446737083
1.2142641373  -1.2496802435  -0.2490209666
1.2099176037  -1.2445522955  -0.2534104086
1.2055289474  -1.2393963780  -0.2578418651
1.2010983320  -1.2342132386  -0.2623151595
1.1966259615  -1.2290037055  -0.2668301065
1.1921118809  -1.2237684760  -0.2713865141
1.1875561864  -1.2185083229  -0.2759841835
1.1829591697  -1.2132242458  -0.2806229115
1.1783209545  -1.2079170962  -0.2853024853
1.1736415191  -1.2025875947  -0.2900226825
1.1689211750  -1.1972368115  -0.2947832800
1.1641602806  -1.1918658826  -0.2995840482
1.1593589452  -1.1864757005  -0.3044247469
1.1545173277  -1.1810672061  -0.3093051315
1.1496356746  -1.1756414316  -0.3142249521
1.1447142481  -1.1701994237  -0.3191839504
1.1397533047  -1.1647422136  -0.3241818596
1.1347530779  -1.1592707974  -0.3292184035
1.1297138468  -1.1537862008  -0.3342932926
1.1246359111  -1.1482894500  -0.3394062162
1.1195195626  -1.1427815342  -0.3445568344
1.1143649750  -1.1372632913  -0.3497447681
1.1091723564  -1.1317355564  -0.3549695755
1.1039421025  -1.1261993090  -0.3602306995
1.0986745215  -1.1206553806  -0.3655273617
1.0933697660  -1.1151043525  -0.3708583164
1.0880276907  -1.1095463961  -0.3762207731
1.0826476908  -1.1039812355  -0.3816103370
1.0772312325  -1.0984106242  -0.3870306430
1.0717830657  -1.0928395984  -0.3924949550
1.0663056784  -1.0872716587  -0.3980098138
1.0607968045  -1.0817060156  -0.4035730421
1.0552540400  -1.0761409427  -0.4091824415
1.0496769311  -1.0705758115  -0.4148365645
1.0440656354  -1.0650103451  -0.4205339071
1.0384203102  -1.0594441445  -0.4262728678
1.0327412353  -1.0538768035  -0.4320517574
1.0270287336  -1.0483078375  -0.4378688079
1.0212831854  -1.0427367019  -0.4437221749
1.0155050723  -1.0371628449  -0.4496099459
1.0096944376  -1.0315851738  -0.4555301535
1.0038515503  -1.0260027309  -0.4614807773
0.9979770093  -1.0204148129  -0.4674597448
0.9920710830  -1.0148203168  -0.4734649434
0.9861340449  -1.0092180824  -0.4794942295
0.9801662605  -1.0036069938  -0.4855454315
0.9741680257  -0.9979858281  -0.4916163549
0.9681395574  -0.9923532559  -0.4977047888
0.9620810422  -0.9867079023  -0.5038085119
0.9559925021  -0.9810482251  -0.5099252985
0.9498737348  -0.9753724647  -0.5160529228
0.9437242115  -0.9696785534  -0.5221891645
0.9375428939  -0.9639639525  -0.5283318173
0.9313278382  -0.9582252765  -0.5344786958
0.9250755520  -0.9524576695  -0.5406276368
0.9187795853  -0.9466534326  -0.5467765057
0.9124272154  -0.9407987704  -0.5529232095
0.9059910317  -0.9348654636  -0.5590657197
0.8993803761  -0.9287626605  -0.5652021055
0.8925212596  -0.9224198371  -0.5713304632
0.8858720778  -0.9162967906  -0.5774487125
0.8797136759  -0.9106670207  -0.5835546046
0.8737317636  -0.9052084093  -0.5896460204
0.8677776081  -0.8997683895  -0.5957211017
0.8618432865  -0.8943366281  -0.6017781349
0.8559284351  -0.8889110511  -0.6078154800
0.8500329130  -0.8834901140  -0.6138315833
0.8441565979  -0.8780724268  -0.6198249886
0.8382993916  -0.8726567507  -0.6257943406
0.8324612192  -0.8672419989  -0.6317383889
0.8266420277  -0.8618272363  -0.6376559913
0.8208417868  -0.8564116793  -0.6435461250
0.8150604907  -0.8509946950  -0.6494078946
0.8092981510  -0.8455757967  -0.6552405258
0.8035547943  -0.8401546397  -0.6610433731
0.7978304645  -0.8347310182  -0.6668159304
0.7921252211  -0.8293048599  -0.6725578323
0.7864391350  -0.8238762194  -0.6782688593
0.7807722877  -0.8184452713  -0.6839489453
0.7751247702  -0.8130123029  -0.6895981841
0.7694966812  -0.8075777065  -0.6952168371
0.7638881262  -0.8021419710  -0.7008053461
0.7582992180  -0.7967056739  -0.7063643473
0.7527300773  -0.7912694733  -0.7118946921
0.7471808359  -0.7858341011  -0.7173974788
0.7416516449  -0.7804003578  -0.7228741041
0.7361426913  -0.7749691123  -0.7283263535
0.7306542374  -0.7695413143  -0.7337565812
0.7251867155  -0.7641180422  -0.7391681091
0.7197411171  -0.7587006467  -0.7445667049
0.7143191795  -0.7532907078  -0.7499612991
0.7089200499  -0.7478889407  -0.7553534651
0.7035378624  -0.7424943780  -0.7607328466
0.6981683053  -0.7371059909  -0.7660925761
0.6928130176  -0.7317241169  -0.7714333542
0.6874746085  -0.7263495840  -0.7767560487
0.6821537135  -0.7209829101  -0.7820608112
0.6768502691  -0.7156244338  -0.7873477586
0.6715641785  -0.7102744492  -0.7926170120
0.6662953454  -0.7049332212  -0.7978686968
0.6610436747  -0.6996009855  -0.8031029430
0.6558090725  -0.6942779487  -0.8083198837
0.6505914454  -0.6889642889  -0.8135196552
0.6453907010  -0.6836601562  -0.8187023958
0.6402067475  -0.6783656737  -0.8238682449
0.6350394936  -0.6730809383  -0.8290173426
0.6298888489  -0.6678060223  -0.8341498286
0.6247547237  -0.6625409745  -0.8392658414
0.6196370289  -0.6572858221  -0.8443655170
0.6145356761  -0.6520405718  -0.8494489888
0.6094505780  -0.6468052126  -0.8545163855
0.6043816478  -0.6415797167  -0.8595678312
0.5993287998  -0.6363640424  -0.8646034438
0.5942919493  -0.6311581354  -0.8696233339
0.5892710126  -0.6259619316  -0.8746276040
0.5842659067  -0.6207753586  -0.8796163471
0.5792765498  -0.6155983380  -0.8845896452
0.5743028608  -0.6104307870  -0.8895475672
0.5693447590  -0.6052726196  -0.8944901659
0.5644021632  -0.6001237458  -0.8994174725
0.5594749892  -0.5949840649  -0.9043294816
0.5545631440  -0.5898534535  -0.9092261265
0.5496665374  -0.5847318262  -0.9141073164
0.5447851203  -0.5796192660  -0.9189730694
0.5399188968  -0.5745159699  -0.9238235509
0.5350678635  -0.5694220066  -0.9286589285
0.5302319625  -0.5643372853  -0.9334792850
0.5254111107  -0.5592617253  -0.9382846679
0.5206052381  -0.5541953163  -0.9430751282
0.5158142883  -0.5491380818  -0.9478507192
0.5110382092  -0.5440900598  -0.9526114928
0.5062769502  -0.5390513001  -0.9573574991
0.5015304622  -0.5340218646  -0.9620887867
0.4967986971  -0.5290018267  -0.9668054027
0.4920816086  -0.5239912706  -0.9715073926
0.4873791514  -0.5189902912  -0.9761948002
0.4826912815  -0.5139989928  -0.9808676682
0.4780179564  -0.5090174887  -0.9855260375
0.4733591346  -0.5040459005  -0.9901699478
0.4687147759  -0.4990843560  -0.9947994374
0.4640848414  -0.4941329890  -0.9994145434
0.4594692933  -0.4891919379  -1.0040153014
0.4548680949  -0.4842613440  -1.0086017462
0.4502812106  -0.4793413508  -1.0131739111
0.4457086061  -0.4744321023  -1.0177318286
0.4411502478  -0.4695337416  -1.0222755301
0.4366061034  -0.4646464097  -1.0268050460
0.4320761417  -0.4597702435  -1.0313204060
0.4275603321  -0.4549053743  -1.0358216388
0.4230586453  -0.4500519255  -1.0403087727
0.4185710527  -0.4452100092  -1.0447818352
0.4140975268  -0.4403797198  -1.0492408536
0.4096380407  -0.4355611212  -1.0536858549
0.4051925687  -0.4307542500  -1.0581168666
0.4007610855  -0.4259591633  -1.0625339154
0.3963435666  -0.4211759876  -1.0669370262
0.3919399876  -0.4164048936  -1.0713262214
0.3875503247  -0.4116460380  -1.0757015222
0.3831745555  -0.4068995524  -1.0800629500
0.3788126581  -0.4021655623  -1.0844105260
0.3744646116  -0.3974441957  -1.0887442707
0.3701303954  -0.3927355815  -1.0930642044
0.3658099894  -0.3880398492  -1.0973703466
0.3615033740  -0.3833571288  -1.1016627163
0.3572105303  -0.3786875505  -1.1059413322
0.3529314396  -0.3740312452  -1.1102062124
0.3486660838  -0.3693883041  -1.1144573748
0.3444144450  -0.3647587424  -1.1186948369
0.3401765058  -0.3601426616  -1.1229186160
0.3359522495  -0.3555403774  -1.1271287284
0.3317416596  -0.3509521876  -1.1313251902
0.3275447196  -0.3463782252  -1.1355080172
0.3233614136  -0.3418185879  -1.1396772255
0.3191917257  -0.3372733927  -1.1438328309
0.3150356403  -0.3327427531  -1.1479748491
0.3108931418  -0.3282267787  -1.1521032954
0.3067642149  -0.3237255762  -1.1562181854
0.3026488444  -0.3192392498  -1.1603195343
0.2985470151  -0.3147679021  -1.1644073576
0.2944587120  -0.3103116342  -1.1684816703
0.2903839200  -0.3058705465  -1.1725424879
0.2863226241  -0.3014447391  -1.1765898254
0.2822748092  -0.2970343121  -1.1806236982
0.2782404602  -0.2926393662  -1.1846441216
0.2742195619  -0.2882600025  -1.1886511109
0.2702120991  -0.2838963231  -1.1926446815
0.2662180564  -0.2795484310  -1.1966248491
0.2622374182  -0.2752164301  -1.2005916293
0.2582701689  -0.2709004253  -1.2045450381
0.2543162925  -0.2666005225  -1.2084850913
0.2503757730  -0.2623168286  -1.2124118055
0.2464485939  -0.2580494510  -1.2163251970
0.2425347387  -0.2537984979  -1.2202252826
0.2386341904  -0.2495640774  -1.2241120795
0.2347469318  -0.2453462979  -1.2279856049
0.2308729454  -0.2411452673  -1.2318458767
0.2270122132  -0.2369610927  -1.2356929129
0.2231647170  -0.2327938801  -1.2395267321
0.2193304412  -0.2286442296  -1.2433473836
0.2155093742  -0.2245128991  -1.2471549523
0.2117014917  -0.2203988065  -1.2509494358
0.2079067556  -0.2163005348  -1.2547307516
0.2041251405  -0.2122187690  -1.2584988846
0.2003566343  -0.2081543955  -1.2622538606
0.1966012205  -0.2041075602  -1.2659956916
0.1928588783  -0.2000783980  -1.2697243924
0.1891295864  -0.1960670354  -1.2734399807
0.1854133228  -0.1920735890  -1.2771424772
0.1817100652  -0.1880981653  -1.2808319061
0.1780197903  -0.1841408600  -1.2845082950
0.1743424743  -0.1802017573  -1.2881716750
0.1706780926  -0.1762809301  -1.2918220810
0.1670266196  -0.1723784400  -1.2954595514
0.1633880292  -0.1684943368  -1.2990841284
0.1597622941  -0.1646286593  -1.3026958577
0.1561493861  -0.1607814356  -1.3062947887
0.1525492763  -0.1569526828  -1.3098809738
0.1489619346  -0.1531424085  -1.3134544691
0.1453873303  -0.1493506106  -1.3170153333
0.1418254314  -0.1455772780  -1.3205636282
0.1382762053  -0.1418223917  -1.3240994178
0.1347396184  -0.1380859252  -1.3276227682
0.1312156364  -0.1343678449  -1.3311337473
0.1277042239  -0.1306681115  -1.3346324242
0.1242053448  -0.1269866801  -1.3381188690
0.1207189623  -0.1233235013  -1.3415931517
0.1172450386  -0.1196785217  -1.3450553424
0.1137835355  -0.1160516844  -1.3485055101
0.1103344135  -0.1124429301  -1.3519437227
0.1068976329  -0.1088521985  -1.3553700453
0.1034750011  -0.1052798397  -1.3588347152
0.1000676751  -0.1017260071  -1.3623626543
0.0966708186  -0.0981895425  -1.3658681527
0.0932829889  -0.0946701122  -1.3693733704
0.0899066276  -0.0911682336  -1.3728768063
0.0865416531  -0.0876838493  -1.3763767495
0.0831879926  -0.0842169048  -1.3798712791
0.0798455830  -0.0807673478  -1.3833582644
0.0765143715  -0.0773351276  -1.3868353646
0.0731943162  -0.0739201948  -1.3903000291
0.0698853865  -0.0705225006  -1.3937494973
0.0665875636  -0.0671419962  -1.3971807987
0.0633008411  -0.0637786319  -1.4005907528
0.0600252253  -0.0604323565  -1.4039759692
0.0567607353  -0.0571031166  -1.4073328476
0.0535074039  -0.0537908556  -1.4106575778
0.0502652770  -0.0504955130  -1.4139461396
0.0470344142  -0.0472170238  -1.4171943028
0.0438148884  -0.0439553178  -1.4203976273
0.0406067861  -0.0407103189  -1.4235514633
0.0374102069  -0.0374819448  -1.4266509508
0.0342252629  -0.0342701068  -1.4296910199
0.0310520788  -0.0310747095  -1.4326663908
0.0278907903  -0.0278956510  -1.4355715738
0.0247415443  -0.0247328229  -1.4384008693
0.0216044968  -0.0215861114  -1.4411483677
0.0184798125  -0.0184553972  -1.4438079494
0.0153676628  -0.0153405570  -1.4463732849
0.0122682244  -0.0122414644  -1.4488378350
0.0091816774  -0.0091579914  -1.4511948503
0.0061082027  -0.0060900092  -1.4534373715
0.0030479801  -0.0030373906  -1.4555582294
0.0030454840  -0.0030373706  -1.4555582294
