0.0815665
2.1195038099  -2.4145557566   0.0000993824
2.1195038099  -2.4145557566   0.0000993824
2.1195108022  -2.4145426986   0.0000801321
2.1195026593  -2.4144786950   0.0000331901
2.1194720878  -2.4143612907  -0.0000422783
2.1194128147  -2.4141801549  -0.0001470933
2.1193225668  -2.4139321701  -0.0002820606
2.1192000724  -2.4136159429  -0.0004479712
2.1190444364  -2.4132307093  -0.0006456017
2.1188549358  -2.4127759790  -0.0008757140
2.1186309365  -2.4122513900  -0.0011390553
2.1183718547  -2.4116566414  -0.0014363586
2.1180771373  -2.4109914588  -0.0017683420
2.1177462506  -2.4102555755  -0.0021357092
2.1173786744  -2.4094487222  -0.0025391492
2.1169738982  -2.4085706208  -0.0029793366
2.1165314188  -2.4076209812  -0.0034569313
2.1160507388  -2.4065994995  -0.0039725786
2.1155313661  -2.4055058573  -0.0045269093
2.1149728129  -2.4043397218  -0.0051205398
2.1143745959  -2.4031007459  -0.0057540715
2.1137362357  -2.4017885691  -0.0064280916
2.1130572573  -2.4004028187  -0.0071431727
2.1123371899  -2.3989431110  -0.0078998726
2.1115755673  -2.3974090524  -0.0086987347
2.1107719280  -2.3958002409  -0.0095402878
2.1099258152  -2.3941162673  -0.0104250462
2.1090367773  -2.3923567175  -0.0113535095
2.1081043683  -2.3905211736  -0.0123261628
2.1071281480  -2.3886092157  -0.0133434766
2.1061076820  -2.3866204231  -0.0144059068
2.1050425424  -2.3845543763  -0.0155138949
2.1039323037  -2.3824092862  -0.0166694490
2.1027765642  -2.3801860308  -0.0178715936
2.1015749225  -2.3778858886  -0.0191202528
2.1003269650  -2.3755074276  -0.0204157133
2.0990322956  -2.3730499054  -0.0217582924
2.0976905319  -2.3705128180  -0.0231483515
2.0963013011  -2.3678957207  -0.0245862403
2.0948642394  -2.3651982194  -0.0260723028
2.0933789922  -2.3624199501  -0.0276068752
2.0918452155  -2.3595605766  -0.0291902857
2.0902625749  -2.3566197881  -0.0308228530
2.0886307470  -2.3535973014  -0.0325048858
2.0869494191  -2.3504928622  -0.0342366821
2.0852182897  -2.3473062442  -0.0360185293
2.0834370688  -2.3440372500  -0.0378507032
2.0816054782  -2.3406857121  -0.0397334682
2.0797232510  -2.3372514984  -0.0416670764
2.0777901325  -2.3337345130  -0.0436517682
2.0758058807  -2.3301346925  -0.0456877714
2.0737702663  -2.3264520072  -0.0477753013
2.0716830725  -2.3226864672  -0.0499145604
2.0695440955  -2.3188381215  -0.0521057384
2.0673531447  -2.3149070551  -0.0543490119
2.0651100429  -2.3108933903  -0.0566445442
2.0628146257  -2.3067972874  -0.0589924856
2.0604667417  -2.3026189433  -0.0613929725
2.0580662540  -2.2983585979  -0.0638461284
2.0556130395  -2.2940165316  -0.0663520628
2.0531069885  -2.2895930607  -0.0689108718
2.0505480050  -2.2850885399  -0.0715226380
2.0479360055  -2.2805033629  -0.0741874303
2.0452709208  -2.2758376256  -0.0769053042
2.0425526941  -2.2710916851  -0.0796763014
2.0397812842  -2.2662667250  -0.0825004498
2.0369566673  -2.2613635881  -0.0853777643
2.0340788306  -2.2563826316  -0.0883082467
2.0311477724  -2.2513243857  -0.0912918856
2.0281635039  -2.2461894773  -0.0943286566
2.0251260516  -2.2409785853  -0.0974185224
2.0220354544  -2.2356924280  -0.1005614331
2.0188917612  -2.2303317517  -0.1037573259
2.0156950370  -2.2248973370  -0.1070061260
2.0124453590  -2.2193899957  -0.1103077463
2.0091428138  -2.2138105695  -0.1136620875
2.0057875020  -2.2081599284  -0.1170690406
2.0023795365  -2.2024389693  -0.1205284830
1.9989190393  -2.1966486210  -0.1240402716
1.9954061430  -2.1907898367  -0.1276042496
1.9918409924  -2.1848635920  -0.1312202558
1.9882237434  -2.1788708880  -0.1348881200
1.9845545637  -2.1728127468  -0.1386076626
1.9808336306  -2.1666902170  -0.1423786971
1.9770611292  -2.1605043730  -0.1462010291
1.9732372562  -2.1542563058  -0.1500744562
1.9693622176  -2.1479471303  -0.1539987726
1.9654362271  -2.1415779820  -0.1579737679
1.9614595056  -2.1351500101  -0.1619992236
1.9574322831  -2.1286643899  -0.1660749148
1.9533547980  -2.1221223130  -0.1702006119
1.9492272930  -2.1155249773  -0.1743760819
1.9450500177  -2.1088736022  -0.1786010868
1.9408232306  -2.1021694258  -0.1828753818
1.9365471958  -2.0954136799  -0.1871987215
1.9322221802  -2.0886075806  -0.1915708559
1.9278484549  -2.0817523828  -0.1959915283
1.9234262976  -2.0748493917  -0.2004604819
1.9189559909  -2.0678999198  -0.2049774533
1.9144378185  -2.0609052773  -0.2095421729
1.9098720695  -2.0538667857  -0.2141543727
1.9052590380  -2.0467857921  -0.2188137831
1.9005990175  -2.0396636675  -0.2235201288
1.8958923008  -2.0325017121  -0.2282731325
1.8911391869  -2.0253010234  -0.2330725152
1.8863399751  -2.0180625777  -0.2379179932
1.8814949597  -2.0107875266  -0.2428092811
1.8766044362  -2.0034773061  -0.2477460924
1.8716688112  -1.9961335596  -0.2527281352
1.8666882063  -1.9887576045  -0.2577551137
1.8616624830  -1.9813504476  -0.2628267337
1.8565919292  -1.9739134941  -0.2679426980
1.8514769136  -1.9664482059  -0.2731027047
1.8463176606  -1.9589558582  -0.2783064488
1.8411144721  -1.9514377634  -0.2835536249
1.8358676713  -1.9438952126  -0.2888439271
1.8305775052  -1.9363293797  -0.2941770453
1.8252442735  -1.9287414531  -0.2995526684
1.8198684446  -1.9211327527  -0.3049704814
1.8144503488  -1.9135044201  -0.3104301620
1.8089902381  -1.9058574782  -0.3159313874
1.8034884507  -1.8981930026  -0.3214738364
1.7979453280  -1.8905120392  -0.3270571842
1.7923612975  -1.8828156929  -0.3326811000
1.7867366297  -1.8751048840  -0.3383452507
1.7810716297  -1.8673805370  -0.3440493000
1.7753668541  -1.8596438122  -0.3497929075
1.7696224840  -1.8518954738  -0.3555757286
1.7638388959  -1.8441364582  -0.3613974125
1.7580165829  -1.8363678124  -0.3672576074
1.7521556721  -1.8285902059  -0.3731559583
1.7462565347  -1.8208045479  -0.3790921019
1.7403197036  -1.8130119288  -0.3850656676
1.7343455290  -1.8052133296  -0.3910762693
1.7283343090  -1.7974096813  -0.3971235060
1.7222864987  -1.7896015594  -0.4032070218
1.7162024512  -1.7817888486  -0.4093265489
1.7100824773  -1.7739720062  -0.4154818202
1.7039270364  -1.7661528806  -0.4216724696
1.6977365305  -1.7583334207  -0.4278980568
1.6915111684  -1.7505147324  -0.4341581344
1.6852513868  -1.7426977953  -0.4404522689
1.6789576760  -1.7348836003  -0.4467800320
1.6726303407  -1.7270729412  -0.4531409921
1.6662697404  -1.7192666576  -0.4595347182
1.6598761887  -1.7114655374  -0.4659607841
1.6534502217  -1.7036705895  -0.4724187652
1.6469922401  -1.6958826794  -0.4789082373
1.6405025877  -1.6881026032  -0.4854287793
1.6339817915  -1.6803313353  -0.4919799736
1.6274301010  -1.6725695573  -0.4985614047
1.6208477808  -1.6648179534  -0.5051726577
1.6142353759  -1.6570774830  -0.5118133210
1.6075934181  -1.6493490792  -0.5184829866
1.6009222479  -1.6416334646  -0.5251812452
1.5942222071  -1.6339313422  -0.5319076871
1.5874937821  -1.6262435398  -0.5386619037
1.5807373192  -1.6185707213  -0.5454434784
1.5739532536  -1.6109136150  -0.5522519861
1.5671419239  -1.6032728227  -0.5590869888
1.5603036427  -1.5956488841  -0.5659480179
1.5534389763  -1.5880425585  -0.5728345587
1.5465482448  -1.5804543121  -0.5797460065
1.5396317005  -1.5728844727  -0.5866815585
1.5326895886  -1.5653332385  -0.5936399490
1.5257215876  -1.5578001450  -0.6006179714
1.5187276884  -1.5502851247  -0.6076136579
1.5117109560  -1.5427913226  -0.6146335543
1.5046755969  -1.5353234030  -0.6216863557
1.4976217293  -1.5278824693  -0.6287730199
1.4905466726  -1.5204665066  -0.6358911607
1.4834491173  -1.5130739579  -0.6430394429
1.4763291127  -1.5057041827  -0.6502166699
1.4691868583  -1.4983566051  -0.6574215814
1.4620226797  -1.4910306754  -0.6646528618
1.4548368648  -1.4837257003  -0.6719091473
1.4476297114  -1.4764408959  -0.6791890306
1.4404016616  -1.4691755317  -0.6864910633
1.4331530207  -1.4619286552  -0.6938137595
1.4258840286  -1.4546991717  -0.7011556054
1.4185950424  -1.4474860396  -0.7085150603
1.4112865623  -1.4402883047  -0.7158905634
1.4039589471  -1.4331048195  -0.7232805432
1.3966123897  -1.4259342300  -0.7306834151
1.3892472860  -1.4187753558  -0.7380975823
1.3818639788  -1.4116269449  -0.7455214445
1.3744626658  -1.4044875874  -0.7529534044
1.3670435475  -1.3973558707  -0.7603918682
1.3596066908  -1.3902302547  -0.7678352500
1.3521520088  -1.3831090655  -0.7752819761
1.3446791171  -1.3759903550  -0.7827304894
1.3371871900  -1.3688717719  -0.7901792547
1.3296746875  -1.3617503032  -0.7976267585
1.3221386786  -1.3546216060  -0.8050715134
1.3145735398  -1.3474787236  -0.8125120692
1.3069677008  -1.3403088388  -0.8199470195
1.2992940687  -1.3330835027  -0.8273750303
1.2914386279  -1.3256883746  -0.8347948488
1.2835121335  -1.3182385821  -0.8422051690
1.2758961674  -1.3111169761  -0.8496044900
1.2685633709  -1.3042901396  -0.8569912669
1.2612794159  -1.2975173340  -0.8643641522
1.2540119920  -1.2907612775  -0.8717219884
1.2467606212  -1.2840185422  -0.8790636955
1.2395250960  -1.2772872043  -0.8863882510
1.2323052111  -1.2705655797  -0.8936947034
1.2251007789  -1.2638521149  -0.9009821771
1.2179116310  -1.2571453900  -0.9082498767
1.2107376173  -1.2504441196  -0.9154970870
1.2035786041  -1.2437471527  -0.9227231771
1.1964344759  -1.2370534734  -0.9299276070
1.1893051338  -1.2303622007  -0.9371099288
1.1821904915  -1.2236725860  -0.9442697851
1.1750904744  -1.2169840109  -0.9514069129
1.1680050213  -1.2102959847  -0.9585211519
1.1609340830  -1.2036081391  -0.9656124452
1.1538776186  -1.1969202224  -0.9726808393
1.1468355948  -1.1902320960  -0.9797264916
1.1398079864  -1.1835437285  -0.9867496743
1.1327947746  -1.1768551888  -0.9937507798
1.1257959464  -1.1701666392  -1.0007303285
1.1188114952  -1.1634783288  -1.0076889795
1.1118414229  -1.1567905873  -1.0146275477
1.1048857430  -1.1501038194  -1.0215470276
1.0979444895  -1.1434185003  -1.0284486364
1.0910177352  -1.1367351793  -1.0353338941
1.0841056356  -1.1300544973  -1.0422047889
1.0772085442  -1.1233772632  -1.0490641833
1.0703276164  -1.1167045769  -1.0559177575
1.0634638954  -1.1100374739  -1.0627710709
1.0566145830  -1.1033759677  -1.0696207687
1.0497743084  -1.0967190564  -1.0764590145
1.0429416911  -1.0900660172  -1.0832839161
1.0361190692  -1.0834169032  -1.0900967198
1.0293078075  -1.0767719514  -1.0968977738
1.0225079069  -1.0701312673  -1.1036872563
1.0157192045  -1.0634948880  -1.1104653473
1.0089415384  -1.0568628228  -1.1172322302
1.0021747486  -1.0502350585  -1.1239880913
0.9954186764  -1.0436115598  -1.1307331189
0.9886731644  -1.0369922693  -1.1374675033
0.9819380566  -1.0303771080  -1.1441914360
0.9752131981  -1.0237659761  -1.1509051092
0.9684984351  -1.0171587536  -1.1576087149
0.9617936150  -1.0105553006  -1.1643024447
0.9550985862  -1.0039554586  -1.1709864887
0.9484131984  -0.9973590520  -1.1776610352
0.9417373023  -0.9907658896  -1.1843262694
0.9350707497  -0.9841757652  -1.1909823734
0.9284133937  -0.9775884599  -1.1976295246
0.9217650888  -0.9710037438  -1.2042678957
0.9151256905  -0.9644213774  -1.2108976531
0.9084950556  -0.9578411144  -1.2175189570
0.9018730425  -0.9512627032  -1.2241319593
0.8952595107  -0.9446858903  -1.2307368036
0.8886543208  -0.9381104236  -1.2373336232
0.8820573346  -0.9315360574  -1.2439225395
0.8754684144  -0.9249625615  -1.2505036585
0.8688874218  -0.9183897395  -1.2570770656
0.8623142123  -0.9118175042  -1.2636428050
0.8557486329  -0.9052458531  -1.2702008685
0.8491905482  -0.8986744286  -1.2767512701
0.8426398826  -0.8921022788  -1.2832941506
0.8360965974  -0.8855285480  -1.2898297298
0.8295606155  -0.8789530318  -1.2963581784
0.8230318077  -0.8723757710  -1.3028796049
0.8165100413  -0.8657966458  -1.3093941086
0.8099952023  -0.8592154419  -1.3159017927
0.8034871875  -0.8526319514  -1.3224027588
0.7969858962  -0.8460459831  -1.3288971062
0.7904912302  -0.8394573621  -1.3353849315
0.7840030937  -0.8328659299  -1.3418663290
0.7775213930  -0.8262715437  -1.3483413900
0.7710460368  -0.8196740765  -1.3548102038
0.7645769362  -0.8130734161  -1.3612728567
0.7581140048  -0.8064694659  -1.3677294324
0.7516571582  -0.7998621440  -1.3741800122
0.7452063149  -0.7932513805  -1.3806246747
0.7387613956  -0.7866371155  -1.3870634958
0.7323223234  -0.7800192987  -1.3934965488
0.7258890242  -0.7733978882  -1.3999239044
0.7194614261  -0.7667728492  -1.4063456308
0.7130394601  -0.7601441523  -1.4127617936
0.7066230594  -0.7535117716  -1.4191724555
0.7002121602  -0.7468756830  -1.4255776768
0.6938067010  -0.7402358623  -1.4319775154
0.6874066231  -0.7335922827  -1.4383720263
0.6810118705  -0.7269449118  -1.4447612621
0.6746223901  -0.7202937082  -1.4511452730
0.6682381313  -0.7136386146  -1.4575241067
0.6618590464  -0.7069795422  -1.4638978086
0.6554850908  -0.7003163502  -1.4702664224
0.6491162227  -0.6936488799  -1.4766299898
0.6427524028  -0.6869770549  -1.4829885491
0.6363935940  -0.6803009190  -1.4893421339
0.6300397617  -0.6736205498  -1.4956907734
0.6236908744  -0.6669359848  -1.5020344942
0.6173469044  -0.6602472379  -1.5083733203
0.6110078271  -0.6535543305  -1.5147072732
0.6046736211  -0.6468572950  -1.5210363712
0.5983442676  -0.6401561723  -1.5273606295
0.5920197512  -0.6334510117  -1.5336800599
0.5857000595  -0.6267418713  -1.5399946713
0.5793851834  -0.6200288178  -1.5463044691
0.5730751169  -0.6133117487  -1.5526094559
0.5667698573  -0.6065902160  -1.5589096318
0.5604694056  -0.5998641637  -1.5652049933
0.5541737653  -0.5931345364  -1.5714955311
0.5478829431  -0.5864022286  -1.5777812312
0.5415969494  -0.5796673885  -1.5840620776
0.5353157990  -0.5729300066  -1.5903380523
0.5290395100  -0.5661901784  -1.5966091342
0.5227681037  -0.5594479966  -1.6028752985
0.5165016049  -0.5527035488  -1.6091365171
0.5102400418  -0.5459569203  -1.6153927585
0.5039834460  -0.5392081974  -1.6216439877
0.4977318531  -0.5324574708  -1.6278901662
0.4914853017  -0.5257048386  -1.6341312517
0.4852438344  -0.5189504097  -1.6403671985
0.4790074972  -0.5121943063  -1.6465979568
0.4727763399  -0.5054366671  -1.6528234733
0.4665504157  -0.4986776498  -1.6590436906
0.4603297817  -0.4919174334  -1.6652585477
0.4541144985  -0.4851562205  -1.6714679795
0.4479046303  -0.4783942387  -1.6776719169
0.4417002454  -0.4716317420  -1.6838702870
0.4355014152  -0.4648690123  -1.6900630130
0.4293082152  -0.4581063598  -1.6962500141
0.4231207244  -0.4513441244  -1.7024312058
0.4169390256  -0.4445826757  -1.7086064997
0.4107632050  -0.4378224126  -1.7147758038
0.4045933526  -0.4310637637  -1.7209390221
0.3984295618  -0.4243071857  -1.7270960554
0.3922719298  -0.4175531634  -1.7332468007
0.3861205571  -0.4108022076  -1.7393911518
0.3799755476  -0.4040548543  -1.7455289989
0.3738370269  -0.3973142362  -1.7516603321
0.3677051476  -0.3905844235  -1.7577852558
0.3615800012  -0.3838599662  -1.7639035759
0.3554616003  -0.3771334734  -1.7700148230
0.3493500305  -0.3704084768  -1.7761187516
0.3432454662  -0.3636897279  -1.7822152499
0.3371480644  -0.3569781848  -1.7883041553
0.3310579610  -0.3502747925  -1.7943853100
0.3249752953  -0.3435804878  -1.8004585622
0.3189002093  -0.3368961926  -1.8065237665
0.3128328474  -0.3302228071  -1.8125807851
0.3067733559  -0.3235612047  -1.8186294876
0.3007218825  -0.3169122276  -1.8246697523
0.2946785759  -0.3102766825  -1.8307014656
0.2886435851  -0.3036553386  -1.8367245230
0.2826170596  -0.2970489247  -1.8427388286
0.2765991483  -0.2904581282  -1.8487442952
0.2705900000  -0.2838835948  -1.8547408443
0.2645897625  -0.2773259280  -1.8607284055
0.2585985831  -0.2707856905  -1.8667069163
0.2526166077  -0.2642634051  -1.8726763212
0.2466439813  -0.2577595566  -1.8786365714
0.2406808479  -0.2512745945  -1.8845876237
0.2347273500  -0.2448089352  -1.8905294396
0.2287836291  -0.2383629654  -1.8964619843
0.2228498254  -0.2319370457  -1.9023852255
0.2169260777  -0.2255315133  -1.9082991321
0.2110125236  -0.2191466868  -1.9142036727
0.2051092990  -0.2127828689  -1.9200988143
0.1992165387  -0.2064403507  -1.9259845205
0.1933343753  -0.2001194154  -1.9318607498
0.1874629395  -0.1938203510  -1.9377274540
0.1816085941  -0.1875462326  -1.9436741230
0.1757754905  -0.1812989121  -1.9497450998
0.1699475729  -0.1750712588  -1.9557871239
0.1641202531  -0.1688616382  -1.9618395717
0.1583020390  -0.1626742793  -1.9678995627
0.1524929236  -0.1565095225  -1.9739638385
0.1466929306  -0.1503677418  -1.9800287625
0.1409021154  -0.1442493395  -1.9860903201
0.1351205665  -0.1381547432  -1.9921441187
0.1293484065  -0.1320844013  -1.9981853877
0.1235857935  -0.1260387790  -2.0042089781
0.1178329222  -0.1200183520  -2.0102093633
0.1120900244  -0.1140236004  -2.0161806383
0.1063573697  -0.1080550017  -2.0221165202
0.1006352661  -0.1021130228  -2.0280103480
0.0949240598  -0.0961981124  -2.0338550827
0.0892241355  -0.0903106927  -2.0396433070
0.0835359157  -0.0844511515  -2.0453672259
0.0778598602  -0.0786198340  -2.0510186660
0.0721964651  -0.0728170361  -2.0565890762
0.0665462619  -0.0670429976  -2.0620695269
0.0609098151  -0.0612978974  -2.0674507109
0.0552877210  -0.0555818493  -2.0727229426
0.0496806050  -0.0498949003  -2.0778761584
0.0440891188  -0.0442370300  -2.0828999169
0.0385139371  -0.0386081532  -2.0877833982
0.0329557541  -0.0330081237  -2.0925154048
0.0274152793  -0.0274367415  -2.0970843608
0.0218932326  -0.0218937610  -2.1014783123
0.0163903395  -0.0163789030  -2.1056849276
0.0109073246  -0.0108918669  -2.1096914965
0.0054449061  -0.0054323450  -2.1134849312
0.0054369349  -0.0054322795  -2.1134849312
