0.103397
1.8322310873  -2.0677401782   0.0000745494
1.8322310873  -2.0677401782   0.0000745494
1.8322371197  -2.0677351132   0.0000613013
1.8322321691  -2.0676956054   0.0000279733
1.8322107424  -2.0676188814  -0.0000260121
1.8321685397  -2.0674984196  -0.0001012256
1.8321039715  -2.0673321281  -0.0001982308
1.8320161386  -2.0671190013  -0.0003175842
1.8319044021  -2.0668584340  -0.0004598354
1.8317682412  -2.0665499959  -0.0006255271
1.8316071952  -2.0661933393  -0.0008151947
1.8314208367  -2.0657881564  -0.0010293669
1.8312087581  -2.0653341565  -0.0012685651
1.8309705633  -2.0648310546  -0.0015333041
1.8307058635  -2.0642785638  -0.0018240914
1.8304142748  -2.0636763915  -0.0021414275
1.8300954162  -2.0630242369  -0.0024858060
1.8297489085  -2.0623217899  -0.0028577134
1.8293743738  -2.0615687296  -0.0032576294
1.8289714349  -2.0607647247  -0.0036860264
1.8285397151  -2.0599094334  -0.0041433700
1.8280788381  -2.0590025033  -0.0046301188
1.8275884278  -2.0580435720  -0.0051467242
1.8270681084  -2.0570322677  -0.0056936309
1.8265175045  -2.0559682094  -0.0062712764
1.8259362408  -2.0548510079  -0.0068800913
1.8253239428  -2.0536802661  -0.0075204989
1.8246802361  -2.0524555803  -0.0081929160
1.8240047472  -2.0511765402  -0.0088977520
1.8232971035  -2.0498427304  -0.0096354094
1.8225569332  -2.0484537312  -0.0104062837
1.8217838658  -2.0470091189  -0.0112107636
1.8209775229  -2.0455075557  -0.0120503961
1.8201375491  -2.0439494515  -0.0129245254
1.8192635896  -2.0423355099  -0.0138331622
1.8183552673  -2.0406646306  -0.0147766056
1.8174122146  -2.0389361348  -0.0157551746
1.8164340705  -2.0371495119  -0.0167692192
1.8154204766  -2.0353042856  -0.0178190856
1.8143710772  -2.0334000059  -0.0189051197
1.8132855198  -2.0314362369  -0.0200276661
1.8121634550  -2.0294125543  -0.0211870675
1.8110045365  -2.0273285446  -0.0223836637
1.8098084212  -2.0251838061  -0.0236177919
1.8085747700  -2.0229779507  -0.0248897853
1.8073032479  -2.0207106041  -0.0261999738
1.8059935235  -2.0183814057  -0.0275486832
1.8046452694  -2.0159900091  -0.0289362348
1.8032581629  -2.0135360844  -0.0303629458
1.8018318863  -2.0110193193  -0.0318291286
1.8003661258  -2.0084394187  -0.0333350906
1.7988605727  -2.0057961064  -0.0348811343
1.7973149239  -2.0030891275  -0.0364675569
1.7957288811  -2.0003182456  -0.0380946501
1.7941021511  -1.9974832454  -0.0397627002
1.7924344476  -1.9945839339  -0.0414719874
1.7907254894  -1.9916201394  -0.0432227862
1.7889750004  -1.9885917131  -0.0450153650
1.7871827119  -1.9854985325  -0.0468499858
1.7853483606  -1.9823404976  -0.0487269045
1.7834716893  -1.9791175319  -0.0506463702
1.7815524485  -1.9758295862  -0.0526086253
1.7795903943  -1.9724766362  -0.0546139070
1.7775852898  -1.9690584483  -0.0566624455
1.7755369043  -1.9655749681  -0.0587544588
1.7734450132  -1.9620267180  -0.0608901534
1.7713094030  -1.9584139912  -0.0630697320
1.7691298667  -1.9547367343  -0.0652933935
1.7669062022  -1.9509950128  -0.0675613288
1.7646382159  -1.9471889680  -0.0698737213
1.7623257207  -1.9433187747  -0.0722307486
1.7599685384  -1.9393846388  -0.0746325818
1.7575664976  -1.9353867917  -0.0770793855
1.7551194346  -1.9313254893  -0.0795713169
1.7526271930  -1.9272010121  -0.0821085261
1.7500896239  -1.9230136671  -0.0846911589
1.7475065869  -1.9187637899  -0.0873193565
1.7448779482  -1.9144517386  -0.0899932511
1.7422035824  -1.9100778946  -0.0927129679
1.7394833709  -1.9056426638  -0.0954786256
1.7367172042  -1.9011464773  -0.0982903363
1.7339049790  -1.8965897876  -0.1011482062
1.7310466004  -1.8919730711  -0.1040523356
1.7281419802  -1.8872968248  -0.1070028172
1.7251910375  -1.8825615668  -0.1099997341
1.7221936992  -1.8777678378  -0.1130431668
1.7191498992  -1.8729161975  -0.1161331903
1.7160595772  -1.8680072247  -0.1192698673
1.7129226818  -1.8630415227  -0.1224532549
1.7097391690  -1.8580197135  -0.1256834076
1.7065089996  -1.8529424330  -0.1289603680
1.7032321404  -1.8478103357  -0.1322841690
1.6999085632  -1.8426240953  -0.1356548403
1.6965382546  -1.8373844087  -0.1390724065
1.6931212666  -1.8320920352  -0.1425368841
1.6896575654  -1.8267476458  -0.1460482805
1.6861468842  -1.8213516986  -0.1496065972
1.6825891149  -1.8159048443  -0.1532118291
1.6789843786  -1.8104079847  -0.1568639615
1.6753327004  -1.8048619269  -0.1605629715
1.6716340499  -1.7992674285  -0.1643088310
1.6678884452  -1.7936253287  -0.1681015060
1.6640959278  -1.7879365214  -0.1719409517
1.6602565470  -1.7822018141  -0.1758271153
1.6563703532  -1.7764217906  -0.1797599407
1.6524373470  -1.7705969169  -0.1837393652
1.6484575945  -1.7647279595  -0.1877653156
1.6444312880  -1.7588160815  -0.1918377098
1.6403585275  -1.7528624304  -0.1959564557
1.6362393465  -1.7468680502  -0.2001214560
1.6320738413  -1.7408340141  -0.2043326081
1.6278621275  -1.7347613858  -0.2085897985
1.6236043170  -1.7286511904  -0.2128929078
1.6193005706  -1.7225044691  -0.2172418107
1.6149510809  -1.7163222636  -0.2216363687
1.6105558875  -1.7101054250  -0.2260764345
1.6061150944  -1.7038548310  -0.2305618572
1.6016290707  -1.6975715988  -0.2350924811
1.5970979284  -1.6912565589  -0.2396681417
1.5925216393  -1.6849103619  -0.2442886640
1.5879005757  -1.6785340343  -0.2489538660
1.5832349745  -1.6721284491  -0.2536635595
1.5785247990  -1.6656941735  -0.2584175465
1.5737702526  -1.6592319943  -0.2632156225
1.5689716499  -1.6527427996  -0.2680575733
1.5641292646  -1.6462274207  -0.2729431737
1.5592432639  -1.6396865679  -0.2778721954
1.5543138170  -1.6331209419  -0.2828444074
1.5493412501  -1.6265313951  -0.2878595736
1.5443257751  -1.6199186653  -0.2929174505
1.5392675442  -1.6132834272  -0.2980177853
1.5341668056  -1.6066264539  -0.3031603182
1.5290239036  -1.5999486221  -0.3083447802
1.5238391280  -1.5932507691  -0.3135708808
1.5186125784  -1.5865335451  -0.3188383137
1.5133445890  -1.5797977549  -0.3241468321
1.5080356030  -1.5730442336  -0.3294962870
1.5026858659  -1.5662737950  -0.3348865099
1.4972956289  -1.5594875436  -0.3403172114
1.4918651095  -1.5526865590  -0.3457880296
1.4863945182  -1.5458717482  -0.3512985993
1.4808843105  -1.5390441936  -0.3568485593
1.4753348064  -1.5322048419  -0.3624375433
1.4697462015  -1.5253545165  -0.3680651829
1.4641189986  -1.5184943626  -0.3737311079
1.4584534751  -1.5116253029  -0.3794349409
1.4527497669  -1.5047481151  -0.3851763017
1.4470082367  -1.4978638141  -0.3909548123
1.4412293658  -1.4909735381  -0.3967700936
1.4354136011  -1.4840783872  -0.4026217624
1.4295612396  -1.4771793057  -0.4085094332
1.4236725673  -1.4702772192  -0.4144327212
1.4177480489  -1.4633732234  -0.4203912381
1.4117880463  -1.4564683001  -0.4263845950
1.4057928769  -1.4495633710  -0.4324124036
1.3997630327  -1.4426595189  -0.4384742690
1.3936987106  -1.4357575071  -0.4445697871
1.3876003442  -1.4288583081  -0.4506985449
1.3814685154  -1.4219630219  -0.4568601157
1.3753034976  -1.4150724059  -0.4630540475
1.3691056492  -1.4081872602  -0.4692798482
1.3628753951  -1.4013084096  -0.4755369595
1.3566130973  -1.3944365591  -0.4818246964
1.3503190549  -1.3875722767  -0.4881421026
1.3439934687  -1.3807158921  -0.4944875900
1.3376358671  -1.3738669982  -0.5008569923
1.3312463629  -1.3670258539  -0.5072491960
1.3248288837  -1.3601965821  -0.5136736495
1.3183878706  -1.3533842964  -0.5201394019
1.3119226565  -1.3465895969  -0.5266463421
1.3054302237  -1.3398102432  -0.5331919451
1.2989093553  -1.3330448316  -0.5397747678
1.2923602654  -1.3262929964  -0.5463934374
1.2857832325  -1.3195543386  -0.5530465043
1.2791785353  -1.3128283398  -0.5597324520
1.2725466421  -1.3061145537  -0.5664496991
1.2658879127  -1.2994123138  -0.5731966049
1.2592025831  -1.2927207240  -0.5799714834
1.2524910186  -1.2860389266  -0.5867726059
1.2457536269  -1.2793660263  -0.5935982012
1.2389910149  -1.2727012524  -0.6004464610
1.2322034414  -1.2660434176  -0.6073155495
1.2253911142  -1.2593912273  -0.6142036107
1.2185546329  -1.2527437361  -0.6211087699
1.2116943181  -1.2460996867  -0.6280291380
1.2048104433  -1.2394577492  -0.6349628199
1.1979033060  -1.2328166024  -0.6419079162
1.1909730778  -1.2261747935  -0.6488625306
1.1840197991  -1.2195307444  -0.6558247756
1.1770432967  -1.2128826863  -0.6627927695
1.1700430104  -1.2062284885  -0.6697646458
1.1630178349  -1.1995655204  -0.6767385608
1.1559656865  -1.1928902334  -0.6837126950
1.1488826644  -1.1861973389  -0.6906852585
1.1417612598  -1.1794780518  -0.6976544999
1.1345856024  -1.1727153679  -0.7046187173
1.1273190749  -1.1658715849  -0.7115762948
1.1198104309  -1.1587962605  -0.7185257003
1.1122916478  -1.1517259435  -0.7254653081
1.1051821368  -1.1450787189  -0.7323932707
1.0983435008  -1.1387081630  -0.7393077400
1.0915478567  -1.1323803248  -0.7462071111
1.0847704370  -1.1260663192  -0.7530899721
1.0780107942  -1.1197632092  -0.7599549879
1.0712687495  -1.1134691681  -0.7668008897
1.0645441320  -1.1071825658  -0.7736264929
1.0578367923  -1.1009019144  -0.7804306990
1.0511466013  -1.0946258697  -0.7872124992
1.0444734524  -1.0883532334  -0.7939709832
1.0378172606  -1.0820829539  -0.8007053419
1.0311779593  -1.0758141249  -0.8074148684
1.0245554972  -1.0695459821  -0.8140989578
1.0179498390  -1.0632779020  -0.8207571150
1.0113609671  -1.0570094002  -0.8273889644
1.0047888780  -1.0507401267  -0.8339942459
0.9982335776  -1.0444698602  -0.8405728176
0.9916950826  -1.0381985029  -0.8471246658
0.9851734201  -1.0319260744  -0.8536499078
0.9786686247  -1.0256527051  -0.8601487968
0.9721807378  -1.0193786288  -0.8666217309
0.9657098076  -1.0131041754  -0.8730692618
0.9592558895  -1.0068297623  -0.8794921102
0.9528190485  -1.0005558886  -0.8858911864
0.9463993640  -0.9942831290  -0.8922676222
0.9399969402  -0.9880121309  -0.8986228285
0.9336119308  -0.9817436179  -0.9049586007
0.9272445974  -0.9754784126  -0.9112773486
0.9208954593  -0.9692175276  -0.9175826451
0.9145660550  -0.9629622957  -0.9238817927
0.9082572633  -0.9567138297  -0.9301802741
0.9019650419  -0.9504719498  -0.9364720648
0.8956836587  -0.9442355976  -0.9427486515
0.8894126867  -0.9380043436  -0.9490089230
0.8831548705  -0.9317785334  -0.9552541039
0.8769114397  -0.9255585494  -0.9614844672
0.8706823859  -0.9193446100  -0.9677001578
0.8644675814  -0.9131368725  -0.9739013236
0.8582668995  -0.9069354655  -0.9800881162
0.8520802154  -0.9007404926  -0.9862606903
0.8459074056  -0.8945520319  -0.9924192037
0.8397483480  -0.8883701366  -0.9985638160
0.8336029218  -0.8821948356  -1.0046946886
0.8274710073  -0.8760261332  -1.0108119835
0.8213524861  -0.8698640109  -1.0169158629
0.8152472407  -0.8637084280  -1.0230064883
0.8091551552  -0.8575593234  -1.0290840199
0.8030761143  -0.8514166164  -1.0351486154
0.7970100042  -0.8452802081  -1.0412004294
0.7909567124  -0.8391499832  -1.0472396128
0.7849161276  -0.8330258122  -1.0532663113
0.7788881397  -0.8269075526  -1.0592806651
0.7728726400  -0.8207950515  -1.0652828074
0.7668695215  -0.8146881475  -1.0712728642
0.7608786782  -0.8085866729  -1.0772509522
0.7549000057  -0.8024904570  -1.0832171785
0.7489334009  -0.7963993280  -1.0891716382
0.7429787618  -0.7903131177  -1.0951144128
0.7370359865  -0.7842316674  -1.1010455660
0.7311049724  -0.7781548386  -1.1069651358
0.7251856094  -0.7720825542  -1.1128731099
0.7192777799  -0.7660147627  -1.1187694206
0.7133813925  -0.7599512094  -1.1246540488
0.7074964216  -0.7538914078  -1.1305271263
0.7016228670  -0.7478350058  -1.1363888483
0.6957606789  -0.7417819328  -1.1422393408
0.6899097604  -0.7357321733  -1.1480786709
0.6840700179  -0.7296856464  -1.1539069013
0.6782413768  -0.7236422557  -1.1597240979
0.6724237712  -0.7176019204  -1.1655303252
0.6666171380  -0.7115645760  -1.1713256451
0.6608214161  -0.7055301741  -1.1771101172
0.6550365469  -0.6994986823  -1.1828837984
0.6492624738  -0.6934700840  -1.1886467433
0.6434991424  -0.6874443775  -1.1943990041
0.6377465006  -0.6814215760  -1.2001406304
0.6320044986  -0.6754017065  -1.2058716695
0.6262730886  -0.6693848093  -1.2115921663
0.6205522252  -0.6633709361  -1.2173021633
0.6148418652  -0.6573601491  -1.2230017004
0.6091419675  -0.6513525192  -1.2286908156
0.6034524932  -0.6453481252  -1.2343695444
0.5977734059  -0.6393470525  -1.2400379198
0.5921046711  -0.6333493906  -1.2456959730
0.5864462565  -0.6273552327  -1.2513437328
0.5807981323  -0.6213646727  -1.2569812258
0.5751602706  -0.6153778044  -1.2626084766
0.5695326459  -0.6093947184  -1.2682255077
0.5639152346  -0.6034155001  -1.2738323397
0.5583080156  -0.5974402257  -1.2794289914
0.5527109699  -0.5914689564  -1.2850154797
0.5471240805  -0.5855017225  -1.2905918201
0.5415473329  -0.5795385094  -1.2961580270
0.5359807146  -0.5735792987  -1.3017141137
0.5304242151  -0.5676241560  -1.3072600902
0.5248778251  -0.5616732427  -1.3127959630
0.5193415372  -0.5557267329  -1.3183217349
0.5138153464  -0.5497847646  -1.3238374072
0.5082992505  -0.5438474616  -1.3293429799
0.5027932493  -0.5379149541  -1.3348384512
0.4972973445  -0.5319873798  -1.3403238171
0.4918115400  -0.5260648827  -1.3457990719
0.4863358414  -0.5201476126  -1.3512642074
0.4808702565  -0.5142357249  -1.3567192140
0.4754147950  -0.5083293813  -1.3621640796
0.4699694684  -0.5024286512  -1.3675987908
0.4645342903  -0.4965334167  -1.3730233322
0.4591092761  -0.4906437784  -1.3784376869
0.4536944435  -0.4847603827  -1.3838418347
0.4482898118  -0.4788838436  -1.3892357527
0.4428954020  -0.4730143681  -1.3946194175
0.4375112373  -0.4671520792  -1.3999928040
0.4321373428  -0.4612971561  -1.4053558859
0.4267737450  -0.4554497759  -1.4107086350
0.4214204723  -0.4496101131  -1.4160510215
0.4160775545  -0.4437783410  -1.4213830141
0.4107450235  -0.4379546337  -1.4267045800
0.4054229124  -0.4321391672  -1.4320156845
0.4001112560  -0.4263321214  -1.4373162917
0.3948100907  -0.4205336813  -1.4426063641
0.3895194543  -0.4147440386  -1.4478858627
0.3842393863  -0.4089633927  -1.4531547469
0.3789699272  -0.4031919518  -1.4584129749
0.3737111193  -0.3974299342  -1.4636605033
0.3684630058  -0.3916775686  -1.4688972874
0.3632256317  -0.3859350949  -1.4741232812
0.3579990427  -0.3802027643  -1.4793384372
0.3527832861  -0.3744808397  -1.4845427071
0.3475784100  -0.3687695961  -1.4897360412
0.3423844638  -0.3630693201  -1.4949183887
0.3372014978  -0.3573803100  -1.5000896980
0.3320295633  -0.3517028753  -1.5052499163
0.3268687124  -0.3460373362  -1.5103989901
0.3217189982  -0.3403840228  -1.5155368651
0.3165804743  -0.3347432744  -1.5206634863
0.3114531952  -0.3291154382  -1.5257787981
0.3063372159  -0.3235008688  -1.5308827443
0.3012326011  -0.3179012564  -1.5359753303
0.2961394275  -0.3123187486  -1.5410566322
0.2910577394  -0.3067505647  -1.5461265476
0.2859875424  -0.3011929715  -1.5511848098
0.2809288779  -0.2956478817  -1.5562312885
0.2758818284  -0.2901177967  -1.5612659357
0.2708464658  -0.2846032449  -1.5662886740
0.2658228506  -0.2791047372  -1.5712994309
0.2608110437  -0.2736227720  -1.5762981388
0.2558111057  -0.2681578309  -1.5812847360
0.2508230971  -0.2627103765  -1.5862591663
0.2458470775  -0.2572808499  -1.5912213803
0.2408831062  -0.2518696690  -1.5961713348
0.2359312412  -0.2464772271  -1.6011089935
0.2309915392  -0.2411038917  -1.6060343269
0.2260640559  -0.2357500043  -1.6109473126
0.2211488451  -0.2304158801  -1.6158479348
0.2162459593  -0.2251018081  -1.6207361845
0.2113554489  -0.2198080518  -1.6256120592
0.2064773628  -0.2145348497  -1.6304755625
0.2016117479  -0.2092824166  -1.6353267040
0.1967586492  -0.2040509447  -1.6401654986
0.1919181098  -0.1988406054  -1.6449919660
0.1870901709  -0.1936515502  -1.6498061300
0.1822748719  -0.1884839132  -1.6546080181
0.1774722502  -0.1833378124  -1.6593976604
0.1726823413  -0.1782133517  -1.6641750887
0.1679051787  -0.1731106228  -1.6689403359
0.1631407943  -0.1680297071  -1.6736934346
0.1583892178  -0.1629706774  -1.6784344164
0.1536504770  -0.1579335998  -1.6831633104
0.1489245977  -0.1529185390  -1.6878801419
0.1442153609  -0.1479268268  -1.6926554604
0.1395252174  -0.1429592117  -1.6975242445
0.1348444364  -0.1380123743  -1.7023658909
0.1301701953  -0.1330855159  -1.7072114804
0.1255075649  -0.1281804845  -1.7120588219
0.1208564840  -0.1232973561  -1.7169054285
0.1162169092  -0.1184362175  -1.7217485171
0.1115888156  -0.1135971640  -1.7265850088
0.1069721984  -0.1087802984  -1.7314115285
0.1023670733  -0.1039857291  -1.7362244052
0.0977734776  -0.0992135679  -1.7410196719
0.0931914714  -0.0944639280  -1.7457930656
0.0886211376  -0.0897369210  -1.7505400272
0.0840625831  -0.0850326542  -1.7552557017
0.0795159390  -0.0803512281  -1.7599349381
0.0749813611  -0.0756927329  -1.7645722892
0.0704590298  -0.0710572456  -1.7691620121
0.0659491505  -0.0664448272  -1.7736980678
0.0614519531  -0.0618555201  -1.7781741210
0.0569676919  -0.0572893452  -1.7825835408
0.0524966448  -0.0527463004  -1.7869194000
0.0480391127  -0.0482263586  -1.7911744756
0.0435954179  -0.0437294669  -1.7953412485
0.0391659037  -0.0392555466  -1.7994119037
0.0347509316  -0.0348044930  -1.8033783299
0.0303508803  -0.0303761771  -1.8072321201
0.0259661425  -0.0259704477  -1.8109645712
0.0215971228  -0.0215871343  -1.8145666840
0.0172442344  -0.0172260510  -1.8180291635
0.0129078954  -0.0128870007  -1.8213424185
0.0085885252  -0.0085697804  -1.8244965618
0.0042865396  -0.0042741867  -1.8274814104
0.0042816007  -0.0042741482  -1.8274814104
