0.208815
0.9587979723  -0.9686619407   0.0000296567
0.9587979723  -0.9686619407   0.0000296567
0.9588013046  -0.9686632156   0.0000256795
0.9588006554  -0.9686564093   0.0000144463
0.9587937702  -0.9686402293  -0.0000042279
0.9587793776  -0.9686136253  -0.0000305280
0.9587569754  -0.9685762023  -0.0000646388
0.9587262693  -0.9685277388  -0.0001067448
0.9586870436  -0.9684680779  -0.0001570303
0.9586391179  -0.9683970903  -0.0002156794
0.9585823293  -0.9683146593  -0.0002828761
0.9585165244  -0.9682206736  -0.0003588040
0.9584415544  -0.9681150240  -0.0004436468
0.9583572733  -0.9679976010  -0.0005375877
0.9582635361  -0.9678682936  -0.0006408099
0.9581601981  -0.9677269887  -0.0007534963
0.9580471143  -0.9675735708  -0.0008758298
0.9579241389  -0.9674079210  -0.0010079927
0.9577911254  -0.9672299178  -0.0011501676
0.9576479258  -0.9670394362  -0.0013025365
0.9574943911  -0.9668363477  -0.0014652814
0.9573303708  -0.9666205207  -0.0016385841
0.9571557130  -0.9663918201  -0.0018226261
0.9569702642  -0.9661501072  -0.0020175888
0.9567738694  -0.9658952402  -0.0022236533
0.9565663720  -0.9656270736  -0.0024410007
0.9563476137  -0.9653454586  -0.0026698118
0.9561174347  -0.9650502430  -0.0029102670
0.9558756732  -0.9647412715  -0.0031625468
0.9556221661  -0.9644183852  -0.0034268314
0.9553567484  -0.9640814220  -0.0037033007
0.9550792532  -0.9637302169  -0.0039921347
0.9547895074  -0.9633644022  -0.0042939484
0.9544873459  -0.9629839894  -0.0046085216
0.9541726036  -0.9625890681  -0.0049358874
0.9538451020  -0.9621793185  -0.0052762116
0.9535046635  -0.9617544915  -0.0056296626
0.9531511101  -0.9613143826  -0.0059964171
0.9527842626  -0.9608587926  -0.0063766535
0.9524039400  -0.9603875236  -0.0067705526
0.9520099596  -0.9599003765  -0.0071782977
0.9516021369  -0.9593971506  -0.0076000739
0.9511802858  -0.9588776434  -0.0080360685
0.9507442184  -0.9583416505  -0.0084864707
0.9502937450  -0.9577889662  -0.0089514714
0.9498286743  -0.9572193831  -0.0094312635
0.9493488131  -0.9566326925  -0.0099260415
0.9488539668  -0.9560286849  -0.0104360017
0.9483439392  -0.9554071497  -0.0109613422
0.9478185322  -0.9547678749  -0.0115022628
0.9472775461  -0.9541106477  -0.0120589650
0.9467207793  -0.9534352548  -0.0126316517
0.9461480288  -0.9527414818  -0.0132205279
0.9455590897  -0.9520291146  -0.0138257999
0.9449537555  -0.9512979383  -0.0144476756
0.9443318180  -0.9505477383  -0.0150863649
0.9436930677  -0.9497782996  -0.0157420790
0.9430372931  -0.9489894077  -0.0164150310
0.9423642813  -0.9481808483  -0.0171054355
0.9416738178  -0.9473524075  -0.0178135088
0.9409656862  -0.9465038718  -0.0185394686
0.9402396687  -0.9456350283  -0.0192835344
0.9394955461  -0.9447456652  -0.0200459267
0.9387330980  -0.9438355140  -0.0208268678
0.9379521023  -0.9429043441  -0.0216265811
0.9371523355  -0.9419520672  -0.0224452912
0.9363335735  -0.9409785356  -0.0232832243
0.9354955909  -0.9399835037  -0.0241406079
0.9346381605  -0.9389667477  -0.0250176713
0.9337610539  -0.9379280594  -0.0259146451
0.9328640411  -0.9368672341  -0.0268317613
0.9319468901  -0.9357840684  -0.0277692534
0.9310093677  -0.9346783598  -0.0287273556
0.9300512398  -0.9335499081  -0.0297063034
0.9290722710  -0.9323985155  -0.0307063326
0.9280722248  -0.9312239858  -0.0317276803
0.9270508636  -0.9300261242  -0.0327705847
0.9260079484  -0.9288047367  -0.0338352855
0.9249432401  -0.9275596312  -0.0349220239
0.9238564987  -0.9262906173  -0.0360310423
0.9227474826  -0.9249975054  -0.0371625842
0.9216159485  -0.9236801067  -0.0383168935
0.9204616519  -0.9223382332  -0.0394942145
0.9192843473  -0.9209716987  -0.0406947921
0.9180837885  -0.9195803184  -0.0419188720
0.9168597281  -0.9181639096  -0.0431667005
0.9156119191  -0.9167222926  -0.0444385246
0.9143401155  -0.9152552911  -0.0457345920
0.9130440717  -0.9137627315  -0.0470551507
0.9117235419  -0.9122444432  -0.0484004489
0.9103782804  -0.9107002587  -0.0497707356
0.9090080416  -0.9091300140  -0.0511662599
0.9076125780  -0.9075335469  -0.0525872711
0.9061916395  -0.9059106952  -0.0540340185
0.9047449738  -0.9042612964  -0.0555067514
0.9032723278  -0.9025851880  -0.0570057190
0.9017734480  -0.9008822143  -0.0585311705
0.9002480812  -0.8991522313  -0.0600833550
0.8986959782  -0.8973951070  -0.0616625214
0.8971168941  -0.8956107280  -0.0632689180
0.8955105858  -0.8937990012  -0.0649027927
0.8938768115  -0.8919597978  -0.0665643929
0.8922153320  -0.8900928692  -0.0682539660
0.8905259030  -0.8881978867  -0.0699717585
0.8888082705  -0.8862746069  -0.0717180158
0.8870621757  -0.8843229539  -0.0734929818
0.8852873596  -0.8823429475  -0.0752968998
0.8834835682  -0.8803346249  -0.0771300116
0.8816505633  -0.8782980239  -0.0789925577
0.8797881190  -0.8762331789  -0.0808847772
0.8778960145  -0.8741401139  -0.0828069079
0.8759740275  -0.8720188358  -0.0847591863
0.8740219222  -0.8698693226  -0.0867418475
0.8720394544  -0.8676915268  -0.0887551249
0.8700263802  -0.8654853846  -0.0907992490
0.8679824606  -0.8632508219  -0.0928744484
0.8659074679  -0.8609877625  -0.0949809508
0.8638011796  -0.8586961214  -0.0971189831
0.8616633714  -0.8563757992  -0.0992887692
0.8594938207  -0.8540266889  -0.1014905294
0.8572923077  -0.8516486786  -0.1037244809
0.8550586178  -0.8492416534  -0.1059908390
0.8527925403  -0.8468054976  -0.1082898164
0.8504938668  -0.8443400956  -0.1106216229
0.8481623883  -0.8418453299  -0.1129864651
0.8457978952  -0.8393210808  -0.1153845454
0.8434001819  -0.8367672348  -0.1178160614
0.8409690507  -0.8341836885  -0.1202812059
0.8385043121  -0.8315703452  -0.1227801662
0.8360057807  -0.8289271018  -0.1253131244
0.8334732713  -0.8262538300  -0.1278802561
0.8309065982  -0.8235502385  -0.1304817223
0.8283055815  -0.8208160514  -0.1331176707
0.8256700624  -0.8180520744  -0.1357882799
0.8229998927  -0.8152602944  -0.1384937936
0.8202949085  -0.8124417339  -0.1412344601
0.8175549372  -0.8095953068  -0.1440104584
0.8147798189  -0.8067193550  -0.1468219069
0.8119694118  -0.8038130626  -0.1496689041
0.8091235697  -0.8008763351  -0.1525515420
0.8062421477  -0.7979093299  -0.1554699057
0.8033250199  -0.7949122952  -0.1584240718
0.8003720707  -0.7918855371  -0.1614141091
0.7973831932  -0.7888294089  -0.1644400802
0.7943582962  -0.7857443200  -0.1675020409
0.7912972720  -0.7826306993  -0.1706000398
0.7881999936  -0.7794889858  -0.1737341187
0.7850663851  -0.7763197013  -0.1769043128
0.7818964310  -0.7731234514  -0.1801106502
0.7786901119  -0.7699008609  -0.1833531519
0.7754473530  -0.7666525157  -0.1866318304
0.7721680725  -0.7633790066  -0.1899466895
0.7688522494  -0.7600809957  -0.1932977232
0.7654998919  -0.7567591760  -0.1966849134
0.7621110065  -0.7534142414  -0.2001082280
0.7586856225  -0.7500469015  -0.2035676153
0.7552237672  -0.7466578557  -0.2070629976
0.7517254303  -0.7432477479  -0.2105942590
0.7481906138  -0.7398172148  -0.2141612256
0.7446193135  -0.7363668603  -0.2177636329
0.7410115178  -0.7328972472  -0.2214010519
0.7373672379  -0.7294089189  -0.2250727439
0.7336864179  -0.7259022747  -0.2287773917
0.7299685762  -0.7223773005  -0.2325110322
0.7262134905  -0.7188341933  -0.2362715567
0.7224232457  -0.7152750528  -0.2400676092
0.7186008912  -0.7117030479  -0.2439112413
0.7147466931  -0.7081194879  -0.2478065262
0.7108588064  -0.7045238573  -0.2517520941
0.7069359546  -0.7009155431  -0.2557462408
0.7029777435  -0.6972941759  -0.2597876427
0.6989841305  -0.6936594686  -0.2638749493
0.6949551278  -0.6900110536  -0.2680066996
0.6908907616  -0.6863484517  -0.2721813260
0.6867911125  -0.6826711276  -0.2763971614
0.6826562842  -0.6789784537  -0.2806524465
0.6784863702  -0.6752696877  -0.2849453373
0.6742814406  -0.6715439741  -0.2892739135
0.6700415909  -0.6678003883  -0.2936361847
0.6657669316  -0.6640379395  -0.2980300962
0.6614575623  -0.6602555613  -0.3024535353
0.6571135604  -0.6564521036  -0.3069043394
0.6527349513  -0.6526263081  -0.3113803037
0.6483217271  -0.6487768406  -0.3158791872
0.6438738136  -0.6449022741  -0.3203987173
0.6393910024  -0.6410010281  -0.3249365968
0.6348729191  -0.6370713486  -0.3294905099
0.6303188569  -0.6331111546  -0.3340581284
0.6257276691  -0.6291179457  -0.3386371187
0.6210973924  -0.6250884421  -0.3432251491
0.6164248577  -0.6210182218  -0.3478198958
0.6117047315  -0.6169007991  -0.3524190507
0.6069271666  -0.6127253203  -0.3570203284
0.6020737854  -0.6084726437  -0.3616214773
0.5971103394  -0.6041082826  -0.3662203068
0.5918779369  -0.5994744502  -0.3708146972
0.5865397675  -0.5947364223  -0.3754024896
0.5815554988  -0.5903504117  -0.3799813710
0.5769534888  -0.5863366196  -0.3845489855
0.5725021377  -0.5824587442  -0.3891031316
0.5680883471  -0.5786023632  -0.3936417877
0.5636952939  -0.5747498854  -0.3981630423
0.5593220001  -0.5708993830  -0.4026650647
0.5549682619  -0.5670497302  -0.4071461129
0.5506339946  -0.5632000290  -0.4116045431
0.5463191365  -0.5593495219  -0.4160388159
0.5420236472  -0.5554975908  -0.4204475017
0.5377475080  -0.5516437558  -0.4248292873
0.5334907197  -0.5477876719  -0.4291829829
0.5292533027  -0.5439291255  -0.4335075283
0.5250352939  -0.5400680297  -0.4378019984
0.5208367459  -0.5362044190  -0.4420656097
0.5166577249  -0.5323384431  -0.4462977270
0.5124983091  -0.5284703602  -0.4504978710
0.5083585876  -0.5246005300  -0.4546657262
0.5042386576  -0.5207294056  -0.4588011482
0.5001386230  -0.5168575254  -0.4629041745
0.4960585935  -0.5129855053  -0.4669750359
0.4919986835  -0.5091140297  -0.4710141722
0.4879590124  -0.5052438444  -0.4750222531
0.4839397063  -0.5013757488  -0.4790002090
0.4799409020  -0.4975105910  -0.4829492752
0.4759627557  -0.4936492651  -0.4868710639
0.4720054631  -0.4897927166  -0.4907676980
0.4680693042  -0.4859419629  -0.4946420647
0.4641547249  -0.4820981534  -0.4984982794
0.4602629055  -0.4782628238  -0.5023443815
0.4563948504  -0.4744373790  -0.5061881433
0.4525481022  -0.4706214814  -0.5100262214
0.4487178590  -0.4668134773  -0.5138489508
0.4449023261  -0.4630128337  -0.5176519804
0.4411030814  -0.4592204952  -0.5214355674
0.4373216630  -0.4554374975  -0.5252003034
0.4335584926  -0.4516644420  -0.5289463771
0.4298135404  -0.4479017199  -0.5326739032
0.4260867159  -0.4441496662  -0.5363829983
0.4223779258  -0.4404085847  -0.5400737838
0.4186870766  -0.4366787494  -0.5437463859
0.4150140747  -0.4329604051  -0.5474009347
0.4113588264  -0.4292537681  -0.5510375636
0.4077212382  -0.4255590270  -0.5546564089
0.4041012161  -0.4218763434  -0.5582576088
0.4004986663  -0.4182058539  -0.5618413024
0.3969134947  -0.4145476706  -0.5654076294
0.3933456072  -0.4109018829  -0.5689567286
0.3897949098  -0.4072685594  -0.5724887378
0.3862613084  -0.4036477488  -0.5760037920
0.3827447093  -0.4000394822  -0.5795020234
0.3792450187  -0.3964437744  -0.5829835597
0.3757621432  -0.3928606262  -0.5864485238
0.3722959897  -0.3892900254  -0.5898970325
0.3688464653  -0.3857319489  -0.5933291954
0.3654134776  -0.3821863635  -0.5967451137
0.3619969344  -0.3786532268  -0.6001448790
0.3585967437  -0.3751324871  -0.6035285710
0.3552128133  -0.3716240800  -0.6068962540
0.3518450503  -0.3681279217  -0.6102479717
0.3484933587  -0.3646438654  -0.6135837288
0.3451576379  -0.3611717232  -0.6169034817
0.3418377967  -0.3577115476  -0.6202072059
0.3385337733  -0.3542637981  -0.6234949913
0.3352455253  -0.3508289351  -0.6267670102
0.3319729937  -0.3474070247  -0.6300234106
0.3287160930  -0.3439979033  -0.6332642875
0.3254747306  -0.3406014655  -0.6364897171
0.3222488208  -0.3372177044  -0.6396997768
0.3190382833  -0.3338466499  -0.6428945452
0.3158430400  -0.3304883410  -0.6460741009
0.3126630135  -0.3271428207  -0.6492385214
0.3094981267  -0.3238101360  -0.6523878837
0.3063483032  -0.3204903371  -0.6555222644
0.3032134670  -0.3171834774  -0.6586417390
0.3000935425  -0.3138896132  -0.6617463827
0.2969884545  -0.3106088028  -0.6648362701
0.2938981285  -0.3073411061  -0.6679114752
0.2908224902  -0.3040865844  -0.6709720713
0.2877614657  -0.3008452992  -0.6740181316
0.2847149817  -0.2976173120  -0.6770497283
0.2816829652  -0.2944026835  -0.6800669337
0.2786653434  -0.2912014728  -0.6830698193
0.2756620442  -0.2880137368  -0.6860584565
0.2726729955  -0.2848395296  -0.6890329160
0.2696981258  -0.2816789015  -0.6919932687
0.2667373639  -0.2785318986  -0.6949395848
0.2637906387  -0.2753985618  -0.6978719344
0.2608578798  -0.2722789259  -0.7007903876
0.2579390168  -0.2691730184  -0.7036950141
0.2550339796  -0.2660808579  -0.7065858836
0.2521426986  -0.2630024500  -0.7094630661
0.2492651042  -0.2599377824  -0.7123266315
0.2464011272  -0.2568868346  -0.7151766502
0.2435506988  -0.2538496026  -0.7180131919
0.2407137500  -0.2508261102  -0.7208363253
0.2378902122  -0.2478163895  -0.7236461182
0.2350800172  -0.2448204628  -0.7264426379
0.2322830967  -0.2418383417  -0.7292259518
0.2294993833  -0.2388700340  -0.7319961275
0.2267288093  -0.2359155459  -0.7347532322
0.2239713076  -0.2329748819  -0.7374973331
0.2212268109  -0.2300480448  -0.7402284969
0.2184952526  -0.2271350357  -0.7429467903
0.2157765659  -0.2242358541  -0.7456522797
0.2130706843  -0.2213504975  -0.7483450313
0.2103775418  -0.2184789619  -0.7510251112
0.2076970721  -0.2156212329  -0.7536925851
0.2050292094  -0.2127772777  -0.7563475187
0.2023738881  -0.2099470812  -0.7589899776
0.1997310428  -0.2071306737  -0.7616200268
0.1971006084  -0.2043280795  -0.7642377314
0.1944825197  -0.2015392847  -0.7668431562
0.1918767120  -0.1987642666  -0.7694363659
0.1892831204  -0.1960030052  -0.7720174250
0.1867016805  -0.1932554784  -0.7745863978
0.1841323280  -0.1905216618  -0.7771433485
0.1815749987  -0.1878015293  -0.7796883411
0.1790296287  -0.1850950529  -0.7822214394
0.1764961540  -0.1824022034  -0.7847427070
0.1739745112  -0.1797229498  -0.7872522073
0.1714646368  -0.1770572602  -0.7897500037
0.1689664675  -0.1744051014  -0.7922361592
0.1664799402  -0.1717664393  -0.7947107367
0.1640049921  -0.1691412390  -0.7971737989
0.1615415603  -0.1665294645  -0.7996254085
0.1590895824  -0.1639310794  -0.8020656277
0.1566489959  -0.1613460463  -0.8044945188
0.1542197387  -0.1587743272  -0.8069121438
0.1518017487  -0.1562158836  -0.8093185644
0.1493949641  -0.1536706764  -0.8117138424
0.1469993232  -0.1511386658  -0.8140980391
0.1446147646  -0.1486198115  -0.8164712158
0.1422412268  -0.1461140726  -0.8188334337
0.1398786489  -0.1436214076  -0.8211847537
0.1375269699  -0.1411417742  -0.8235252364
0.1351861289  -0.1386751296  -0.8258549424
0.1328560654  -0.1362214304  -0.8281739320
0.1305367190  -0.1337806322  -0.8304822654
0.1282280302  -0.1313527917  -0.8327800124
0.1259299401  -0.1289379957  -0.8350672536
0.1236423881  -0.1265359529  -0.8373440416
0.1213653113  -0.1241463080  -0.8396104031
0.1190986492  -0.1217691371  -0.8418663856
0.1168423442  -0.1194045542  -0.8441120496
0.1145963383  -0.1170525206  -0.8463474508
0.1123605726  -0.1147129949  -0.8485726454
0.1101349888  -0.1123859341  -0.8507876899
0.1079195285  -0.1100712926  -0.8529926419
0.1057141336  -0.1077690230  -0.8551875591
0.1035187463  -0.1054790754  -0.8573725004
0.1013333088  -0.1032013978  -0.8595475250
0.0991577636  -0.1009359359  -0.8617126934
0.0969920532  -0.0986826333  -0.8638680663
0.0948361205  -0.0964414317  -0.8660137056
0.0926899084  -0.0942122705  -0.8681496737
0.0905533599  -0.0919950874  -0.8702760337
0.0884264185  -0.0897898185  -0.8723928495
0.0863090274  -0.0875963980  -0.8745001856
0.0842011304  -0.0854147588  -0.8765981069
0.0821026711  -0.0832448324  -0.8786866789
0.0800135936  -0.0810865493  -0.8807659675
0.0779338420  -0.0789398389  -0.8828360384
0.0758633606  -0.0768046297  -0.8848969581
0.0738020940  -0.0746808495  -0.8869487924
0.0717499868  -0.0725684256  -0.8889916073
0.0697069841  -0.0704672849  -0.8910254684
0.0676730310  -0.0683773538  -0.8930504406
0.0656480727  -0.0662985589  -0.8950665881
0.0636320550  -0.0642308265  -0.8970739743
0.0616249236  -0.0621740831  -0.8990726613
0.0596272157  -0.0601283308  -0.9010913667
0.0576392622  -0.0580935347  -0.9031443437
0.0556594765  -0.0560694232  -0.9051826899
0.0536873565  -0.0540558761  -0.9072190889
0.0517236435  -0.0520529278  -0.9092527153
0.0497682723  -0.0500605083  -0.9112826244
0.0478211808  -0.0480785485  -0.9133077515
0.0458823108  -0.0461069801  -0.9153269124
0.0439516075  -0.0441457355  -0.9173388031
0.0420290203  -0.0421947478  -0.9193420002
0.0401145027  -0.0402539504  -0.9213349606
0.0382080123  -0.0383232773  -0.9233160213
0.0363095114  -0.0364026626  -0.9252834000
0.0344189668  -0.0344920407  -0.9272351946
0.0325363502  -0.0325913461  -0.9291693832
0.0306616378  -0.0307005131  -0.9310838245
0.0287948109  -0.0288194758  -0.9329762575
0.0269358557  -0.0269481683  -0.9348443014
0.0250847631  -0.0250865242  -0.9366854560
0.0232415290  -0.0232344765  -0.9384971012
0.0214061542  -0.0213919580  -0.9402764974
0.0195786438  -0.0195589009  -0.9420207854
0.0177590077  -0.0177352371  -0.9437269861
0.0159472598  -0.0159208976  -0.9453920011
0.0141434179  -0.0141158135  -0.9470126122
0.0123475036  -0.0123199153  -0.9485854814
0.0105595413  -0.0105331334  -0.9501071513
0.0087795583  -0.0087553982  -0.9515740447
0.0070075837  -0.0069866400  -0.9529824648
0.0052436482  -0.0052267897  -0.9543285951
0.0034877829  -0.0034757786  -0.9556084997
0.0017400189  -0.0017335388  -0.9568181227
0.0017392058  -0.0017335324  -0.9568181227
