0.155705
1.3360568092  -1.4268035826   0.0000451067
1.3360568092  -1.4268035826   0.0000451067
1.3360612460  -1.4268039695   0.0000382790
1.3360594074  -1.4267886242   0.0000199817
1.3360479329  -1.4267555823  -0.0000100904
1.3360246158  -1.4267023730  -0.0000522408
1.3359886101  -1.4266281264  -0.0001067719
1.3359394277  -1.4265323832  -0.0001739846
1.3358767161  -1.4264148358  -0.0002541785
1.3358001836  -1.4262752433  -0.0003476517
1.3357095691  -1.4261133960  -0.0004547010
1.3356046280  -1.4259290985  -0.0005756216
1.3354851246  -1.4257221615  -0.0007107075
1.3353508283  -1.4254923971  -0.0008602512
1.3352015111  -1.4252396154  -0.0010245440
1.3350369459  -1.4249636234  -0.0012038756
1.3348569060  -1.4246642240  -0.0013985343
1.3346611641  -1.4243412149  -0.0016088071
1.3344494921  -1.4239943883  -0.0018349797
1.3342216606  -1.4236235309  -0.0020773361
1.3339774387  -1.4232284237  -0.0023361592
1.3337165943  -1.4228088418  -0.0026117304
1.3334388934  -1.4223645544  -0.0029043296
1.3331441003  -1.4218953249  -0.0032142356
1.3328319776  -1.4214009113  -0.0035417254
1.3325022861  -1.4208810657  -0.0038870749
1.3321547847  -1.4203355347  -0.0042505585
1.3317892306  -1.4197640599  -0.0046324493
1.3314053791  -1.4191663776  -0.0050330189
1.3310029837  -1.4185422191  -0.0054525375
1.3305817962  -1.4178913110  -0.0058912740
1.3301415665  -1.4172133753  -0.0063494958
1.3296820353  -1.4165077288  -0.0068281466
1.3292029576  -1.4157744509  -0.0073268785
1.3287040883  -1.4150137678  -0.0078457359
1.3281851628  -1.4142250967  -0.0083849533
1.3276459188  -1.4134080141  -0.0089447730
1.3270860953  -1.4125621790  -0.0095254534
1.3265054301  -1.4116872624  -0.0101272539
1.3259036597  -1.4107829417  -0.0107504368
1.3252805192  -1.4098488952  -0.0113952662
1.3246357422  -1.4088848013  -0.0120620082
1.3239690607  -1.4078903380  -0.0127509304
1.3232802051  -1.4068651836  -0.0134623023
1.3225689048  -1.4058090166  -0.0141963947
1.3218348874  -1.4047215156  -0.0149534801
1.3210778797  -1.4036023604  -0.0157338324
1.3202976070  -1.4024512319  -0.0165377265
1.3194937933  -1.4012678128  -0.0173654383
1.3186661616  -1.4000517877  -0.0182172448
1.3178144342  -1.3988028441  -0.0190934241
1.3169383335  -1.3975206732  -0.0199942553
1.3160375819  -1.3962049703  -0.0209200181
1.3151119016  -1.3948554349  -0.0218709928
1.3141610142  -1.3934717714  -0.0228474601
1.3131846412  -1.3920536883  -0.0238497011
1.3121825040  -1.3906008991  -0.0248779973
1.3111543229  -1.3891131212  -0.0259326313
1.3100998156  -1.3875900755  -0.0270138858
1.3090186975  -1.3860314868  -0.0281220444
1.3079106826  -1.3844370851  -0.0292573903
1.3067754843  -1.3828066053  -0.0304202064
1.3056128148  -1.3811397879  -0.0316107756
1.3044223862  -1.3794362688  -0.0328293808
1.3032039136  -1.3776957653  -0.0340763047
1.3019571164  -1.3759182733  -0.0353518298
1.3006817176  -1.3741036802  -0.0366562379
1.2993774419  -1.3722516984  -0.0379898110
1.2980440142  -1.3703620886  -0.0393528309
1.2966811589  -1.3684346427  -0.0407455793
1.2952885940  -1.3664691584  -0.0421683366
1.2938660326  -1.3644654375  -0.0436213815
1.2924131867  -1.3624232871  -0.0451049915
1.2909297676  -1.3603425199  -0.0466194431
1.2894154920  -1.3582229609  -0.0481650133
1.2878700856  -1.3560644515  -0.0497419782
1.2862932776  -1.3538668453  -0.0513506125
1.2846847986  -1.3516300043  -0.0529911885
1.2830443801  -1.3493537973  -0.0546639772
1.2813717495  -1.3470380947  -0.0563692480
1.2796666359  -1.3446827756  -0.0581072687
1.2779287760  -1.3422877333  -0.0598783056
1.2761579096  -1.3398528704  -0.0616826225
1.2743537772  -1.3373780960  -0.0635204806
1.2725161151  -1.3348633217  -0.0653921391
1.2706446564  -1.3323084622  -0.0672978567
1.2687391342  -1.3297134390  -0.0692378907
1.2667992871  -1.3270781860  -0.0712124941
1.2648248652  -1.3244026556  -0.0732219156
1.2628156283  -1.3216868158  -0.0752664014
1.2607713406  -1.3189306461  -0.0773461970
1.2586917627  -1.3161341289  -0.0794615464
1.2565766454  -1.3132972441  -0.0816126882
1.2544257355  -1.3104199745  -0.0837998561
1.2522387878  -1.3075023144  -0.0860232806
1.2500155710  -1.3045442742  -0.0882831896
1.2477558601  -1.3015458839  -0.0905798077
1.2454594292  -1.2985071920  -0.0929133573
1.2431260539  -1.2954282578  -0.0952840575
1.2407555246  -1.2923091631  -0.0976921227
1.2383476477  -1.2891500284  -0.1001377629
1.2359022260  -1.2859510036  -0.1026211828
1.2334190371  -1.2827121811  -0.1051425821
1.2308978410  -1.2794334736  -0.1077021582
1.2283384187  -1.2761146865  -0.1103001069
1.2257405962  -1.2727557889  -0.1129366189
1.2231042269  -1.2693570299  -0.1156118769
1.2204291452  -1.2659187804  -0.1183260583
1.2177151580  -1.2624413876  -0.1210793376
1.2149620713  -1.2589251735  -0.1238718828
1.2121697117  -1.2553704631  -0.1267038527
1.2093379207  -1.2517775774  -0.1295754036
1.2064665467  -1.2481468230  -0.1324866909
1.2035554369  -1.2444784841  -0.1354378633
1.2006044211  -1.2407728055  -0.1384290614
1.1976133295  -1.2370300129  -0.1414604202
1.1945820483  -1.2332503692  -0.1445320701
1.1915105171  -1.2294341731  -0.1476441364
1.1883986355  -1.2255816660  -0.1507967387
1.1852462285  -1.2216929971  -0.1539899904
1.1820531223  -1.2177683024  -0.1572239981
1.1788192372  -1.2138078035  -0.1604988629
1.1755445670  -1.2098117886  -0.1638146791
1.1722290406  -1.2057804748  -0.1671715338
1.1688724867  -1.2017139702  -0.1705695048
1.1654747693  -1.1976124161  -0.1740086635
1.1620358218  -1.1934760271  -0.1774890771
1.1585555720  -1.1893050158  -0.1810108064
1.1550339807  -1.1850996307  -0.1845739032
1.1514710562  -1.1808601704  -0.1881784109
1.1478667722  -1.1765868991  -0.1918243616
1.1442210803  -1.1722800433  -0.1955117743
1.1405339443  -1.1679397404  -0.1992406502
1.1368052939  -1.1635660542  -0.2030109697
1.1330350877  -1.1591597362  -0.2068227393
1.1292234133  -1.1547226232  -0.2106760524
1.1253703724  -1.1502560979  -0.2145710309
1.1214759193  -1.1457598231  -0.2185077052
1.1175399658  -1.1412329046  -0.2224860069
1.1135625677  -1.1366752543  -0.2265058364
1.1095438265  -1.1320873716  -0.2305670926
1.1054836689  -1.1274697235  -0.2346696700
1.1013820251  -1.1228228191  -0.2388134549
1.0972390960  -1.1181474769  -0.2429983286
1.0930550848  -1.1134445553  -0.2472241624
1.0888300008  -1.1087147454  -0.2514908128
1.0845638828  -1.1039587908  -0.2557981342
1.0802568530  -1.0991775431  -0.2601459783
1.0759090435  -1.0943718849  -0.2645341849
1.0715206079  -1.0895427382  -0.2689625844
1.0670916874  -1.0846910219  -0.2734310021
1.0626224172  -1.0798176556  -0.2779392583
1.0581129776  -1.0749236109  -0.2824871648
1.0535635670  -1.0700098777  -0.2870745228
1.0489743862  -1.0650774396  -0.2917011214
1.0443455880  -1.0601272218  -0.2963667384
1.0396772615  -1.0551600753  -0.3010711369
1.0349696610  -1.0501769935  -0.3058140581
1.0302231179  -1.0451790257  -0.3105952112
1.0254378629  -1.0401670904  -0.3154142571
1.0206141165  -1.0351420539  -0.3202707760
1.0157520913  -1.0301047309  -0.3251642085
1.0108518685  -1.0250557426  -0.3300937269
1.0059135026  -1.0199955772  -0.3350579456
1.0009367287  -1.0149243467  -0.3400530789
0.9959211634  -1.0098420559  -0.3450757728
0.9908690605  -1.0047511772  -0.3501331598
0.9857849064  -0.9996565469  -0.3552383002
0.9806700414  -0.9945606974  -0.3603955247
0.9755219575  -0.9894625374  -0.3656023945
0.9703385787  -0.9843605314  -0.3708569230
0.9651195278  -0.9792541167  -0.3761576808
0.9598650077  -0.9741430917  -0.3815031495
0.9545752700  -0.9690271811  -0.3868917146
0.9492505786  -0.9639059932  -0.3923216667
0.9438914089  -0.9587792242  -0.3977912055
0.9384977813  -0.9536459938  -0.4032984524
0.9330697844  -0.9485053784  -0.4088414601
0.9276079644  -0.9433568203  -0.4144182172
0.9221126279  -0.9381994340  -0.4200266541
0.9165840034  -0.9330321736  -0.4256646503
0.9110223621  -0.9278539658  -0.4313300409
0.9054280436  -0.9226637469  -0.4370206239
0.8998013075  -0.9174603253  -0.4427341661
0.8941423678  -0.9122424248  -0.4484684083
0.8884514305  -0.9070087362  -0.4542210718
0.8827285625  -0.9017577957  -0.4599898654
0.8769736629  -0.8964879687  -0.4657724938
0.8711864072  -0.8911974067  -0.4715666609
0.8653660748  -0.8858838871  -0.4773700722
0.8595113213  -0.8805446063  -0.4831804426
0.8536197600  -0.8751757837  -0.4889955037
0.8476870242  -0.8697717449  -0.4948130107
0.8417051916  -0.8643233920  -0.5006307519
0.8356584725  -0.8588139794  -0.5064465606
0.8295143748  -0.8532104011  -0.5122583411
0.8231305225  -0.8473707579  -0.5180640899
0.8165779627  -0.8413699016  -0.5238617830
0.8103580449  -0.8357081539  -0.5296491989
0.8045806021  -0.8304864254  -0.5354240111
0.7989386752  -0.8253911904  -0.5411840693
0.7933203424  -0.8203077152  -0.5469274638
0.7877221302  -0.8152306533  -0.5526524118
0.7821437084  -0.8101581812  -0.5583572056
0.7765849486  -0.8050888826  -0.5640402253
0.7710457427  -0.8000214912  -0.5696999500
0.7655260067  -0.7949548920  -0.5753349598
0.7600256810  -0.7898881221  -0.5809439467
0.7545447328  -0.7848203712  -0.5865257266
0.7490831512  -0.7797509796  -0.5920792331
0.7436409425  -0.7746794340  -0.5976035221
0.7382181322  -0.7696053654  -0.6030977834
0.7328147654  -0.7645285456  -0.6085613453
0.7274309022  -0.7594488811  -0.6139936776
0.7220666164  -0.7543664074  -0.6193943979
0.7167219936  -0.7492812826  -0.6247632786
0.7113971302  -0.7441937801  -0.6301002530
0.7060921308  -0.7391042809  -0.6354054233
0.7008071077  -0.7340132652  -0.6406790710
0.6955421799  -0.7289213047  -0.6459216694
0.6902974731  -0.7238290533  -0.6511339004
0.6850731210  -0.7187372400  -0.6563166789
0.6798692696  -0.7136466618  -0.6614711896
0.6746860867  -0.7085581805  -0.6665989506
0.6695237828  -0.7034727248  -0.6717019228
0.6643826574  -0.6983913065  -0.6767827322
0.6592632045  -0.6933150862  -0.6818451360
0.6541667320  -0.6882455745  -0.6868964382
0.6490947601  -0.6831843261  -0.6919451523
0.6440450395  -0.6781315533  -0.6969892976
0.6390115133  -0.6730859532  -0.7020180793
0.6339913820  -0.6680467942  -0.7070265006
0.6289868363  -0.6630147544  -0.7120155505
0.6240000325  -0.6579907306  -0.7169859184
0.6190313845  -0.6529752409  -0.7219377277
0.6140808134  -0.6479686448  -0.7268710912
0.6091482271  -0.6429712635  -0.7317861263
0.6042335343  -0.6379833882  -0.7366829553
0.5993366441  -0.6330052799  -0.7415617048
0.5944574667  -0.6280371701  -0.7464225053
0.5895959127  -0.6230792609  -0.7512654901
0.5847518929  -0.6181317258  -0.7560907947
0.5799253191  -0.6131947110  -0.7608985561
0.5751161030  -0.6082683360  -0.7656889120
0.5703241573  -0.6033526951  -0.7704619997
0.5655493946  -0.5984478590  -0.7752179554
0.5607917285  -0.5935538764  -0.7799569131
0.5560510728  -0.5886707758  -0.7846790036
0.5513273420  -0.5837985670  -0.7893843539
0.5466204514  -0.5789372437  -0.7940730858
0.5419303169  -0.5740867847  -0.7987453149
0.5372568551  -0.5692471565  -0.8034011499
0.5325999834  -0.5644183152  -0.8080406909
0.5279596200  -0.5596002081  -0.8126640288
0.5233356838  -0.5547927757  -0.8172712428
0.5187280943  -0.5499959526  -0.8218623991
0.5141367708  -0.5452096671  -0.8264375468
0.5095616322  -0.5404338375  -0.8309967118
0.5050025926  -0.5356683495  -0.8355398766
0.5004595581  -0.5309130529  -0.8400669619
0.4959324447  -0.5261679210  -0.8445778944
0.4914212146  -0.5214332154  -0.8490727341
0.4869258688  -0.5167092662  -0.8535516592
0.4824463859  -0.5119961370  -0.8580148202
0.4779826971  -0.5072937000  -0.8624622915
0.4735347200  -0.5026018784  -0.8668941238
0.4691023856  -0.4979206845  -0.8713103728
0.4646856354  -0.4932501625  -0.8757110955
0.4602844137  -0.4885903680  -0.8800963474
0.4558986659  -0.4839413670  -0.8844661832
0.4515283385  -0.4793032348  -0.8888206558
0.4471733791  -0.4746760563  -0.8931598172
0.4428337363  -0.4700599250  -0.8974837181
0.4385093596  -0.4654549427  -0.9017924081
0.4342001996  -0.4608612187  -0.9060859353
0.4299062077  -0.4562788690  -0.9103643472
0.4256273363  -0.4517080155  -0.9146276899
0.4213635388  -0.4471487848  -0.9188760087
0.4171147692  -0.4426013070  -0.9231093477
0.4128809827  -0.4380657151  -0.9273277504
0.4086621350  -0.4335421433  -0.9315312592
0.4044581827  -0.4290307262  -0.9357199158
0.4002690832  -0.4245315976  -0.9398937612
0.3960947946  -0.4200448889  -0.9440528357
0.3919352759  -0.4155707279  -0.9481971790
0.3877904863  -0.4111092375  -0.9523268303
0.3836603862  -0.4066605342  -0.9564418283
0.3795449362  -0.4022247254  -0.9605422114
0.3754440978  -0.3978019071  -0.9646280176
0.3713578329  -0.3933921559  -0.9686992849
0.3672861040  -0.3889955190  -0.9727560518
0.3632288743  -0.3846120258  -0.9767983569
0.3591861071  -0.3802417357  -0.9808262383
0.3551577661  -0.3758847662  -0.9848397323
0.3511438152  -0.3715412592  -0.9888388733
0.3471442185  -0.3672113381  -0.9928236954
0.3431589412  -0.3628951071  -0.9967942327
0.3391879487  -0.3585926667  -1.0007505194
0.3352312069  -0.3543041180  -1.0046925897
0.3312886820  -0.3500295613  -1.0086204771
0.3273603402  -0.3457690967  -1.0125342151
0.3234461482  -0.3415228233  -1.0164338367
0.3195460729  -0.3372908392  -1.0203193749
0.3156600814  -0.3330732420  -1.0241908624
0.3117881410  -0.3288700998  -1.0280483318
0.3079302190  -0.3246814255  -1.0318918157
0.3040862831  -0.3205072928  -1.0357213463
0.3002563012  -0.3163479267  -1.0395369556
0.2964402414  -0.3122035376  -1.0433386754
0.2926380717  -0.3080742173  -1.0471265375
0.2888497602  -0.3039600320  -1.0509005739
0.2850752749  -0.2998610600  -1.0546608163
0.2813145842  -0.2957773761  -1.0584072969
0.2775676561  -0.2917090516  -1.0621400476
0.2738344587  -0.2876561543  -1.0658591002
0.2701149603  -0.2836187495  -1.0695644870
0.2664091289  -0.2795969004  -1.0732562399
0.2627169326  -0.2755906679  -1.0769343911
0.2590383392  -0.2716001117  -1.0805989730
0.2553733166  -0.2676252903  -1.0842500179
0.2517218327  -0.2636662610  -1.0878875583
0.2480838548  -0.2597230808  -1.0915116267
0.2444593507  -0.2557958061  -1.0951222560
0.2408482875  -0.2518844927  -1.0987194788
0.2372506324  -0.2479891964  -1.1023033284
0.2336663524  -0.2441099726  -1.1058738379
0.2300954142  -0.2402468765  -1.1094310407
0.2265377844  -0.2363999630  -1.1129749705
0.2229934293  -0.2325692868  -1.1165056611
0.2194623151  -0.2287549023  -1.1200231465
0.2159444074  -0.2249568631  -1.1235274610
0.2124396721  -0.2211752224  -1.1270186393
0.2089480742  -0.2174100325  -1.1304967162
0.2054695789  -0.2136613444  -1.1339617267
0.2020041509  -0.2099292079  -1.1374137063
0.1985517546  -0.2062136715  -1.1408526908
0.1951123564  -0.2025151277  -1.1442787398
0.1916859251  -0.1988340770  -1.1476919406
0.1882724209  -0.1951697337  -1.1510923127
0.1848717945  -0.1915210827  -1.1544798133
0.1814840054  -0.1878885762  -1.1578544520
0.1781090220  -0.1842728042  -1.1612162701
0.1747468100  -0.1806738379  -1.1645652981
0.1713973318  -0.1770917406  -1.1679015686
0.1680605495  -0.1735265688  -1.1712251162
0.1647364249  -0.1699783720  -1.1745359782
0.1614249195  -0.1664471918  -1.1778341941
0.1581259941  -0.1629330618  -1.1811198062
0.1548396094  -0.1594360078  -1.1843928594
0.1515657251  -0.1559560470  -1.1876534014
0.1483043009  -0.1524931888  -1.1909014825
0.1450552956  -0.1490474340  -1.1941371560
0.1418186675  -0.1456187761  -1.1973604776
0.1385943745  -0.1422072005  -1.2005715058
0.1353823738  -0.1388126855  -1.2037703016
0.1321826219  -0.1354352026  -1.2069569284
0.1289950750  -0.1320747166  -1.2101314517
0.1258196886  -0.1287311863  -1.2132939392
0.1226564176  -0.1254045650  -1.2164444600
0.1195052166  -0.1220948009  -1.2195830851
0.1163660395  -0.1188018376  -1.2227098864
0.1132388397  -0.1155256148  -1.2258249368
0.1101235704  -0.1122660685  -1.2289283095
0.1070201839  -0.1090231317  -1.2320200778
0.1039286326  -0.1057967347  -1.2351003147
0.1008488680  -0.1025868060  -1.2381690924
0.0977808414  -0.0993932720  -1.2412264815
0.0947245038  -0.0962160589  -1.2442725510
0.0916812399  -0.0930553691  -1.2473517158
0.0886519308  -0.0899112713  -1.2504860126
0.0856328061  -0.0867829537  -1.2535997055
0.0826227280  -0.0836701602  -1.2567123930
0.0796235740  -0.0805732065  -1.2598227623
0.0766352632  -0.0774920218  -1.2629293150
0.0736577221  -0.0744265371  -1.2660303674
0.0706908849  -0.0713766851  -1.2691240505
0.0677346940  -0.0683423996  -1.2722083094
0.0647891004  -0.0653236153  -1.2752809042
0.0618540641  -0.0623202676  -1.2783394094
0.0589295546  -0.0593322918  -1.2813812139
0.0560155513  -0.0563596230  -1.2844035214
0.0531120437  -0.0534021950  -1.2874033500
0.0502190316  -0.0504599408  -1.2903775324
0.0473365257  -0.0475327912  -1.2933227159
0.0444645471  -0.0446206747  -1.2962353621
0.0416031279  -0.0417235171  -1.2991117476
0.0387523111  -0.0388412410  -1.3019479631
0.0359121503  -0.0359737653  -1.3047399141
0.0330827096  -0.0331210055  -1.3074833207
0.0302640634  -0.0302828729  -1.3101737174
0.0274562958  -0.0274592748  -1.3128064533
0.0246595003  -0.0246501148  -1.3153766921
0.0218737788  -0.0218552925  -1.3178794119
0.0190992410  -0.0190747045  -1.3203094057
0.0163360035  -0.0163082442  -1.3226612806
0.0135841883  -0.0135558028  -1.3249294586
0.0108439218  -0.0108172698  -1.3271081760
0.0081153329  -0.0080925343  -1.3291914840
0.0053985517  -0.0053814851  -1.3311732479
0.0026937072  -0.0026840124  -1.3330471479
0.0026917579  -0.0026839966  -1.3330471479
