0.100212
1.9590145659  -2.3620335431   0.0000986089
1.9590145659  -2.3620335431   0.0000986089
1.9590223808  -2.3620251490   0.0000801193
1.9590152262  -2.3619648558   0.0000344646
1.9589857255  -2.3618483369  -0.0000391791
1.9589279549  -2.3616652972  -0.0001416212
1.9588397377  -2.3614125360  -0.0002736558
1.9587198475  -2.3610885811  -0.0004360621
1.9585674169  -2.3606925948  -0.0006296043
1.9583817425  -2.3602240163  -0.0008550316
1.9581622062  -2.3596824152  -0.0011130784
1.9579082378  -2.3590674244  -0.0014044638
1.9576192970  -2.3583787049  -0.0017298923
1.9572948624  -2.3576159272  -0.0020900530
1.9569344259  -2.3567787608  -0.0024856203
1.9565374890  -2.3558668685  -0.0029172536
1.9561035608  -2.3548799022  -0.0033855973
1.9556321565  -2.3538175023  -0.0038912806
1.9551227967  -2.3526792961  -0.0044349180
1.9545750070  -2.3514648986  -0.0050171090
1.9539883176  -2.3501739122  -0.0056384379
1.9533622634  -2.3488059282  -0.0062994742
1.9526963840  -2.3473605276  -0.0070007723
1.9519902239  -2.3458372824  -0.0077428719
1.9512433323  -2.3442357566  -0.0085262973
1.9504552641  -2.3425555084  -0.0093515580
1.9496255792  -2.3407960910  -0.0102191487
1.9487538435  -2.3389570548  -0.0111295489
1.9478396290  -2.3370379486  -0.0120832231
1.9468825140  -2.3350383218  -0.0130806209
1.9458820835  -2.3329577256  -0.0141221770
1.9448379296  -2.3307957149  -0.0152083110
1.9437496475  -2.3285505079  -0.0163409968
1.9426168529  -2.3262229306  -0.0175192417
1.9414391630  -2.3238142102  -0.0187429445
1.9402161877  -2.3213229173  -0.0200123814
1.9389475539  -2.3187482964  -0.0213278514
1.9376329030  -2.3160898418  -0.0226896915
1.9362718865  -2.3133471084  -0.0240982271
1.9348641654  -2.3105197011  -0.0255537768
1.9334094112  -2.3076072559  -0.0270566515
1.9319073058  -2.3046094367  -0.0286071530
1.9303575425  -2.3015259350  -0.0302055728
1.9287598257  -2.2983564716  -0.0318521922
1.9271138714  -2.2951007973  -0.0335472809
1.9254194075  -2.2917586952  -0.0352910961
1.9236761742  -2.2883299828  -0.0370838828
1.9218839239  -2.2848145153  -0.0389258743
1.9200424220  -2.2812121873  -0.0408172915
1.9181514464  -2.2775229316  -0.0427583434
1.9162107885  -2.2737467189  -0.0447492259
1.9142202525  -2.2698835571  -0.0467901223
1.9121796489  -2.2659334841  -0.0488812029
1.9100887983  -2.2618965714  -0.0510226243
1.9079475408  -2.2577729357  -0.0532145288
1.9057557338  -2.2535627362  -0.0554570442
1.9035132487  -2.2492661719  -0.0577502846
1.9012199718  -2.2448834820  -0.0600943510
1.8988758033  -2.2404149459  -0.0624893308
1.8964806584  -2.2358608841  -0.0649352981
1.8940344663  -2.2312216582  -0.0674323133
1.8915371709  -2.2264976708  -0.0699804233
1.8889887304  -2.2216893660  -0.0725796593
1.8863891164  -2.2167969023  -0.0752300359
1.8837383133  -2.2118206931  -0.0779315538
1.8810363132  -2.2067619429  -0.0806842030
1.8782831119  -2.2016215126  -0.0834879633
1.8754787238  -2.1963998036  -0.0863428037
1.8726231887  -2.1910974069  -0.0892486820
1.8697165611  -2.1857150169  -0.0922055443
1.8667589103  -2.1802533782  -0.0952133255
1.8637503190  -2.1747132773  -0.0982719462
1.8606908825  -2.1690955350  -0.1013813084
1.8575807086  -2.1634010028  -0.1045412933
1.8544199172  -2.1576305671  -0.1077517634
1.8512086409  -2.1517851548  -0.1110125638
1.8479470020  -2.1458657071  -0.1143235236
1.8446351173  -2.1398731741  -0.1176844575
1.8412731368  -2.1338085464  -0.1210951722
1.8378612410  -2.1276728489  -0.1245554732
1.8343996233  -2.1214671281  -0.1280651621
1.8308884886  -2.1151924584  -0.1316240317
1.8273280521  -2.1088499454  -0.1352318672
1.8237185397  -2.1024407251  -0.1388884470
1.8200601877  -2.0959659650  -0.1425935440
1.8163532286  -2.0894268525  -0.1463469257
1.8125978614  -2.0828245615  -0.1501483546
1.8087943024  -2.0761602930  -0.1539975885
1.8049428170  -2.0694353045  -0.1578943804
1.8010436834  -2.0626508770  -0.1618384786
1.7970971882  -2.0558083100  -0.1658296274
1.7931036257  -2.0489089205  -0.1698675668
1.7890632976  -2.0419540398  -0.1739520337
1.7849765102  -2.0349450093  -0.1780827615
1.7808434685  -2.0278830654  -0.1822594804
1.7766643471  -2.0207693958  -0.1864819171
1.7724394697  -2.0136053530  -0.1907497959
1.7681692466  -2.0063924200  -0.1950628381
1.7638541010  -1.9991320972  -0.1994207632
1.7594944665  -1.9918258809  -0.2038232881
1.7550907842  -1.9844752750  -0.2082701277
1.7506435025  -1.9770818199  -0.2127609943
1.7461530788  -1.9696471380  -0.2172955976
1.7416198326  -1.9621726445  -0.2218736420
1.7370438797  -1.9546592210  -0.2264948130
1.7324252641  -1.9471074669  -0.2311587879
1.7277640184  -1.9395181968  -0.2358652777
1.7230601747  -1.9318925835  -0.2406140402
1.7183137586  -1.9242319266  -0.2454048669
1.7135248076  -1.9165375043  -0.2502375601
1.7086936755  -1.9088108899  -0.2551118851
1.7038209029  -1.9010538224  -0.2600275470
1.6989068555  -1.8932677986  -0.2649842048
1.6939518346  -1.8854541800  -0.2699814817
1.6889561475  -1.8776142734  -0.2750189660
1.6839201097  -1.8697493381  -0.2800962261
1.6788440520  -1.8618605957  -0.2852128445
1.6737283235  -1.8539492431  -0.2903684325
1.6685732781  -1.8460164418  -0.2955626083
1.6633792637  -1.8380633050  -0.3007949865
1.6581466274  -1.8300909043  -0.3060651824
1.6528757191  -1.8221002776  -0.3113728137
1.6475668923  -1.8140924340  -0.3167175010
1.6422205052  -1.8060683604  -0.3220988670
1.6368369290  -1.7980290364  -0.3275165358
1.6314165377  -1.7899754213  -0.3329701356
1.6259596984  -1.7819084461  -0.3384593025
1.6204667792  -1.7738290308  -0.3439836777
1.6149381488  -1.7657380888  -0.3495429041
1.6093741763  -1.7576365299  -0.3551366231
1.6037752396  -1.7495252764  -0.3607644750
1.5981417230  -1.7414052644  -0.3664260988
1.5924740075  -1.7332774414  -0.3721211308
1.5867724691  -1.7251428903  -0.3778491850
1.5810374790  -1.7170027879  -0.3836098491
1.5752692284  -1.7088574546  -0.3894027763
1.5694671838  -1.7007056498  -0.3952277634
1.5636317035  -1.6925477784  -0.4010846333
1.5577647837  -1.6843874630  -0.4069730938
1.5518686841  -1.6762288246  -0.4128927770
1.5459457416  -1.6680753089  -0.4188433246
1.5399973290  -1.6599290492  -0.4248243961
1.5340229228  -1.6517902157  -0.4308356545
1.5280213467  -1.6436581765  -0.4368767694
1.5219916170  -1.6355324227  -0.4429474201
1.5159326620  -1.6274123670  -0.4490472934
1.5098433168  -1.6192973370  -0.4551760874
1.5037229721  -1.6111873060  -0.4613335123
1.4975724599  -1.6030838778  -0.4675192891
1.4913927314  -1.5949887955  -0.4737331481
1.4851840115  -1.5869029764  -0.4799748272
1.4789465048  -1.5788272950  -0.4862440727
1.4726804211  -1.5707626288  -0.4925406440
1.4663860226  -1.5627099662  -0.4988643039
1.4600635865  -1.5546703297  -0.5052147796
1.4537133367  -1.5466446130  -0.5115917859
1.4473354976  -1.5386336601  -0.5179951026
1.4409303151  -1.5306383199  -0.5244245486
1.4344980682  -1.5226595183  -0.5308799238
1.4280390567  -1.5146982220  -0.5373610089
1.4215535328  -1.5067552582  -0.5438675620
1.4150417052  -1.4988313260  -0.5503992954
1.4085037702  -1.4909270747  -0.5569558352
1.4019399558  -1.4830432043  -0.5635366320
1.3953503913  -1.4751801646  -0.5701407163
1.3887341386  -1.4673372478  -0.5767633242
1.3820903290  -1.4595138462  -0.5834008199
1.3754226498  -1.4517134731  -0.5900624744
1.3687368014  -1.4439419967  -0.5967603889
1.3620328149  -1.4362010982  -0.6034960945
1.3553068982  -1.4284886932  -0.6102670284
1.3485571683  -1.4208032959  -0.6170718384
1.3417835121  -1.4131444316  -0.6239093049
1.3349859887  -1.4055115524  -0.6307781218
1.3281647577  -1.3979041213  -0.6376769320
1.3213200499  -1.3903215923  -0.6446043323
1.3144519701  -1.3827630983  -0.6515588796
1.3075606282  -1.3752276719  -0.6585391053
1.3006462949  -1.3677144687  -0.6655435163
1.2937092224  -1.3602224726  -0.6725705686
1.2867496738  -1.3527506341  -0.6796186547
1.2797678637  -1.3452977967  -0.6866861258
1.2727639132  -1.3378625942  -0.6937713077
1.2657380401  -1.3304437466  -0.7008725013
1.2586906376  -1.3230400807  -0.7079879866
1.2516214831  -1.3156497823  -0.7151160269
1.2445284179  -1.3082690737  -0.7222548750
1.2374113742  -1.3008962572  -0.7294027777
1.2302726583  -1.2935321059  -0.7365579790
1.2231126258  -1.2861754311  -0.7437187234
1.2159305063  -1.2788238713  -0.7508832604
1.2087253500  -1.2714749207  -0.7580498495
1.2014954820  -1.2641253995  -0.7652167664
1.1942379088  -1.2567708756  -0.7723823078
1.1869472048  -1.2494045761  -0.7795447969
1.1796126095  -1.2420145028  -0.7867025914
1.1722090870  -1.2345739499  -0.7938541343
1.1645097363  -1.2268553344  -0.8009979892
1.1566761895  -1.2190275779  -0.8081326490
1.1492620885  -1.2116466313  -0.8152563175
1.1422026173  -1.2046388477  -0.8223671104
1.1352050606  -1.1977037977  -0.8294633843
1.1282263658  -1.1907928661  -0.8365437215
1.1212659240  -1.1839021471  -0.8436067831
1.1143235304  -1.1770294714  -0.8506512859
1.1073989819  -1.1701729450  -0.8576760206
1.1004920958  -1.1633308261  -0.8646798564
1.0936027117  -1.1565015235  -0.8716617471
1.0867306927  -1.1496835947  -0.8786207377
1.0798759228  -1.1428757463  -0.8855559648
1.0730383047  -1.1360768303  -0.8924666594
1.0662177592  -1.1292858374  -0.8993521512
1.0594142250  -1.1225018961  -0.9062118736
1.0526276583  -1.1157242771  -0.9130453698
1.0458580315  -1.1089523922  -0.9198522960
1.0391053285  -1.1021857893  -0.9266324205
1.0323695466  -1.0954241474  -0.9333856370
1.0256507113  -1.0886672746  -0.9401120158
1.0189488741  -1.0819151023  -0.9468117961
1.0122640681  -1.0751676723  -0.9534853095
1.0055963015  -1.0684251250  -0.9601329972
0.9989455973  -1.0616876946  -0.9667554710
0.9923120046  -1.0549557048  -0.9733535267
0.9856955865  -1.0482295620  -0.9799281626
0.9790964243  -1.0415097500  -0.9864806238
0.9725146344  -1.0347968286  -0.9930124772
0.9659504048  -1.0280914427  -0.9995257630
0.9594040955  -1.0213944208  -1.0060233676
0.9528775066  -1.0147069767  -1.0125131697
0.9463727826  -1.0080303746  -1.0190037539
0.9398864966  -1.0013648823  -1.0254905100
0.9334114792  -0.9947096544  -1.0319629080
0.9269460266  -0.9880639425  -1.0384186216
0.9204931722  -0.9814276939  -1.0448591190
0.9140546380  -0.9748011165  -1.0512847804
0.9076304963  -0.9681843494  -1.0576957586
0.9012206083  -0.9615774726  -1.0640922090
0.8948248363  -0.9549805393  -1.0704742906
0.8884430442  -0.9483935806  -1.0768421664
0.8820750979  -0.9418166046  -1.0831960021
0.8757208647  -0.9352495963  -1.0895359662
0.8693802130  -0.9286925178  -1.0958622290
0.8630530130  -0.9221453081  -1.1021749622
0.8567391358  -0.9156078859  -1.1084743381
0.8504384539  -0.9090801497  -1.1147605288
0.8441508409  -0.9025619795  -1.1210337056
0.8378761717  -0.8960532373  -1.1272940381
0.8316143222  -0.8895537683  -1.1335416932
0.8253651698  -0.8830634042  -1.1397768342
0.8191285925  -0.8765819666  -1.1459996193
0.8129044698  -0.8701092646  -1.1522102007
0.8066926827  -0.8636450923  -1.1584087248
0.8004931141  -0.8571892340  -1.1645953316
0.7943056484  -0.8507414699  -1.1707701529
0.7881301711  -0.8443015786  -1.1769333111
0.7819665692  -0.8378693387  -1.1830849178
0.7758147308  -0.8314445319  -1.1892250716
0.7696745449  -0.8250269492  -1.1953538560
0.7635459001  -0.8186164016  -1.2014713329
0.7574286771  -0.8122128080  -1.2075775119
0.7513227392  -0.8058162086  -1.2136723188
0.7452279666  -0.7994263590  -1.2197556980
0.7391443157  -0.7930425055  -1.2258277647
0.7330717922  -0.7866639820  -1.2318887408
0.7270103548  -0.7802906378  -1.2379387836
0.7209598987  -0.7739224932  -1.2439779737
0.7149203148  -0.7675594493  -1.2500063810
0.7088915159  -0.7612013499  -1.2560240806
0.7028734264  -0.7548480503  -1.2620311464
0.6968659735  -0.7484994237  -1.2680276498
0.6908690873  -0.7421553601  -1.2740136596
0.6848826996  -0.7358157669  -1.2799892420
0.6789067450  -0.7294805683  -1.2859544607
0.6729411600  -0.7231497052  -1.2919093769
0.6669858836  -0.7168231345  -1.2978540491
0.6610408572  -0.7105008286  -1.3037885334
0.6551060244  -0.7041827745  -1.3097128833
0.6491813312  -0.6978689727  -1.3156271498
0.6432667258  -0.6915594352  -1.3215313814
0.6373621589  -0.6852541852  -1.3274256240
0.6314675835  -0.6789532543  -1.3333099212
0.6255829548  -0.6726566813  -1.3391843143
0.6197082305  -0.6663645109  -1.3450488420
0.6138433706  -0.6600767931  -1.3509035407
0.6079883375  -0.6537935809  -1.3567484446
0.6021430957  -0.6475149284  -1.3625835854
0.5963076124  -0.6412408881  -1.3684089929
0.5904818570  -0.6349715091  -1.3742246944
0.5846658010  -0.6287068336  -1.3800307153
0.5788594187  -0.6224468921  -1.3858270791
0.5730626864  -0.6161916853  -1.3916138073
0.5672755830  -0.6099411540  -1.3973909206
0.5614980900  -0.6036952086  -1.4031584385
0.5557301908  -0.5974538411  -1.4089163777
0.5499718704  -0.5912171685  -1.4146647508
0.5442231153  -0.5849853414  -1.4204035661
0.5384839151  -0.5787584694  -1.4261328298
0.5327542618  -0.5725366388  -1.4318525469
0.5270341505  -0.5663199421  -1.4375627203
0.5213235779  -0.5601084809  -1.4432633508
0.5156225434  -0.5539023638  -1.4489544367
0.5099310481  -0.5477017061  -1.4546359744
0.5042490957  -0.5415066298  -1.4603079576
0.4985766921  -0.5353172638  -1.4659703781
0.4929138452  -0.5291336342  -1.4716232255
0.4872605651  -0.5229555577  -1.4772664879
0.4816168645  -0.5167830950  -1.4829001508
0.4759827579  -0.5106169193  -1.4885241964
0.4703582623  -0.5044576684  -1.4941386039
0.4647433965  -0.4983055240  -1.4997433513
0.4591381817  -0.4921605732  -1.5053384152
0.4535426416  -0.4860229674  -1.5109237704
0.4479568015  -0.4798928565  -1.5164993896
0.4423806888  -0.4737703880  -1.5220652436
0.4368143330  -0.4676557085  -1.5276213012
0.4312577654  -0.4615489658  -1.5331675295
0.4257110194  -0.4554503107  -1.5387038935
0.4201741302  -0.4493598986  -1.5442303564
0.4146471351  -0.4432778917  -1.5497468795
0.4091300731  -0.4372044598  -1.5552534221
0.4036229850  -0.4311397823  -1.5607499420
0.3981259135  -0.4250840492  -1.5662363948
0.3926389029  -0.4190374626  -1.5717127344
0.3871619994  -0.4130002370  -1.5771789131
0.3816952508  -0.4069726008  -1.5826348812
0.3762387063  -0.4009547957  -1.5880805874
0.3707924169  -0.3949470781  -1.5935159790
0.3653564352  -0.3889497184  -1.5989410015
0.3599308150  -0.3829630018  -1.6043555989
0.3545156117  -0.3769872278  -1.6097597141
0.3491108819  -0.3710227097  -1.6151532881
0.3437166838  -0.3650697741  -1.6205362612
0.3383330764  -0.3591287603  -1.6259085720
0.3329601202  -0.3532000194  -1.6312701586
0.3275978765  -0.3472839132  -1.6366209575
0.3222464078  -0.3413808130  -1.6419609046
0.3169057881  -0.3354925903  -1.6472900043
0.3115761056  -0.3296216355  -1.6526083393
0.3062574113  -0.3237648127  -1.6579157928
0.3009497118  -0.3179179066  -1.6632120642
0.2956530549  -0.3120830356  -1.6684970048
0.2903675368  -0.3062629888  -1.6737705574
0.2850932420  -0.3004583444  -1.6790326320
0.2798302420  -0.2946696637  -1.6842831432
0.2745786090  -0.2888974954  -1.6895220111
0.2693384153  -0.2831423717  -1.6947491618
0.2641097335  -0.2774048052  -1.6999645276
0.2588926357  -0.2716852861  -1.7051680477
0.2536871935  -0.2659842802  -1.7103596680
0.2484934778  -0.2603022271  -1.7155393419
0.2433115584  -0.2546395387  -1.7207070301
0.2381415040  -0.2489965993  -1.7258627006
0.2329833816  -0.2433737646  -1.7310063290
0.2278372571  -0.2377713617  -1.7361378976
0.2227031944  -0.2321896904  -1.7412573962
0.2175812557  -0.2266290230  -1.7463648210
0.2124715014  -0.2210896061  -1.7514601744
0.2073739901  -0.2155716617  -1.7565434647
0.2022887785  -0.2100753888  -1.7616147050
0.1972159214  -0.2046009649  -1.7666739132
0.1921554715  -0.1991485484  -1.7717211108
0.1871074800  -0.1937182804  -1.7767563218
0.1820719959  -0.1883102864  -1.7817795723
0.1770490663  -0.1829246791  -1.7867908892
0.1720387364  -0.1775615598  -1.7917902989
0.1670410496  -0.1722210210  -1.7967778264
0.1620560470  -0.1669031482  -1.8017534940
0.1570837678  -0.1616080263  -1.8067173195
0.1521284453  -0.1563371840  -1.8117438379
0.1471928286  -0.1510914918  -1.8168700021
0.1422660605  -0.1458671790  -1.8219683583
0.1373449975  -0.1406633437  -1.8270717371
0.1324353141  -0.1354821065  -1.8321778106
0.1275369527  -0.1303235684  -1.8372839379
0.1226498756  -0.1251878440  -1.8423871646
0.1177740664  -0.1200750585  -1.8474842235
0.1129095306  -0.1149853470  -1.8525715341
0.1080562970  -0.1099188514  -1.8576452025
0.1032144188  -0.1048757189  -1.8627010221
0.0983839742  -0.0998560988  -1.8677344727
0.0935650673  -0.0948601396  -1.8727407212
0.0887578289  -0.0898879855  -1.8777146212
0.0839624168  -0.0849397733  -1.8826507133
0.0791790162  -0.0800156285  -1.8875432247
0.0744078399  -0.0751156619  -1.8923860696
0.0696491284  -0.0702399659  -1.8971728490
0.0649031496  -0.0653886114  -1.9018968508
0.0601701983  -0.0605616447  -1.9065510495
0.0554505956  -0.0557590849  -1.9111281067
0.0507446878  -0.0509809223  -1.9156203707
0.0460528456  -0.0462271164  -1.9200198767
0.0413754621  -0.0414975964  -1.9243183467
0.0367129510  -0.0367922606  -1.9285071896
0.0320657447  -0.0321109787  -1.9325775009
0.0274342913  -0.0274535936  -1.9365200633
0.0228190518  -0.0228199250  -1.9403253460
0.0182204965  -0.0182097739  -1.9439835053
0.0136391012  -0.0136229278  -1.9474843841
0.0090753429  -0.0090591670  -1.9508175124
0.0045296947  -0.0045182703  -1.9539721067
0.0045241792  -0.0045182301  -1.9539721067
