0.217423
0.9693524917  -1.0283671229   0.0000289793
0.9693524917  -1.0283671229   0.0000289793
0.9693559681  -1.0283695857   0.0000252872
0.9693555972  -1.0283636975   0.0000146090
0.9693491382  -1.0283476104  -0.0000032327
0.9693354261  -1.0283201797  -0.0000284147
0.9693139934  -1.0282809597  -0.0000611142
0.9692845641  -1.0282296937  -0.0001015081
0.9692469340  -1.0281661951  -0.0001497731
0.9692009317  -1.0280903078  -0.0002060860
0.9691464017  -1.0280018897  -0.0002706234
0.9690831968  -1.0279008052  -0.0003435620
0.9690111744  -1.0277869209  -0.0004250782
0.9689301940  -1.0276601036  -0.0005153483
0.9688401160  -1.0275202188  -0.0006145488
0.9687408009  -1.0273671303  -0.0007228558
0.9686321090  -1.0272006994  -0.0008404454
0.9685138995  -1.0270207843  -0.0009674937
0.9683860308  -1.0268272406  -0.0011041768
0.9682483601  -1.0266199206  -0.0012506704
0.9681007432  -1.0263986732  -0.0014071503
0.9679430345  -1.0261633441  -0.0015737923
0.9677750870  -1.0259137758  -0.0017507720
0.9675967521  -1.0256498073  -0.0019382650
0.9674078796  -1.0253712743  -0.0021364466
0.9672083176  -1.0250780090  -0.0023454922
0.9669979127  -1.0247698405  -0.0025655772
0.9667765097  -1.0244465945  -0.0027968768
0.9665439518  -1.0241080935  -0.0030395659
0.9663000802  -1.0237541566  -0.0032938198
0.9660447348  -1.0233845997  -0.0035598132
0.9657777533  -1.0229992359  -0.0038377211
0.9654989677  -1.0225976909  -0.0041281428
0.9652082168  -1.0221799422  -0.0044308619
0.9649053393  -1.0217460388  -0.0047459086
0.9645901617  -1.0212956471  -0.0050734473
0.9642625108  -1.0208285001  -0.0054136437
0.9639222132  -1.0203443737  -0.0057666700
0.9635690939  -1.0198430486  -0.0061327003
0.9632029761  -1.0193243057  -0.0065119112
0.9628236814  -1.0187879250  -0.0069044816
0.9624310293  -1.0182336846  -0.0073105924
0.9620248377  -1.0176613606  -0.0077304268
0.9616049226  -1.0170707276  -0.0081641696
0.9611710982  -1.0164615583  -0.0086120078
0.9607231768  -1.0158336242  -0.0090741301
0.9602609689  -1.0151866950  -0.0095507271
0.9597842832  -1.0145205393  -0.0100419913
0.9592929267  -1.0138349245  -0.0105481168
0.9587867049  -1.0131296177  -0.0110692997
0.9582654241  -1.0124043874  -0.0116057378
0.9577288883  -1.0116590015  -0.0121576308
0.9571768982  -1.0108932253  -0.0127251802
0.9566092528  -1.0101068236  -0.0133085890
0.9560257489  -1.0092995609  -0.0139080623
0.9554261820  -1.0084712016  -0.0145238067
0.9548103454  -1.0076215100  -0.0151560308
0.9541780309  -1.0067502508  -0.0158049448
0.9535290283  -1.0058571887  -0.0164707606
0.9528631260  -1.0049420891  -0.0171536920
0.9521801103  -1.0040047177  -0.0178539544
0.9514797659  -1.0030448413  -0.0185717650
0.9507618759  -1.0020622273  -0.0193073425
0.9500262217  -1.0010565910  -0.0200609075
0.9492725826  -1.0000276829  -0.0208326822
0.9485007362  -0.9989753848  -0.0216228902
0.9477104591  -0.9978995228  -0.0224317566
0.9469015264  -0.9967998326  -0.0232595085
0.9460737110  -0.9956760706  -0.0241063743
0.9452267845  -0.9945280089  -0.0249725841
0.9443605166  -0.9933554229  -0.0258583695
0.9434746758  -0.9921580899  -0.0267639639
0.9425690287  -0.9909357882  -0.0276896017
0.9416433407  -0.9896882979  -0.0286355193
0.9406973755  -0.9884154017  -0.0296019541
0.9397308954  -0.9871168843  -0.0305891453
0.9387436614  -0.9857925323  -0.0315973332
0.9377354327  -0.9844421335  -0.0326267597
0.9367059677  -0.9830654778  -0.0336776680
0.9356550229  -0.9816623563  -0.0347503028
0.9345823539  -0.9802325624  -0.0358449102
0.9334877149  -0.9787758914  -0.0369617374
0.9323708587  -0.9772921408  -0.0381010327
0.9312315372  -0.9757811093  -0.0392630457
0.9300695009  -0.9742425974  -0.0404480268
0.9288844994  -0.9726764076  -0.0416562277
0.9276762810  -0.9710823448  -0.0428879009
0.9264445931  -0.9694602171  -0.0441432999
0.9251891822  -0.9678098354  -0.0454226791
0.9239097946  -0.9661310158  -0.0467262937
0.9226061769  -0.9644235800  -0.0480543997
0.9212780740  -0.9626873512  -0.0494072538
0.9199252292  -0.9609221541  -0.0507851133
0.9185473851  -0.9591278170  -0.0521882365
0.9171442836  -0.9573041703  -0.0536168823
0.9157156661  -0.9554510459  -0.0550713101
0.9142612733  -0.9535682841  -0.0565517798
0.9127808453  -0.9516557354  -0.0580585516
0.9112741218  -0.9497132576  -0.0595918856
0.9097408423  -0.9477407287  -0.0611520423
0.9081807454  -0.9457380728  -0.0627392820
0.9065935702  -0.9437052019  -0.0643538649
0.9049790561  -0.9416418661  -0.0659960520
0.9033369427  -0.9395476561  -0.0676661048
0.9016669686  -0.9374222358  -0.0693642857
0.8999688716  -0.9352654969  -0.0710908561
0.8982423898  -0.9330774817  -0.0728460763
0.8964872620  -0.9308582612  -0.0746302051
0.8947032276  -0.9286078923  -0.0764435011
0.8928900270  -0.9263264162  -0.0782862220
0.8910474041  -0.9240138668  -0.0801586251
0.8891751060  -0.9216702653  -0.0820609669
0.8872728776  -0.9192956069  -0.0839935030
0.8853404631  -0.9168898675  -0.0859564882
0.8833776073  -0.9144530133  -0.0879501775
0.8813840562  -0.9119850025  -0.0899748249
0.8793595568  -0.9094857789  -0.0920306838
0.8773038573  -0.9069552669  -0.0941180056
0.8752167067  -0.9043933756  -0.0962370406
0.8730978556  -0.9018000037  -0.0983880370
0.8709470557  -0.8991750428  -0.1005712416
0.8687640608  -0.8965183789  -0.1027868999
0.8665486259  -0.8938298947  -0.1050352560
0.8643005082  -0.8911094718  -0.1073165511
0.8620194676  -0.8883569953  -0.1096310230
0.8597052746  -0.8855723713  -0.1119789062
0.8573577030  -0.8827555129  -0.1143604316
0.8549765208  -0.8799063230  -0.1167758273
0.8525614969  -0.8770247069  -0.1192253189
0.8501124025  -0.8741105728  -0.1217091280
0.8476290109  -0.8711638198  -0.1242274703
0.8451110949  -0.8681840813  -0.1267805442
0.8425584241  -0.8651706808  -0.1293685214
0.8399707791  -0.8621240445  -0.1319915965
0.8373479761  -0.8590465773  -0.1346500541
0.8346898521  -0.8559402189  -0.1373442219
0.8319962276  -0.8528042557  -0.1400743591
0.8292668914  -0.8496367623  -0.1428406408
0.8265016175  -0.8464365977  -0.1456432096
0.8237001952  -0.8432035414  -0.1484822027
0.8208624317  -0.8399377379  -0.1513577541
0.8179881445  -0.8366394388  -0.1542699967
0.8150771581  -0.8333089535  -0.1572190528
0.8121293001  -0.8299466433  -0.1602050150
0.8091444027  -0.8265529195  -0.1632279489
0.8061223260  -0.8231282780  -0.1662879243
0.8030629552  -0.8196732827  -0.1693850430
0.7999661724  -0.8161885109  -0.1725194275
0.7968318550  -0.8126745612  -0.1756911903
0.7936598824  -0.8091320646  -0.1789004281
0.7904501397  -0.8055616811  -0.1821472317
0.7872025197  -0.8019640963  -0.1854316845
0.7839169371  -0.7983400428  -0.1887538607
0.7805933460  -0.7946903265  -0.1921138267
0.7772316902  -0.7910157381  -0.1955116373
0.7738318824  -0.7873170125  -0.1989473297
0.7703938356  -0.7835948782  -0.2024209207
0.7669174648  -0.7798500545  -0.2059323985
0.7634026942  -0.7760832608  -0.2094817068
0.7598495016  -0.7722952820  -0.2130687207
0.7562578740  -0.7684868829  -0.2166932038
0.7526277451  -0.7646587047  -0.2203547129
0.7489589935  -0.7608112323  -0.2240523604
0.7452508303  -0.7569443767  -0.2277804270
0.7415021942  -0.7530578679  -0.2315322355
0.7377147628  -0.7491533361  -0.2353160172
0.7338926422  -0.7452344521  -0.2391490249
0.7300372871  -0.7413037221  -0.2430388588
0.7261466136  -0.7373611571  -0.2469845285
0.7222185752  -0.7334061078  -0.2509841679
0.7182524268  -0.7294382479  -0.2550364188
0.7142479467  -0.7254573136  -0.2591399844
0.7102051515  -0.7214631226  -0.2632934402
0.7061242416  -0.7174555958  -0.2674952374
0.7020048447  -0.7134339394  -0.2717437099
0.6978458311  -0.7093964263  -0.2760370830
0.6936463227  -0.7053414932  -0.2803734809
0.6894066618  -0.7012687135  -0.2847509334
0.6851281882  -0.6971785517  -0.2891673834
0.6808116346  -0.6930708086  -0.2936206946
0.6764568330  -0.6889442604  -0.2981086597
0.6720636754  -0.6847976418  -0.3026290075
0.6676321880  -0.6806297943  -0.3071794105
0.6631622600  -0.6764393491  -0.3117574915
0.6586537795  -0.6722249031  -0.3163608298
0.6541066367  -0.6679850347  -0.3209869680
0.6495204455  -0.6637180106  -0.3256334200
0.6448945851  -0.6594218745  -0.3302976783
0.6402281660  -0.6550944111  -0.3349772208
0.6355197261  -0.6507328453  -0.3396695180
0.6307668157  -0.6463334715  -0.3443720389
0.6259654701  -0.6418911433  -0.3490822572
0.6211089598  -0.6373980669  -0.3537976608
0.6161847721  -0.6328408456  -0.3585157618
0.6111663865  -0.6281924869  -0.3632341391
0.6057632242  -0.6231629660  -0.3679504852
0.6000408593  -0.6178236387  -0.3726624860
0.5946841213  -0.6128592235  -0.3773676117
0.5898667907  -0.6084326939  -0.3820631901
0.5852764767  -0.6042241273  -0.3867466866
0.5807430194  -0.6000610003  -0.3914157907
0.5762317701  -0.5959076535  -0.3960683259
0.5717413060  -0.5917615481  -0.4007021988
0.5672713303  -0.5876212907  -0.4053154015
0.5628217267  -0.5834857789  -0.4099060187
0.5583924045  -0.5793540564  -0.4144722452
0.5539833064  -0.5752253172  -0.4190124166
0.5495944095  -0.5710989058  -0.4235250225
0.5452257120  -0.5669743105  -0.4280086861
0.5408772181  -0.5628511536  -0.4324621381
0.5365489386  -0.5587291873  -0.4368842254
0.5322409057  -0.5546082943  -0.4412739458
0.5279531775  -0.5504884852  -0.4456304616
0.5236858295  -0.5463698904  -0.4499530992
0.5194389490  -0.5422527514  -0.4542413574
0.5152126343  -0.5381374134  -0.4584949175
0.5110069919  -0.5340243171  -0.4627136500
0.5068221353  -0.5299139898  -0.4668976272
0.5026581844  -0.5258070375  -0.4710471402
0.4985152646  -0.5217041357  -0.4751627145
0.4943935060  -0.5176060209  -0.4792451340
0.4902930460  -0.5135134835  -0.4832954783
0.4862140354  -0.5094273626  -0.4873151776
0.4821566487  -0.5053485439  -0.4913061019
0.4781211112  -0.5012779674  -0.4952707320
0.4741077669  -0.4972166937  -0.4992125415
0.4701182482  -0.4931664004  -0.5031413472
0.4661550944  -0.4891291352  -0.5070706430
0.4622165086  -0.4851050960  -0.5109997382
0.4582959026  -0.4810923047  -0.5149155831
0.4543896908  -0.4770896064  -0.5188109292
0.4504995128  -0.4730977632  -0.5226857176
0.4466275749  -0.4691178940  -0.5265407341
0.4427746003  -0.4651506551  -0.5303762669
0.4389406132  -0.4611964390  -0.5341924389
0.4351255153  -0.4572555630  -0.5379893745
0.4313292042  -0.4533283124  -0.5417672037
0.4275515772  -0.4494149412  -0.5455260617
0.4237925314  -0.4455156723  -0.5492660882
0.4200519641  -0.4416306989  -0.5529874269
0.4163297722  -0.4377601863  -0.5566902244
0.4126258531  -0.4339042743  -0.5603746308
0.4089401038  -0.4300630770  -0.5640407979
0.4052724216  -0.4262366826  -0.5676888790
0.4016227034  -0.4224251552  -0.5713190271
0.3979908463  -0.4186285366  -0.5749313945
0.3943767471  -0.4148468480  -0.5785261316
0.3907803032  -0.4110800922  -0.5821033860
0.3872014118  -0.4073282550  -0.5856633016
0.3836399707  -0.4035913067  -0.5892060174
0.3800958778  -0.3998692045  -0.5927316667
0.3765690315  -0.3961618937  -0.5962403758
0.3730593305  -0.3924693095  -0.5997322631
0.3695666741  -0.3887913781  -0.6032074374
0.3660909617  -0.3851280174  -0.6066659965
0.3626320931  -0.3814791364  -0.6101080244
0.3591899678  -0.3778446309  -0.6135335876
0.3557644810  -0.3742243098  -0.6169427067
0.3523555170  -0.3706178438  -0.6203353170
0.3489629630  -0.3670250984  -0.6237113381
0.3455867436  -0.3634464987  -0.6270708288
0.3422268195  -0.3598826301  -0.6304139869
0.3388831387  -0.3563336305  -0.6337409999
0.3355556122  -0.3527992872  -0.6370519823
0.3322441362  -0.3492794183  -0.6403470175
0.3289486145  -0.3457739637  -0.6436261891
0.3256689587  -0.3422829162  -0.6468895827
0.3224050833  -0.3388062813  -0.6501372839
0.3191569038  -0.3353440699  -0.6533693775
0.3159243365  -0.3318962970  -0.6565859474
0.3127072978  -0.3284629819  -0.6597870769
0.3095057053  -0.3250441473  -0.6629728485
0.3063194765  -0.3216398197  -0.6661433439
0.3031485301  -0.3182500284  -0.6692986441
0.2999927848  -0.3148748056  -0.6724388296
0.2968521601  -0.3115141854  -0.6755639801
0.2937265760  -0.3081682032  -0.6786741746
0.2906159528  -0.3048368949  -0.6817694917
0.2875202116  -0.3015202968  -0.6848500094
0.2844392738  -0.2982184441  -0.6879158051
0.2813730612  -0.2949313709  -0.6909669557
0.2783214960  -0.2916591090  -0.6940035379
0.2752845012  -0.2884016876  -0.6970256277
0.2722619998  -0.2851591321  -0.7000333008
0.2692539155  -0.2819314637  -0.7030266327
0.2662601721  -0.2787186984  -0.7060056984
0.2632806942  -0.2755208459  -0.7089705729
0.2603154065  -0.2723379086  -0.7119213308
0.2573642340  -0.2691698762  -0.7148580467
0.2544271022  -0.2660167149  -0.7177807956
0.2515039371  -0.2628783716  -0.7206896529
0.2485946648  -0.2597548076  -0.7235846937
0.2456992117  -0.2566460210  -0.7264659919
0.2428175044  -0.2535520287  -0.7293336197
0.2399494699  -0.2504728375  -0.7321876490
0.2370950354  -0.2474084409  -0.7350281515
0.2342541289  -0.2443588276  -0.7378551991
0.2314266785  -0.2413239846  -0.7406688634
0.2286126125  -0.2383038980  -0.7434692159
0.2258118596  -0.2352985525  -0.7462563274
0.2230243488  -0.2323079311  -0.7490302688
0.2202500093  -0.2293320156  -0.7517911106
0.2174887706  -0.2263707866  -0.7545389228
0.2147405625  -0.2234242229  -0.7572737754
0.2120053151  -0.2204922940  -0.7599957381
0.2092829586  -0.2175749516  -0.7627048802
0.2065734237  -0.2146721651  -0.7654012710
0.2038766413  -0.2117839474  -0.7680849793
0.2011925427  -0.2089103057  -0.7707560735
0.1985210591  -0.2060512110  -0.7734146220
0.1958621223  -0.2032066263  -0.7760606930
0.1932156640  -0.2003765169  -0.7786943542
0.1905816166  -0.1975608467  -0.7813156733
0.1879599122  -0.1947595776  -0.7839247177
0.1853504836  -0.1919726700  -0.7865215545
0.1827532636  -0.1892000827  -0.7891062508
0.1801681853  -0.1864417736  -0.7916788731
0.1775951820  -0.1836976990  -0.7942394878
0.1750341873  -0.1809678147  -0.7967881613
0.1724851351  -0.1782520754  -0.7993249594
0.1699479593  -0.1755504350  -0.8018499479
0.1674225942  -0.1728628470  -0.8043631923
0.1649089743  -0.1701892642  -0.8068647578
0.1624070344  -0.1675296387  -0.8093547095
0.1599167095  -0.1648839223  -0.8118331121
0.1574379347  -0.1622520665  -0.8143000302
0.1549706455  -0.1596340220  -0.8167555281
0.1525147774  -0.1570297394  -0.8191996699
0.1500702666  -0.1544391689  -0.8216325194
0.1476370489  -0.1518622603  -0.8240541403
0.1452150608  -0.1492989629  -0.8264645960
0.1428042389  -0.1467492259  -0.8288639496
0.1404045199  -0.1442129976  -0.8312522640
0.1380158409  -0.1416902261  -0.8336296020
0.1356381391  -0.1391808591  -0.8359960260
0.1332713521  -0.1366848436  -0.8383515981
0.1309154181  -0.1342022231  -0.8406963907
0.1285702765  -0.1317330703  -0.8430304872
0.1262358645  -0.1292770968  -0.8453539418
0.1239121172  -0.1268339530  -0.8476667817
0.1215989721  -0.1244037014  -0.8499690561
0.1192963700  -0.1219864412  -0.8522608272
0.1170042508  -0.1195821259  -0.8545421524
0.1147225541  -0.1171907067  -0.8568130895
0.1124512196  -0.1148121329  -0.8590736968
0.1101901874  -0.1124463521  -0.8613240332
0.1079393976  -0.1100933097  -0.8635641583
0.1056987908  -0.1077529492  -0.8657941326
0.1034683076  -0.1054252122  -0.8680140169
0.1012478888  -0.1031100383  -0.8702238732
0.0990374756  -0.1008073649  -0.8724237642
0.0968370093  -0.0985171278  -0.8746137531
0.0946464312  -0.0962392611  -0.8767939041
0.0924656831  -0.0939736970  -0.8789642821
0.0902947069  -0.0917203663  -0.8811249526
0.0881334445  -0.0894791983  -0.8832759817
0.0859818382  -0.0872501209  -0.8854174362
0.0838398305  -0.0850330612  -0.8875493831
0.0817073640  -0.0828279448  -0.8896718901
0.0795843816  -0.0806346969  -0.8917850247
0.0774708264  -0.0784532417  -0.8938888548
0.0753666417  -0.0762835030  -0.8959834482
0.0732717710  -0.0741254038  -0.8980688725
0.0711861580  -0.0719788673  -0.9001451946
0.0691097467  -0.0698438162  -0.9022124814
0.0670424813  -0.0677201731  -0.9042707984
0.0649843063  -0.0656078609  -0.9063202105
0.0629351664  -0.0635068026  -0.9083607813
0.0608956207  -0.0614169922  -0.9104218465
0.0588660145  -0.0593383895  -0.9125179662
0.0568447004  -0.0572707310  -0.9145991847
0.0548311573  -0.0552138961  -0.9166784586
0.0528261565  -0.0531679097  -0.9187549445
0.0508296311  -0.0511326987  -0.9208276768
0.0488415177  -0.0491081908  -0.9228955679
0.0468617567  -0.0470943147  -0.9249574075
0.0448902924  -0.0450909997  -0.9270118634
0.0429270730  -0.0430981758  -0.9290574809
0.0409720513  -0.0411157736  -0.9310926832
0.0390251846  -0.0391437240  -0.9331157711
0.0370864346  -0.0371819585  -0.9351249232
0.0351557680  -0.0352304085  -0.9371181959
0.0332331566  -0.0332890060  -0.9390935234
0.0313185768  -0.0313576826  -0.9410487173
0.0294120106  -0.0294363699  -0.9429814673
0.0275134447  -0.0275249996  -0.9448893407
0.0256228712  -0.0256235027  -0.9467697824
0.0237402871  -0.0237318103  -0.9486201154
0.0218656945  -0.0218498527  -0.9504375401
0.0199991004  -0.0199775603  -0.9522191348
0.0181405163  -0.0181148628  -0.9539618555
0.0162899581  -0.0162616894  -0.9556625358
0.0144474461  -0.0144179693  -0.9573178874
0.0126130040  -0.0125836314  -0.9589244993
0.0107866589  -0.0107586042  -0.9604788386
0.0089684406  -0.0089428167  -0.9619772500
0.0071583811  -0.0071361978  -0.9634159558
0.0053565137  -0.0053386767  -0.9647910562
0.0035628725  -0.0035501833  -0.9660985292
0.0017774913  -0.0017706484  -0.9673342304
0.0017766429  -0.0017706414  -0.9673342304
