0.106604
1.8810883487  -2.2657590385   0.0000899575
1.8810883487  -2.2657590385   0.0000899575
1.8810958152  -2.2657534018   0.0000735430
1.8810897593  -2.2657016425   0.0000326095
1.8810634325  -2.2655993364  -0.0000335764
1.8810115927  -2.2654375128  -0.0001257366
1.8809323005  -2.2652133254  -0.0002445804
1.8808244591  -2.2649254334  -0.0003908053
1.8806872898  -2.2645730505  -0.0005650967
1.8805201596  -2.2641556326  -0.0007681279
1.8803225099  -2.2636727502  -0.0010005600
1.8800938247  -2.2631240294  -0.0012630423
1.8798336132  -2.2625091211  -0.0015562116
1.8795414010  -2.2618276851  -0.0018806930
1.8792167244  -2.2610793798  -0.0022370994
1.8788591274  -2.2602638578  -0.0026260315
1.8784681599  -2.2593807623  -0.0030480781
1.8780433763  -2.2584297255  -0.0035038158
1.8775843347  -2.2574103681  -0.0039938091
1.8770905965  -2.2563222991  -0.0045186106
1.8765617264  -2.2551651158  -0.0050787606
1.8759972921  -2.2539384049  -0.0056747874
1.8753968641  -2.2526417429  -0.0063072073
1.8747600164  -2.2512746972  -0.0069765244
1.8740863259  -2.2498368272  -0.0076832307
1.8733753732  -2.2483276853  -0.0084278064
1.8726267423  -2.2467468184  -0.0092107192
1.8718400213  -2.2450937691  -0.0100324251
1.8710148020  -2.2433680767  -0.0108933677
1.8701506810  -2.2415692793  -0.0117939787
1.8692472591  -2.2396969145  -0.0127346778
1.8683041422  -2.2377505213  -0.0137158724
1.8673209361  -2.2357284565  -0.0147393834
1.8662972682  -2.2336313698  -0.0158043364
1.8652327675  -2.2314602765  -0.0169106682
1.8641270491  -2.2292138454  -0.0180586678
1.8629797413  -2.2268913216  -0.0192486436
1.8617904826  -2.2244921726  -0.0204809372
1.8605589201  -2.2220159178  -0.0217558811
1.8592847088  -2.2194621186  -0.0230738027
1.8579675113  -2.2168303622  -0.0244350240
1.8566069984  -2.2141202592  -0.0258398605
1.8552028492  -2.2113314428  -0.0272886204
1.8537547515  -2.2084635703  -0.0287816040
1.8522624017  -2.2055163256  -0.0303191033
1.8507255057  -2.2024894209  -0.0319014016
1.8491437785  -2.1993825973  -0.0335287734
1.8475169450  -2.1961956251  -0.0352014837
1.8458447397  -2.1929283048  -0.0369197873
1.8441269071  -2.1895804676  -0.0386839285
1.8423632023  -2.1861519761  -0.0404941409
1.8405533904  -2.1826427238  -0.0423506480
1.8386972477  -2.1790526352  -0.0442536630
1.8367945611  -2.1753816664  -0.0462033888
1.8348451285  -2.1716298058  -0.0482000176
1.8328487573  -2.1677970731  -0.0502437308
1.8308052574  -2.1638835126  -0.0523346987
1.8287144502  -2.1598892030  -0.0544730804
1.8265761759  -2.1558142668  -0.0566590214
1.8243902878  -2.1516588641  -0.0588926538
1.8221566510  -2.1474231911  -0.0611740990
1.8198751434  -2.1431074800  -0.0635034691
1.8175456550  -2.1387120001  -0.0658808667
1.8151680878  -2.1342367653  -0.0683063847
1.8127423545  -2.1296820173  -0.0707801052
1.8102683817  -2.1250487184  -0.0733020999
1.8077461117  -2.1203375444  -0.0758724300
1.8051754969  -2.1155487508  -0.0784911455
1.8025564992  -2.1106827479  -0.0811582822
1.7998890779  -2.1057400254  -0.0838738582
1.7971731923  -2.1007211055  -0.0866378741
1.7944088262  -2.0956265588  -0.0894503143
1.7915959854  -2.0904570001  -0.0923111471
1.7887346882  -2.0852130821  -0.0952203263
1.7858249652  -2.0798954979  -0.0981777920
1.7828668594  -2.0745049764  -0.1011834763
1.7798604269  -2.0690422754  -0.1042373090
1.7768057360  -2.0635081742  -0.1073392162
1.7737028657  -2.0579034708  -0.1104891150
1.7705519050  -2.0522289868  -0.1136869139
1.7673529296  -2.0464855513  -0.1169325134
1.7641060063  -2.0406740071  -0.1202258067
1.7608112346  -2.0347952491  -0.1235666801
1.7574687416  -2.0288502236  -0.1269550128
1.7540786656  -2.0228399130  -0.1303906781
1.7506411548  -2.0167653305  -0.1338735433
1.7471563675  -2.0106275127  -0.1374034696
1.7436244710  -2.0044275170  -0.1409803125
1.7400456415  -1.9981664221  -0.1446039223
1.7364200490  -1.9918453142  -0.1482741436
1.7327477733  -1.9854652094  -0.1519908164
1.7290289191  -1.9790271559  -0.1557537756
1.7252637218  -1.9725323327  -0.1595628511
1.7214524537  -1.9659819634  -0.1634178679
1.7175954008  -1.9593772767  -0.1673186458
1.7136928606  -1.9527194992  -0.1712650002
1.7097451411  -1.9460098931  -0.1752567416
1.7057525594  -1.9392497709  -0.1792936761
1.7017154491  -1.9324404707  -0.1833756055
1.6976341094  -1.9255833027  -0.1875023269
1.6935086948  -1.9186794293  -0.1916736333
1.6893392474  -1.9117299136  -0.1958893141
1.6851257871  -1.9047358503  -0.2001491443
1.6808683171  -1.8976982322  -0.2044528778
1.6765668302  -1.8906177263  -0.2088002773
1.6722213191  -1.8834948200  -0.2131911460
1.6678317872  -1.8763302655  -0.2176253236
1.6633984999  -1.8691254669  -0.2221026730
1.6589219214  -1.8618821774  -0.2266230507
1.6544023802  -1.8546019665  -0.2311862637
1.6498401164  -1.8472862462  -0.2357920622
1.6452353711  -1.8399363763  -0.2404401557
1.6405883936  -1.8325536708  -0.2451302184
1.6358994406  -1.8251393972  -0.2498618911
1.6311687782  -1.8176947807  -0.2546347965
1.6263966881  -1.8102210156  -0.2594485718
1.6215834652  -1.8027192629  -0.2643028782
1.6167294087  -1.7951906433  -0.2691973786
1.6118348171  -1.7876362374  -0.2741317307
1.6068999915  -1.7800570904  -0.2791055907
1.6019252376  -1.7724542159  -0.2841186157
1.5969108684  -1.7648286033  -0.2891704660
1.5918572120  -1.7571812331  -0.2942608063
1.5867645997  -1.7495130660  -0.2993893012
1.5816333559  -1.7418250301  -0.3045556139
1.5764638063  -1.7341180349  -0.3097594079
1.5712562805  -1.7263929784  -0.3150003474
1.5660111111  -1.7186507529  -0.3202780958
1.5607286388  -1.7108922563  -0.3255923146
1.5554092137  -1.7031183975  -0.3309426613
1.5500531864  -1.6953300873  -0.3363287914
1.5446609078  -1.6875282423  -0.3417503613
1.5392327333  -1.6797138016  -0.3472070300
1.5337690180  -1.6718878206  -0.3526984411
1.5282694799  -1.6640508093  -0.3582242200
1.5227337615  -1.6562026502  -0.3637840688
1.5171630005  -1.6483440478  -0.3693778374
1.5115593104  -1.6404773837  -0.3750053939
1.5059248459  -1.6326063584  -0.3806664823
1.5002617067  -1.6247347307  -0.3863607612
1.4945706092  -1.6168643290  -0.3920878884
1.4888506984  -1.6089950475  -0.3978475368
1.4831009756  -1.6011264630  -0.4036393888
1.4773205167  -1.5932582039  -0.4094631362
1.4715083076  -1.5853898212  -0.4153184765
1.4656632408  -1.5775207831  -0.4212051141
1.4597848639  -1.5696513173  -0.4271227641
1.4538740618  -1.5617831657  -0.4330711511
1.4479316987  -1.5539180546  -0.4390500088
1.4419579821  -1.5460569638  -0.4450590788
1.4359531116  -1.5382008484  -0.4510981094
1.4299172898  -1.5303506677  -0.4571668569
1.4238507698  -1.5225074858  -0.4632650903
1.4177538367  -1.5146724293  -0.4693925733
1.4116267222  -1.5068465059  -0.4755490256
1.4054696289  -1.4990306418  -0.4817341719
1.3992827888  -1.4912257706  -0.4879478095
1.3930664786  -1.4834328900  -0.4941897585
1.3868210124  -1.4756530810  -0.5004598160
1.3805466672  -1.4678873248  -0.5067577604
1.3742436655  -1.4601364487  -0.5130833433
1.3679122183  -1.4524012247  -0.5194362660
1.3615525731  -1.4446824739  -0.5258161357
1.3551649724  -1.4369809926  -0.5322223682
1.3487494902  -1.4292971795  -0.5386539203
1.3423050958  -1.4216302920  -0.5451055767
1.3358309907  -1.4139798895  -0.5515737750
1.3293312139  -1.4063498681  -0.5580688588
1.3228115074  -1.3987461694  -0.5646032320
1.3162715846  -1.3911702610  -0.5711780365
1.3097075872  -1.3836200814  -0.5777905620
1.3031177174  -1.3760942457  -0.5844393610
1.2965018682  -1.3685922580  -0.5911231595
1.2898601361  -1.3611136191  -0.5978406222
1.2831927540  -1.3536579283  -0.6045903531
1.2764999299  -1.3462246256  -0.6113709053
1.2697817251  -1.3388127893  -0.6181807960
1.2630383343  -1.3314215959  -0.6250185051
1.2562700468  -1.3240502276  -0.6318824500
1.2494770869  -1.3166976365  -0.6387709772
1.2426597367  -1.3093628210  -0.6456823855
1.2358181785  -1.3020445698  -0.6526149400
1.2289525822  -1.2947415795  -0.6595668737
1.2220631775  -1.2874525790  -0.6665363919
1.2151504456  -1.2801764762  -0.6735216763
1.2082136995  -1.2729109959  -0.6805208910
1.2012506691  -1.2656522354  -0.6875321896
1.1942621966  -1.2583994266  -0.6945537181
1.1872505086  -1.2511532545  -0.7015836184
1.1802155509  -1.2439121140  -0.7086200315
1.1731565907  -1.2366736783  -0.7156611033
1.1660726058  -1.2294353617  -0.7227049907
1.1589617938  -1.2221938598  -0.7297498672
1.1518209626  -1.2149445555  -0.7367939274
1.1446442706  -1.2076802739  -0.7438353919
1.1374200857  -1.2003881709  -0.7508725185
1.1301211745  -1.1930393978  -0.7579036570
1.1224974260  -1.1853835340  -0.7649272805
1.1147510996  -1.1776304578  -0.7719417775
1.1074628430  -1.1703624328  -0.7789452345
1.1005303204  -1.1634674766  -0.7859356643
1.0936585134  -1.1566428178  -0.7929113366
1.0868060349  -1.1498417109  -0.7998707470
1.0799722764  -1.1430603806  -0.8068124706
1.0731570391  -1.1362966943  -0.8137351416
1.0663601274  -1.1295487800  -0.8206374703
1.0595813668  -1.1228149143  -0.8275182491
1.0528206072  -1.1160935233  -0.8343763610
1.0460777225  -1.1093831839  -0.8412107836
1.0393526078  -1.1026826211  -0.8480205896
1.0326451778  -1.0959907032  -0.8548049516
1.0259553665  -1.0893064417  -0.8615631466
1.0192831268  -1.0826289954  -0.8682945610
1.0126284298  -1.0759576705  -0.8749986969
1.0059912622  -1.0692919152  -0.8816751746
0.9993716231  -1.0626313146  -0.8883237312
0.9927695270  -1.0559755878  -0.8949442438
0.9861850219  -1.0493245853  -0.9015367827
0.9796181747  -1.0426782818  -0.9081015776
0.9730690260  -1.0360367615  -0.9146389470
0.9665375977  -1.0294002083  -0.9211493396
0.9600239338  -1.0227689012  -0.9276333865
0.9535281015  -1.0161432094  -0.9340919110
0.9470501810  -1.0095235850  -0.9405259512
0.9405902717  -1.0029105576  -0.9469368073
0.9341485098  -0.9963047329  -0.9533261224
0.9277251080  -0.9897068021  -0.9596960465
0.9213204631  -0.9831176467  -0.9660496440
0.9149365373  -0.9765385492  -0.9723954670
0.9085755261  -0.9699708167  -0.9787423708
0.9022335878  -0.9634146824  -0.9850848452
0.8959032996  -0.9568692723  -0.9914119431
0.8895832154  -0.9503338945  -0.9977215580
0.8832765371  -0.9438085737  -1.0040151739
0.8769849639  -0.9372935629  -1.0102931545
0.8707085645  -0.9307890335  -1.0165556458
0.8644472076  -0.9242950969  -1.0228027964
0.8582007628  -0.9178118366  -1.0290347592
0.8519691015  -0.9113393123  -1.0352516910
0.8457520968  -0.9048775595  -1.0414537516
0.8395496232  -0.8984265897  -1.0476411038
0.8333615566  -0.8919863903  -1.0538139124
0.8271877742  -0.8855569263  -1.0599723437
0.8210281543  -0.8791381409  -1.0661165647
0.8148825764  -0.8727299567  -1.0722467425
0.8087509212  -0.8663322765  -1.0783630429
0.8026330705  -0.8599449842  -1.0844656305
0.7965289073  -0.8535679464  -1.0905546671
0.7904383158  -0.8472010160  -1.0966303104
0.7843611809  -0.8408440344  -1.1026927130
0.7782973889  -0.8344968288  -1.1087420216
0.7722468278  -0.8281592119  -1.1147783769
0.7662093872  -0.8218309870  -1.1208019133
0.7601849585  -0.8155119534  -1.1268127561
0.7541734338  -0.8092019076  -1.1328110213
0.7481747068  -0.8029006452  -1.1387968136
0.7421886724  -0.7966079644  -1.1447702244
0.7362152261  -0.7903236715  -1.1507313290
0.7302542631  -0.7840475899  -1.1566801808
0.7243056701  -0.7777796355  -1.1626167765
0.7183693159  -0.7715198205  -1.1685410260
0.7124450884  -0.7652679119  -1.1744528650
0.7065329546  -0.7590232782  -1.1803524106
0.7006329283  -0.7527853921  -1.1862398839
0.6947449723  -0.7465541355  -1.1921154348
0.6888689866  -0.7403295055  -1.1979791360
0.6830048687  -0.7341114061  -1.2038310513
0.6771525383  -0.7278997059  -1.2096712495
0.6713119260  -0.7216942875  -1.2154997984
0.6654829655  -0.7154950511  -1.2213167633
0.6596655928  -0.7093019135  -1.2271222068
0.6538597459  -0.7031148087  -1.2329161894
0.6480653651  -0.6969336872  -1.2386987688
0.6422823930  -0.6907585157  -1.2444700006
0.6365107742  -0.6845892767  -1.2502299376
0.6307504558  -0.6784259676  -1.2559786304
0.6250013869  -0.6722686000  -1.2617161271
0.6192635187  -0.6661171982  -1.2674424734
0.6135368050  -0.6599717983  -1.2731577127
0.6078212013  -0.6538324463  -1.2788618861
0.6021166656  -0.6476991966  -1.2845550323
0.5964231581  -0.6415721101  -1.2902371878
0.5907406411  -0.6354512535  -1.2959083869
0.5850690789  -0.6293366984  -1.3015686618
0.5794084384  -0.6232285186  -1.3072180424
0.5737586882  -0.6171267888  -1.3128565567
0.5681197993  -0.6110315816  -1.3184842306
0.5624917448  -0.6049429659  -1.3241010881
0.5568745000  -0.5988610036  -1.3297071512
0.5512680421  -0.5927857445  -1.3353024402
0.5456723508  -0.5867172086  -1.3408869742
0.5400874077  -0.5806553569  -1.3464607712
0.5345131968  -0.5746001233  -1.3520238484
0.5289497039  -0.5685515242  -1.3575762207
0.5233969160  -0.5625096947  -1.3631178987
0.5178548216  -0.5564747977  -1.3686488890
0.5123234116  -0.5504469553  -1.3741691969
0.5068026795  -0.5444262684  -1.3796788263
0.5012926212  -0.5384128435  -1.3851777797
0.4957932342  -0.5324067952  -1.3906660576
0.4903045180  -0.5264082440  -1.3961436584
0.4848264739  -0.5204173161  -1.4016105787
0.4793591053  -0.5144341436  -1.4070668131
0.4739024172  -0.5084588644  -1.4125123544
0.4684564166  -0.5024915287  -1.4179471939
0.4630211123  -0.4965320088  -1.4233713210
0.4575965150  -0.4905803854  -1.4287847238
0.4521826373  -0.4846372586  -1.4341873869
0.4467794937  -0.4787031975  -1.4395792929
0.4413870999  -0.4727783828  -1.4449604234
0.4360054741  -0.4668629153  -1.4503307588
0.4306346359  -0.4609569498  -1.4556902781
0.4252746065  -0.4550606392  -1.4610389588
0.4199254087  -0.4491741341  -1.4663767766
0.4145870669  -0.4432975841  -1.4717037059
0.4092596068  -0.4374311393  -1.4770197198
0.4039430561  -0.4315749518  -1.4823247896
0.3986374435  -0.4257291775  -1.4876188853
0.3933427993  -0.4198939772  -1.4929019758
0.3880591553  -0.4140695175  -1.4981740281
0.3827865446  -0.4082559728  -1.5034350083
0.3775250014  -0.4024535256  -1.5086848809
0.3722745614  -0.3966623676  -1.5139236090
0.3670352614  -0.3908827005  -1.5191511548
0.3618071396  -0.3851147365  -1.5243674791
0.3565902349  -0.3793586982  -1.5295725413
0.3513845877  -0.3736148194  -1.5347663000
0.3461902391  -0.3678833445  -1.5399487128
0.3410072315  -0.3621645293  -1.5451197362
0.3358356079  -0.3564586401  -1.5502793256
0.3306754123  -0.3507659537  -1.5554274359
0.3255266895  -0.3450867565  -1.5605640211
0.3203894849  -0.3394213441  -1.5656890343
0.3152638448  -0.3337700205  -1.5708024284
0.3101498159  -0.3281330972  -1.5759041554
0.3050474455  -0.3225108918  -1.5809941670
0.2999567901  -0.3169049776  -1.5860724754
0.2948779180  -0.3113173562  -1.5911391626
0.2898108657  -0.3057453967  -1.5961941350
0.2847556327  -0.3001855746  -1.6012371372
0.2797122530  -0.2946396723  -1.6062680485
0.2746807997  -0.2891100247  -1.6112868285
0.2696613364  -0.2835971116  -1.6162934086
0.2646539152  -0.2781013961  -1.6212877245
0.2596585884  -0.2726233284  -1.6262697171
0.2546754083  -0.2671633434  -1.6312393327
0.2497044269  -0.2617218574  -1.6361965237
0.2447456954  -0.2562992664  -1.6411412483
0.2397992646  -0.2508959445  -1.6460734718
0.2348651841  -0.2455122423  -1.6509931655
0.2299435023  -0.2401484862  -1.6559003080
0.2250342663  -0.2348049780  -1.6607948843
0.2201375219  -0.2294819948  -1.6656768865
0.2152533131  -0.2241797889  -1.6705463129
0.2103816824  -0.2188985888  -1.6754031686
0.2055226704  -0.2136385994  -1.6802474645
0.2006763162  -0.2084000034  -1.6850792173
0.1958426567  -0.2031829625  -1.6898984491
0.1910217273  -0.1979876186  -1.6947051866
0.1862135615  -0.1928140952  -1.6994994606
0.1814181908  -0.1876624995  -1.7042813054
0.1766356451  -0.1825329237  -1.7090507578
0.1718659524  -0.1774254469  -1.7138078563
0.1671091390  -0.1723401367  -1.7185526403
0.1623652293  -0.1672770513  -1.7232851491
0.1576342458  -0.1622362407  -1.7280054206
0.1529162092  -0.1572177491  -1.7327134902
0.1482111382  -0.1522216192  -1.7374093896
0.1435227451  -0.1472490664  -1.7421633227
0.1388534361  -0.1423007659  -1.7470100996
0.1341936355  -0.1373736279  -1.7518297247
0.1295405587  -0.1324668967  -1.7566531294
0.1248991860  -0.1275822671  -1.7614781395
0.1202694507  -0.1227197933  -1.7663022860
0.1156513036  -0.1178795397  -1.7711228054
0.1110447141  -0.1130615786  -1.7759366396
0.1064496712  -0.1082659896  -1.7807404358
0.1018661844  -0.1034928572  -1.7855305465
0.0972942850  -0.0987422695  -1.7903030297
0.0927340265  -0.0940143159  -1.7950536489
0.0881854855  -0.0893090844  -1.7997778728
0.0836487624  -0.0846266592  -1.8044708754
0.0791239818  -0.0799671183  -1.8091275363
0.0746112930  -0.0753305300  -1.8137424403
0.0701108699  -0.0707169508  -1.8183098778
0.0656229114  -0.0661264224  -1.8228238443
0.0611476410  -0.0615589691  -1.8272780409
0.0566853066  -0.0570145958  -1.8316658739
0.0522361800  -0.0524932859  -1.8359804552
0.0478005556  -0.0479949998  -1.8402146019
0.0433787501  -0.0435196744  -1.8443608365
0.0389711006  -0.0390672224  -1.8484113869
0.0345779630  -0.0346375327  -1.8523581864
0.0301997101  -0.0302304722  -1.8561928738
0.0258367295  -0.0258458870  -1.8599067930
0.0214894203  -0.0214836058  -1.8634909934
0.0171581906  -0.0171434430  -1.8669362300
0.0128434536  -0.0128252032  -1.8702329628
0.0085456239  -0.0085286859  -1.8733713575
0.0042651125  -0.0042536900  -1.8763412850
0.0042602230  -0.0042536543  -1.8763412850
