0.278023
0.5898586167  -0.5803352727   0.0000170654
0.5898586167  -0.5803352727   0.0000170654
0.5898608579  -0.5803368024   0.0000151360
0.5898609157  -0.5803346700   0.0000092273
0.5898574471  -0.5803279373  -0.0000007585
0.5898498495  -0.5803161873  -0.0000149193
0.5898378749  -0.5802992482  -0.0000333532
0.5898213739  -0.5802770157  -0.0000561585
0.5898002350  -0.5802494104  -0.0000834336
0.5897743633  -0.5802163638  -0.0001152772
0.5897436719  -0.5801778117  -0.0001517881
0.5897080783  -0.5801336920  -0.0001930655
0.5896675021  -0.5800839428  -0.0002392085
0.5896218639  -0.5800285020  -0.0002903166
0.5895710844  -0.5799673067  -0.0003464895
0.5895150845  -0.5799002930  -0.0004078268
0.5894537844  -0.5798273953  -0.0004744286
0.5893871040  -0.5797485471  -0.0005463952
0.5893149624  -0.5796636800  -0.0006238268
0.5892372777  -0.5795727242  -0.0007068241
0.5891539673  -0.5794756082  -0.0007954878
0.5890649478  -0.5793722591  -0.0008899189
0.5889701345  -0.5792626022  -0.0009902185
0.5888694419  -0.5791465609  -0.0010964880
0.5887627834  -0.5790240572  -0.0012088289
0.5886500714  -0.5788950114  -0.0013273428
0.5885312170  -0.5787593420  -0.0014521318
0.5884061304  -0.5786169657  -0.0015832979
0.5882747207  -0.5784677977  -0.0017209433
0.5881368955  -0.5783117514  -0.0018651707
0.5879925616  -0.5781487384  -0.0020160825
0.5878416245  -0.5779786688  -0.0021737818
0.5876839862  -0.5778013723  -0.0023386171
0.5875195522  -0.5776168283  -0.0025104625
0.5873482274  -0.5774250488  -0.0026893352
0.5871699104  -0.5772258806  -0.0028753352
0.5869844994  -0.5770191954  -0.0030685624
0.5867918923  -0.5768048844  -0.0032691189
0.5865919858  -0.5765828406  -0.0034771085
0.5863846751  -0.5763529565  -0.0036926366
0.5861698546  -0.5761151235  -0.0039158101
0.5859474168  -0.5758692318  -0.0041467375
0.5857172535  -0.5756151698  -0.0043855289
0.5854792547  -0.5753528249  -0.0046322954
0.5852333093  -0.5750820828  -0.0048871499
0.5849793047  -0.5748028279  -0.0051502067
0.5847171270  -0.5745149433  -0.0054215813
0.5844466610  -0.5742183107  -0.0057013908
0.5841677900  -0.5739128106  -0.0059897537
0.5838803960  -0.5735983222  -0.0062867898
0.5835843593  -0.5732747235  -0.0065926207
0.5832795592  -0.5729418914  -0.0069073690
0.5829658733  -0.5725997015  -0.0072311592
0.5826431778  -0.5722480286  -0.0075641168
0.5823113474  -0.5718867461  -0.0079063693
0.5819702555  -0.5715157267  -0.0082580453
0.5816197737  -0.5711348418  -0.0086192751
0.5812597724  -0.5707439621  -0.0089901904
0.5808901203  -0.5703429572  -0.0093709246
0.5805106847  -0.5699316959  -0.0097616124
0.5801213314  -0.5695100461  -0.0101623903
0.5797219244  -0.5690778753  -0.0105733962
0.5793123264  -0.5686350497  -0.0109947694
0.5788923986  -0.5681814113  -0.0114266512
0.5784620004  -0.5677168168  -0.0118691843
0.5780209895  -0.5672411800  -0.0123225127
0.5775692225  -0.5667543896  -0.0127867823
0.5771065543  -0.5662562913  -0.0132621406
0.5766328381  -0.5657467382  -0.0137487366
0.5761479256  -0.5652255893  -0.0142467211
0.5756516665  -0.5646927042  -0.0147562463
0.5751439094  -0.5641479423  -0.0152774662
0.5746245009  -0.5635911623  -0.0158105363
0.5740932862  -0.5630222228  -0.0163556139
0.5735501086  -0.5624409811  -0.0169128576
0.5729948100  -0.5618472942  -0.0174824281
0.5724272305  -0.5612410179  -0.0180644874
0.5718472087  -0.5606220074  -0.0186591994
0.5712545814  -0.5599901169  -0.0192667295
0.5706491838  -0.5593451999  -0.0198872449
0.5700308494  -0.5586871088  -0.0205209142
0.5693994102  -0.5580156956  -0.0211679081
0.5687546962  -0.5573308110  -0.0218283986
0.5680965362  -0.5566323052  -0.0225025595
0.5674247569  -0.5559200274  -0.0231905663
0.5667391835  -0.5551938261  -0.0238925961
0.5660396398  -0.5544535493  -0.0246088278
0.5653259475  -0.5536990439  -0.0253394419
0.5645979269  -0.5529301567  -0.0260846207
0.5638553967  -0.5521467341  -0.0268445482
0.5630981739  -0.5513486214  -0.0276194097
0.5623260736  -0.5505356631  -0.0284093925
0.5615389098  -0.5497077033  -0.0292146852
0.5607364944  -0.5488645859  -0.0300354783
0.5599186379  -0.5480061545  -0.0308719636
0.5590851493  -0.5471322531  -0.0317243346
0.5582358366  -0.5462427381  -0.0325927864
0.5573705065  -0.5453374933  -0.0334775153
0.5564889637  -0.5444163981  -0.0343787194
0.5555910113  -0.5434792520  -0.0352965984
0.5546764512  -0.5425257642  -0.0362313544
0.5537450834  -0.5415556523  -0.0371831914
0.5527967059  -0.5405687223  -0.0381523145
0.5518311149  -0.5395648601  -0.0391389299
0.5508481051  -0.5385439919  -0.0401432441
0.5498474701  -0.5375060553  -0.0411654650
0.5488290022  -0.5364509825  -0.0422058015
0.5477924924  -0.5353786943  -0.0432644640
0.5467377306  -0.5342890995  -0.0443416640
0.5456645052  -0.5331820950  -0.0454376145
0.5445726035  -0.5320575658  -0.0465525295
0.5434618115  -0.5309153844  -0.0476866249
0.5423319140  -0.5297554110  -0.0488401178
0.5411826948  -0.5285774942  -0.0500132271
0.5400139364  -0.5273814714  -0.0512061722
0.5388254200  -0.5261671695  -0.0524191740
0.5376169261  -0.5249344064  -0.0536524542
0.5363882345  -0.5236829926  -0.0549062354
0.5351391273  -0.5224127365  -0.0561807410
0.5338693855  -0.5211234399  -0.0574761961
0.5325787872  -0.5198148958  -0.0587928284
0.5312671097  -0.5184868934  -0.0601308654
0.5299341291  -0.5171392196  -0.0614905328
0.5285796210  -0.5157716603  -0.0628720538
0.5272033601  -0.5143840007  -0.0642756493
0.5258051207  -0.5129760250  -0.0657015375
0.5243846768  -0.5115475142  -0.0671499352
0.5229418022  -0.5100982394  -0.0686210605
0.5214762689  -0.5086277279  -0.0701151298
0.5199878448  -0.5071351950  -0.0716323524
0.5184763018  -0.5056207010  -0.0731729509
0.5169414312  -0.5040858971  -0.0747371915
0.5153830413  -0.5025322623  -0.0763253657
0.5138009280  -0.5009594665  -0.0779377457
0.5121948595  -0.4993661196  -0.0795745720
0.5105645917  -0.4977509633  -0.0812360648
0.5089098837  -0.4961131846  -0.0829224334
0.5072305015  -0.4944523713  -0.0846338827
0.5055262170  -0.4927683747  -0.0863706145
0.5037968066  -0.4910611554  -0.0881328265
0.5020420495  -0.4893307204  -0.0899207139
0.5002617279  -0.4875771176  -0.0917344696
0.4984556282  -0.4858004343  -0.0935742828
0.4966235525  -0.4840008128  -0.0954403393
0.4947653085  -0.4821784308  -0.0973328223
0.4928806964  -0.4803334794  -0.0992519100
0.4909695170  -0.4784661733  -0.1011977759
0.4890315745  -0.4765767525  -0.1031705902
0.4870666761  -0.4746654789  -0.1051705184
0.4850746322  -0.4727326338  -0.1071977206
0.4830552575  -0.4707785159  -0.1092523503
0.4810084323  -0.4688035075  -0.1113345521
0.4789340505  -0.4668080165  -0.1134444588
0.4768319093  -0.4647923503  -0.1155821893
0.4747017489  -0.4627567552  -0.1177478424
0.4725432918  -0.4607014557  -0.1199414871
0.4703562410  -0.4586266493  -0.1221631477
0.4681402794  -0.4565325030  -0.1244127746
0.4658951424  -0.4544192291  -0.1266901856
0.4636206916  -0.4522871180  -0.1289949431
0.4613165377  -0.4501363462  -0.1313225362
0.4589821377  -0.4479669913  -0.1336674873
0.4566182216  -0.4457796299  -0.1360349449
0.4542265749  -0.4435754937  -0.1384364361
0.4518079069  -0.4413557031  -0.1408788666
0.4493616045  -0.4391208316  -0.1433646966
0.4468868363  -0.4368710558  -0.1458944047
0.4443829476  -0.4346063233  -0.1484671977
0.4418495390  -0.4323265194  -0.1510820114
0.4392864004  -0.4300314503  -0.1537378861
0.4366933425  -0.4277207665  -0.1564337512
0.4340701909  -0.4253940398  -0.1591684276
0.4314168430  -0.4230508409  -0.1619406353
0.4287331865  -0.4206906303  -0.1647489986
0.4260190505  -0.4183127005  -0.1675920527
0.4232743347  -0.4159163603  -0.1704682487
0.4204989127  -0.4135008143  -0.1733759609
0.4176925521  -0.4110650649  -0.1763134926
0.4148551022  -0.4086081569  -0.1792790827
0.4119863831  -0.4061290382  -0.1822709112
0.4090861733  -0.4036265619  -0.1852871055
0.4061542097  -0.4010995028  -0.1883257462
0.4031901443  -0.3985465119  -0.1913848721
0.4001934808  -0.3959660673  -0.1944624846
0.3971635453  -0.3933564559  -0.1975565554
0.3940994797  -0.3907157760  -0.2006650348
0.3909999687  -0.3880416689  -0.2037858589
0.3878630917  -0.3853312002  -0.2069169558
0.3846859342  -0.3825804787  -0.2100562530
0.3814636831  -0.3797837774  -0.2132016837
0.3781880003  -0.3769319511  -0.2163511909
0.3748430437  -0.3740088048  -0.2195027492
0.3711774617  -0.3707634609  -0.2226543936
0.3672520763  -0.3672590904  -0.2258041663
0.3635332428  -0.3639612547  -0.2289500130
0.3601372281  -0.3609804029  -0.2320898076
0.3569532763  -0.3582012551  -0.2352214720
0.3538985514  -0.3555390946  -0.2383430293
0.3509071688  -0.3529272976  -0.2414525937
0.3479369382  -0.3503233095  -0.2445483583
0.3449849504  -0.3477238355  -0.2476285887
0.3420504221  -0.3451276065  -0.2506916247
0.3391329705  -0.3425337940  -0.2537358871
0.3362324786  -0.3399419233  -0.2567598834
0.3333488858  -0.3373516648  -0.2597622138
0.3304821471  -0.3347627916  -0.2627415788
0.3276322322  -0.3321751768  -0.2656967849
0.3247991244  -0.3295887890  -0.2686267504
0.3219828193  -0.3270036875  -0.2715305143
0.3191833246  -0.3244200172  -0.2744072428
0.3164006573  -0.3218380020  -0.2772562346
0.3136348426  -0.3192579388  -0.2800769288
0.3108859128  -0.3166801906  -0.2828689135
0.3081539056  -0.3141051798  -0.2856319339
0.3054388632  -0.3115333812  -0.2883659035
0.3027408310  -0.3089653153  -0.2910709165
0.3000598566  -0.3064015406  -0.2937472618
0.2973959892  -0.3038426468  -0.2963954419
0.2947492802  -0.3012892496  -0.2990162004
0.2921197851  -0.2987419856  -0.3016105597
0.2895075687  -0.2962015111  -0.3041798845
0.2869127165  -0.2936685051  -0.3067259927
0.2843353603  -0.2911437047  -0.3092513704
0.2817764262  -0.2886284022  -0.3117637728
0.2792374347  -0.2861242719  -0.3142741529
0.2767175738  -0.2836314201  -0.3167837376
0.2742134955  -0.2811482015  -0.3192854474
0.2717230504  -0.2786735832  -0.3217742170
0.2692462960  -0.2762078533  -0.3242479003
0.2667838658  -0.2737516689  -0.3267056288
0.2643362576  -0.2713056194  -0.3291475230
0.2619037429  -0.2688701579  -0.3315738922
0.2594863370  -0.2664455703  -0.3339848586
0.2570839438  -0.2640320549  -0.3363805452
0.2546964601  -0.2616297827  -0.3387610794
0.2523237805  -0.2592389012  -0.3411265907
0.2499657991  -0.2568595358  -0.3434772116
0.2476224099  -0.2544917912  -0.3458130772
0.2452935068  -0.2521357518  -0.3481343244
0.2429789843  -0.2497914832  -0.3504410916
0.2406787364  -0.2474590328  -0.3527335181
0.2383926576  -0.2451384310  -0.3550117434
0.2361206427  -0.2428296922  -0.3572759063
0.2338625865  -0.2405328166  -0.3595261449
0.2316183842  -0.2382477907  -0.3617625954
0.2293879315  -0.2359745888  -0.3639853917
0.2271711243  -0.2337131741  -0.3661946644
0.2249678594  -0.2314635000  -0.3683905409
0.2227780337  -0.2292255114  -0.3705731437
0.2206015450  -0.2269991453  -0.3727425905
0.2184382914  -0.2247843320  -0.3748989932
0.2162881719  -0.2225809951  -0.3770424566
0.2141510858  -0.2203890517  -0.3791730779
0.2120269331  -0.2182084101  -0.3812909437
0.2099156126  -0.2160389077  -0.3833961149
0.2078170192  -0.2138802656  -0.3854886017
0.2057310489  -0.2117323346  -0.3875683965
0.2036576098  -0.2095953525  -0.3896355544
0.2015966238  -0.2074696882  -0.3916902040
0.1995480119  -0.2053554728  -0.3937324864
0.1975116854  -0.2032526288  -0.3957625217
0.1954875500  -0.2011610369  -0.3977804133
0.1934755114  -0.1990805982  -0.3997862549
0.1914754770  -0.1970112467  -0.4017801365
0.1894873561  -0.1949529429  -0.4037621479
0.1875110595  -0.1929056569  -0.4057323783
0.1855464988  -0.1908693612  -0.4076909166
0.1835935865  -0.1888440293  -0.4096378505
0.1816522355  -0.1868296363  -0.4115732672
0.1797223594  -0.1848261582  -0.4134972532
0.1778038725  -0.1828335715  -0.4154098940
0.1758966896  -0.1808518537  -0.4173112748
0.1740007264  -0.1788809825  -0.4192014796
0.1721158989  -0.1769209358  -0.4210805921
0.1702421240  -0.1749716914  -0.4229486952
0.1683793191  -0.1730332265  -0.4248058711
0.1665274021  -0.1711055181  -0.4266522013
0.1646862917  -0.1691885420  -0.4284877669
0.1628559072  -0.1672822726  -0.4303126481
0.1610361683  -0.1653866832  -0.4321269247
0.1592269954  -0.1635017451  -0.4339306758
0.1574283096  -0.1616274275  -0.4357239800
0.1556400325  -0.1597636973  -0.4375069154
0.1538620863  -0.1579105187  -0.4392795595
0.1520943936  -0.1560678527  -0.4410419891
0.1503368779  -0.1542356551  -0.4427942809
0.1485894629  -0.1524138723  -0.4445365109
0.1468520732  -0.1506024419  -0.4462687552
0.1451246338  -0.1488013040  -0.4479910891
0.1434070702  -0.1470104110  -0.4497035872
0.1416993086  -0.1452297231  -0.4514063233
0.1400012756  -0.1434592004  -0.4530993701
0.1383128984  -0.1416987995  -0.4547828001
0.1366341049  -0.1399484749  -0.4564566853
0.1349648235  -0.1382081792  -0.4581210970
0.1333049829  -0.1364778643  -0.4597761062
0.1316545128  -0.1347574817  -0.4614217832
0.1300133430  -0.1330469824  -0.4630581979
0.1283814041  -0.1313463168  -0.4646854196
0.1267586271  -0.1296554350  -0.4663035171
0.1251449435  -0.1279742866  -0.4679125586
0.1235402856  -0.1263028210  -0.4695126118
0.1219445859  -0.1246409870  -0.4711037439
0.1203577775  -0.1229887332  -0.4726860215
0.1187797941  -0.1213460058  -0.4742595109
0.1172105699  -0.1197127471  -0.4758242777
0.1156500395  -0.1180889034  -0.4773803869
0.1140981381  -0.1164744314  -0.4789279032
0.1125548015  -0.1148692860  -0.4804668907
0.1110199659  -0.1132734142  -0.4819974130
0.1094935678  -0.1116867611  -0.4835195331
0.1079755447  -0.1101092724  -0.4850333138
0.1064658340  -0.1085408937  -0.4865388171
0.1049643740  -0.1069815701  -0.4880361046
0.1034711033  -0.1054312466  -0.4895252375
0.1019859611  -0.1038898683  -0.4910062764
0.1005088870  -0.1023573797  -0.4924792815
0.0990398211  -0.1008337257  -0.4939443126
0.0975787038  -0.0993188508  -0.4954014287
0.0961254764  -0.0978126999  -0.4968506888
0.0946800803  -0.0963152175  -0.4982921509
0.0932424574  -0.0948263486  -0.4997258731
0.0918125502  -0.0933460380  -0.5011519125
0.0903903016  -0.0918742307  -0.5025703262
0.0889756550  -0.0904108718  -0.5039811704
0.0875685541  -0.0889559067  -0.5053845013
0.0861689432  -0.0875092807  -0.5067803743
0.0847767671  -0.0860709395  -0.5081688446
0.0833919708  -0.0846408288  -0.5095499666
0.0820144999  -0.0832188947  -0.5109237947
0.0806443005  -0.0818050833  -0.5122903826
0.0792813190  -0.0803993409  -0.5136497836
0.0779255024  -0.0790016141  -0.5150020505
0.0765767980  -0.0776118495  -0.5163472359
0.0752351534  -0.0762299940  -0.5176853917
0.0739005169  -0.0748559947  -0.5190165696
0.0725728373  -0.0734898205  -0.5203408237
0.0712520636  -0.0721314469  -0.5216582114
0.0699381453  -0.0707807689  -0.5229687808
0.0686310315  -0.0694376689  -0.5242725717
0.0673306723  -0.0681021219  -0.5255696299
0.0660370188  -0.0667741108  -0.5268600049
0.0647500221  -0.0654535860  -0.5281437447
0.0634696337  -0.0641404979  -0.5294208966
0.0621958055  -0.0628347969  -0.5306915080
0.0609284898  -0.0615364332  -0.5319556261
0.0596676393  -0.0602453567  -0.5332132981
0.0584132069  -0.0589615175  -0.5344645710
0.0571651463  -0.0576848654  -0.5357094916
0.0559234112  -0.0564153502  -0.5369481068
0.0546879557  -0.0551529215  -0.5381804633
0.0534587345  -0.0538975288  -0.5394066078
0.0522357025  -0.0526491218  -0.5406265869
0.0510188149  -0.0514076499  -0.5418404471
0.0498080275  -0.0501730628  -0.5430482348
0.0486032962  -0.0489453098  -0.5442499964
0.0474045775  -0.0477243408  -0.5454457779
0.0462118280  -0.0465101053  -0.5466356255
0.0450250048  -0.0453025533  -0.5478195850
0.0438440653  -0.0441016347  -0.5489977019
0.0426689673  -0.0429072997  -0.5501700218
0.0414996690  -0.0417194988  -0.5513365896
0.0403361287  -0.0405381826  -0.5524974502
0.0391783053  -0.0393633019  -0.5536526479
0.0380261579  -0.0381948080  -0.5548022267
0.0368796460  -0.0370326524  -0.5559462298
0.0357387294  -0.0358767869  -0.5570847003
0.0346033682  -0.0347271638  -0.5582176803
0.0334737073  -0.0335837511  -0.5593612602
0.0323498273  -0.0324465095  -0.5605234276
0.0312312118  -0.0313153515  -0.5616768117
0.0301176822  -0.0301902212  -0.5628285244
0.0290094476  -0.0290710944  -0.5639781135
0.0279064663  -0.0279579262  -0.5651250601
0.0268086976  -0.0268506718  -0.5662687781
0.0257161023  -0.0257492870  -0.5674086149
0.0246286426  -0.0246537281  -0.5685438505
0.0235462821  -0.0235639517  -0.5696736983
0.0224689858  -0.0224799150  -0.5707973048
0.0213967207  -0.0214015754  -0.5719137494
0.0203294550  -0.0203288906  -0.5730220448
0.0192671588  -0.0192618187  -0.5741211365
0.0182098038  -0.0182003182  -0.5752099034
0.0171573634  -0.0171443477  -0.5762871572
0.0161098129  -0.0160938663  -0.5773516429
0.0150671292  -0.0150488330  -0.5784020385
0.0140292910  -0.0140092073  -0.5794369551
0.0129962787  -0.0129749487  -0.5804549369
0.0119680744  -0.0119460172  -0.5814544610
0.0109446621  -0.0109223727  -0.5824339379
0.0099260269  -0.0099039754  -0.5833917110
0.0089121558  -0.0088907857  -0.5843260568
0.0079030371  -0.0078827641  -0.5852351848
0.0068986604  -0.0068798716  -0.5861172379
0.0058990164  -0.0058820691  -0.5869702916
0.0049040969  -0.0048893179  -0.5877923549
0.0039138944  -0.0039015798  -0.5885813698
0.0029284021  -0.0029188165  -0.5893352111
0.0019476134  -0.0019409904  -0.5900516871
0.0009715219  -0.0009680641  -0.5907285390
0.0009712671  -0.0009680624  -0.5907285390
