0.167108
1.3167866206  -1.4961182025   0.0000451551
1.3167866206  -1.4961182025   0.0000451551
1.3167914414  -1.4961206949   0.0000385789
1.3167900100  -1.4961063123   0.0000206527
1.3167788915  -1.4960720510  -0.0000089274
1.3167559988  -1.4960152009  -0.0000504634
1.3167205198  -1.4959347768  -0.0001042561
1.3166719821  -1.4958302451  -0.0001706043
1.3166100423  -1.4957012402  -0.0002498055
1.3165344151  -1.4955474700  -0.0003421556
1.3164448440  -1.4953686774  -0.0004479488
1.3163410884  -1.4951646217  -0.0005674777
1.3162229161  -1.4949350694  -0.0007010334
1.3160900999  -1.4946797888  -0.0008489055
1.3159424147  -1.4943985472  -0.0010113818
1.3157796368  -1.4940911087  -0.0011887487
1.3156015424  -1.4937572335  -0.0013812909
1.3154079076  -1.4933966768  -0.0015892915
1.3151985074  -1.4930091885  -0.0018130321
1.3149731158  -1.4925945132  -0.0020527928
1.3147315056  -1.4921523895  -0.0023088519
1.3144734481  -1.4916825506  -0.0025814862
1.3141987132  -1.4911847236  -0.0028709710
1.3139070690  -1.4906586303  -0.0031775800
1.3135982824  -1.4901039868  -0.0035015850
1.3132721184  -1.4895205038  -0.0038432568
1.3129283404  -1.4889078866  -0.0042028641
1.3125667102  -1.4882658356  -0.0045806743
1.3121869880  -1.4875940463  -0.0049769530
1.3117889323  -1.4868922092  -0.0053919645
1.3113723002  -1.4861600106  -0.0058259712
1.3109368470  -1.4853971324  -0.0062792342
1.3104823197  -1.4846028603  -0.0067526934
1.3100084785  -1.4837772305  -0.0072459906
1.3095150834  -1.4829204199  -0.0077591607
1.3090018767  -1.4820318058  -0.0082924362
1.3084686031  -1.4811109259  -0.0088460546
1.3079150085  -1.4801574029  -0.0094202667
1.3073408378  -1.4791708715  -0.0100153245
1.3067458349  -1.4781509721  -0.0106314822
1.3061297423  -1.4770973466  -0.0112689964
1.3054923018  -1.4760096384  -0.0119281250
1.3048332537  -1.4748874926  -0.0126091276
1.3041523376  -1.4737305557  -0.0133122650
1.3034492921  -1.4725384759  -0.0140377990
1.3027238548  -1.4713109026  -0.0147859926
1.3019757624  -1.4700474873  -0.0155571094
1.3012047511  -1.4687478838  -0.0163514141
1.3004105561  -1.4674117481  -0.0171691718
1.2995929121  -1.4660387394  -0.0180106486
1.2987515529  -1.4646285192  -0.0188761108
1.2978862121  -1.4631807512  -0.0197658252
1.2969966228  -1.4616951025  -0.0206800592
1.2960825174  -1.4601712448  -0.0216190801
1.2951436282  -1.4586088561  -0.0225831557
1.2941796873  -1.4570076202  -0.0235725538
1.2931904266  -1.4553672277  -0.0245875423
1.2921755778  -1.4536873758  -0.0256283892
1.2911348728  -1.4519677693  -0.0266953622
1.2900680434  -1.4502081206  -0.0277887290
1.2889748218  -1.4484081502  -0.0289087570
1.2878549402  -1.4465675873  -0.0300557132
1.2867081314  -1.4446861713  -0.0312298644
1.2855341286  -1.4427635434  -0.0324314768
1.2843326650  -1.4407994227  -0.0336608162
1.2831034743  -1.4387937952  -0.0349181475
1.2818462924  -1.4367465383  -0.0362037348
1.2805608560  -1.4346573579  -0.0375178413
1.2792469020  -1.4325260092  -0.0388607296
1.2779041684  -1.4303522813  -0.0402326608
1.2765323940  -1.4281359759  -0.0416338918
1.2751313184  -1.4258769045  -0.0430646740
1.2737006827  -1.4235748850  -0.0445252592
1.2722402295  -1.4212297416  -0.0460159028
1.2707497033  -1.4188413061  -0.0475368625
1.2692288501  -1.4164094199  -0.0490883983
1.2676774177  -1.4139339338  -0.0506707721
1.2660951554  -1.4114147071  -0.0522842470
1.2644818146  -1.4088516073  -0.0539290872
1.2628371485  -1.4062445099  -0.0556055574
1.2611609124  -1.4035932985  -0.0573139222
1.2594528636  -1.4008978651  -0.0590544433
1.2577127610  -1.3981581099  -0.0608273727
1.2559403653  -1.3953739412  -0.0626329483
1.2541354388  -1.3925452742  -0.0644713974
1.2522977470  -1.3896720310  -0.0663429391
1.2504270577  -1.3867541410  -0.0682477827
1.2485231420  -1.3837915426  -0.0701861289
1.2465857745  -1.3807841834  -0.0721581691
1.2446147327  -1.3777320185  -0.0741640865
1.2426097969  -1.3746350093  -0.0762040557
1.2405707508  -1.3714931262  -0.0782782439
1.2384973815  -1.3683063504  -0.0803868108
1.2363894802  -1.3650746747  -0.0825299154
1.2342468431  -1.3617980999  -0.0847077244
1.2320692712  -1.3584766346  -0.0869204096
1.2298565692  -1.3551103085  -0.0891681409
1.2276085452  -1.3516991789  -0.0914510854
1.2253250114  -1.3482433197  -0.0937694090
1.2230057845  -1.3447428202  -0.0961232760
1.2206506856  -1.3411978023  -0.0985128495
1.2182595223  -1.3376084370  -0.1009382912
1.2158319412  -1.3339747526  -0.1033997617
1.2133676143  -1.3302966118  -0.1058974217
1.2108664417  -1.3265738552  -0.1084314328
1.2083283986  -1.3228064703  -0.1110019566
1.2057534855  -1.3189948112  -0.1136091523
1.2031417295  -1.3151394893  -0.1162531768
1.2004931835  -1.3112411703  -0.1189341851
1.1978079251  -1.3073005175  -0.1216523315
1.1950860556  -1.3033182009  -0.1244077696
1.1923276990  -1.2992948974  -0.1272006524
1.1895330012  -1.2952312895  -0.1300311334
1.1867020034  -1.2911279481  -0.1328993653
1.1838344354  -1.2869851314  -0.1358055003
1.1809299392  -1.2828029768  -0.1387496894
1.1779882530  -1.2785816826  -0.1417320828
1.1750090969  -1.2743214134  -0.1447528300
1.1719921690  -1.2700222936  -0.1478120797
1.1689371461  -1.2656844085  -0.1509099807
1.1658436832  -1.2613078160  -0.1540466806
1.1627114134  -1.2568925541  -0.1572223259
1.1595399482  -1.2524386357  -0.1604370614
1.1563288772  -1.2479460408  -0.1636910296
1.1530777746  -1.2434147277  -0.1669843714
1.1497865385  -1.2388450191  -0.1703172269
1.1464553660  -1.2342375762  -0.1736897338
1.1430842771  -1.2295928676  -0.1771020262
1.1396731426  -1.2249111976  -0.1805542343
1.1362218368  -1.2201928818  -0.1840464842
1.1327302400  -1.2154382497  -0.1875788983
1.1291982379  -1.2106476372  -0.1911515937
1.1256257200  -1.2058212760  -0.1947646711
1.1220125754  -1.2009591933  -0.1984182004
1.1183587084  -1.1960619269  -0.2021122708
1.1146640868  -1.1911314165  -0.2058470880
1.1109287129  -1.1861696593  -0.2096229343
1.1071525381  -1.1811768237  -0.2134399987
1.1033354585  -1.1761520885  -0.2172983364
1.0994773662  -1.1710952430  -0.2211979570
1.0955781833  -1.1660067487  -0.2251388672
1.0916378543  -1.1608872691  -0.2291210619
1.0876563358  -1.1557375278  -0.2331445194
1.0836336208  -1.1505583557  -0.2372092011
1.0795697226  -1.1453506505  -0.2413150490
1.0754646390  -1.1401152915  -0.2454619923
1.0713183681  -1.1348531703  -0.2496499567
1.0671309186  -1.1295652123  -0.2538788613
1.0629023080  -1.1242523731  -0.2581486226
1.0586325631  -1.1189156355  -0.2624591417
1.0543217482  -1.1135560758  -0.2668102676
1.0499699475  -1.1081748161  -0.2712018283
1.0455772327  -1.1027729253  -0.2756337101
1.0411436824  -1.0973514582  -0.2801058454
1.0366693758  -1.0919114731  -0.2846181543
1.0321543863  -1.0864540212  -0.2891705421
1.0275988352  -1.0809802326  -0.2937629024
1.0230028826  -1.0754912858  -0.2983951046
1.0183666539  -1.0699882585  -0.3030669851
1.0136902474  -1.0644721427  -0.3077783367
1.0089737591  -1.0589438905  -0.3125288899
1.0042173008  -1.0534044507  -0.3173182684
0.9994210162  -1.0478548054  -0.3221458944
0.9945849663  -1.0422957224  -0.3270107611
0.9897085675  -1.0367272128  -0.3319086362
0.9847905035  -1.0311486563  -0.3368321318
0.9798322890  -1.0255618118  -0.3417863317
0.9748396934  -1.0199722271  -0.3467897774
0.9698155829  -1.0143839234  -0.3518510390
0.9647569272  -1.0087962901  -0.3569674272
0.9596606559  -1.0032077016  -0.3621366587
0.9545261421  -0.9976177559  -0.3673573608
0.9493534670  -0.9920263533  -0.3726280745
0.9441427012  -0.9864331976  -0.3779472216
0.9388940165  -0.9808380263  -0.3833131102
0.9336075757  -0.9752404386  -0.3887239426
0.9282834054  -0.9696396764  -0.3941778239
0.9229216296  -0.9640350082  -0.3996727702
0.9175224645  -0.9584257188  -0.4052067167
0.9120860599  -0.9528108426  -0.4107775250
0.9066129093  -0.9471897166  -0.4163829906
0.9011024638  -0.9415605740  -0.4220208501
0.8955525921  -0.9359199255  -0.4276887880
0.8899631903  -0.9302662914  -0.4333844438
0.8843367459  -0.9246008034  -0.4391054178
0.8786743852  -0.9189231905  -0.4448492782
0.8729758037  -0.9132316835  -0.4506135687
0.8672407901  -0.9075245623  -0.4563958144
0.8614689533  -0.9017999422  -0.4621935276
0.8556597293  -0.8960558008  -0.4680042137
0.8498118624  -0.8902894339  -0.4738253801
0.8439232252  -0.8844973183  -0.4796545423
0.8379903430  -0.8786746745  -0.4854892308
0.8320069111  -0.8728140101  -0.4913269981
0.8259610505  -0.8669024283  -0.4971654283
0.8198273766  -0.8609137149  -0.5030021749
0.8134129412  -0.8546545179  -0.5088350228
0.8066022535  -0.8480162790  -0.5146617895
0.8000826262  -0.8416891990  -0.5204800437
0.7942069526  -0.8360152576  -0.5262871201
0.7885379164  -0.8305475597  -0.5320805050
0.7828979286  -0.8251044270  -0.5378579903
0.7772793981  -0.8196758326  -0.5436175215
0.7716818439  -0.8142595049  -0.5493571141
0.7661051093  -0.8088537817  -0.5550748712
0.7605490596  -0.8034571590  -0.5607689979
0.7550135875  -0.7980682905  -0.5664378061
0.7494986141  -0.7926859897  -0.5720797253
0.7440040880  -0.7873092299  -0.5776933087
0.7385299829  -0.7819371436  -0.5832772362
0.7330762959  -0.7765690199  -0.5888303219
0.7276430448  -0.7712043023  -0.5943515148
0.7222302706  -0.7658425859  -0.5998399197
0.7168380513  -0.7604836181  -0.6052948514
0.7114664962  -0.7551272918  -0.6107158236
0.7061157054  -0.7497736297  -0.6161024742
0.7007857595  -0.7444227731  -0.6214545690
0.6954767528  -0.7390749800  -0.6267720626
0.6901888064  -0.7337306207  -0.6320551142
0.6849220532  -0.7283901675  -0.6373040896
0.6796766317  -0.7230541852  -0.6425195758
0.6744526867  -0.7177233221  -0.6477024043
0.6692503744  -0.7123983024  -0.6528536871
0.6640698678  -0.7070799194  -0.6579748650
0.6589113689  -0.7017690326  -0.6630677940
0.6537751418  -0.6964665733  -0.6681349119
0.6486615910  -0.6911736023  -0.6731796047
0.6435721529  -0.6858915873  -0.6782096823
0.6385097415  -0.6806224176  -0.6832385701
0.6334735308  -0.6753669383  -0.6882684429
0.6284557919  -0.6701239665  -0.6932849210
0.6234511689  -0.6648923183  -0.6982793211
0.6184619237  -0.6596723774  -0.7032528391
0.6134912201  -0.6544650143  -0.7082065003
0.6085397561  -0.6492707448  -0.7131404546
0.6036074614  -0.6440899053  -0.7180548212
0.5986942359  -0.6389227891  -0.7229497245
0.5937999793  -0.6337696593  -0.7278252947
0.5889245925  -0.6286307480  -0.7326816676
0.5840679769  -0.6235062576  -0.7375189839
0.5792300345  -0.6183963601  -0.7423373881
0.5744106676  -0.6133011986  -0.7471370283
0.5696097790  -0.6082208877  -0.7519180548
0.5648272716  -0.6031555148  -0.7566806196
0.5600630487  -0.5981051410  -0.7614248748
0.5553170138  -0.5930698023  -0.7661509715
0.5505890703  -0.5880495118  -0.7708590582
0.5458791225  -0.5830442622  -0.7755492816
0.5411870756  -0.5780540277  -0.7802217853
0.5365128353  -0.5730787650  -0.7848767082
0.5318563077  -0.5681184148  -0.7895141836
0.5272173997  -0.5631729048  -0.7941343376
0.5225960186  -0.5582421510  -0.7987372881
0.5179920726  -0.5533260607  -0.8033231438
0.5134054706  -0.5484245336  -0.8078920021
0.5088361220  -0.5435374635  -0.8124439476
0.5042839367  -0.5386647390  -0.8169790490
0.4997488241  -0.5338062422  -0.8214973543
0.4952306892  -0.5289618207  -0.8259988674
0.4907294225  -0.5241312449  -0.8304835012
0.4862449129  -0.5193143489  -0.8349511264
0.4817770985  -0.5145113158  -0.8394017590
0.4773259810  -0.5097225287  -0.8438356049
0.4728915514  -0.5049480930  -0.8482528678
0.4684737378  -0.5001878236  -0.8526536452
0.4640724413  -0.4954415637  -0.8570379953
0.4596875779  -0.4907092690  -0.8614059826
0.4553190778  -0.4859909373  -0.8657576747
0.4509668748  -0.4812865791  -0.8700931379
0.4466309040  -0.4765962155  -0.8744124371
0.4423111015  -0.4719198772  -0.8787156362
0.4380074044  -0.4672576049  -0.8830027978
0.4337197508  -0.4626094482  -0.8872739831
0.4294480797  -0.4579754657  -0.8915292524
0.4251923311  -0.4533557236  -0.8957686647
0.4209524459  -0.4487502954  -0.8999922778
0.4167283660  -0.4441592602  -0.9042001487
0.4125200339  -0.4395827020  -0.9083923333
0.4083273933  -0.4350207088  -0.9125688864
0.4041503883  -0.4304733719  -0.9167298621
0.3999889643  -0.4259407849  -0.9208753137
0.3958430670  -0.4214230420  -0.9250052934
0.3917126431  -0.4169202371  -0.9291198530
0.3875976400  -0.4124324623  -0.9332190434
0.3834980056  -0.4079598067  -0.9373029151
0.3794136886  -0.4035023554  -0.9413715178
0.3753446385  -0.3990601873  -0.9454249010
0.3712908050  -0.3946333743  -0.9494631136
0.3672521388  -0.3902219778  -0.9534862044
0.3632285910  -0.3858260428  -0.9574942220
0.3592201130  -0.3814455799  -0.9614872154
0.3552266573  -0.3770805663  -0.9654652343
0.3512481764  -0.3727309964  -0.9694283284
0.3472846232  -0.3683969342  -0.9733765455
0.3433359506  -0.3640784853  -0.9773099310
0.3394021119  -0.3597757387  -0.9812285294
0.3354830609  -0.3554887578  -0.9851323855
0.3315787525  -0.3512175999  -0.9890215447
0.3276891416  -0.3469623233  -0.9928960516
0.3238141835  -0.3427229862  -0.9967559509
0.3199538335  -0.3384996457  -1.0006012868
0.3161080476  -0.3342923585  -1.0044321033
0.3122767818  -0.3301011804  -1.0082484440
0.3084599923  -0.3259261663  -1.0120503525
0.3046576356  -0.3217673463  -1.0158378721
0.3008696683  -0.3176247031  -1.0196110460
0.2970960474  -0.3134982715  -1.0233699173
0.2933367301  -0.3093882149  -1.0271145286
0.2895916737  -0.3052946843  -1.0308449223
0.2858608356  -0.3012177291  -1.0345611407
0.2821441733  -0.2971573769  -1.0382632264
0.2784416445  -0.2931136658  -1.0419512217
0.2747532067  -0.2890866308  -1.0456251691
0.2710788177  -0.2850763037  -1.0492851107
0.2674184353  -0.2810827138  -1.0529310890
0.2637720173  -0.2771058878  -1.0565631462
0.2601395215  -0.2731458507  -1.0601813245
0.2565209058  -0.2692026259  -1.0637856662
0.2529161279  -0.2652762353  -1.0673762137
0.2493251457  -0.2613667000  -1.0709530092
0.2457479169  -0.2574740402  -1.0745160951
0.2421843992  -0.2535982757  -1.0780655139
0.2386345503  -0.2497394257  -1.0816013079
0.2350983279  -0.2458975092  -1.0851235196
0.2315756893  -0.2420725449  -1.0886321917
0.2280665920  -0.2382645516  -1.0921273667
0.2245709934  -0.2344735474  -1.0956090875
0.2210888505  -0.2306995507  -1.0990773970
0.2176201206  -0.2269425795  -1.1025323380
0.2141647604  -0.2232026515  -1.1059739538
0.2107227269  -0.2194797840  -1.1094022876
0.2072939767  -0.2157739938  -1.1128173828
0.2038784661  -0.2120852970  -1.1162192829
0.2004761516  -0.2084137089  -1.1196080317
0.1970869893  -0.2047592437  -1.1229836730
0.1937109351  -0.2011219142  -1.1263462510
0.1903479469  -0.1975020233  -1.1296958322
0.1869979846  -0.1938999638  -1.1330325090
0.1836610006  -0.1903150476  -1.1363563100
0.1803369392  -0.1867463939  -1.1396672048
0.1770257523  -0.1831943565  -1.1429652124
0.1737273999  -0.1796594044  -1.1462503814
0.1704418397  -0.1761415709  -1.1495227502
0.1671690267  -0.1726408823  -1.1527823589
0.1639089155  -0.1691573595  -1.1560292496
0.1606614608  -0.1656910173  -1.1592634666
0.1574266168  -0.1622418644  -1.1624850563
0.1542043375  -0.1588099029  -1.1656940675
0.1509945767  -0.1553951281  -1.1688905514
0.1477972875  -0.1519975287  -1.1720745617
0.1446124232  -0.1486170868  -1.1752461545
0.1414399362  -0.1452537778  -1.1784053884
0.1382797788  -0.1419075706  -1.1815523245
0.1351319027  -0.1385784282  -1.1846870260
0.1319962595  -0.1352663074  -1.1878095586
0.1288728002  -0.1319711597  -1.1909199902
0.1257614754  -0.1286929312  -1.1940183904
0.1226622352  -0.1254315631  -1.1971048306
0.1195750297  -0.1221869924  -1.2001793840
0.1164998084  -0.1189591520  -1.2032421248
0.1134365203  -0.1157479711  -1.2062931284
0.1103851145  -0.1125533760  -1.2093324706
0.1073455393  -0.1093752899  -1.2123602278
0.1043177431  -0.1062136341  -1.2153764762
0.1013016737  -0.1030683276  -1.2183812913
0.0982972790  -0.0999392880  -1.2213747482
0.0953045063  -0.0968264318  -1.2243569200
0.0923233027  -0.0937296752  -1.2273278782
0.0893549655  -0.0906491606  -1.2303308936
0.0864003194  -0.0875849213  -1.2333874368
0.0834558084  -0.0845362700  -1.2364237361
0.0805203541  -0.0815029749  -1.2394588877
0.0775957174  -0.0784852723  -1.2424916171
0.0746818163  -0.0754830824  -1.2455204693
0.0717785755  -0.0724963271  -1.2485438085
0.0688859269  -0.0695249297  -1.2515598183
0.0660038106  -0.0665688147  -1.2545665015
0.0631321747  -0.0636279079  -1.2575616800
0.0602709763  -0.0607021353  -1.2605429954
0.0574201813  -0.0577914233  -1.2635079082
0.0545797653  -0.0548956983  -1.2664536985
0.0517497134  -0.0520148861  -1.2693774654
0.0489300209  -0.0491489115  -1.2722761275
0.0461206934  -0.0462976981  -1.2751464226
0.0433217467  -0.0434611678  -1.2779849078
0.0405332070  -0.0406392404  -1.2807879594
0.0377551110  -0.0378318332  -1.2835517731
0.0349875057  -0.0350388609  -1.2862723639
0.0322304483  -0.0322602354  -1.2889455660
0.0294840058  -0.0294958656  -1.2915670330
0.0267482547  -0.0267456572  -1.2941322377
0.0240232805  -0.0240095131  -1.2966364721
0.0213091766  -0.0212873334  -1.2990748476
0.0186060444  -0.0185790154  -1.3014422950
0.0159139916  -0.0158844547  -1.3037335641
0.0132331312  -0.0132035449  -1.3059432243
0.0105635806  -0.0105361788  -1.3080656640
0.0079054597  -0.0078822487  -1.3100950911
0.0052588894  -0.0052416472  -1.3120255327
0.0026239898  -0.0026142684  -1.3138508351
0.0026221402  -0.0026142532  -1.3138508351
