0.152451
1.3148866633  -1.8100940239   0.0000699686
1.3148866633  -1.8100940239   0.0000699686
1.3148958407  -1.8101087377   0.0000603286
1.3148951876  -1.8100905834   0.0000332969
1.3148789409  -1.8100294984  -0.0000116350
1.3148442577  -1.8099200831  -0.0000749687
1.3147899875  -1.8097602735  -0.0001571988
1.3147154464  -1.8095489169  -0.0002588125
1.3146201285  -1.8092852047  -0.0003802905
1.3145036093  -1.8089684809  -0.0005221061
1.3143655057  -1.8085981638  -0.0006847257
1.3142054573  -1.8081737100  -0.0008686085
1.3140231175  -1.8076945953  -0.0010742069
1.3138181478  -1.8071603052  -0.0013019661
1.3135902152  -1.8065703286  -0.0015523243
1.3133389900  -1.8059241551  -0.0018257128
1.3130641453  -1.8052212724  -0.0021225556
1.3127653555  -1.8044611660  -0.0024432699
1.3124422968  -1.8036433183  -0.0027882657
1.3120946462  -1.8027672083  -0.0031579461
1.3117220819  -1.8018323123  -0.0035527070
1.3113242827  -1.8008381035  -0.0039729375
1.3109009287  -1.7997840532  -0.0044190194
1.3104517009  -1.7986696306  -0.0048913276
1.3099762810  -1.7974943036  -0.0053902301
1.3094743519  -1.7962575394  -0.0059160875
1.3089455977  -1.7949588057  -0.0064692537
1.3083897042  -1.7935975711  -0.0070500754
1.3078063586  -1.7921733060  -0.0076588923
1.3071952499  -1.7906854836  -0.0082960371
1.3065560691  -1.7891335804  -0.0089618355
1.3058885091  -1.7875170774  -0.0096566060
1.3051922620  -1.7858348283  -0.0103817481
1.3044670311  -1.7840869009  -0.0111365842
1.3037125201  -1.7822736035  -0.0119210548
1.3029284256  -1.7803939713  -0.0127354418
1.3021144510  -1.7784473155  -0.0135800195
1.3012703052  -1.7764331105  -0.0144550689
1.3003957007  -1.7743508647  -0.0153608668
1.2994903534  -1.7722001098  -0.0162976883
1.2985539833  -1.7699803945  -0.0172658059
1.2975863140  -1.7676912844  -0.0182654890
1.2965870734  -1.7653323615  -0.0192970033
1.2955559939  -1.7629032267  -0.0203606105
1.2944928124  -1.7604035002  -0.0214565682
1.2933972702  -1.7578328230  -0.0225851292
1.2922691138  -1.7551908569  -0.0237465417
1.2911080947  -1.7524772854  -0.0249410489
1.2899139695  -1.7496918139  -0.0261688888
1.2886865004  -1.7468341705  -0.0274302930
1.2874254548  -1.7439041059  -0.0287254863
1.2861306060  -1.7409013940  -0.0300546875
1.2848017319  -1.7378258311  -0.0314181108
1.2834386116  -1.7346772336  -0.0328159655
1.2820410308  -1.7314554437  -0.0342484554
1.2806087855  -1.7281603348  -0.0357157791
1.2791416788  -1.7247918079  -0.0372181293
1.2776395204  -1.7213497922  -0.0387556928
1.2761021269  -1.7178342454  -0.0403286504
1.2745293220  -1.7142451544  -0.0419371768
1.2729209362  -1.7105825359  -0.0435814396
1.2712768072  -1.7068464366  -0.0452615984
1.2695967798  -1.7030369342  -0.0469778022
1.2678807058  -1.6991539822  -0.0487301895
1.2661284435  -1.6951976642  -0.0505188885
1.2643398594  -1.6911684610  -0.0523440172
1.2625148290  -1.6870667145  -0.0542056840
1.2606532347  -1.6828925409  -0.0561039878
1.2587549616  -1.6786461469  -0.0580390186
1.2568198892  -1.6743277964  -0.0600108589
1.2548479069  -1.6699377935  -0.0620195889
1.2528389243  -1.6654764909  -0.0640652875
1.2507928602  -1.6609442765  -0.0661480291
1.2487096411  -1.6563415675  -0.0682678815
1.2465892017  -1.6516688073  -0.0704249074
1.2444314841  -1.6469264622  -0.0726191635
1.2422364386  -1.6421150223  -0.0748507009
1.2400040228  -1.6372350056  -0.0771195650
1.2377342024  -1.6322869604  -0.0794257956
1.2354269502  -1.6272714655  -0.0817694273
1.2330822445  -1.6221891280  -0.0841504892
1.2307000197  -1.6170405407  -0.0865690052
1.2282802065  -1.6118263178  -0.0890249943
1.2258228032  -1.6065471573  -0.0915184704
1.2233278417  -1.6012038067  -0.0940494429
1.2207953652  -1.5957970409  -0.0966179160
1.2182254276  -1.5903276617  -0.0992238893
1.2156180935  -1.5847964972  -0.1018673578
1.2129734369  -1.5792044002  -0.1045483115
1.2102915411  -1.5735522471  -0.1072667353
1.2075724979  -1.5678409365  -0.1100226092
1.2048164125  -1.5620713956  -0.1128159082
1.2020233827  -1.5562445656  -0.1156466024
1.1991934320  -1.5503613207  -0.1185146568
1.1963265187  -1.5444224612  -0.1214200321
1.1934225885  -1.5384287718  -0.1243626837
1.1904815787  -1.5323810471  -0.1273425623
1.1875034189  -1.5262801006  -0.1303596134
1.1844880322  -1.5201267461  -0.1334137775
1.1814353355  -1.5139217906  -0.1365049828
1.1783452387  -1.5076660433  -0.1396331364
1.1752177450  -1.5013604468  -0.1427981445
1.1720530634  -1.4950062150  -0.1459999420
1.1688514060  -1.4886044876  -0.1492384945
1.1656128796  -1.4821560456  -0.1525137896
1.1623375918  -1.4756615750  -0.1558258247
1.1590256511  -1.4691219949  -0.1591745702
1.1556771635  -1.4625384897  -0.1625599420
1.1522922372  -1.4559123146  -0.1659818107
1.1488709871  -1.4492446935  -0.1694400126
1.1454135363  -1.4425368204  -0.1729343510
1.1419200126  -1.4357898628  -0.1764645977
1.1383905500  -1.4290049573  -0.1800305117
1.1348252949  -1.4221832138  -0.1836318690
1.1312244059  -1.4153257195  -0.1872684645
1.1275880476  -1.4084335402  -0.1909400906
1.1239163864  -1.4015077199  -0.1946465332
1.1202095943  -1.3945492831  -0.1983875748
1.1164678565  -1.3875592458  -0.2021629951
1.1126913645  -1.3805386067  -0.2059725727
1.1088803073  -1.3734883383  -0.2098160839
1.1050348774  -1.3664093964  -0.2136933020
1.1011552716  -1.3593027243  -0.2176039964
1.0972416916  -1.3521692569  -0.2215479330
1.0932943445  -1.3450099255  -0.2255248782
1.0893134507  -1.3378256677  -0.2295346016
1.0852992392  -1.3306174235  -0.2335768756
1.0812519403  -1.3233861282  -0.2376514749
1.0771717874  -1.3161327190  -0.2417581774
1.0730590193  -1.3088581386  -0.2458967668
1.0689138801  -1.3015633373  -0.2500670337
1.0647361809  -1.2942488511  -0.2542687740
1.0605254174  -1.2869149091  -0.2585017851
1.0562821717  -1.2795627865  -0.2627658445
1.0520080530  -1.2721947853  -0.2670607093
1.0477047958  -1.2648133798  -0.2713862123
1.0433742460  -1.2574211771  -0.2757423111
1.0390178093  -1.2500204213  -0.2801289526
1.0346352893  -1.2426118443  -0.2845459660
1.0302256497  -1.2351952354  -0.2889931196
1.0257880891  -1.2277704885  -0.2934701867
1.0213217451  -1.2203374310  -0.2979769523
1.0168256710  -1.2128958137  -0.3025132085
1.0122988296  -1.2054453086  -0.3070787495
1.0077409521  -1.1979864683  -0.3116733725
1.0031528774  -1.1905210928  -0.3162968813
0.9985352365  -1.1830507467  -0.3209490861
0.9938881531  -1.1755764182  -0.3256298035
0.9892117490  -1.1680990849  -0.3303388557
0.9845061502  -1.1606197298  -0.3350760680
0.9797715170  -1.1531394079  -0.3398412695
0.9750080587  -1.1456592690  -0.3446342977
0.9702159640  -1.1381803974  -0.3494549927
0.9653953774  -1.1307037758  -0.3543031571
0.9605464357  -1.1232303707  -0.3591785591
0.9556693006  -1.1157611522  -0.3640810228
0.9507642190  -1.1082972133  -0.3690104295
0.9458314495  -1.1008396523  -0.3739666440
0.9408711823  -1.0933894165  -0.3789495045
0.9358835892  -1.0859473903  -0.3839588283
0.9308688484  -1.0785144437  -0.3889943933
0.9258272020  -1.0710915570  -0.3940559096
0.9207588780  -1.0636796684  -0.3991429723
0.9156639930  -1.0562794923  -0.4042549497
0.9105425358  -1.0488915367  -0.4093906049
0.9053934662  -1.0415160282  -0.4145432406
0.9002162976  -1.0341534539  -0.4197097084
0.8950152170  -1.0268055528  -0.4249039165
0.8897950716  -1.0194747162  -0.4301389199
0.8845548761  -1.0121623384  -0.4354145787
0.8792912901  -1.0048687222  -0.4407280981
0.8740030185  -0.9975938421  -0.4460780278
0.8686900044  -0.9903376520  -0.4514630308
0.8633524617  -0.9831002808  -0.4568816902
0.8579905933  -0.9758817466  -0.4623325207
0.8526044394  -0.9686817042  -0.4678139657
0.8471941415  -0.9614998949  -0.4733243759
0.8417599636  -0.9543361370  -0.4788620083
0.8363021169  -0.9471900271  -0.4844250497
0.8308208839  -0.9400612232  -0.4900116285
0.8253164892  -0.9329492595  -0.4956198186
0.8197890532  -0.9258534512  -0.5012476454
0.8142388202  -0.9187732507  -0.5068930908
0.8086661688  -0.9117081633  -0.5125540991
0.8030711607  -0.9046573661  -0.5182285849
0.7974516401  -0.8976177957  -0.5239144399
0.7918066195  -0.8905875192  -0.5296095385
0.7861386555  -0.8835682396  -0.5353117405
0.7804488567  -0.8765601806  -0.5410188955
0.7747365081  -0.8695617020  -0.5467288509
0.7690008574  -0.8625711597  -0.5524394584
0.7632406240  -0.8555864093  -0.5581485801
0.7574534939  -0.8486043327  -0.5638540925
0.7516354200  -0.8416201635  -0.5695538921
0.7457790039  -0.8346259235  -0.5752459046
0.7398693848  -0.8276063906  -0.5809280972
0.7338706530  -0.8205255092  -0.5865985303
0.7274590565  -0.8130623202  -0.5922553749
0.7209863888  -0.8055759887  -0.5978967101
0.7151047693  -0.7987141625  -0.6035203635
0.7095720543  -0.7922218288  -0.6091241559
0.7041003377  -0.7858058688  -0.6147061606
0.6986559744  -0.7794304609  -0.6202646419
0.6932383232  -0.7730933805  -0.6257979429
0.6878471832  -0.7667931768  -0.6313044782
0.6824823636  -0.7605285287  -0.6367827490
0.6771436956  -0.7542982269  -0.6422313537
0.6718310326  -0.7481011728  -0.6476489942
0.6665442485  -0.7419363768  -0.6530344769
0.6612832346  -0.7358029574  -0.6583867176
0.6560479000  -0.7297001393  -0.6637047473
0.6508381699  -0.7236272510  -0.6689877166
0.6456539854  -0.7175837211  -0.6742349039
0.6404953017  -0.7115690740  -0.6794457195
0.6353620847  -0.7055829255  -0.6846197060
0.6302543102  -0.6996249785  -0.6897565474
0.6251719752  -0.6936950180  -0.6948561225
0.6201151010  -0.6877929064  -0.6999185207
0.6150837003  -0.6819185768  -0.7049439577
0.6100777589  -0.6760720252  -0.7099327631
0.6050972664  -0.6702533026  -0.7148854547
0.6001422331  -0.6644625096  -0.7198027604
0.5952126785  -0.6586997915  -0.7246856282
0.5903086295  -0.6529653328  -0.7295352623
0.5854301287  -0.6472593530  -0.7343531816
0.5805772501  -0.6415821036  -0.7391413206
0.5757501340  -0.6359338721  -0.7439022400
0.5709490917  -0.6303150328  -0.7486396686
0.5661758812  -0.6247261188  -0.7533644244
0.5614320790  -0.6191676528  -0.7580859496
0.5567136855  -0.6136397257  -0.7627955641
0.5520146472  -0.6081419430  -0.7674813466
0.5473345789  -0.6026738914  -0.7721421913
0.5426761509  -0.5972354176  -0.7767796089
0.5380404409  -0.5918264916  -0.7813939377
0.5334274142  -0.5864470698  -0.7859853418
0.5288369208  -0.5810970849  -0.7905539869
0.5242688107  -0.5757764541  -0.7951000427
0.5197229357  -0.5704850792  -0.7996236824
0.5151991485  -0.5652228474  -0.8041250819
0.5106973033  -0.5599896317  -0.8086044196
0.5062172550  -0.5547852916  -0.8130618757
0.5017588601  -0.5496096739  -0.8174976316
0.4973219756  -0.5444626131  -0.8219118695
0.4929064596  -0.5393439324  -0.8263047711
0.4885121715  -0.5342534446  -0.8306765176
0.4841389712  -0.5291909535  -0.8350272886
0.4797867198  -0.5241562540  -0.8393572612
0.4754552793  -0.5191491335  -0.8436666090
0.4711445125  -0.5141693730  -0.8479555010
0.4668542833  -0.5092167495  -0.8522241022
0.4625844572  -0.5042910370  -0.8564725724
0.4583349006  -0.4993920067  -0.8607010660
0.4541054809  -0.4945194275  -0.8649097301
0.4498960667  -0.4896730678  -0.8690987038
0.4457065275  -0.4848526960  -0.8732681174
0.4415367337  -0.4800580810  -0.8774180901
0.4373865563  -0.4752889917  -0.8815487282
0.4332558667  -0.4705451940  -0.8856601192
0.4291445310  -0.4658264136  -0.8897523002
0.4250524069  -0.4611323406  -0.8938252382
0.4209793660  -0.4564628265  -0.8978789395
0.4169253232  -0.4518179650  -0.9019135703
0.4128902114  -0.4471977877  -0.9059293629
0.4088739319  -0.4426020810  -0.9099264798
0.4048763566  -0.4380305682  -0.9139050287
0.4008973604  -0.4334830481  -0.9178651151
0.3969368291  -0.4289593656  -0.9218068484
0.3929946531  -0.4244593784  -0.9257303377
0.3890707244  -0.4199829505  -0.9296356906
0.3851649359  -0.4155299523  -0.9335230138
0.3812771816  -0.4111002598  -0.9373924127
0.3774073567  -0.4066937546  -0.9412439913
0.3735553571  -0.4023103237  -0.9450778530
0.3697210799  -0.3979498586  -0.9488940995
0.3659044231  -0.3936122552  -0.9526928318
0.3621052857  -0.3892974134  -0.9564741498
0.3583235676  -0.3850052360  -0.9602381523
0.3545591696  -0.3807356291  -0.9639849372
0.3508119934  -0.3764885007  -0.9677146014
0.3470819415  -0.3722637602  -0.9714272410
0.3433689174  -0.3680613182  -0.9751229511
0.3396728253  -0.3638810858  -0.9788018261
0.3359935702  -0.3597229744  -0.9824639595
0.3323310580  -0.3555868948  -0.9861094441
0.3286851953  -0.3514727566  -0.9897383720
0.3250558895  -0.3473804676  -0.9933508346
0.3214430487  -0.3433099335  -0.9969469227
0.3178465818  -0.3392610565  -1.0005267266
0.3142663982  -0.3352337344  -1.0040903358
0.3107024083  -0.3312278550  -1.0076378400
0.3071545229  -0.3272432887  -1.0111693284
0.3036226537  -0.3232799012  -1.0146848904
0.3001067129  -0.3193375834  -1.0181846145
0.2966066130  -0.3154162566  -1.0216685870
0.2931222673  -0.3115158441  -1.0251368933
0.2896535897  -0.3076362563  -1.0285896181
0.2862004946  -0.3037773981  -1.0320268461
0.2827628975  -0.2999391751  -1.0354486616
0.2793407139  -0.2961214936  -1.0388551484
0.2759338604  -0.2923242603  -1.0422463896
0.2725422536  -0.2885473823  -1.0456224678
0.2691658109  -0.2847907668  -1.0489834651
0.2658044502  -0.2810543214  -1.0523294630
0.2624580900  -0.2773379438  -1.0556605428
0.2591266489  -0.2736415125  -1.0589767851
0.2558100464  -0.2699649288  -1.0622782701
0.2525082025  -0.2663081484  -1.0655650772
0.2492210375  -0.2626711217  -1.0688372857
0.2459484723  -0.2590537573  -1.0720949741
0.2426904280  -0.2554559555  -1.0753382208
0.2394468263  -0.2518776213  -1.0785671036
0.2362175895  -0.2483186594  -1.0817817001
0.2330026400  -0.2447789737  -1.0849820872
0.2298019009  -0.2412584677  -1.0881683417
0.2266152954  -0.2377570448  -1.0913405398
0.2234427473  -0.2342746079  -1.0944987573
0.2202841810  -0.2308110602  -1.0976430697
0.2171395208  -0.2273663051  -1.1007735520
0.2140086918  -0.2239402461  -1.1038902791
0.2108916193  -0.2205327871  -1.1069933251
0.2077882290  -0.2171438325  -1.1100827641
0.2046984471  -0.2137732870  -1.1131586696
0.2016221998  -0.2104210562  -1.1162211148
0.1985594141  -0.2070870459  -1.1192701725
0.1955100170  -0.2037711629  -1.1223059153
0.1924739361  -0.2004733143  -1.1253284152
0.1894510991  -0.1971934080  -1.1283377441
0.1864414343  -0.1939313524  -1.1313339734
0.1834448702  -0.1906870566  -1.1343171742
0.1804613356  -0.1874604299  -1.1372874173
0.1774907596  -0.1842513825  -1.1402447732
0.1745330717  -0.1810598246  -1.1431893120
0.1715882017  -0.1778856671  -1.1461211034
0.1686560798  -0.1747288210  -1.1490402170
0.1657366362  -0.1715891974  -1.1519467220
0.1628298028  -0.1684668243  -1.1548407029
0.1599355131  -0.1653617661  -1.1577222620
0.1570536968  -0.1622736549  -1.1605914563
0.1541842797  -0.1592020475  -1.1634483009
0.1513271918  -0.1561469954  -1.1662928451
0.1484823684  -0.1531085975  -1.1691251585
0.1456497436  -0.1500867786  -1.1719453030
0.1428292505  -0.1470814611  -1.1747533415
0.1400208226  -0.1440925659  -1.1775493375
0.1372243936  -0.1411200122  -1.1803333559
0.1344398975  -0.1381637174  -1.1831054625
0.1316672685  -0.1352235973  -1.1858657242
0.1289064411  -0.1322995657  -1.1886142095
0.1261573501  -0.1293915343  -1.1913509878
0.1234199304  -0.1264994133  -1.1940761302
0.1206941172  -0.1236231109  -1.1967897088
0.1179798458  -0.1207625337  -1.1994917972
0.1152770518  -0.1179175865  -1.2021824700
0.1125856710  -0.1150881729  -1.2048618032
0.1099056392  -0.1122741947  -1.2075298739
0.1072368926  -0.1094755530  -1.2101867599
0.1045793676  -0.1066921473  -1.2128325403
0.1019330006  -0.1039238764  -1.2154672943
0.0992977283  -0.1011706385  -1.2180911021
0.0966734876  -0.0984323310  -1.2207040439
0.0940602157  -0.0957088508  -1.2233062001
0.0914578498  -0.0930000947  -1.2258976507
0.0888663274  -0.0903059593  -1.2284784756
0.0862855862  -0.0876263412  -1.2310487536
0.0837155642  -0.0849611372  -1.2336085625
0.0811561996  -0.0823102443  -1.2361579788
0.0786074307  -0.0796735604  -1.2386970769
0.0760701457  -0.0770510587  -1.2412626086
0.0735449041  -0.0744426771  -1.2438728143
0.0710291827  -0.0718481140  -1.2464650831
0.0685221969  -0.0692672210  -1.2490556425
0.0660251619  -0.0667000068  -1.2516434269
0.0635379970  -0.0641463750  -1.2542272167
0.0610606267  -0.0616062307  -1.2568056391
0.0585929811  -0.0590794798  -1.2593771677
0.0561349963  -0.0565660298  -1.2619401226
0.0536866146  -0.0540657887  -1.2644926705
0.0512477851  -0.0515786659  -1.2670328243
0.0488184637  -0.0491045710  -1.2695584438
0.0463986136  -0.0466434146  -1.2720672349
0.0439882052  -0.0441951075  -1.2745567502
0.0415872168  -0.0417595611  -1.2770243888
0.0391956344  -0.0393366867  -1.2794673963
0.0368134519  -0.0369263959  -1.2818828646
0.0344406710  -0.0345286000  -1.2842677323
0.0320773015  -0.0321432101  -1.2866187844
0.0297233611  -0.0297701373  -1.2889326524
0.0273788752  -0.0274092921  -1.2912058144
0.0250438768  -0.0250605848  -1.2934345948
0.0227184060  -0.0227239250  -1.2956151646
0.0204025099  -0.0203992223  -1.2977435413
0.0180962419  -0.0180863858  -1.2998155888
0.0157996611  -0.0157853247  -1.3018270177
0.0135128318  -0.0134959477  -1.3037733849
0.0112358224  -0.0112181640  -1.3056500939
0.0089687046  -0.0089518832  -1.3074523944
0.0067115523  -0.0066970153  -1.3091753831
0.0044644404  -0.0044534712  -1.3108140028
0.0022274430  -0.0022211631  -1.3123630430
0.0022261104  -0.0022211548  -1.3123630430
