0.154671
1.2959697072  -1.7776061572   0.0000673941
1.2959697072  -1.7776061572   0.0000673941
1.2959786143  -1.7776206422   0.0000582348
1.2959781011  -1.7776039643   0.0000323976
1.2959626140  -1.7775463858  -0.0000106016
1.2959294512  -1.7774428126  -0.0000712408
1.2958775163  -1.7772912839  -0.0001499915
1.2958061568  -1.7770906977  -0.0002473190
1.2957148890  -1.7768402761  -0.0003636820
1.2956033067  -1.7765393846  -0.0004995330
1.2954710426  -1.7761874590  -0.0006553181
1.2953177512  -1.7757839708  -0.0008314770
1.2951430995  -1.7753284097  -0.0010284432
1.2949467623  -1.7748202740  -0.0012466436
1.2947284194  -1.7742590656  -0.0014864989
1.2944877533  -1.7736442863  -0.0017484234
1.2942244492  -1.7729754364  -0.0020328250
1.2939381931  -1.7722520136  -0.0023401053
1.2936286726  -1.7714735124  -0.0026706595
1.2932955758  -1.7706394241  -0.0030248764
1.2929385915  -1.7697492366  -0.0034031386
1.2925574090  -1.7688024351  -0.0038058221
1.2921517186  -1.7677985023  -0.0042332967
1.2917212109  -1.7667369185  -0.0046859257
1.2912655773  -1.7656171628  -0.0051640663
1.2907845100  -1.7644387132  -0.0056680692
1.2902777023  -1.7632010474  -0.0061982785
1.2897448482  -1.7619036436  -0.0067550323
1.2891856431  -1.7605459811  -0.0073386622
1.2885997837  -1.7591275410  -0.0079494933
1.2879869679  -1.7576478073  -0.0085878446
1.2873468955  -1.7561062671  -0.0092540285
1.2866792646  -1.7545018175  -0.0099493975
1.2859837841  -1.7528344936  -0.0106733057
1.2852601633  -1.7511045590  -0.0114257023
1.2845081037  -1.7493110818  -0.0122068664
1.2837273129  -1.7474533868  -0.0130170697
1.2829175033  -1.7455309518  -0.0138565908
1.2820783905  -1.7435432858  -0.0147257050
1.2812096927  -1.7414899173  -0.0156246868
1.2803111315  -1.7393703900  -0.0165538081
1.2793824318  -1.7371842621  -0.0175133385
1.2784233220  -1.7349311075  -0.0185035445
1.2774335341  -1.7326105172  -0.0195246892
1.2764128039  -1.7302220994  -0.0205770318
1.2753608691  -1.7277654784  -0.0216608279
1.2742774702  -1.7252402961  -0.0227763275
1.2731623540  -1.7226462157  -0.0239237756
1.2720152727  -1.7199829205  -0.0251034126
1.2708359834  -1.7172501139  -0.0263154754
1.2696242477  -1.7144475194  -0.0275601967
1.2683798329  -1.7115748821  -0.0288378048
1.2671025109  -1.7086319693  -0.0301485235
1.2657920594  -1.7056185718  -0.0314925720
1.2644482614  -1.7025345043  -0.0328701644
1.2630709058  -1.6993796062  -0.0342815096
1.2616597868  -1.6961537420  -0.0357268114
1.2602147050  -1.6928568025  -0.0372062680
1.2587354666  -1.6894887047  -0.0387200712
1.2572218842  -1.6860493931  -0.0402684048
1.2556737762  -1.6825388401  -0.0418514432
1.2540909673  -1.6789570461  -0.0434693520
1.2524732887  -1.6753040397  -0.0451222879
1.2508205775  -1.6715797313  -0.0468103990
1.2491326682  -1.6677841450  -0.0485338247
1.2474093982  -1.6639176772  -0.0502926961
1.2456506212  -1.6599806003  -0.0520871359
1.2438562005  -1.6559729763  -0.0539172609
1.2420260061  -1.6518949561  -0.0557831849
1.2401599155  -1.6477467607  -0.0576850206
1.2382578141  -1.6435286518  -0.0596228763
1.2363195941  -1.6392409253  -0.0615968548
1.2343451550  -1.6348839066  -0.0636070535
1.2323344037  -1.6304579458  -0.0656535650
1.2302872539  -1.6259634154  -0.0677364764
1.2282036267  -1.6214007105  -0.0698558693
1.2260834501  -1.6167702525  -0.0720118200
1.2239266509  -1.6120724850  -0.0742043996
1.2217331190  -1.6073078414  -0.0764336738
1.2195027585  -1.6024767903  -0.0786997035
1.2172355313  -1.5975798776  -0.0810025439
1.2149314171  -1.5926176921  -0.0833422459
1.2125904065  -1.5875908565  -0.0857188550
1.2102125000  -1.5825000211  -0.0881324123
1.2077977079  -1.5773458619  -0.0905829535
1.2053460498  -1.5721290806  -0.0930705096
1.2028575543  -1.5668504043  -0.0955951068
1.2003322586  -1.5615105843  -0.0981567662
1.1977702082  -1.5561103953  -0.1007555035
1.1951714639  -1.5506506488  -0.1033913295
1.1925360517  -1.5451321403  -0.1060642498
1.1898639302  -1.5395556030  -0.1087742646
1.1871550318  -1.5339217490  -0.1115213691
1.1844092818  -1.5282312919  -0.1143055535
1.1816265995  -1.5224849421  -0.1171268029
1.1788068984  -1.5166834044  -0.1199850972
1.1759500873  -1.5108273978  -0.1228804113
1.1730560707  -1.5049176629  -0.1258127151
1.1701247497  -1.4989549444  -0.1287819671
1.1671560968  -1.4929400672  -0.1317881049
1.1641502659  -1.4868740635  -0.1348310607
1.1611074219  -1.4807580104  -0.1379107916
1.1580276367  -1.4745929293  -0.1410272833
1.1549109875  -1.4683797671  -0.1441805417
1.1517575573  -1.4621192365  -0.1473705850
1.1485674302  -1.4558119651  -0.1505974141
1.1453406879  -1.4494588153  -0.1538609793
1.1420774134  -1.4430609104  -0.1571611843
1.1387776969  -1.4366194442  -0.1604978979
1.1354416362  -1.4301355820  -0.1638709573
1.1320693341  -1.4236104553  -0.1672801700
1.1286608991  -1.4170451686  -0.1707253214
1.1252164504  -1.4104408029  -0.1742062015
1.1217361203  -1.4037984174  -0.1777226218
1.1182200493  -1.3971190515  -0.1812743964
1.1146683810  -1.3904037248  -0.1848613313
1.1110812658  -1.3836534409  -0.1884832281
1.1074588664  -1.3768691944  -0.1921398845
1.1038013487  -1.3700519590  -0.1958310956
1.1001088782  -1.3632026829  -0.1995566545
1.0963816252  -1.3563223004  -0.2033163510
1.0926197650  -1.3494117333  -0.2071099711
1.0888234783  -1.3424718937  -0.2109372993
1.0849929523  -1.3355036890  -0.2147981213
1.0811283872  -1.3285080345  -0.2186922259
1.0772299915  -1.3214858480  -0.2226194062
1.0732979752  -1.3144380414  -0.2265794578
1.0693325523  -1.3073655277  -0.2305721796
1.0653339418  -1.3002692257  -0.2345973751
1.0613023687  -1.2931500616  -0.2386548546
1.0572377111  -1.2860086302  -0.2427444343
1.0531394371  -1.2788451293  -0.2468659294
1.0490079532  -1.2716606657  -0.2510191498
1.0448447364  -1.2644573932  -0.2552038860
1.0406513877  -1.2572376127  -0.2594199123
1.0364296054  -1.2500038049  -0.2636670802
1.0321809363  -1.2427583854  -0.2679453645
1.0279055243  -1.2355023962  -0.2722547274
1.0236024501  -1.2282357230  -0.2765950127
1.0192709224  -1.2209582752  -0.2809660041
1.0149101304  -1.2136699384  -0.2853674902
1.0105191924  -1.2063705357  -0.2897992712
1.0060971440  -1.1990598192  -0.2942611534
1.0016432833  -1.1917378592  -0.2987529438
0.9971581673  -1.1844061478  -0.3032744522
0.9926426571  -1.1770665235  -0.3078254949
0.9880969249  -1.1697200481  -0.3124058941
0.9835210831  -1.1623677075  -0.3170154772
0.9789152480  -1.1550104935  -0.3216540766
0.9742795478  -1.1476494220  -0.3263215267
0.9696141686  -1.1402856310  -0.3310176659
0.9649193088  -1.1329202694  -0.3357423411
0.9601951227  -1.1255543696  -0.3404953983
0.9554417476  -1.1181889287  -0.3452766392
0.9506593168  -1.1108249306  -0.3500858400
0.9458480138  -1.1034634147  -0.3549228408
0.9410080972  -1.0961055210  -0.3597875296
0.9361397987  -1.0887523152  -0.3646797727
0.9312432911  -1.0814047325  -0.3695994111
0.9263187425  -1.0740636746  -0.3745462638
0.9213663521  -1.0667300793  -0.3795201089
0.9163863714  -1.0594049700  -0.3845206604
0.9113790033  -1.0520892497  -0.3895475261
0.9063443469  -1.0447836201  -0.3946000652
0.9012823822  -1.0374886130  -0.3996769780
0.8961920744  -1.0302045316  -0.4047713516
0.8910729587  -1.0229318771  -0.4098801278
0.8859292705  -1.0156723596  -0.4150176539
0.8807658231  -1.0084283915  -0.4201969646
0.8755815664  -1.0012014213  -0.4254177338
0.8703731758  -0.9939917524  -0.4306771872
0.8651393743  -0.9867993229  -0.4359738804
0.8598801359  -0.9796241506  -0.4413064756
0.8545956888  -0.9724664119  -0.4466735569
0.8492862020  -0.9653260920  -0.4520736346
0.8439517004  -0.9582028501  -0.4575051281
0.8385923593  -0.9510965072  -0.4629663522
0.8332084438  -0.9440068919  -0.4684555384
0.8278001611  -0.9369336069  -0.4739708523
0.8223678022  -0.9298763490  -0.4795103981
0.8169115592  -0.9228346227  -0.4850722240
0.8114315774  -0.9158077989  -0.4906543284
0.8059281048  -0.9087953521  -0.4962546649
0.8004015703  -0.9017968481  -0.5018711499
0.7948518144  -0.8948112684  -0.5075016697
0.7892764801  -0.8878353608  -0.5131440873
0.7836751297  -0.8808677666  -0.5187962471
0.7780504231  -0.8739103152  -0.5244559784
0.7724031539  -0.8669629310  -0.5301210999
0.7667325999  -0.8600239758  -0.5357894289
0.7610379953  -0.8530918092  -0.5414587869
0.7553180302  -0.8461642781  -0.5471270053
0.7495703254  -0.8392382185  -0.5527919297
0.7437907261  -0.8323087756  -0.5584514260
0.7379716333  -0.8253677947  -0.5641033902
0.7320977551  -0.8183996506  -0.5697457609
0.7261318742  -0.8113670232  -0.5753765704
0.7197419407  -0.8039408832  -0.5809939619
0.7133014472  -0.7965020027  -0.5865959829
0.7074673460  -0.7897024794  -0.5921804295
0.7019767912  -0.7832665977  -0.5977450965
0.6965458364  -0.7769053328  -0.6032880344
0.6911422336  -0.7705843238  -0.6088074833
0.6857653453  -0.7643013836  -0.6143017620
0.6804149706  -0.7580550772  -0.6197692617
0.6750909193  -0.7518440968  -0.6252084615
0.6697930233  -0.7456672459  -0.6306179403
0.6645211374  -0.7395234377  -0.6359963810
0.6592751360  -0.7334116948  -0.6413425719
0.6540549113  -0.7273311483  -0.6466554129
0.6488603736  -0.7212810354  -0.6519339200
0.6436914492  -0.7152606968  -0.6571772314
0.6385480804  -0.7092695724  -0.6623846146
0.6334302236  -0.7033071978  -0.6675554707
0.6283378455  -0.6973731994  -0.6726893338
0.6232709235  -0.6914672902  -0.6777858852
0.6182294583  -0.6855892650  -0.6828450105
0.6132134727  -0.6797389953  -0.6878668000
0.6082229761  -0.6739164225  -0.6928514623
0.6032579528  -0.6681215498  -0.6977993295
0.5983183954  -0.6623544347  -0.7027109283
0.5934043160  -0.6566151841  -0.7075869973
0.5885157346  -0.6509039485  -0.7124284986
0.5836526789  -0.6452209176  -0.7172366552
0.5788151925  -0.6395663146  -0.7220130105
0.5740033506  -0.6339403947  -0.7267595329
0.5692172966  -0.6283434487  -0.7314788314
0.5644573489  -0.6227758553  -0.7361747193
0.5597252977  -0.6172381576  -0.7408582846
0.5550226944  -0.6117308819  -0.7455389564
0.5503454135  -0.6062540937  -0.7502076055
0.5456873981  -0.6008073727  -0.7548522645
0.5410483804  -0.5953903146  -0.7594719982
0.5364310487  -0.5900027853  -0.7640683054
0.5318364456  -0.5846447621  -0.7686415176
0.5272645299  -0.5793162020  -0.7731917996
0.5227151508  -0.5740170387  -0.7777193181
0.5181881575  -0.5687471897  -0.7822242438
0.5136834010  -0.5635065573  -0.7867067510
0.5092007332  -0.5582950293  -0.7911670165
0.5047400074  -0.5531124791  -0.7956052200
0.5003010780  -0.5479587666  -0.8000215426
0.4958838002  -0.5428337387  -0.8044161670
0.4914880303  -0.5377372300  -0.8087892764
0.4871136257  -0.5326690639  -0.8131410536
0.4827604445  -0.5276290533  -0.8174716811
0.4784283461  -0.5226170018  -0.8217813395
0.4741171905  -0.5176327043  -0.8260702071
0.4698268388  -0.5126759480  -0.8303384583
0.4655571528  -0.5077465137  -0.8345862634
0.4613079956  -0.5028441785  -0.8388137881
0.4570792316  -0.4979687161  -0.8430211938
0.4528707264  -0.4931198975  -0.8472086355
0.4486823465  -0.4882974913  -0.8513762613
0.4445139594  -0.4835012656  -0.8555242113
0.4403654338  -0.4787309883  -0.8596526166
0.4362366389  -0.4739864279  -0.8637615972
0.4321274451  -0.4692673524  -0.8678512599
0.4280377225  -0.4645735269  -0.8719216927
0.4239673364  -0.4599046734  -0.8759729324
0.4199161434  -0.4552604788  -0.8800049454
0.4158840147  -0.4506407997  -0.8840177404
0.4118708647  -0.4460457402  -0.8880114875
0.4078766248  -0.4414753329  -0.8919864207
0.4039011943  -0.4369293578  -0.8959427021
0.3999444441  -0.4324075358  -0.8998804399
0.3960062481  -0.4279096652  -0.9037997407
0.3920864914  -0.4234355906  -0.9077007152
0.3881850634  -0.4189851684  -0.9115834735
0.3843018549  -0.4145582617  -0.9154481242
0.3804367578  -0.4101547396  -0.9192947751
0.3765896651  -0.4057744768  -0.9231235324
0.3727604707  -0.4014173535  -0.9269345017
0.3689490698  -0.3970832550  -0.9307277869
0.3651553582  -0.3927720713  -0.9345034911
0.3613792329  -0.3884836964  -0.9382617163
0.3576205919  -0.3842180282  -0.9420025634
0.3538793338  -0.3799749678  -0.9457261323
0.3501553586  -0.3757544190  -0.9494325220
0.3464485667  -0.3715562878  -0.9531218304
0.3427588598  -0.3673804813  -0.9567941547
0.3390861400  -0.3632269079  -0.9604495911
0.3354303107  -0.3590954765  -0.9640882350
0.3317912758  -0.3549860961  -0.9677101810
0.3281689401  -0.3508986751  -0.9713155230
0.3245632092  -0.3468331208  -0.9749043541
0.3209739894  -0.3427893389  -0.9784767668
0.3174011877  -0.3387672324  -0.9820328528
0.3138447120  -0.3347667014  -0.9855727035
0.3103044707  -0.3307876413  -0.9890964097
0.3067803731  -0.3268299378  -0.9926040618
0.3032723291  -0.3228934595  -0.9960957501
0.2997802492  -0.3189780702  -0.9995715652
0.2963040446  -0.3150836597  -1.0030315963
0.2928436270  -0.3112101469  -1.0064759309
0.2893989085  -0.3073574525  -1.0099046553
0.2859698019  -0.3035254843  -1.0133178552
0.2825562211  -0.2997141449  -1.0167156163
0.2791580800  -0.2959233376  -1.0200980239
0.2757752937  -0.2921529665  -1.0234651627
0.2724077774  -0.2884029361  -1.0268171168
0.2690554470  -0.2846731510  -1.0301539696
0.2657182189  -0.2809635164  -1.0334758043
0.2623960101  -0.2772739375  -1.0367827034
0.2590887380  -0.2736043104  -1.0400747489
0.2557963205  -0.2699545126  -1.0433520224
0.2525186761  -0.2663244437  -1.0466146048
0.2492557239  -0.2627140549  -1.0498625768
0.2460073834  -0.2591232924  -1.0530960181
0.2427735746  -0.2555520629  -1.0563150084
0.2395542177  -0.2520002647  -1.0595196268
0.2363492337  -0.2484678011  -1.0627099520
0.2331585438  -0.2449545747  -1.0658860622
0.2299820698  -0.2414604877  -1.0690480354
0.2268197339  -0.2379854418  -1.0721959490
0.2236714586  -0.2345293386  -1.0753298799
0.2205371670  -0.2310920795  -1.0784499049
0.2174167824  -0.2276735659  -1.0815561002
0.2143102287  -0.2242736996  -1.0846485414
0.2112174301  -0.2208923826  -1.0877273042
0.2081383112  -0.2175295170  -1.0907924634
0.2050727970  -0.2141850057  -1.0938440938
0.2020208129  -0.2108587521  -1.0968822695
0.1989822847  -0.2075506598  -1.0999070644
0.1959571385  -0.2042606334  -1.1029185521
0.1929453007  -0.2009885780  -1.1059168055
0.1899466983  -0.1977343992  -1.1089018976
0.1869612584  -0.1944980033  -1.1118739007
0.1839889087  -0.1912792973  -1.1148328868
0.1810295770  -0.1880781887  -1.1177789276
0.1780831915  -0.1848945854  -1.1207120945
0.1751496810  -0.1817283959  -1.1236324585
0.1722289743  -0.1785795293  -1.1265400901
0.1693210007  -0.1754478947  -1.1294350598
0.1664256897  -0.1723334017  -1.1323174375
0.1635429714  -0.1692359603  -1.1351872928
0.1606727769  -0.1661555913  -1.1380447105
0.1578150391  -0.1630923505  -1.1408897921
0.1549696875  -0.1600458820  -1.1437225957
0.1521366475  -0.1570157585  -1.1465431381
0.1493158490  -0.1540020236  -1.1493514694
0.1465072266  -0.1510047661  -1.1521476597
0.1437107141  -0.1480239090  -1.1549317714
0.1409262441  -0.1450593732  -1.1577038678
0.1381537497  -0.1421110779  -1.1604640129
0.1353931643  -0.1391789411  -1.1632122718
0.1326444216  -0.1362628789  -1.1659487107
0.1299074554  -0.1333628060  -1.1686733969
0.1271822000  -0.1304786350  -1.1713863988
0.1244685899  -0.1276102772  -1.1740877863
0.1217665597  -0.1247576417  -1.1767776302
0.1190760442  -0.1219206363  -1.1794560029
0.1163969788  -0.1190991671  -1.1821229777
0.1137292986  -0.1162931387  -1.1847786294
0.1110729393  -0.1135024543  -1.1874230337
0.1084278366  -0.1107270158  -1.1900562674
0.1057939265  -0.1079667242  -1.1926784083
0.1031711451  -0.1052214791  -1.1952895348
0.1005594289  -0.1024911798  -1.1978897261
0.0979587145  -0.0997757244  -1.2004790619
0.0953689386  -0.0970750109  -1.2030576220
0.0927900383  -0.0943889367  -1.2056254864
0.0902219508  -0.0917173990  -1.2081827347
0.0876646137  -0.0890602951  -1.2107294462
0.0851179645  -0.0864175220  -1.2132656994
0.0825819413  -0.0837889774  -1.2157915715
0.0800564822  -0.0811745588  -1.2183071386
0.0775415256  -0.0785741647  -1.2208124749
0.0750379334  -0.0759877653  -1.2233438263
0.0725462480  -0.0734152969  -1.2259191822
0.0700640146  -0.0708564693  -1.2284767960
0.0675904686  -0.0683111377  -1.2310326724
0.0651267901  -0.0657793056  -1.2335857610
0.0626728989  -0.0632608774  -1.2361348602
0.0602287200  -0.0607557586  -1.2386786169
0.0577941840  -0.0582638560  -1.2412155267
0.0553692273  -0.0557850775  -1.2437439336
0.0529537921  -0.0533193317  -1.2462620305
0.0505478277  -0.0508665286  -1.2487678588
0.0481512895  -0.0484265784  -1.2512593084
0.0457641404  -0.0459993922  -1.2537341179
0.0433863503  -0.0435848816  -1.2561898747
0.0410178967  -0.0411829584  -1.2586240145
0.0386587644  -0.0387935347  -1.2610338218
0.0363089462  -0.0364165226  -1.2634164298
0.0339684425  -0.0340518344  -1.2657688200
0.0316372616  -0.0316993819  -1.2680878228
0.0293154193  -0.0293590770  -1.2703701172
0.0270029390  -0.0270308312  -1.2726122307
0.0246998517  -0.0247145557  -1.2748105395
0.0224061950  -0.0224101612  -1.2769612683
0.0201220135  -0.0201175584  -1.2790604905
0.0178473580  -0.0178366577  -1.2811041281
0.0155822848  -0.0155673692  -1.2830879519
0.0133268552  -0.0133096033  -1.2850075809
0.0110811346  -0.0110632702  -1.2868584831
0.0088451916  -0.0088282809  -1.2886359750
0.0066190970  -0.0066045468  -1.2903352215
0.0044029222  -0.0043919801  -1.2919512366
0.0021967386  -0.0021904944  -1.2934788824
0.0021954425  -0.0021904863  -1.2934788824
