0.18083
1.0951142164  -1.4278213306   0.0000460135
1.0951142164  -1.4278213306   0.0000460135
1.0951207312  -1.4278323696   0.0000405765
1.0951211234  -1.4278259270   0.0000242312
1.0951115797  -1.4277954677  -0.0000033171
1.0950904870  -1.4277382893  -0.0000423612
1.0950571743  -1.4276532890  -0.0000931920
1.0950112355  -1.4275398111  -0.0001560984
1.0949523653  -1.4273973687  -0.0002313677
1.0948803036  -1.4272255488  -0.0003192853
1.0947948127  -1.4270239743  -0.0004201344
1.0946956671  -1.4267922855  -0.0005341967
1.0945826473  -1.4265301310  -0.0006617520
1.0944555376  -1.4262371631  -0.0008030780
1.0943141240  -1.4259130343  -0.0009584507
1.0941581930  -1.4255573961  -0.0011281442
1.0939875312  -1.4251698977  -0.0013124309
1.0938019246  -1.4247501853  -0.0015115810
1.0936011584  -1.4242979019  -0.0017258631
1.0933850169  -1.4238126871  -0.0019555438
1.0931532835  -1.4232941768  -0.0022008880
1.0929057400  -1.4227420033  -0.0024621585
1.0926421673  -1.4221557955  -0.0027396164
1.0923623449  -1.4215351789  -0.0030335209
1.0920660509  -1.4208797755  -0.0033441293
1.0917530624  -1.4201892045  -0.0036716970
1.0914231550  -1.4194630819  -0.0040164777
1.0910761029  -1.4187010211  -0.0043787231
1.0907116794  -1.4179026331  -0.0047586830
1.0903296562  -1.4170675265  -0.0051566055
1.0899298041  -1.4161953081  -0.0055727366
1.0895118924  -1.4152855826  -0.0060073207
1.0890756859  -1.4143376592  -0.0064612952
1.0886209564  -1.4133514057  -0.0069342652
1.0881474750  -1.4123268092  -0.0074262332
1.0876550022  -1.4112632553  -0.0079374354
1.0871433003  -1.4101602427  -0.0084681020
1.0866121322  -1.4090173471  -0.0090184670
1.0860612603  -1.4078341554  -0.0095887648
1.0854904460  -1.4066102591  -0.0101792319
1.0848994499  -1.4053452528  -0.0107901058
1.0842880323  -1.4040387335  -0.0114216249
1.0836559525  -1.4026903012  -0.0120740285
1.0830029694  -1.4012995591  -0.0127475565
1.0823288415  -1.3998661142  -0.0134424492
1.0816333266  -1.3983895774  -0.0141589471
1.0809161823  -1.3968695643  -0.0148972911
1.0801771658  -1.3953056956  -0.0156577222
1.0794160341  -1.3936975970  -0.0164404812
1.0786325441  -1.3920449006  -0.0172458091
1.0778264544  -1.3903472464  -0.0180739466
1.0769975285  -1.3886042864  -0.0189251341
1.0761455297  -1.3868156789  -0.0197996120
1.0752702181  -1.3849810876  -0.0206976198
1.0743713540  -1.3831001858  -0.0216193968
1.0734486983  -1.3811726561  -0.0225651818
1.0725020121  -1.3791981904  -0.0235352128
1.0715310577  -1.3771764896  -0.0245297271
1.0705355975  -1.3751072640  -0.0255489611
1.0695153952  -1.3729902335  -0.0265931504
1.0684702152  -1.3708251267  -0.0276625293
1.0673998228  -1.3686116808  -0.0287573312
1.0663039846  -1.3663496431  -0.0298777881
1.0651824681  -1.3640386952  -0.0310241306
1.0640350420  -1.3616785806  -0.0321965878
1.0628614765  -1.3592692419  -0.0333953873
1.0616615439  -1.3568105510  -0.0346207546
1.0604350181  -1.3543022610  -0.0358729141
1.0591816740  -1.3517441698  -0.0371520882
1.0579012886  -1.3491361112  -0.0384584973
1.0565936408  -1.3464779374  -0.0397923601
1.0552585112  -1.3437695162  -0.0411538934
1.0538956830  -1.3410107279  -0.0425433117
1.0525049411  -1.3382014643  -0.0439608276
1.0510860730  -1.3353416301  -0.0454066514
1.0496388685  -1.3324311438  -0.0468809908
1.0481631198  -1.3294699382  -0.0483840512
1.0466586216  -1.3264579587  -0.0499160356
1.0451251712  -1.3233951639  -0.0514771443
1.0435625683  -1.3202815250  -0.0530675747
1.0419706158  -1.3171170266  -0.0546875217
1.0403491192  -1.3139016660  -0.0563371771
1.0386978871  -1.3106354536  -0.0580167252
1.0370167305  -1.3073184135  -0.0597263394
1.0353054638  -1.3039505826  -0.0614661914
1.0335639056  -1.3005320101  -0.0632364599
1.0317918787  -1.2970627585  -0.0650373302
1.0299892097  -1.2935429045  -0.0668689922
1.0281557287  -1.2899725396  -0.0687316398
1.0262912694  -1.2863517699  -0.0706254695
1.0243956693  -1.2826807152  -0.0725506794
1.0224687703  -1.2789595103  -0.0745074615
1.0205104176  -1.2751883053  -0.0764959879
1.0185204583  -1.2713672634  -0.0785164085
1.0164987417  -1.2674965561  -0.0805688566
1.0144451216  -1.2635763630  -0.0826534501
1.0123594559  -1.2596068819  -0.0847702917
1.0102416068  -1.2555883324  -0.0869194692
1.0080914411  -1.2515209485  -0.0891010564
1.0059088301  -1.2474049763  -0.0913151138
1.0036936501  -1.2432406819  -0.0935616920
1.0014457834  -1.2390283749  -0.0958408457
0.9991651197  -1.2347684039  -0.0981526410
0.9968515544  -1.2304610263  -0.1004971460
0.9945049887  -1.2261063118  -0.1028744245
0.9921253281  -1.2217043346  -0.1052845383
0.9897124818  -1.2172554181  -0.1077275467
0.9872663650  -1.2127600878  -0.1102035063
0.9847868994  -1.2082189069  -0.1127124714
0.9822740126  -1.2036324232  -0.1152544957
0.9797276377  -1.1990011782  -0.1178296326
0.9771477135  -1.1943257105  -0.1204379350
0.9745341844  -1.1896065553  -0.1230794545
0.9718869966  -1.1848442404  -0.1257542421
0.9692058352  -1.1800390336  -0.1284623479
0.9664903350  -1.1751911400  -0.1312038221
0.9637405585  -1.1703011673  -0.1339787147
0.9609568168  -1.1653699626  -0.1367870769
0.9581394696  -1.1603984175  -0.1396289596
0.9552889201  -1.1553874607  -0.1425044130
0.9524056137  -1.1503380569  -0.1454134864
0.9494900364  -1.1452512111  -0.1483562285
0.9465427038  -1.1401279652  -0.1513326888
0.9435637521  -1.1349690141  -0.1543429181
0.9405528175  -1.1297745550  -0.1573869673
0.9375095110  -1.1245447199  -0.1604648862
0.9344335128  -1.1192796994  -0.1635767235
0.9313244643  -1.1139796526  -0.1667225270
0.9281819666  -1.1086447057  -0.1699023450
0.9250055811  -1.1032749525  -0.1731162262
0.9217948284  -1.0978704554  -0.1763642174
0.9185491884  -1.0924312423  -0.1796463621
0.9152682639  -1.0869574676  -0.1829626969
0.9119522987  -1.0814498844  -0.1863132356
0.9086016704  -1.0759094903  -0.1896979852
0.9052163805  -1.0703375660  -0.1931170410
0.9017964163  -1.0647356623  -0.1965705952
0.8983417551  -1.0591044373  -0.2000587879
0.8948523386  -1.0534438345  -0.2035816414
0.8913281009  -1.0477540643  -0.2071391344
0.8877690019  -1.0420357553  -0.2107312475
0.8841750530  -1.0362897464  -0.2143579633
0.8805462799  -1.0305169246  -0.2180192633
0.8768826860  -1.0247181405  -0.2217151256
0.8731842754  -1.0188942585  -0.2254455259
0.8694510596  -1.0130461677  -0.2292104426
0.8656830578  -1.0071747804  -0.2330098588
0.8618802997  -1.0012810383  -0.2368437563
0.8580428584  -0.9953659850  -0.2407121077
0.8541708223  -0.9894306964  -0.2446148761
0.8502642505  -0.9834761780  -0.2485520035
0.8463231887  -0.9775034147  -0.2525233661
0.8423476819  -0.9715133912  -0.2565287916
0.8383377945  -0.9655070945  -0.2605681428
0.8342936574  -0.9594856036  -0.2646413139
0.8302154273  -0.9534500404  -0.2687481780
0.8261032131  -0.9474014255  -0.2728885848
0.8219571016  -0.9413407127  -0.2770623672
0.8177771820  -0.9352688353  -0.2812693345
0.8135635665  -0.9291867468  -0.2855092620
0.8093164348  -0.9230955013  -0.2897818710
0.8050359532  -0.9169960953  -0.2940867928
0.8007222136  -0.9108893642  -0.2984234882
0.7963752541  -0.9047760607  -0.3027910527
0.7919949271  -0.8986568262  -0.3071871491
0.7875801677  -0.8925321032  -0.3116036578
0.7831312358  -0.8864026296  -0.3160410790
0.7786528876  -0.8802703646  -0.3205183260
0.7741487490  -0.8741376456  -0.3250465539
0.7696166983  -0.8680057152  -0.3296231827
0.7650538334  -0.8618748532  -0.3342458287
0.7604593483  -0.8557450990  -0.3389131115
0.7558332140  -0.8496166129  -0.3436236087
0.7511756018  -0.8434896994  -0.3483757790
0.7464866898  -0.8373645218  -0.3531679687
0.7417666056  -0.8312410437  -0.3579984207
0.7370155803  -0.8251193335  -0.3628652821
0.7322337864  -0.8189992992  -0.3677666125
0.7274212820  -0.8128805836  -0.3727003911
0.7225782902  -0.8067630114  -0.3776645242
0.7177050100  -0.8006462888  -0.3826568512
0.7128019333  -0.7945303341  -0.3876751530
0.7078687752  -0.7884142985  -0.3927171603
0.7029032743  -0.7822952612  -0.3977805609
0.6979049814  -0.7761720974  -0.4028630064
0.6928765109  -0.7700467990  -0.4079621169
0.6878190436  -0.7639198857  -0.4130754866
0.6827321756  -0.7577902528  -0.4182006916
0.6776155493  -0.7516568228  -0.4233352982
0.6724685298  -0.7455182452  -0.4284768697
0.6672901020  -0.7393728410  -0.4336229721
0.6620783466  -0.7332180658  -0.4387711799
0.6568300592  -0.7270501534  -0.4439190818
0.6515395087  -0.7208629134  -0.4490642903
0.6461960338  -0.7146453974  -0.4542044510
0.6407773715  -0.7083753409  -0.4593372599
0.6351992388  -0.7019689863  -0.4644605157
0.6291351446  -0.6951063765  -0.4695721012
0.6232107445  -0.6884170571  -0.4746697563
0.6180069215  -0.6824716328  -0.4797510021
0.6130486345  -0.6767846640  -0.4848134453
0.6081315806  -0.6711488150  -0.4898549632
0.6032413877  -0.6655483558  -0.4948735911
0.5983775006  -0.6599815733  -0.4998674423
0.5935397210  -0.6544472530  -0.5048347173
0.5887278670  -0.6489442873  -0.5097737160
0.5839417786  -0.6434716753  -0.5146828459
0.5791813176  -0.6380285217  -0.5195606279
0.5744463660  -0.6326140352  -0.5244057012
0.5697368254  -0.6272275262  -0.5292168336
0.5650526157  -0.6218684035  -0.5339929257
0.5603936726  -0.6165361711  -0.5387330148
0.5557599445  -0.6112304243  -0.5434362765
0.5511513939  -0.6059508457  -0.5481020408
0.5465680078  -0.6006972015  -0.5527298491
0.5420097964  -0.5954693372  -0.5573194536
0.5374767605  -0.5902671694  -0.5618707344
0.5329688795  -0.5850906775  -0.5663836975
0.5284861398  -0.5799398989  -0.5708585419
0.5240285456  -0.5748149235  -0.5752956769
0.5195961087  -0.5697158877  -0.5796957263
0.5151888431  -0.5646429685  -0.5840595487
0.5108067680  -0.5595963777  -0.5883882680
0.5064499123  -0.5545763570  -0.5926833213
0.5021183240  -0.5495831750  -0.5969465373
0.4978120905  -0.5446171269  -0.6011802845
0.4935313885  -0.5396785470  -0.6053877894
0.4892767405  -0.5347678773  -0.6095745481
0.4850501176  -0.5298857790  -0.6137540084
0.4808521410  -0.5250327170  -0.6179330067
0.4766774867  -0.5202083054  -0.6220976107
0.4725209563  -0.5154118359  -0.6262369987
0.4683836834  -0.5106431236  -0.6303523126
0.4642682135  -0.5059022859  -0.6344447374
0.4601751009  -0.5011893590  -0.6385145146
0.4561042300  -0.4965043094  -0.6425618166
0.4520554428  -0.4918470804  -0.6465868186
0.4480285815  -0.4872175994  -0.6505897001
0.4440234899  -0.4826157779  -0.6545706438
0.4400400126  -0.4780415121  -0.6585298356
0.4360779953  -0.4734946837  -0.6624674640
0.4321372847  -0.4689751601  -0.6663837191
0.4282177284  -0.4644827957  -0.6702787924
0.4243191749  -0.4600174325  -0.6741528757
0.4204414736  -0.4555789011  -0.6780061608
0.4165844747  -0.4511670214  -0.6818388382
0.4127480293  -0.4467816028  -0.6856510961
0.4089319893  -0.4424224466  -0.6894431195
0.4051362078  -0.4380893480  -0.6932150907
0.4013605389  -0.4337820973  -0.6969671883
0.3976048381  -0.4295004794  -0.7006995864
0.3938689617  -0.4252442746  -0.7044124532
0.3901527671  -0.4210132601  -0.7081059509
0.3864561126  -0.4168072113  -0.7117802341
0.3827788579  -0.4126259024  -0.7154354493
0.3791208635  -0.4084691068  -0.7190717331
0.3754819909  -0.4043365970  -0.7226892110
0.3718621022  -0.4002281430  -0.7262879934
0.3682610591  -0.3961435017  -0.7298681673
0.3646787181  -0.3920823682  -0.7334297612
0.3611149313  -0.3880444327  -0.7369727475
0.3575695701  -0.3840296495  -0.7404971778
0.3540425429  -0.3800382125  -0.7440032633
0.3505337620  -0.3760701190  -0.7474912382
0.3470431073  -0.3721250857  -0.7509612530
0.3435704408  -0.3682028308  -0.7544134208
0.3401156319  -0.3643031666  -0.7578478592
0.3366785587  -0.3604259393  -0.7612646878
0.3332591018  -0.3565710027  -0.7646640255
0.3298571434  -0.3527382157  -0.7680459897
0.3264725663  -0.3489274417  -0.7714106968
0.3231052549  -0.3451385483  -0.7747582621
0.3197550941  -0.3413714074  -0.7780887995
0.3164219702  -0.3376258947  -0.7814024219
0.3131057704  -0.3339018892  -0.7846992411
0.3098063828  -0.3301992732  -0.7879793678
0.3065236966  -0.3265179314  -0.7912429116
0.3032576019  -0.3228577510  -0.7944899811
0.3000079896  -0.3192186206  -0.7977206840
0.2967747519  -0.3156004304  -0.8009351270
0.2935577815  -0.3120030717  -0.8041334157
0.2903569722  -0.3084264365  -0.8073156549
0.2871722187  -0.3048704168  -0.8104819487
0.2840034166  -0.3013349045  -0.8136324000
0.2808504620  -0.2978197909  -0.8167671113
0.2777132524  -0.2943249660  -0.8198861839
0.2745916856  -0.2908503184  -0.8229897187
0.2714856605  -0.2873957344  -0.8260778157
0.2683950768  -0.2839610977  -0.8291505744
0.2653198349  -0.2805462877  -0.8322080936
0.2622598358  -0.2771511745  -0.8352504718
0.2592149817  -0.2737756158  -0.8382778072
0.2561851751  -0.2704194711  -0.8412901978
0.2531703195  -0.2670826241  -0.8442877401
0.2501703188  -0.2637649777  -0.8472705291
0.2471850778  -0.2604664311  -0.8502386583
0.2442145019  -0.2571868739  -0.8531922213
0.2412584974  -0.2539261934  -0.8561313110
0.2383169714  -0.2506842780  -0.8590560198
0.2353898313  -0.2474610166  -0.8619664395
0.2324769856  -0.2442562987  -0.8648626610
0.2295783431  -0.2410700143  -0.8677447748
0.2266938135  -0.2379020536  -0.8706128706
0.2238233070  -0.2347523074  -0.8734670375
0.2209667345  -0.2316206611  -0.8763073641
0.2181240074  -0.2285069903  -0.8791339381
0.2152950379  -0.2254111831  -0.8819468469
0.2124797389  -0.2223331575  -0.8847461771
0.2096780236  -0.2192728290  -0.8875320145
0.2068898061  -0.2162300906  -0.8903044447
0.2041150010  -0.2132048307  -0.8930635525
0.2013535233  -0.2101969412  -0.8958094221
0.1986052888  -0.2072063136  -0.8985421374
0.1958702138  -0.2042328395  -0.9012617814
0.1931482151  -0.2012764108  -0.9039684368
0.1904392102  -0.1983369193  -0.9066621856
0.1877431170  -0.1954142572  -0.9093431093
0.1850598541  -0.1925083172  -0.9120112888
0.1823893405  -0.1896189921  -0.9146668046
0.1797314958  -0.1867461755  -0.9173097366
0.1770862402  -0.1838897615  -0.9199401641
0.1744534944  -0.1810496446  -0.9225581658
0.1718331795  -0.1782257201  -0.9251638202
0.1692252173  -0.1754178840  -0.9277572050
0.1666295299  -0.1726260329  -0.9303383974
0.1640460402  -0.1698500640  -0.9329074741
0.1614746714  -0.1670898753  -0.9354645115
0.1589153472  -0.1643453657  -0.9380095852
0.1563679919  -0.1616164343  -0.9405427706
0.1538325302  -0.1589029814  -0.9430641423
0.1513088873  -0.1562049075  -0.9455737746
0.1487969890  -0.1535221141  -0.9480717413
0.1462967613  -0.1508545030  -0.9505581157
0.1438081311  -0.1482019767  -0.9530329705
0.1413310254  -0.1455644383  -0.9554963783
0.1388653718  -0.1429417911  -0.9579484107
0.1364110991  -0.1403340019  -0.9603891501
0.1339681371  -0.1377410571  -0.9628186905
0.1315364139  -0.1351627109  -0.9652370947
0.1291158556  -0.1325986780  -0.9676443965
0.1267063910  -0.1300489398  -0.9700406527
0.1243079523  -0.1275135032  -0.9724259340
0.1219204712  -0.1249922816  -0.9748003055
0.1195438791  -0.1224851876  -0.9771638328
0.1171781078  -0.1199921334  -0.9795165816
0.1148230897  -0.1175130304  -0.9818586183
0.1124787575  -0.1150477899  -0.9841900097
0.1101450444  -0.1125963222  -0.9865108233
0.1078218839  -0.1101585372  -0.9888211271
0.1055092101  -0.1077343443  -0.9911209899
0.1032069572  -0.1053236522  -0.9934104810
0.1009150600  -0.1029263689  -0.9956896705
0.0986334536  -0.1005424022  -0.9979586291
0.0963620736  -0.0981716593  -1.0002174282
0.0941008558  -0.0958140469  -1.0024661396
0.0918497364  -0.0934694718  -1.0047048359
0.0896086520  -0.0911378400  -1.0069335899
0.0873775396  -0.0888190579  -1.0091524750
0.0851563364  -0.0865130313  -1.0113615645
0.0829449802  -0.0842196664  -1.0135609322
0.0807434090  -0.0819388694  -1.0157506516
0.0785515611  -0.0796705465  -1.0179307963
0.0763693752  -0.0774146043  -1.0201014392
0.0741967906  -0.0751709499  -1.0222626530
0.0720337466  -0.0729394904  -1.0244145094
0.0698801831  -0.0707201337  -1.0265570793
0.0677360402  -0.0685127882  -1.0286904325
0.0656012584  -0.0663173628  -1.0308146370
0.0634764334  -0.0641338050  -1.0329602616
0.0613619345  -0.0619620446  -1.0351424794
0.0592560061  -0.0598018917  -1.0373092380
0.0571580908  -0.0576532339  -1.0394740395
0.0550690103  -0.0555160380  -1.0416360063
0.0529886928  -0.0533902183  -1.0437941331
0.0509170707  -0.0512756904  -1.0459472873
0.0488540802  -0.0491723705  -1.0480942085
0.0467996618  -0.0470801760  -1.0502335091
0.0447537608  -0.0449990250  -1.0523636736
0.0427163269  -0.0429288363  -1.0544830592
0.0406873150  -0.0408695297  -1.0565898954
0.0386666852  -0.0388210254  -1.0586822842
0.0366544026  -0.0367832443  -1.0607582001
0.0346504381  -0.0347561077  -1.0628154900
0.0326547680  -0.0327395374  -1.0648518733
0.0306673743  -0.0307334557  -1.0668649418
0.0286882446  -0.0287377849  -1.0688521598
0.0267173722  -0.0267524478  -1.0708108640
0.0247547560  -0.0247773674  -1.0727382636
0.0228004005  -0.0228124668  -1.0746314402
0.0208543155  -0.0208576691  -1.0764873480
0.0189165161  -0.0189128980  -1.0783028135
0.0169870220  -0.0169780769  -1.0800745356
0.0150658578  -0.0150531298  -1.0817990859
0.0131530519  -0.0131379807  -1.0834729083
0.0112486365  -0.0112325541  -1.0850923191
0.0093526468  -0.0093367748  -1.0866535071
0.0074651205  -0.0074505683  -1.0881525336
0.0055860967  -0.0055738605  -1.0895853324
0.0037156153  -0.0037065784  -1.0909477095
0.0018537160  -0.0018486496  -1.0922353437
0.0018527949  -0.0018486442  -1.0922353437
