0.141471
1.4139095059  -1.9758975986   0.0000851989
1.4139095059  -1.9758975986   0.0000851989
1.4139201639  -1.9759127814   0.0000725909
1.4139185322  -1.9758848764   0.0000382966
1.4138976229  -1.9758021936  -0.0000183406
1.4138537109  -1.9756574532  -0.0000979658
1.4137853104  -1.9754479758  -0.0002012127
1.4136915462  -1.9751723211  -0.0003287032
1.4135717768  -1.9748295151  -0.0004810478
1.4134254674  -1.9744187912  -0.0006588455
1.4132521388  -1.9739394841  -0.0008626837
1.4130513432  -1.9733909809  -0.0010931382
1.4128226517  -1.9727726958  -0.0013507733
1.4125656481  -1.9720840566  -0.0016361417
1.4122799245  -1.9713244973  -0.0019497848
1.4119650793  -1.9704934537  -0.0022922320
1.4116207160  -1.9695903609  -0.0026640016
1.4112464422  -1.9686146526  -0.0030656000
1.4108418689  -1.9675657600  -0.0034975223
1.4104066109  -1.9664431124  -0.0039602520
1.4099402859  -1.9652461375  -0.0044542610
1.4094425150  -1.9639742617  -0.0049800096
1.4089129229  -1.9626269114  -0.0055379467
1.4083511372  -1.9612035133  -0.0061285095
1.4077567892  -1.9597034956  -0.0067521238
1.4071295140  -1.9581262897  -0.0074092037
1.4064689508  -1.9564713312  -0.0081001519
1.4057747433  -1.9547380611  -0.0088253595
1.4050465398  -1.9529259274  -0.0095852059
1.4042839933  -1.9510343859  -0.0103800593
1.4034867618  -1.9490629018  -0.0112102759
1.4026545088  -1.9470109513  -0.0120762008
1.4017869029  -1.9448771425  -0.0129795068
1.4008836240  -1.9426617861  -0.0139193098
1.3999443538  -1.9403655176  -0.0148954859
1.3989687725  -1.9379872098  -0.0159083164
1.3979565725  -1.9355261396  -0.0169580742
1.3969074555  -1.9329818054  -0.0180450416
1.3958211307  -1.9303537568  -0.0191694934
1.3946973147  -1.9276415800  -0.0203316988
1.3935357319  -1.9248448905  -0.0215319205
1.3923361152  -1.9219633319  -0.0227704142
1.3910982056  -1.9189965769  -0.0240474276
1.3898217530  -1.9159443279  -0.0253631991
1.3885065160  -1.9128063185  -0.0267179585
1.3871522627  -1.9095823150  -0.0281119262
1.3857587703  -1.9062721183  -0.0295453141
1.3843258257  -1.9028755668  -0.0310183247
1.3828532232  -1.8993925327  -0.0325311511
1.3813407623  -1.8958229194  -0.0340839769
1.3797882542  -1.8921666685  -0.0356769755
1.3781955245  -1.8884237643  -0.0373103105
1.3765624094  -1.8845942286  -0.0389841347
1.3748887562  -1.8806781212  -0.0406985896
1.3731744227  -1.8766755394  -0.0424538056
1.3714192780  -1.8725866191  -0.0442499027
1.3696232022  -1.8684115351  -0.0460869908
1.3677860869  -1.8641505019  -0.0479651694
1.3659078346  -1.8598037736  -0.0498845274
1.3639883593  -1.8553716444  -0.0518451429
1.3620275861  -1.8508544489  -0.0538470834
1.3600254516  -1.8462525619  -0.0558904036
1.3579819026  -1.8415663982  -0.0579751448
1.3558968846  -1.8367961912  -0.0601013378
1.3537703481  -1.8319423413  -0.0622690057
1.3516022675  -1.8270057896  -0.0644781632
1.3493926359  -1.8219872923  -0.0667288165
1.3471414570  -1.8168873079  -0.0690209629
1.3448487439  -1.8117064212  -0.0713545908
1.3425145216  -1.8064453068  -0.0737296795
1.3401388262  -1.8011046837  -0.0761461968
1.3377217039  -1.7956853088  -0.0786040949
1.3352632113  -1.7901879731  -0.0811033084
1.3327634149  -1.7846135013  -0.0836437563
1.3302223795  -1.7789627436  -0.0862253423
1.3276401585  -1.7732365657  -0.0888479566
1.3250168256  -1.7674358759  -0.0915114768
1.3223524848  -1.7615616298  -0.0942157734
1.3196472519  -1.7556148056  -0.0969607167
1.3169012534  -1.7495964033  -0.0997461750
1.3141146255  -1.7435074491  -0.1025720103
1.3112875127  -1.7373489994  -0.1054380784
1.3084200685  -1.7311221405  -0.1083442295
1.3055124549  -1.7248279881  -0.1112903093
1.3025648120  -1.7184676605  -0.1142761587
1.2995772660  -1.7120422839  -0.1173016149
1.2965499782  -1.7055530332  -0.1203665112
1.2934831383  -1.6990011240  -0.1234706770
1.2903769438  -1.6923877915  -0.1266139382
1.2872315995  -1.6857142904  -0.1297961169
1.2840473169  -1.6789818930  -0.1330170323
1.2808243141  -1.6721918882  -0.1362765006
1.2775628066  -1.6653455717  -0.1395743352
1.2742629076  -1.6584441514  -0.1429103470
1.2709247325  -1.6514888313  -0.1462843444
1.2675485414  -1.6444809409  -0.1496961337
1.2641346482  -1.6374218828  -0.1531455190
1.2606833784  -1.6303131017  -0.1566323021
1.2571950672  -1.6231560534  -0.1601562827
1.2536700580  -1.6159521928  -0.1637172587
1.2501087011  -1.6087029834  -0.1673150257
1.2465113572  -1.6014099403  -0.1709493771
1.2428782660  -1.5940745105  -0.1746201041
1.2392094862  -1.5866978681  -0.1783269832
1.2355050097  -1.5792808557  -0.1820697732
1.2317648113  -1.5718241650  -0.1858482493
1.2279888597  -1.5643286814  -0.1896622327
1.2241771181  -1.5567955558  -0.1935115838
1.2203295483  -1.5492260227  -0.1973961872
1.2164463741  -1.5416215721  -0.2013159141
1.2125280375  -1.5339839034  -0.2052705800
1.2085748499  -1.5263145454  -0.2092599469
1.2045870321  -1.5186148816  -0.2132837383
1.2005648106  -1.5108862526  -0.2173416417
1.1965084178  -1.5031299596  -0.2214333132
1.1924180959  -1.4953472675  -0.2255584048
1.1882941033  -1.4875394115  -0.2297165966
1.1841367083  -1.4797075990  -0.2339075856
1.1799461770  -1.4718530021  -0.2381310666
1.1757227737  -1.4639767589  -0.2423867328
1.1714667652  -1.4560799798  -0.2466742779
1.1671784218  -1.4481637500  -0.2509933981
1.1628580181  -1.4402291317  -0.2553437916
1.1585058407  -1.4322771813  -0.2597251580
1.1541221835  -1.4243089462  -0.2641371999
1.1497073356  -1.4163254489  -0.2685796258
1.1452615849  -1.4083276935  -0.2730521484
1.1407852212  -1.4003166737  -0.2775544820
1.1362785355  -1.3922933761  -0.2820863402
1.1317418252  -1.3842587910  -0.2866474354
1.1271753977  -1.3762139188  -0.2912374779
1.1225795616  -1.3681597588  -0.2958561770
1.1179546233  -1.3600973088  -0.3005032377
1.1133008873  -1.3520276092  -0.3051783439
1.1086186510  -1.3439517144  -0.3098811606
1.1039074907  -1.3358697467  -0.3146114256
1.0991671073  -1.3277816970  -0.3193690090
1.0943988218  -1.3196894562  -0.3241537909
1.0896047758  -1.3115962538  -0.3289655427
1.0847871787  -1.3035054023  -0.3338039757
1.0799480470  -1.2954197748  -0.3386688094
1.0750876505  -1.2873404429  -0.3435597716
1.0702048437  -1.2792669729  -0.3484765940
1.0652985842  -1.2711989051  -0.3534190181
1.0603678070  -1.2631357516  -0.3583867911
1.0554113468  -1.2550769293  -0.3633796667
1.0504280304  -1.2470218612  -0.3683974091
1.0454179840  -1.2389714338  -0.3734397920
1.0403822524  -1.2309275597  -0.3785065980
1.0353212734  -1.2228914583  -0.3835976167
1.0302351953  -1.2148640040  -0.3887126434
1.0251241659  -1.2068460585  -0.3938514809
1.0199883533  -1.1988385161  -0.3990139440
1.0148279846  -1.1908423916  -0.4041998393
1.0096432697  -1.1828586637  -0.4094089250
1.0044343664  -1.1748881717  -0.4146409680
0.9992014541  -1.1669317314  -0.4198958101
0.9939447343  -1.1589901665  -0.4251733120
0.9886644582  -1.1510644200  -0.4304733076
0.9833608734  -1.1431554152  -0.4357956103
0.9780341657  -1.1352639056  -0.4411400026
0.9726845005  -1.1273905778  -0.4465062104
0.9673120578  -1.1195361376  -0.4518938546
0.9619170446  -1.1117013625  -0.4573023431
0.9564995339  -1.1038867992  -0.4627305707
0.9510585344  -1.0960924676  -0.4681727519
0.9455933508  -1.0883184999  -0.4736253793
0.9401077938  -1.0805665132  -0.4791002033
0.9346069419  -1.0728390006  -0.4846102168
0.9290902779  -1.0651372737  -0.4901562944
0.9235543547  -1.0574614022  -0.4957357359
0.9179976891  -1.0498113437  -0.5013471205
0.9124202134  -1.0421870727  -0.5069891409
0.9068219862  -1.0345883801  -0.5126604122
0.9012032106  -1.0270151774  -0.5183594849
0.8955640865  -1.0194672796  -0.5240848478
0.8899046531  -1.0119441495  -0.5298349417
0.8842250718  -1.0044453573  -0.5356081724
0.8785256237  -0.9969705372  -0.5414028963
0.8728065303  -0.9895191271  -0.5472173938
0.8670680632  -0.9820906352  -0.5530498801
0.8613103859  -0.9746843747  -0.5588985279
0.8555336475  -0.9672995798  -0.5647614738
0.8497380585  -0.9599355285  -0.5706368218
0.8439241007  -0.9525917134  -0.5765226478
0.8380908983  -0.9452662716  -0.5824170051
0.8322360442  -0.9379557810  -0.5883179314
0.8263605965  -0.9306603076  -0.5942234538
0.8204667846  -0.9233811297  -0.6001315925
0.8145543888  -0.9161170645  -0.6060403651
0.8086226027  -0.9088663171  -0.6119477917
0.8026702618  -0.9016267673  -0.6178519016
0.7966953381  -0.8943954951  -0.6237507395
0.7906942881  -0.8871681522  -0.6296423709
0.7846606300  -0.8799375664  -0.6355248872
0.7785814605  -0.8726903384  -0.6413964157
0.7724263810  -0.8653957177  -0.6472551696
0.7659157751  -0.8577759062  -0.6530994730
0.7593026781  -0.8500913951  -0.6589275772
0.7532036285  -0.8429559045  -0.6647374860
0.7474702717  -0.8362086386  -0.6705271653
0.7418036081  -0.8295448993  -0.6762948163
0.7361641940  -0.8229227757  -0.6820388366
0.7305513797  -0.8163398699  -0.6877577016
0.7249649644  -0.8097946620  -0.6934499530
0.7194047557  -0.8032857749  -0.6991142143
0.7138705807  -0.7968119458  -0.7047491952
0.7083622874  -0.7903720242  -0.7103537009
0.7028797449  -0.7839649700  -0.7159266369
0.6974228399  -0.7775898530  -0.7214670095
0.6919914755  -0.7712458484  -0.7269739305
0.6865855704  -0.7649322332  -0.7324466224
0.6812050583  -0.7586483850  -0.7378844239
0.6758498874  -0.7523937787  -0.7432867966
0.6705200178  -0.7461679827  -0.7486533282
0.6652154184  -0.7399706539  -0.7539837308
0.6599360703  -0.7338015329  -0.7592778678
0.6546819808  -0.7276604396  -0.7645358099
0.6494531696  -0.7215472675  -0.7697577934
0.6442496316  -0.7154619771  -0.7749441493
0.6390713468  -0.7094045877  -0.7800953529
0.6339183126  -0.7033751700  -0.7852120761
0.6287905432  -0.6973738419  -0.7902951967
0.6236880609  -0.6914007631  -0.7953458256
0.6186109026  -0.6854561312  -0.8003653575
0.6135591335  -0.6795401784  -0.8053555610
0.6085328799  -0.6736531742  -0.8103187598
0.6035324193  -0.6677954722  -0.8152582888
0.5985593320  -0.6619675631  -0.8201836084
0.5936152613  -0.6561699509  -0.8251039878
0.5886968284  -0.6504028234  -0.8300128286
0.5837980997  -0.6446658987  -0.8348986534
0.5789181686  -0.6389587367  -0.8397596385
0.5740595760  -0.6332810994  -0.8445973145
0.5692235406  -0.6276329219  -0.8494120473
0.5644100583  -0.6220141546  -0.8542039962
0.5596189830  -0.6164247272  -0.8589733218
0.5548501689  -0.6108645549  -0.8637201884
0.5501034720  -0.6053335387  -0.8684447635
0.5453787494  -0.5998315653  -0.8731472172
0.5406758596  -0.5943585075  -0.8778277220
0.5359946624  -0.5889142248  -0.8824864517
0.5313350186  -0.5834985642  -0.8871235815
0.5266967900  -0.5781113610  -0.8917392870
0.5220798397  -0.5727524400  -0.8963337435
0.5174840318  -0.5674216160  -0.9009071257
0.5129092312  -0.5621186944  -0.9054596067
0.5083553041  -0.5568434732  -0.9099913574
0.5038221176  -0.5515957427  -0.9145025454
0.4993095396  -0.5463752873  -0.9189933337
0.4948174393  -0.5411818868  -0.9234638810
0.4903456869  -0.5360153180  -0.9279143410
0.4858941542  -0.5308753559  -0.9323448622
0.4814627140  -0.5257617734  -0.9367555863
0.4770512400  -0.5206743432  -0.9411466472
0.4726596072  -0.5156128381  -0.9455181702
0.4682876913  -0.5105770323  -0.9498702702
0.4639353688  -0.5055667006  -0.9542030492
0.4596025163  -0.5005816170  -0.9585165923
0.4552890060  -0.4956215261  -0.9628109381
0.4509947010  -0.4906861411  -0.9670860567
0.4467194761  -0.4857752942  -0.9713419454
0.4424632494  -0.4808890271  -0.9755787502
0.4382259608  -0.4760273604  -0.9797966938
0.4340075214  -0.4711901098  -0.9839959382
0.4298078101  -0.4663770177  -0.9881765876
0.4256267062  -0.4615878881  -0.9923387408
0.4214641008  -0.4568225715  -0.9964825016
0.4173198900  -0.4520809322  -1.0006079728
0.4131939717  -0.4473628420  -1.0047152564
0.4090862449  -0.4426681792  -1.0088044528
0.4049966095  -0.4379968286  -1.0128756615
0.4009249666  -0.4333486813  -1.0169289808
0.3968712182  -0.4287236339  -1.0209645076
0.3928352675  -0.4241215886  -1.0249823380
0.3888170185  -0.4195424523  -1.0289825667
0.3848163762  -0.4149861363  -1.0329652876
0.3808332467  -0.4104525555  -1.0369305934
0.3768675367  -0.4059416284  -1.0408785760
0.3729191542  -0.4014532759  -1.0448093261
0.3689880077  -0.3969874207  -1.0487229337
0.3650740068  -0.3925439869  -1.0526194879
0.3611770618  -0.3881228992  -1.0564990768
0.3572970838  -0.3837240828  -1.0603617880
0.3534339849  -0.3793474626  -1.0642077080
0.3495876777  -0.3749929622  -1.0680369230
0.3457580758  -0.3706605039  -1.0718495182
0.3419450932  -0.3663500071  -1.0756455783
0.3381486449  -0.3620613883  -1.0794251875
0.3343686465  -0.3577945592  -1.0831884294
0.3306050143  -0.3535494211  -1.0869353876
0.3268576652  -0.3493258573  -1.0906661452
0.3231265169  -0.3451237436  -1.0943807858
0.3194114874  -0.3409429811  -1.0980793920
0.3157124954  -0.3367835045  -1.1017620443
0.3120294600  -0.3326452534  -1.1054288222
0.3083623008  -0.3285281538  -1.1090798045
0.3047109383  -0.3244321248  -1.1127150702
0.3010752935  -0.3203570861  -1.1163346977
0.2974552879  -0.3163029582  -1.1199387651
0.2938508437  -0.3122696618  -1.1235273498
0.2902618834  -0.3082571183  -1.1271005288
0.2866883298  -0.3042652489  -1.1306583785
0.2831301066  -0.3002939753  -1.1342009751
0.2795871377  -0.2963432065  -1.1377283942
0.2760593473  -0.2924128272  -1.1412407109
0.2725466602  -0.2885027503  -1.1447380002
0.2690490020  -0.2846129583  -1.1482203361
0.2655662983  -0.2807434269  -1.1516877925
0.2620984751  -0.2768940784  -1.1551404427
0.2586454590  -0.2730648243  -1.1585783599
0.2552071769  -0.2692555823  -1.1620016169
0.2517835559  -0.2654662690  -1.1654102861
0.2483745237  -0.2616968005  -1.1688044397
0.2449800081  -0.2579470918  -1.1721841493
0.2415999376  -0.2542170576  -1.1755494864
0.2382342407  -0.2505066120  -1.1789005221
0.2348828464  -0.2468156693  -1.1822373271
0.2315456839  -0.2431441436  -1.1855599719
0.2282226828  -0.2394919493  -1.1888685267
0.2249137731  -0.2358590007  -1.1921630613
0.2216188849  -0.2322452131  -1.1954436453
0.2183379486  -0.2286505017  -1.1987103479
0.2150708951  -0.2250747824  -1.2019632380
0.2118176554  -0.2215179718  -1.2052023843
0.2085781609  -0.2179799870  -1.2084278553
0.2053523430  -0.2144607455  -1.2116397189
0.2021401337  -0.2109601658  -1.2148380432
0.1989414650  -0.2074781666  -1.2180228956
0.1957562693  -0.2040146673  -1.2211943436
0.1925844792  -0.2005695876  -1.2243524541
0.1894260275  -0.1971428479  -1.2274972941
0.1862808473  -0.1937343685  -1.2306289301
0.1831488719  -0.1903440703  -1.2337474285
0.1800300349  -0.1869718741  -1.2368528555
0.1769242698  -0.1836177009  -1.2399452769
0.1738315121  -0.1802816208  -1.2430247764
0.1707516990  -0.1769637507  -1.2460914582
0.1676847629  -0.1736636537  -1.2491453747
0.1646306311  -0.1703807957  -1.2521865303
0.1615892362  -0.1671152759  -1.2552149684
0.1585605170  -0.1638672537  -1.2582307565
0.1555444106  -0.1606366661  -1.2612339530
0.1525408530  -0.1574234463  -1.2642246175
0.1495497802  -0.1542275256  -1.2672028109
0.1465711284  -0.1510488329  -1.2701685952
0.1436048342  -0.1478872947  -1.2731220341
0.1406508341  -0.1447428347  -1.2760631926
0.1377090649  -0.1416153742  -1.2789921373
0.1347794634  -0.1385048315  -1.2819089364
0.1318619668  -0.1354111226  -1.2848136600
0.1289565121  -0.1323341606  -1.2877063794
0.1260630364  -0.1292738563  -1.2905871678
0.1231814772  -0.1262301181  -1.2934560998
0.1203117718  -0.1232028521  -1.2963132518
0.1174538576  -0.1201919624  -1.2991587011
0.1146076722  -0.1171973512  -1.3019925266
0.1117731532  -0.1142189191  -1.3048148081
0.1089502383  -0.1112565651  -1.3076256264
0.1061388653  -0.1083101870  -1.3104250629
0.1033389721  -0.1053796814  -1.3132131996
0.1005504968  -0.1024649443  -1.3159901186
0.0977733774  -0.0995658708  -1.3187559018
0.0950075521  -0.0966823557  -1.3215106309
0.0922529593  -0.0938142935  -1.3242543867
0.0895095375  -0.0909615786  -1.3269872488
0.0867772252  -0.0881241056  -1.3297092956
0.0840559612  -0.0853017695  -1.3324206032
0.0813467752  -0.0824945651  -1.3351605105
0.0786503189  -0.0797024398  -1.3379485412
0.0759637026  -0.0769250252  -1.3407176626
0.0732860345  -0.0741621540  -1.3434852421
0.0706187197  -0.0714138662  -1.3462501339
0.0679616744  -0.0686800630  -1.3490110276
0.0653148206  -0.0659606471  -1.3517664486
0.0626780868  -0.0632555222  -1.3545147579
0.0600514082  -0.0605645937  -1.3572541521
0.0574347270  -0.0578877675  -1.3599826633
0.0548279930  -0.0552249509  -1.3626981593
0.0522311638  -0.0525760515  -1.3653983437
0.0496442052  -0.0499409776  -1.3680807555
0.0470670912  -0.0473196380  -1.3707427693
0.0444998047  -0.0447119415  -1.3733815956
0.0419423373  -0.0421177968  -1.3759942801
0.0393946895  -0.0395371127  -1.3785777045
0.0368568707  -0.0369697972  -1.3811285859
0.0343288996  -0.0344157581  -1.3836434772
0.0318108036  -0.0318749025  -1.3861187667
0.0293026189  -0.0293471367  -1.3885506785
0.0268043903  -0.0268323663  -1.3909352722
0.0243161707  -0.0243304960  -1.3932684432
0.0218380209  -0.0218414297  -1.3955459223
0.0193700087  -0.0193650710  -1.3977632760
0.0169122085  -0.0169013224  -1.3999159065
0.0144647006  -0.0144500866  -1.4019990516
0.0120275697  -0.0120112659  -1.4040077846
0.0096009044  -0.0095847629  -1.4059370146
0.0071847959  -0.0071704807  -1.4077814862
0.0047793359  -0.0047683233  -1.4095357796
0.0023846159  -0.0023781958  -1.4111943107
0.0023830886  -0.0023781865  -1.4111943107
