0.134356
1.4835095570  -2.0870886207   0.0000977749
1.4835095570  -2.0870886207   0.0000977749
1.4835212655  -2.0871030873   0.0000826015
1.4835186354  -2.0870659556   0.0000421308
1.4834936969  -2.0869645677  -0.0000244198
1.4834419392  -2.0867899988  -0.0001178167
1.4833615831  -2.0865390584  -0.0002388108
1.4832515880  -2.0862100808  -0.0003881369
1.4831111960  -2.0858019730  -0.0005665141
1.4829397790  -2.0853138971  -0.0007746456
1.4827367773  -2.0847451398  -0.0010132188
1.4825016701  -2.0840950522  -0.0012829051
1.4822339612  -2.0833630196  -0.0015843603
1.4819331707  -2.0825484446  -0.0019182240
1.4815988303  -2.0816507381  -0.0022851204
1.4812304814  -2.0806693146  -0.0026856574
1.4808276723  -2.0796035891  -0.0031204274
1.4803899585  -2.0784529759  -0.0035900068
1.4799169011  -2.0772168887  -0.0040949561
1.4794080676  -2.0758947403  -0.0046358201
1.4788630308  -2.0744859440  -0.0052131276
1.4782813696  -2.0729899138  -0.0058273916
1.4776626689  -2.0714060665  -0.0064791093
1.4770065196  -2.0697338224  -0.0071687621
1.4763125193  -2.0679726071  -0.0078968155
1.4755802721  -2.0661218534  -0.0086637189
1.4748093892  -2.0641810022  -0.0094699063
1.4739994892  -2.0621495051  -0.0103157955
1.4731501983  -2.0600268254  -0.0112017887
1.4722611508  -2.0578124405  -0.0121282720
1.4713319891  -2.0555058432  -0.0130956159
1.4703623647  -2.0531065438  -0.0141041749
1.4693519403  -2.0506129934  -0.0151558296
1.4683003875  -2.0480257542  -0.0162495151
1.4672073795  -2.0453457666  -0.0173850408
1.4660725975  -2.0425717995  -0.0185626700
1.4648957396  -2.0397031423  -0.0197826579
1.4636765171  -2.0367393551  -0.0210452711
1.4624146525  -2.0336800662  -0.0223507648
1.4611098797  -2.0305249552  -0.0236993852
1.4597619447  -2.0272737432  -0.0250913686
1.4583706054  -2.0239261908  -0.0265269403
1.4569356327  -2.0204820985  -0.0280063132
1.4554568098  -2.0169413072  -0.0295296872
1.4539339335  -2.0133036981  -0.0310972498
1.4523668135  -2.0095691932  -0.0327091758
1.4507552735  -2.0057377570  -0.0343656270
1.4490991505  -2.0018093995  -0.0360667521
1.4473982957  -1.9977841780  -0.0378126862
1.4456525743  -1.9936621994  -0.0396035510
1.4438618650  -1.9894436209  -0.0414394541
1.4420260529  -1.9851286405  -0.0433204884
1.4401450348  -1.9807175014  -0.0452467315
1.4382187292  -1.9762105035  -0.0472182477
1.4362470716  -1.9716079970  -0.0492350872
1.4342300126  -1.9669103801  -0.0512972869
1.4321675179  -1.9621180991  -0.0534048695
1.4300595677  -1.9572316485  -0.0555578441
1.4279061573  -1.9522515711  -0.0577562056
1.4257072968  -1.9471784580  -0.0599999338
1.4234630107  -1.9420129477  -0.0622889934
1.4211733379  -1.9367557262  -0.0646233353
1.4188383321  -1.9314075257  -0.0670028976
1.4164580520  -1.9259688659  -0.0694276056
1.4140325540  -1.9204404581  -0.0718973714
1.4115619169  -1.9148236525  -0.0744120946
1.4090462504  -1.9091195766  -0.0769716604
1.4064856761  -1.9033289987  -0.0795759380
1.4038803275  -1.8974528372  -0.0822247841
1.4012303522  -1.8914921112  -0.0849180470
1.3985359121  -1.8854478878  -0.0876555672
1.3957971816  -1.8793212756  -0.0904371767
1.3930143475  -1.8731134203  -0.0932626985
1.3901875995  -1.8668254922  -0.0961319469
1.3873171100  -1.8604586613  -0.0990447253
1.3844030664  -1.8540141357  -0.1020008211
1.3814456932  -1.8474931901  -0.1050000029
1.3784452274  -1.8408971369  -0.1080420209
1.3754019166  -1.8342273158  -0.1111266096
1.3723160187  -1.8274850862  -0.1142534888
1.3691878015  -1.8206718228  -0.1174223655
1.3660175430  -1.8137889165  -0.1206329440
1.3628055151  -1.8068377627  -0.1238849319
1.3595519599  -1.7998197404  -0.1271780356
1.3562571397  -1.7927362648  -0.1305119566
1.3529213611  -1.7855888136  -0.1338863931
1.3495449408  -1.7783788927  -0.1373010411
1.3461282029  -1.7711080274  -0.1407555949
1.3426714777  -1.7637777575  -0.1442497470
1.3391751017  -1.7563896344  -0.1477831884
1.3356394004  -1.7489452052  -0.1513556089
1.3320646479  -1.7414459741  -0.1549666975
1.3284511323  -1.7338934599  -0.1586161423
1.3247991990  -1.7262892371  -0.1623036314
1.3211092034  -1.7186348785  -0.1660288531
1.3173815045  -1.7109319436  -0.1697914965
1.3136164644  -1.7031820124  -0.1735912518
1.3098144472  -1.6953866981  -0.1774278098
1.3059757030  -1.6875475066  -0.1813008615
1.3021004255  -1.6796658729  -0.1852100991
1.2981889763  -1.6717433817  -0.1891552158
1.2942418330  -1.6637817504  -0.1931359058
1.2902594833  -1.6557827481  -0.1971518641
1.2862424202  -1.6477480770  -0.2012027868
1.2821911398  -1.6396791881  -0.2052883708
1.2781061465  -1.6315774023  -0.2094083005
1.2739878335  -1.6234441370  -0.2135622470
1.2698363487  -1.6152808203  -0.2177499097
1.2656517049  -1.6070887980  -0.2219710415
1.2614338952  -1.5988693492  -0.2262254396
1.2571828895  -1.5906236834  -0.2305129205
1.2528986269  -1.5823529438  -0.2348332705
1.2485811046  -1.5740583033  -0.2391862145
1.2442307240  -1.5657413369  -0.2435714293
1.2398480183  -1.5574037220  -0.2479885567
1.2354333023  -1.5490468475  -0.2524372056
1.2309868678  -1.5406720183  -0.2569169694
1.2265090201  -1.5322804991  -0.2614274622
1.2220000785  -1.5238735203  -0.2659683261
1.2174603670  -1.5154522820  -0.2705392086
1.2128902052  -1.5070179532  -0.2751397554
1.2082899077  -1.4985716636  -0.2797696149
1.2036597893  -1.4901145079  -0.2844284414
1.1990001669  -1.4816475538  -0.2891158954
1.1943113591  -1.4731718453  -0.2938316419
1.1895936885  -1.4646884095  -0.2985753491
1.1848474902  -1.4561982727  -0.3033466891
1.1800730983  -1.4477024451  -0.3081453386
1.1752708374  -1.4392019098  -0.3129709790
1.1704410321  -1.4306976391  -0.3178232972
1.1655840080  -1.4221906006  -0.3227019870
1.1607000952  -1.4136817645  -0.3276067469
1.1557896329  -1.4051721180  -0.3325372754
1.1508529580  -1.3966627168  -0.3374932533
1.1458903964  -1.3881546417  -0.3424743372
1.1409022852  -1.3796486089  -0.3474802394
1.1358889512  -1.3711449044  -0.3525107910
1.1308498625  -1.3626434413  -0.3575658311
1.1257848661  -1.3541452851  -0.3626450893
1.1206956426  -1.3456533282  -0.3677482289
1.1155845744  -1.3371707807  -0.3728749232
1.1104541477  -1.3287007738  -0.3780248665
1.1053059974  -1.3202456194  -0.3831977684
1.1001396785  -1.3118055558  -0.3883933563
1.0949538376  -1.3033797737  -0.3936113677
1.0897473404  -1.2949675971  -0.3988515400
1.0845189526  -1.2865682573  -0.4041136182
1.0792673386  -1.2781808828  -0.4093973609
1.0739919756  -1.2698055244  -0.4147025379
1.0686937544  -1.2614438107  -0.4200289288
1.0633734726  -1.2530972530  -0.4253763197
1.0580312841  -1.2447666219  -0.4307445042
1.0526673387  -1.2364526611  -0.4361332881
1.0472817978  -1.2281561285  -0.4415424799
1.0418748750  -1.2198779048  -0.4469718496
1.0364467825  -1.2116188569  -0.4524211528
1.0309976986  -1.2033797102  -0.4578902124
1.0255278109  -1.1951611548  -0.4633788904
1.0200373062  -1.1869638845  -0.4688870275
1.0145264209  -1.1787887105  -0.4744144422
1.0089953916  -1.1706364159  -0.4799609271
1.0034443883  -1.1625076079  -0.4855262242
0.9978735523  -1.1544028235  -0.4911099810
0.9922830363  -1.1463226371  -0.4967116523
0.9866729503  -1.1382675792  -0.5023302309
0.9810424225  -1.1302377009  -0.5079605130
0.9753906847  -1.1222329840  -0.5135988761
0.9697211681  -1.1142547485  -0.5192556750
0.9640389323  -1.1063054062  -0.5249435234
0.9583438192  -1.0983863580  -0.5306637923
0.9526324231  -1.0904975531  -0.5364139595
0.9469031383  -1.0826387840  -0.5421927571
0.9411558972  -1.0748100155  -0.5479990167
0.9353907498  -1.0670110204  -0.5538314250
0.9296077791  -1.0592414942  -0.5596885720
0.9238071851  -1.0515012141  -0.5655689968
0.9179890804  -1.0437897122  -0.5714711946
0.9121535148  -1.0361063318  -0.5773936211
0.9063007215  -1.0284506024  -0.5833347088
0.9004309543  -1.0208219525  -0.5892928629
0.8945444671  -1.0132197699  -0.5952664328
0.8886414711  -1.0056433891  -0.6012537040
0.8827220574  -0.9980919270  -0.6072529228
0.8767864130  -0.9905645961  -0.6132623092
0.8708349127  -0.9830607393  -0.6192800583
0.8648673000  -0.9755790551  -0.6253043445
0.8588812621  -0.9681161813  -0.6313333267
0.8528766751  -0.9606709321  -0.6373651534
0.8468559145  -0.9532446985  -0.6433979673
0.8408192913  -0.9458367894  -0.6494299098
0.8347659405  -0.9384453010  -0.6554591256
0.8286947862  -0.9310681617  -0.6614837670
0.8226039620  -0.9237025665  -0.6675019999
0.8164901874  -0.9163443739  -0.6735120108
0.8103475206  -0.9089868934  -0.6795120117
0.8041641893  -0.9016177834  -0.6855002485
0.7979127109  -0.8942090882  -0.6914750454
0.7913421995  -0.8865112446  -0.6974348342
0.7846520967  -0.8787309285  -0.7033779870
0.7784278764  -0.8714516273  -0.7093026370
0.7725711058  -0.8645630341  -0.7152068621
0.7667833273  -0.8577608471  -0.7210889599
0.7610226285  -0.8510005415  -0.7269474250
0.7552883630  -0.8442796399  -0.7327808286
0.7495803299  -0.8375965928  -0.7385878025
0.7438983351  -0.8309499965  -0.7443670569
0.7382422039  -0.8243385602  -0.7501173848
0.7326117815  -0.8177611080  -0.7558376666
0.7270069325  -0.8112165756  -0.7615268783
0.7214275406  -0.8047040080  -0.7671840929
0.7158735048  -0.7982225572  -0.7728084820
0.7103447388  -0.7917714781  -0.7783993206
0.7048411707  -0.7853501242  -0.7839559925
0.6993627430  -0.7789579442  -0.7894779969
0.6939094104  -0.7725944803  -0.7949649528
0.6884811370  -0.7662593639  -0.8004165977
0.6830778962  -0.7599523110  -0.8058328015
0.6776996840  -0.7536731173  -0.8112136208
0.6723465163  -0.7474216526  -0.8165592914
0.6670183922  -0.7411978558  -0.8218701487
0.6617152889  -0.7350017260  -0.8271466450
0.6564371946  -0.7288333156  -0.8323894149
0.6511841174  -0.7226927246  -0.8375992900
0.6459560758  -0.7165800966  -0.8427773189
0.6407531012  -0.7104956142  -0.8479248157
0.6355752527  -0.7044394964  -0.8530434413
0.6304226467  -0.6984120000  -0.8581353693
0.6252955401  -0.6924134644  -0.8632036958
0.6201953922  -0.6864443571  -0.8682570263
0.6151238447  -0.6805051684  -0.8733043380
0.6100778941  -0.6745961254  -0.8783401953
0.6050517637  -0.6687170023  -0.8833535761
0.6000442798  -0.6628673559  -0.8883423293
0.5950578728  -0.6570469085  -0.8933079643
0.5900938186  -0.6512555744  -0.8982508573
0.5851521295  -0.6454932995  -0.9031711644
0.5802326621  -0.6397600110  -0.9080690426
0.5753352737  -0.6340556230  -0.9129446524
0.5704598229  -0.6283800364  -0.9177981572
0.5656061702  -0.6227331387  -0.9226297230
0.5607741771  -0.6171148043  -0.9274395176
0.5559637066  -0.6115248946  -0.9322277105
0.5511746228  -0.6059632587  -0.9369944721
0.5464067910  -0.6004297339  -0.9417399730
0.5416600776  -0.5949241476  -0.9464643840
0.5369343502  -0.5894463172  -0.9511678747
0.5322294773  -0.5839960518  -0.9558506132
0.5275453289  -0.5785731526  -0.9605127657
0.5228817755  -0.5731774140  -0.9651544950
0.5182386889  -0.5678086247  -0.9697759597
0.5136159420  -0.5624665685  -0.9743773137
0.5090134088  -0.5571510267  -0.9789587061
0.5044309648  -0.5518617786  -0.9835202808
0.4998684867  -0.5465986019  -0.9880621754
0.4953258523  -0.5413612743  -0.9925845196
0.4908029403  -0.5361495740  -0.9970874351
0.4862996304  -0.5309632806  -1.0015710330
0.4818158032  -0.5258021753  -1.0060354126
0.4773513394  -0.5206660393  -1.0104806563
0.4729061154  -0.5155546317  -1.0149068034
0.4684799986  -0.5104676846  -1.0193138268
0.4640728671  -0.5054050244  -1.0237017193
0.4596846411  -0.5003666600  -1.0280706146
0.4553152652  -0.4953525990  -1.0324207272
0.4509646567  -0.4903626745  -1.0367522171
0.4466326999  -0.4853966458  -1.0410651853
0.4423192779  -0.4804543243  -1.0453597261
0.4380242854  -0.4755355663  -1.0496359387
0.4337476233  -0.4706402423  -1.0538939214
0.4294891937  -0.4657682310  -1.0581337718
0.4252489001  -0.4609194178  -1.0623555859
0.4210266469  -0.4560936951  -1.0665594586
0.4168223398  -0.4512909619  -1.0707454835
0.4126358854  -0.4465111233  -1.0749137531
0.4084671913  -0.4417540902  -1.0790643588
0.4043161662  -0.4370197787  -1.0831973908
0.4001827199  -0.4323081094  -1.0873129383
0.3960667628  -0.4276190070  -1.0914110893
0.3919682065  -0.4229524002  -1.0954919311
0.3878869636  -0.4183082203  -1.0995555497
0.3838229473  -0.4136864008  -1.1036020303
0.3797760720  -0.4090868767  -1.1076314574
0.3757462526  -0.4045095838  -1.1116439144
0.3717334050  -0.3999544585  -1.1156394839
0.3677374461  -0.3954214371  -1.1196182480
0.3637582931  -0.3909104548  -1.1235802879
0.3597958644  -0.3864214453  -1.1275256840
0.3558500789  -0.3819543398  -1.1314545165
0.3519208562  -0.3775090663  -1.1353668646
0.3480081168  -0.3730855480  -1.1392628072
0.3441117817  -0.3686836978  -1.1431424231
0.3402317726  -0.3643034098  -1.1470057907
0.3363680118  -0.3599445695  -1.1508529887
0.3325204224  -0.3556070872  -1.1546840951
0.3286889276  -0.3512909089  -1.1584991858
0.3248734511  -0.3469959875  -1.1622983354
0.3210739175  -0.3427222619  -1.1660816182
0.3172902518  -0.3384696634  -1.1698491083
0.3135223799  -0.3342381234  -1.1736008795
0.3097702278  -0.3300275746  -1.1773370052
0.3060337224  -0.3258379499  -1.1810575583
0.3023127908  -0.3216691825  -1.1847626110
0.2986073606  -0.3175212060  -1.1884522354
0.2949173599  -0.3133939541  -1.1921265028
0.2912427171  -0.3092873457  -1.1957854844
0.2875833611  -0.3052012711  -1.1994292509
0.2839392214  -0.3011356537  -1.2030578727
0.2803102276  -0.2970904983  -1.2066714194
0.2766963101  -0.2930658021  -1.2102699604
0.2730973994  -0.2890614994  -1.2138535646
0.2695134262  -0.2850775117  -1.2174223010
0.2659443219  -0.2811137677  -1.2209762379
0.2623900179  -0.2771701952  -1.2245154436
0.2588504462  -0.2732467206  -1.2280399860
0.2553255388  -0.2693432694  -1.2315499325
0.2518152284  -0.2654597667  -1.2350453505
0.2483194476  -0.2615961367  -1.2385263070
0.2448381294  -0.2577523037  -1.2419928687
0.2413712074  -0.2539281917  -1.2454451022
0.2379186149  -0.2501237248  -1.2488830735
0.2344802859  -0.2463388275  -1.2523068487
0.2310561544  -0.2425734245  -1.2557164934
0.2276461548  -0.2388274410  -1.2591120731
0.2242502217  -0.2351008028  -1.2624936531
0.2208682898  -0.2313934359  -1.2658612982
0.2175002941  -0.2277052674  -1.2692150733
0.2141461700  -0.2240362247  -1.2725550428
0.2108058527  -0.2203862359  -1.2758812712
0.2074792779  -0.2167552294  -1.2791938224
0.2041663815  -0.2131431346  -1.2824927606
0.2008670994  -0.2095498809  -1.2857781493
0.1975813677  -0.2059753981  -1.2890500521
0.1943091230  -0.2024196166  -1.2923085324
0.1910503015  -0.1988824665  -1.2955536534
0.1878048402  -0.1953638783  -1.2987854782
0.1845726757  -0.1918637822  -1.3020040695
0.1813537466  -0.1883822844  -1.3052095098
0.1781479935  -0.1849195461  -1.3084019040
0.1749553515  -0.1814750756  -1.3115813005
0.1717757496  -0.1780482655  -1.3147476950
0.1686091229  -0.1746392556  -1.3179011265
0.1654554132  -0.1712482563  -1.3210416597
0.1623145609  -0.1678752159  -1.3241693501
0.1591865043  -0.1645200781  -1.3272842544
0.1560711822  -0.1611827843  -1.3303864306
0.1529685332  -0.1578632728  -1.3334759384
0.1498784963  -0.1545614788  -1.3365528391
0.1468010103  -0.1512773345  -1.3396171955
0.1437360145  -0.1480107684  -1.3426690726
0.1406834477  -0.1447617060  -1.3457085370
0.1376432492  -0.1415300694  -1.3487356572
0.1346153581  -0.1383157773  -1.3517505036
0.1315997136  -0.1351187455  -1.3547531486
0.1285962547  -0.1319388868  -1.3577436661
0.1256049207  -0.1287761108  -1.3607221320
0.1226256507  -0.1256303250  -1.3636886235
0.1196583838  -0.1225014342  -1.3666432195
0.1167030591  -0.1193893409  -1.3695860001
0.1137596159  -0.1162939459  -1.3725170463
0.1108279933  -0.1132151482  -1.3754364401
0.1079081304  -0.1101528452  -1.3783442642
0.1049999664  -0.1071069333  -1.3812406013
0.1021034405  -0.1040773079  -1.3841255344
0.0992184921  -0.1010638636  -1.3869991458
0.0963450603  -0.0980664944  -1.3898615173
0.0934830846  -0.0950850943  -1.3927127294
0.0906325044  -0.0921195570  -1.3955528612
0.0877932591  -0.0891697769  -1.3983819897
0.0849664825  -0.0862357683  -1.4012412315
0.0821528942  -0.0833174882  -1.4041509921
0.0793493367  -0.0804145126  -1.4070411986
0.0765548402  -0.0775266597  -1.4099300017
0.0737709493  -0.0746539975  -1.4128162000
0.0709975783  -0.0717964265  -1.4156984202
0.0682346479  -0.0689538484  -1.4185751173
0.0654820860  -0.0661261668  -1.4214445743
0.0627398273  -0.0633132863  -1.4243049024
0.0600078144  -0.0605151125  -1.4271540410
0.0572859983  -0.0577315521  -1.4299897576
0.0545743380  -0.0549625124  -1.4328096478
0.0518728016  -0.0522079011  -1.4356111354
0.0491813662  -0.0494676264  -1.4383914724
0.0465000184  -0.0467415963  -1.4411477389
0.0438287541  -0.0440297186  -1.4438768432
0.0411675790  -0.0413319007  -1.4465755217
0.0385165086  -0.0386480494  -1.4492403389
0.0358755682  -0.0359780708  -1.4518676875
0.0332447926  -0.0333218697  -1.4544537885
0.0306242262  -0.0306793502  -1.4569946908
0.0280139227  -0.0280504150  -1.4594862717
0.0254139445  -0.0254349658  -1.4619242363
0.0228243626  -0.0228329030  -1.4643041182
0.0202452557  -0.0202441263  -1.4666212790
0.0176767095  -0.0176685342  -1.4688709084
0.0151188160  -0.0151060249  -1.4710480245
0.0125716721  -0.0125564961  -1.4731474732
0.0100353791  -0.0100198455  -1.4751639287
0.0075100404  -0.0074959714  -1.4770918935
0.0049957608  -0.0049847729  -1.4789256981
0.0024926443  -0.0024861502  -1.4806595011
0.0024909754  -0.0024861403  -1.4806595011
