0.139932
1.4285776058  -1.9997352573   0.0000877242
1.4285776058  -1.9997352573   0.0000877242
1.4285884874  -1.9997503756   0.0000746100
1.4285866696  -1.9997207038   0.0000390898
1.4285649652  -1.9996343315  -0.0000195181
1.4285194959  -1.9994836560  -0.0001018830
1.4284487181  -1.9992658959  -0.0002086616
1.4283517243  -1.9989795650  -0.0003404985
1.4282278496  -1.9986236643  -0.0004980258
1.4280765409  -1.9981974116  -0.0006818633
1.4278973029  -1.9977001305  -0.0008926182
1.4276896732  -1.9971311994  -0.0011308858
1.4274532094  -1.9964900254  -0.0013972486
1.4271874823  -1.9957760296  -0.0016922769
1.4268920720  -1.9949886398  -0.0020165286
1.4265665653  -1.9941272861  -0.0023705494
1.4262105544  -1.9931913981  -0.0027548723
1.4258236361  -1.9921804037  -0.0031700183
1.4254054113  -1.9910937293  -0.0036164958
1.4249554849  -1.9899307990  -0.0040948008
1.4244734654  -1.9886910358  -0.0046054172
1.4239589649  -1.9873738620  -0.0051488162
1.4234115998  -1.9859787001  -0.0057254569
1.4228309900  -1.9845049739  -0.0063357859
1.4222167600  -1.9829521097  -0.0069802375
1.4215685383  -1.9813195375  -0.0076592334
1.4208859583  -1.9796066920  -0.0083731834
1.4201686582  -1.9778130146  -0.0091224846
1.4194162812  -1.9759379541  -0.0099075216
1.4186284761  -1.9739809684  -0.0107286671
1.4178048973  -1.9719415263  -0.0115862809
1.4169452050  -1.9698191082  -0.0124807109
1.4160490657  -1.9676122877  -0.0134136730
1.4151161558  -1.9653214204  -0.0143842487
1.4141461531  -1.9629471983  -0.0153923018
1.4131387367  -1.9604884708  -0.0164381110
1.4120935984  -1.9579445144  -0.0175219465
1.4110104405  -1.9553148371  -0.0186440882
1.4098889733  -1.9525990011  -0.0198048079
1.4087289156  -1.9497966084  -0.0210043711
1.4075299945  -1.9469072924  -0.0222430366
1.4062919463  -1.9439307166  -0.0235210548
1.4050145165  -1.9408665753  -0.0248386681
1.4036974603  -1.9377145943  -0.0261961095
1.4023405423  -1.9344745326  -0.0275936026
1.4009435375  -1.9311461833  -0.0290313605
1.3995062306  -1.9277293765  -0.0305095858
1.3980284172  -1.9242239809  -0.0320284710
1.3965099034  -1.9206299057  -0.0335881984
1.3949505059  -1.9169470997  -0.0351889403
1.3933500526  -1.9131755509  -0.0368308582
1.3917083826  -1.9093152869  -0.0385141029
1.3900253431  -1.9053663713  -0.0402388143
1.3883007857  -1.9013288989  -0.0420051212
1.3865345753  -1.8972030063  -0.0438131404
1.3847265945  -1.8929888777  -0.0456629762
1.3828767382  -1.8886867387  -0.0475547214
1.3809849134  -1.8842968564  -0.0494884579
1.3790510392  -1.8798195394  -0.0514642567
1.3770750468  -1.8752551383  -0.0534821773
1.3750568795  -1.8706040454  -0.0555422682
1.3729964928  -1.8658666952  -0.0576445665
1.3708938542  -1.8610435642  -0.0597890966
1.3687489424  -1.8561349549  -0.0619758683
1.3665617473  -1.8511413510  -0.0642048799
1.3643322688  -1.8460637817  -0.0664761209
1.3620605043  -1.8409030560  -0.0687895731
1.3597464612  -1.8356596716  -0.0711452096
1.3573901726  -1.8303342744  -0.0735429943
1.3549916858  -1.8249276057  -0.0759828822
1.3525510602  -1.8194404526  -0.0784648191
1.3500683667  -1.8138736417  -0.0809887389
1.3475436868  -1.8082280345  -0.0835545598
1.3449771121  -1.8025045260  -0.0861621815
1.3423687446  -1.7967040476  -0.0888114877
1.3397186969  -1.7908275691  -0.0915023464
1.3370270781  -1.7848760814  -0.0942346122
1.3342939830  -1.7788505781  -0.0970081269
1.3315195280  -1.7727520857  -0.0998227262
1.3287038635  -1.7665816739  -0.1026782465
1.3258471515  -1.7603404372  -0.1055745219
1.3229495632  -1.7540294987  -0.1085113797
1.3200112783  -1.7476500113  -0.1114886416
1.3170324856  -1.7412031565  -0.1145061240
1.3140133821  -1.7346901458  -0.1175636395
1.3109541654  -1.7281122125  -0.1206609970
1.3078549978  -1.7214705741  -0.1237980020
1.3047160483  -1.7147664659  -0.1269744566
1.3015375334  -1.7080011785  -0.1301901594
1.2983196830  -1.7011760278  -0.1334449060
1.2950627346  -1.6942923471  -0.1367384892
1.2917669316  -1.6873514858  -0.1400706992
1.2884325236  -1.6803548063  -0.1434413238
1.2850597652  -1.6733036808  -0.1468501489
1.2816488248  -1.6661993974  -0.1502969584
1.2781998224  -1.6590431884  -0.1537815336
1.2747130084  -1.6518364251  -0.1573036545
1.2711887312  -1.6445806029  -0.1608630991
1.2676273512  -1.6372772319  -0.1644596445
1.2640292384  -1.6299278212  -0.1680930666
1.2603947702  -1.6225338870  -0.1717631399
1.2567243303  -1.6150969773  -0.1754696374
1.2530183134  -1.6076187095  -0.1792123302
1.2492769859  -1.6001005093  -0.1829909832
1.2455004153  -1.5925433329  -0.1868053426
1.2416885938  -1.5849479114  -0.1906551515
1.2378415015  -1.5773151584  -0.1945401914
1.2339591127  -1.5696462505  -0.1984602903
1.2300413920  -1.5619424384  -0.2024153096
1.2260883133  -1.5542049505  -0.2064051160
1.2221001586  -1.5464353160  -0.2104295340
1.2180773940  -1.5386352424  -0.2144883289
1.2140203193  -1.5308062188  -0.2185812226
1.2099291722  -1.5229496143  -0.2227079006
1.2058041958  -1.5150667542  -0.2268680142
1.2016456411  -1.5071589246  -0.2310611996
1.1974537731  -1.4992273770  -0.2352871123
1.1932288714  -1.4912733356  -0.2395454333
1.1889712177  -1.4832979942  -0.2438358477
1.1846810889  -1.4753025087  -0.2481580379
1.1803587623  -1.4672880034  -0.2525116873
1.1760045181  -1.4592555754  -0.2568964815
1.1716186401  -1.4512062974  -0.2613121092
1.1672014172  -1.4431412245  -0.2657582608
1.1627531515  -1.4350614096  -0.2702346282
1.1582741468  -1.4269678897  -0.2747409068
1.1537647002  -1.4188616751  -0.2792767996
1.1492251106  -1.4107437635  -0.2838420150
1.1446556783  -1.4026151445  -0.2884362627
1.1400567046  -1.3944768040  -0.2930592511
1.1354285012  -1.3863297385  -0.2977106873
1.1307713858  -1.3781749499  -0.3023902776
1.1260856728  -1.3700134375  -0.3070977253
1.1213716730  -1.3618462459  -0.3118327113
1.1166296942  -1.3536744418  -0.3165948926
1.1118597616  -1.3454985527  -0.3213839940
1.1070612892  -1.3373182301  -0.3261998723
1.1022347819  -1.3291345273  -0.3310423960
1.0973822857  -1.3209505880  -0.3359113255
1.0925060308  -1.3127697761  -0.3408063597
1.0876083040  -1.3045952201  -0.3457272097
1.0826901549  -1.2964287459  -0.3506736020
1.0777508058  -1.2882703149  -0.3556452655
1.0727890705  -1.2801193391  -0.3606419355
1.0678038898  -1.2719753110  -0.3656633539
1.0627941066  -1.2638376312  -0.3707092695
1.0577584623  -1.2557056011  -0.3757794415
1.0526965425  -1.2475794799  -0.3808736397
1.0476092550  -1.2394610054  -0.3859916429
1.0424973457  -1.2313517230  -0.3911332378
1.0373609670  -1.2232524954  -0.3962982165
1.0322002671  -1.2151641621  -0.4014863790
1.0270154038  -1.2070875705  -0.4066975374
1.0218065941  -1.1990236903  -0.4119314982
1.0165740585  -1.1909735014  -0.4171880217
1.0113179639  -1.1829378430  -0.4224668706
1.0060384879  -1.1749175080  -0.4277678818
1.0007358250  -1.1669132818  -0.4330909161
0.9954102140  -1.1589260583  -0.4384358080
0.9900619077  -1.1509567544  -0.4438023714
0.9846911028  -1.1430061292  -0.4491903904
0.9792979642  -1.1350748488  -0.4545995941
0.9738826574  -1.1271635694  -0.4600296086
0.9684453839  -1.1192730377  -0.4654798519
0.9629862324  -1.1114038126  -0.4709492402
0.9575042325  -1.1035559099  -0.4764321158
0.9519986642  -1.0957294176  -0.4819249302
0.9464732589  -1.0879258955  -0.4874391195
0.9409331067  -1.0801478341  -0.4929876217
0.9353777728  -1.0723965618  -0.4985714389
0.9298038100  -1.0646721140  -0.5041879077
0.9242097062  -1.0569744194  -0.5098356374
0.9185953954  -1.0493034604  -0.5155133409
0.9129609246  -1.0416590096  -0.5212196387
0.9073064754  -1.0340409363  -0.5269530890
0.9016322565  -1.0264490568  -0.5327121911
0.8959383179  -1.0188828382  -0.5384953951
0.8902247958  -1.0113418009  -0.5443011163
0.8844919661  -1.0038255632  -0.5501277320
0.8787400568  -0.9963335547  -0.5559735532
0.8729693374  -0.9888652622  -0.5618368204
0.8671799815  -0.9814200060  -0.5677157280
0.8613721232  -0.9739969900  -0.5736084359
0.8555459690  -0.9665954794  -0.5795130726
0.8497019832  -0.9592149377  -0.5854277391
0.8438394481  -0.9518536473  -0.5913505138
0.8379559354  -0.9445081582  -0.5972794597
0.8320522306  -0.9371782466  -0.6032126294
0.8261306338  -0.9298652540  -0.6091480687
0.8201910398  -0.9225681048  -0.6150838213
0.8142326245  -0.9152849736  -0.6210179335
0.8082542413  -0.9080137484  -0.6269484602
0.8022538993  -0.9007515355  -0.6328734716
0.7962281153  -0.8934940346  -0.6387910586
0.7901705296  -0.8862341823  -0.6446993381
0.7840684921  -0.8789588156  -0.6505964623
0.7778922696  -0.8716378217  -0.6564806672
0.7713685417  -0.8639995825  -0.6623502999
0.7647379764  -0.8562921892  -0.6682036377
0.7586108321  -0.8491232775  -0.6740387113
0.7528503719  -0.8423437764  -0.6798535099
0.7471572042  -0.8356485541  -0.6856462545
0.7414912563  -0.8289950361  -0.6914153630
0.7358518786  -0.8223808046  -0.6971593308
0.7302388704  -0.8158043316  -0.7028767188
0.7246520389  -0.8092642331  -0.7085661687
0.7190912108  -0.8027592398  -0.7142264078
0.7135562334  -0.7962881952  -0.7198562568
0.7080469749  -0.7898500536  -0.7254546364
0.7025633216  -0.7834438787  -0.7310205666
0.6971051753  -0.7770688404  -0.7365531718
0.6916724540  -0.7707242103  -0.7420516856
0.6862650903  -0.7644093600  -0.7475154559
0.6808830308  -0.7581237582  -0.7529439523
0.6755262349  -0.7518669673  -0.7583367689
0.6701946704  -0.7456386384  -0.7636936231
0.6648883166  -0.7394385066  -0.7690143790
0.6596071785  -0.7332663861  -0.7742991039
0.6543512753  -0.7271221653  -0.7795480347
0.6491206031  -0.7210057998  -0.7847615035
0.6439151411  -0.7149173045  -0.7899399803
0.6387348848  -0.7088567462  -0.7950841288
0.6335798471  -0.7028242387  -0.8001948170
0.6284500497  -0.6968199385  -0.8052731424
0.6233455282  -0.6908440397  -0.8103204823
0.6182663468  -0.6848967718  -0.8153385819
0.6132126295  -0.6789784016  -0.8203297323
0.6081846494  -0.6730892797  -0.8252972155
0.6031839605  -0.6672298915  -0.8302503042
0.5982122086  -0.6614007379  -0.8351982149
0.5932660987  -0.6556020172  -0.8401346151
0.5883397265  -0.6498334607  -0.8450481156
0.5834321222  -0.6440946269  -0.8499368123
0.5785458043  -0.6383852681  -0.8548022333
0.5736820062  -0.6327053144  -0.8596447472
0.5688407277  -0.6270547153  -0.8644645126
0.5640218233  -0.6214334002  -0.8692616894
0.5592251479  -0.6158412838  -0.8740364411
0.5544505579  -0.6102782672  -0.8787889343
0.5496979113  -0.6047442373  -0.8835193384
0.5449670671  -0.5992390670  -0.8882278246
0.5402578858  -0.5937626162  -0.8929145660
0.5355702289  -0.5883147322  -0.8975797368
0.5309039590  -0.5828952506  -0.9022235115
0.5262589399  -0.5775039967  -0.9068460645
0.5216350363  -0.5721407856  -0.9114475695
0.5170321141  -0.5668054236  -0.9160281984
0.5124500400  -0.5614977091  -0.9205881212
0.5078886821  -0.5562174333  -0.9251275045
0.5033479090  -0.5509643813  -0.9296465105
0.4988275905  -0.5457383335  -0.9341452968
0.4943275979  -0.5405390678  -0.9386240162
0.4898478036  -0.5353663598  -0.9430828161
0.4853880812  -0.5302199834  -0.9475218376
0.4809483054  -0.5250997121  -0.9519412136
0.4765283519  -0.5200053199  -0.9563410685
0.4721280971  -0.5149365818  -0.9607215167
0.4677474185  -0.5098932740  -0.9650826596
0.4633861936  -0.5048751719  -0.9694245815
0.4590442954  -0.4998820230  -0.9737473214
0.4547215878  -0.4949135444  -0.9780508500
0.4504179465  -0.4899695667  -0.9823351635
0.4461332897  -0.4850501243  -0.9866004051
0.4418675586  -0.4801552354  -0.9908467958
0.4376206654  -0.4752847195  -0.9950744975
0.4333924903  -0.4704383226  -0.9992836135
0.4291829134  -0.4656158498  -1.0034742420
0.4249918264  -0.4608171527  -1.0076464854
0.4208191265  -0.4560420971  -1.0118004459
0.4166647124  -0.4512905559  -1.0159362245
0.4125284841  -0.4465624088  -1.0200539207
0.4084103424  -0.4418575423  -1.0241536330
0.4043101893  -0.4371758490  -1.0282354586
0.4002279278  -0.4325172271  -1.0322994939
0.3961634620  -0.4278815808  -1.0363458336
0.3921166970  -0.4232688187  -1.0403745717
0.3880875386  -0.4186788539  -1.0443858011
0.3840758938  -0.4141116034  -1.0483796135
0.3800816705  -0.4095669877  -1.0523560998
0.3761047774  -0.4050449299  -1.0563153498
0.3721451241  -0.4005453549  -1.0602574526
0.3682026212  -0.3960681889  -1.0641824961
0.3642771799  -0.3916133589  -1.0680905677
0.3603687124  -0.3871807925  -1.0719817539
0.3564771315  -0.3827704166  -1.0758561403
0.3526023511  -0.3783821575  -1.0797138119
0.3487442855  -0.3740159395  -1.0835548531
0.3449028498  -0.3696716846  -1.0873793477
0.3410779601  -0.3653493116  -1.0911873788
0.3372695327  -0.3610487343  -1.0949790292
0.3334774851  -0.3567698565  -1.0987543811
0.3297017350  -0.3525125637  -1.1025135172
0.3259422012  -0.3482767335  -1.1062565197
0.3221988026  -0.3440622689  -1.1099834704
0.3184714590  -0.3398691068  -1.1136944489
0.3147600902  -0.3356971893  -1.1173895337
0.3110646170  -0.3315464453  -1.1210688026
0.3073849606  -0.3274167962  -1.1247323337
0.3037210432  -0.3233081640  -1.1283802045
0.3000727873  -0.3192204717  -1.1320124920
0.2964401157  -0.3151536424  -1.1356292727
0.2928229521  -0.3111075999  -1.1392306229
0.2892212202  -0.3070822678  -1.1428166179
0.2856348445  -0.3030775702  -1.1463873329
0.2820637499  -0.2990934180  -1.1499428427
0.2785078615  -0.2951296971  -1.1534832215
0.2749671052  -0.2911863225  -1.1570085433
0.2714414071  -0.2872632810  -1.1605188814
0.2679306940  -0.2833605527  -1.1640143086
0.2644348928  -0.2794780623  -1.1674948975
0.2609539308  -0.2756157231  -1.1709607203
0.2574877358  -0.2717734551  -1.1744118490
0.2540362359  -0.2679511772  -1.1778483552
0.2505993595  -0.2641488072  -1.1812703101
0.2471770354  -0.2603662625  -1.1846777846
0.2437691928  -0.2566034596  -1.1880708493
0.2403757610  -0.2528603147  -1.1914495746
0.2369966699  -0.2491367440  -1.1948140303
0.2336318495  -0.2454326636  -1.1981642862
0.2302812302  -0.2417479897  -1.2015004116
0.2269447427  -0.2380826387  -1.2048224756
0.2236223180  -0.2344365275  -1.2081305470
0.2203138872  -0.2308095735  -1.2114246943
0.2170193819  -0.2272016944  -1.2147049856
0.2137387339  -0.2236128087  -1.2179714891
0.2104718752  -0.2200428353  -1.2212242722
0.2072187382  -0.2164916938  -1.2244634024
0.2039792553  -0.2129593043  -1.2276889470
0.2007533593  -0.2094455876  -1.2309009727
0.1975409834  -0.2059504649  -1.2340995464
0.1943420607  -0.2024738579  -1.2372847343
0.1911565247  -0.1990156887  -1.2404566027
0.1879843092  -0.1955758796  -1.2436152176
0.1848253480  -0.1921543532  -1.2467606447
0.1816795753  -0.1887510323  -1.2498929496
0.1785469255  -0.1853658396  -1.2530121975
0.1754273345  -0.1819988522  -1.2561184720
0.1723207400  -0.1786501960  -1.2592118774
0.1692270752  -0.1753194229  -1.2622924653
0.1661462676  -0.1720059841  -1.2653602383
0.1630782503  -0.1687099868  -1.2684152390
0.1600229626  -0.1654316007  -1.2714575342
0.1569803423  -0.1621707647  -1.2744871820
0.1539503259  -0.1589274143  -1.2775042414
0.1509328499  -0.1557014825  -1.2805087725
0.1479278509  -0.1524929001  -1.2835008371
0.1449352660  -0.1493015953  -1.2864804983
0.1419550321  -0.1461274933  -1.2894478208
0.1389870865  -0.1429705168  -1.2924028708
0.1360313666  -0.1398305856  -1.2953457163
0.1330878095  -0.1367076165  -1.2982764269
0.1301563530  -0.1336015239  -1.3011950741
0.1272369345  -0.1305122194  -1.3041017307
0.1243294917  -0.1274396122  -1.3069964713
0.1214339624  -0.1243836091  -1.3098793722
0.1185502841  -0.1213441147  -1.3127505107
0.1156783949  -0.1183210317  -1.3156099658
0.1128182327  -0.1153142608  -1.3184578174
0.1099697352  -0.1123237016  -1.3212941463
0.1071328408  -0.1093492517  -1.3241190341
0.1043074873  -0.1063908081  -1.3269325630
0.1014936132  -0.1034482666  -1.3297348152
0.0986911566  -0.1005215223  -1.3325258730
0.0959000560  -0.0976104699  -1.3353058181
0.0931202498  -0.0947150037  -1.3380747316
0.0903516768  -0.0918350180  -1.3408326934
0.0875942756  -0.0889704070  -1.3435797819
0.0848479850  -0.0861210656  -1.3463160736
0.0821138565  -0.0832869924  -1.3490812837
0.0793925556  -0.0804681367  -1.3518951228
0.0766811372  -0.0776641186  -1.3546899143
0.0739786933  -0.0748747684  -1.3574831916
0.0712866577  -0.0721001312  -1.3602737972
0.0686049463  -0.0693401081  -1.3630604074
0.0659334808  -0.0665946015  -1.3658415327
0.0632721896  -0.0638635151  -1.3686155176
0.0606210076  -0.0611467539  -1.3713805407
0.0579798772  -0.0584442238  -1.3741346144
0.0553487485  -0.0557558317  -1.3768755855
0.0527275792  -0.0530814853  -1.3796011346
0.0501163355  -0.0504210927  -1.3823087763
0.0475149923  -0.0477745623  -1.3849958595
0.0449235330  -0.0451418028  -1.3876595668
0.0423419501  -0.0425227226  -1.3902969152
0.0397702451  -0.0399172302  -1.3929047554
0.0372084290  -0.0373252333  -1.3954797724
0.0346565214  -0.0347466393  -1.3980184850
0.0321145514  -0.0321813547  -1.4005172463
0.0295825570  -0.0296292852  -1.4029722433
0.0270605847  -0.0270903360  -1.4053794970
0.0245486894  -0.0245644109  -1.4077348625
0.0220469339  -0.0220514133  -1.4100340289
0.0195553885  -0.0195512457  -1.4122725195
0.0170741297  -0.0170638099  -1.4144456914
0.0146032402  -0.0145890076  -1.4165487358
0.0121428075  -0.0121267401  -1.4185766781
0.0096929226  -0.0096769090  -1.4205243777
0.0072536792  -0.0072394163  -1.4223865277
0.0048251719  -0.0048141651  -1.4241576557
0.0024074946  -0.0024010594  -1.4258321232
0.0024059378  -0.0024010500  -1.4258321232
