0.166102
1.3576111751  -1.2650143962   0.0000411635
1.3576111751  -1.2650143962   0.0000411635
1.3576145022  -1.2650113835   0.0000344520
1.3576120603  -1.2649961740   0.0000170283
1.3576009103  -1.2649687247  -0.0000113897
1.3575788010  -1.2649272942  -0.0000510827
1.3575448945  -1.2648713206  -0.0001023308
1.3574987153  -1.2648005287  -0.0001654128
1.3574399238  -1.2647147484  -0.0002406068
1.3573682417  -1.2646138546  -0.0003281897
1.3572834215  -1.2644977425  -0.0004284375
1.3571852324  -1.2643663166  -0.0005416254
1.3570734525  -1.2642194838  -0.0006680274
1.3569478649  -1.2640571508  -0.0008079167
1.3568082555  -1.2638792215  -0.0009615653
1.3566544111  -1.2636855963  -0.0011292445
1.3564861189  -1.2634761711  -0.0013112244
1.3563031653  -1.2632508366  -0.0015077744
1.3561053359  -1.2630094787  -0.0017191626
1.3558924151  -1.2627519775  -0.0019456563
1.3556641857  -1.2624782077  -0.0021875219
1.3554204291  -1.2621880383  -0.0024450246
1.3551609248  -1.2618813330  -0.0027184290
1.3548854504  -1.2615579497  -0.0030079983
1.3545937818  -1.2612177408  -0.0033139950
1.3542856930  -1.2608605533  -0.0036366806
1.3539609559  -1.2604862288  -0.0039763155
1.3536193404  -1.2600946038  -0.0043331593
1.3532606146  -1.2596855094  -0.0047074705
1.3528845445  -1.2592587718  -0.0050995067
1.3524908941  -1.2588142121  -0.0055095245
1.3520794253  -1.2583516469  -0.0059377794
1.3516498899  -1.2578705151  -0.0063851425
1.3512020550  -1.2573709596  -0.0068513138
1.3507356885  -1.2568532642  -0.0073363513
1.3502505361  -1.2563169701  -0.0078404706
1.3497463460  -1.2557617586  -0.0083639007
1.3492228676  -1.2551873784  -0.0089068895
1.3486798486  -1.2545935894  -0.0094696864
1.3481170351  -1.2539801579  -0.0100525438
1.3475341714  -1.2533468503  -0.0106557169
1.3469310004  -1.2526934322  -0.0112794633
1.3463072628  -1.2520196674  -0.0119240425
1.3456626981  -1.2513253187  -0.0125897165
1.3449970437  -1.2506101479  -0.0132767485
1.3443100358  -1.2498739154  -0.0139854039
1.3436014085  -1.2491163813  -0.0147159497
1.3428708949  -1.2483373052  -0.0154686544
1.3421182262  -1.2475364463  -0.0162437880
1.3413431321  -1.2467135641  -0.0170416221
1.3405453412  -1.2458684182  -0.0178624298
1.3397245803  -1.2450007689  -0.0187064853
1.3388805751  -1.2441103774  -0.0195740643
1.3380130500  -1.2431970060  -0.0204654438
1.3371217279  -1.2422604183  -0.0213809019
1.3362063308  -1.2413003798  -0.0223207179
1.3352665794  -1.2403166575  -0.0232851721
1.3343021933  -1.2393090209  -0.0242745459
1.3333128912  -1.2382772415  -0.0252891216
1.3322983905  -1.2372210936  -0.0263291826
1.3312584081  -1.2361403543  -0.0273950127
1.3301926598  -1.2350348040  -0.0284868970
1.3291008607  -1.2339042267  -0.0296051210
1.3279827257  -1.2327483052  -0.0307499709
1.3268379684  -1.2315667932  -0.0319217337
1.3256663018  -1.2303597006  -0.0331206962
1.3244674399  -1.2291269334  -0.0343471459
1.3232410958  -1.2278682270  -0.0356013707
1.3219869815  -1.2265833549  -0.0368836587
1.3207048089  -1.2252721166  -0.0381942984
1.3193942894  -1.2239343199  -0.0395335783
1.3180551347  -1.2225697782  -0.0409017869
1.3166870562  -1.2211783087  -0.0422992127
1.3152897655  -1.2197597324  -0.0437261439
1.3138629743  -1.2183138753  -0.0451828686
1.3124063944  -1.2168405677  -0.0466696745
1.3109197382  -1.2153396434  -0.0481868488
1.3094027181  -1.2138109399  -0.0497346785
1.3078550474  -1.2122542981  -0.0513134497
1.3062764399  -1.2106695623  -0.0529234480
1.3046666099  -1.2090565801  -0.0545649582
1.3030252729  -1.2074152026  -0.0562382641
1.3013521449  -1.2057452843  -0.0579436484
1.2996469432  -1.2040466831  -0.0596813930
1.2979093862  -1.2023192605  -0.0614517783
1.2961391932  -1.2005628813  -0.0632550833
1.2943360853  -1.1987774141  -0.0650915858
1.2924997848  -1.1969627316  -0.0669615617
1.2906300156  -1.1951187108  -0.0688652854
1.2887265032  -1.1932452347  -0.0708030294
1.2867889751  -1.1913421915  -0.0727750643
1.2848171606  -1.1894094730  -0.0747816587
1.2828107910  -1.1874469736  -0.0768230792
1.2807695999  -1.1854545911  -0.0788995908
1.2786933232  -1.1834322252  -0.0810114566
1.2765816991  -1.1813797765  -0.0831589365
1.2744344681  -1.1792971563  -0.0853422871
1.2722513736  -1.1771842923  -0.0875617618
1.2700321616  -1.1750411205  -0.0898176106
1.2677765811  -1.1728675953  -0.0921100797
1.2654843841  -1.1706637103  -0.0944394116
1.2631553260  -1.1684294374  -0.0968058449
1.2607891662  -1.1661645983  -0.0992096155
1.2583856670  -1.1638688964  -0.1016509563
1.2559445933  -1.1615421320  -0.1041300967
1.2534657131  -1.1591843140  -0.1066472604
1.2509487992  -1.1567955790  -0.1092026655
1.2483936293  -1.1543760882  -0.1117965254
1.2457999858  -1.1519259910  -0.1144290489
1.2431676558  -1.1494454214  -0.1171004407
1.2404964307  -1.1469344976  -0.1198109013
1.2377861067  -1.1443933218  -0.1225606265
1.2350364847  -1.1418219795  -0.1253498081
1.2322473703  -1.1392205399  -0.1281786331
1.2294185740  -1.1365890567  -0.1310472842
1.2265499115  -1.1339275692  -0.1339559395
1.2236412035  -1.1312361054  -0.1369047724
1.2206922761  -1.1285146838  -0.1398939521
1.2177029607  -1.1257633104  -0.1429236425
1.2146730944  -1.1229819789  -0.1459940031
1.2116025202  -1.1201706737  -0.1491051909
1.2084910875  -1.1173293764  -0.1522573642
1.2053386525  -1.1144580705  -0.1554506798
1.2021450770  -1.1115567478  -0.1586852879
1.1989102464  -1.1086254484  -0.1619613319
1.1956340709  -1.1056642563  -0.1652789479
1.1923164452  -1.1026732138  -0.1686382649
1.1889572479  -1.0996523276  -0.1720394040
1.1855563618  -1.0966016157  -0.1754824785
1.1821136745  -1.0935210967  -0.1789675930
1.1786290784  -1.0904107869  -0.1824948427
1.1751024671  -1.0872704736  -0.1860643017
1.1715337328  -1.0840997338  -0.1896760162
1.1679227860  -1.0808992595  -0.1933300578
1.1642695841  -1.0776713584  -0.1970265840
1.1605741035  -1.0744175535  -0.2007657759
1.1568362777  -1.0711369859  -0.2045477342
1.1530559950  -1.0678279882  -0.2083724794
1.1492331484  -1.0644897222  -0.2122400059
1.1453676615  -1.0611221573  -0.2161503012
1.1414594800  -1.0577255711  -0.2201033421
1.1375085624  -1.0543003321  -0.2240990941
1.1335148761  -1.0508468615  -0.2281375114
1.1294783978  -1.0473656279  -0.2322185369
1.1253991130  -1.0438571442  -0.2363421030
1.1212770168  -1.0403219642  -0.2405081313
1.1171121133  -1.0367606791  -0.2447165333
1.1129044173  -1.0331739152  -0.2489672168
1.1086539561  -1.0295623318  -0.2532600964
1.1043607680  -1.0259266160  -0.2575950860
1.1000248970  -1.0222674736  -0.2619720811
1.0956463930  -1.0185856240  -0.2663909549
1.0912254863  -1.0148820435  -0.2708515597
1.0867625496  -1.0111578953  -0.2753537260
1.0822578284  -1.0074141313  -0.2798972818
1.0777114788  -1.0036515474  -0.2844820684
1.0731236616  -0.9998709224  -0.2891079050
1.0684945316  -0.9960730022  -0.2937745502
1.0638242431  -0.9922584975  -0.2984817220
1.0591129617  -0.9884280879  -0.3032291150
1.0543608514  -0.9845824025  -0.3080163254
1.0495680504  -0.9807219858  -0.3128427736
1.0447346721  -0.9768472248  -0.3177076803
1.0398601638  -0.9729576538  -0.3226067984
1.0349438441  -0.9690526605  -0.3275362258
1.0299879678  -0.9651349063  -0.3325032014
1.0249967406  -0.9612095612  -0.3375193860
1.0199712556  -0.9572788658  -0.3425888362
1.0149094593  -0.9533414223  -0.3477101909
1.0098098471  -0.9493958186  -0.3528815680
1.0046722013  -0.9454415151  -0.3581014471
0.9994966141  -0.9414779591  -0.3633683196
0.9942832406  -0.9375045016  -0.3686805806
0.9890322456  -0.9335203622  -0.3740365331
0.9837437982  -0.9295246303  -0.3794343953
0.9784180714  -0.9255162733  -0.3848723082
0.9730552413  -0.9214941448  -0.3903483429
0.9676554850  -0.9174569937  -0.3958605080
0.9622189794  -0.9134034732  -0.4014067568
0.9567462957  -0.9093326849  -0.4069849938
0.9512384203  -0.9052441937  -0.4125930817
0.9456958880  -0.9011368640  -0.4182288479
0.9401187101  -0.8970088082  -0.4238900920
0.9345067880  -0.8928579826  -0.4295745885
0.9288598940  -0.8886821904  -0.4352800883
0.9231776758  -0.8844791155  -0.4410043260
0.9174608509  -0.8802477863  -0.4467450283
0.9117103778  -0.8759874974  -0.4524999213
0.9059254943  -0.8716954717  -0.4582667357
0.9001042106  -0.8673676406  -0.4640432133
0.8942453713  -0.8630011493  -0.4698271132
0.8883474734  -0.8585929594  -0.4756162170
0.8824046875  -0.8541354695  -0.4814083366
0.8764080948  -0.8496183054  -0.4872013227
0.8703459368  -0.8450285062  -0.4929931030
0.8640064408  -0.8401539775  -0.4987817189
0.8575056268  -0.8351132166  -0.5045651944
0.8513271269  -0.8303881938  -0.5103413514
0.8455178583  -0.8260182732  -0.5161079173
0.8398619156  -0.8217819076  -0.5218627867
0.8342442013  -0.8175612520  -0.5276040705
0.8286440848  -0.8133339640  -0.5333300026
0.8230605602  -0.8090975143  -0.5390388991
0.8174934339  -0.8048503372  -0.5447291660
0.8119426200  -0.8005911156  -0.5503993091
0.8064080576  -0.7963186974  -0.5560479405
0.8008897117  -0.7920320968  -0.5616737848
0.7953875718  -0.7877304944  -0.5672756846
0.7899016507  -0.7834132358  -0.5728526066
0.7844319832  -0.7790798293  -0.5784036474
0.7789786224  -0.7747299415  -0.5839280318
0.7735416324  -0.7703633894  -0.5894251039
0.7681210879  -0.7659801357  -0.5948943362
0.7627170827  -0.7615802885  -0.6003353511
0.7573297316  -0.7571640965  -0.6057479332
0.7519591654  -0.7527319411  -0.6111320368
0.7466055266  -0.7482843269  -0.6164877958
0.7412689601  -0.7438218687  -0.6218155122
0.7359496011  -0.7393452759  -0.6271156408
0.7306475849  -0.7348553483  -0.6323888284
0.7253630701  -0.7303529783  -0.6376359678
0.7200962319  -0.7258391398  -0.6428582010
0.7148472423  -0.7213148700  -0.6480569201
0.7096162918  -0.7167812717  -0.6532338718
0.7044036346  -0.7122395292  -0.6583912961
0.6992095992  -0.7076909651  -0.6635320361
0.6940357041  -0.7031375740  -0.6686634735
0.6888840064  -0.6985815825  -0.6737943973
0.6837521099  -0.6940229913  -0.6789224836
0.6786338092  -0.6894596823  -0.6840382920
0.6735264393  -0.6848907153  -0.6891373422
0.6684318411  -0.6803171002  -0.6942196947
0.6633520125  -0.6757401162  -0.6992859128
0.6582875933  -0.6711605671  -0.7043361913
0.6532386097  -0.6665789875  -0.7093706302
0.6482049914  -0.6619958361  -0.7143893311
0.6431866647  -0.6574115345  -0.7193924004
0.6381835565  -0.6528264698  -0.7243799490
0.6331955942  -0.6482409943  -0.7293520916
0.6282227055  -0.6436554259  -0.7343089458
0.6232648186  -0.6390700481  -0.7392506315
0.6183218620  -0.6344851117  -0.7441772703
0.6133937645  -0.6299008354  -0.7490889840
0.6084804554  -0.6253174073  -0.7539858945
0.6035818645  -0.6207349864  -0.7588681227
0.5986979218  -0.6161537036  -0.7637357873
0.5938285580  -0.6115736635  -0.7685890034
0.5889737038  -0.6069949467  -0.7734278815
0.5841332909  -0.6024176125  -0.7782525266
0.5793072515  -0.5978417015  -0.7830630376
0.5744955190  -0.5932672387  -0.7878595060
0.5696980273  -0.5886942341  -0.7926420151
0.5649147113  -0.5841226846  -0.7974106380
0.5601455065  -0.5795525775  -0.8021654364
0.5553903494  -0.5749838928  -0.8069064595
0.5506491767  -0.5704166027  -0.8116337411
0.5459219256  -0.5658506719  -0.8163472960
0.5412085275  -0.5612860112  -0.8210470945
0.5365089008  -0.5567224550  -0.8257330320
0.5318229729  -0.5521600007  -0.8304050061
0.5271507263  -0.5475990277  -0.8350630545
0.5224921885  -0.5430399877  -0.8397073310
0.5178473625  -0.5384830179  -0.8443379656
0.5132162010  -0.5339280399  -0.8489550206
0.5085986408  -0.5293750139  -0.8535585316
0.5039946304  -0.5248239924  -0.8581485343
0.4994041292  -0.5202750731  -0.8627250654
0.4948271012  -0.5157283718  -0.8672881604
0.4902635119  -0.5111840168  -0.8718378536
0.4857133282  -0.5066421485  -0.8763741776
0.4811765181  -0.5021029190  -0.8808971634
0.4766530512  -0.4975664917  -0.8854068407
0.4721428980  -0.4930330406  -0.8899032376
0.4676460302  -0.4885027494  -0.8943863811
0.4631624208  -0.4839758111  -0.8988562965
0.4586920441  -0.4794524270  -0.9033130080
0.4542348753  -0.4749328058  -0.9077565384
0.4497908907  -0.4704171615  -0.9121869093
0.4453600679  -0.4659057123  -0.9166041413
0.4409423855  -0.4613986785  -0.9210082537
0.4365378230  -0.4568962822  -0.9253992649
0.4321463610  -0.4523987454  -0.9297771922
0.4277679812  -0.4479062889  -0.9341420522
0.4234026660  -0.4434191300  -0.9384938604
0.4190503990  -0.4389374813  -0.9428326318
0.4147111646  -0.4344615485  -0.9471583805
0.4103849479  -0.4299915288  -0.9514711201
0.4060717350  -0.4255276076  -0.9557708637
0.4017715129  -0.4210699492  -0.9600576242
0.3974842693  -0.4166186772  -0.9643314144
0.3932099926  -0.4121738886  -0.9685922479
0.3889486721  -0.4077357184  -0.9728401372
0.3847002972  -0.4033043767  -0.9770750927
0.3804648575  -0.3988801055  -0.9812971227
0.3762423434  -0.3944631293  -0.9855062346
0.3720327464  -0.3900536517  -0.9897024359
0.3678360586  -0.3856518706  -0.9938857339
0.3636522728  -0.3812579848  -0.9980561356
0.3594813821  -0.3768721938  -1.0022136476
0.3553233800  -0.3724946972  -1.0063582759
0.3511782606  -0.3681256949  -1.0104900260
0.3470460183  -0.3637653868  -1.0146089032
0.3429266478  -0.3594139727  -1.0187149125
0.3388201443  -0.3550716522  -1.0228080584
0.3347265032  -0.3507385836  -1.0268883453
0.3306457201  -0.3464148442  -1.0309557775
0.3265777910  -0.3421006017  -1.0350103588
0.3225227124  -0.3377962473  -1.0390520928
0.3184804809  -0.3335021534  -1.0430809824
0.3144510930  -0.3292185199  -1.0470970309
0.3104345456  -0.3249455096  -1.0511002414
0.3064308354  -0.3206833045  -1.0550906173
0.3024399595  -0.3164320818  -1.0590681618
0.2984619148  -0.3121920147  -1.0630328781
0.2944966982  -0.3079632723  -1.0669847695
0.2905443066  -0.3037460207  -1.0709238394
0.2866047370  -0.2995404238  -1.0748500911
0.2826779860  -0.2953466432  -1.0787635283
0.2787640503  -0.2911648396  -1.0826641546
0.2748629266  -0.2869951725  -1.0865519738
0.2709746111  -0.2828378010  -1.0904269899
0.2670991000  -0.2786928844  -1.0942892071
0.2632363892  -0.2745605817  -1.0981386298
0.2593864745  -0.2704410524  -1.1019752627
0.2555493512  -0.2663344563  -1.1057991106
0.2517250146  -0.2622409535  -1.1096101788
0.2479134593  -0.2581607046  -1.1134084729
0.2441146798  -0.2540938708  -1.1171939989
0.2403286701  -0.2500406138  -1.1209667629
0.2365554239  -0.2460010951  -1.1247267717
0.2327949344  -0.2419754764  -1.1284740325
0.2290471943  -0.2379639190  -1.1322085528
0.2253121960  -0.2339665836  -1.1359303408
0.2215899311  -0.2299836298  -1.1396394050
0.2178803909  -0.2260152160  -1.1433357546
0.2141835661  -0.2220614985  -1.1470193993
0.2104994499  -0.2181231620  -1.1506903779
0.2068280389  -0.2142010589  -1.1543487622
0.2031693174  -0.2102940716  -1.1579945431
0.1995232564  -0.2064007252  -1.1616276370
0.1958898392  -0.2025217945  -1.1652480233
0.1922690612  -0.1986582672  -1.1688557199
0.1886609133  -0.1948103371  -1.1724507321
0.1850653823  -0.1909781867  -1.1760330677
0.1814824541  -0.1871619885  -1.1796027378
0.1779121142  -0.1833619039  -1.1831597562
0.1743543470  -0.1795780829  -1.1867041404
0.1708091362  -0.1758106633  -1.1902359112
0.1672764647  -0.1720597700  -1.1937550928
0.1637563143  -0.1683255153  -1.1972617131
0.1602486658  -0.1646079988  -1.2007558036
0.1567534992  -0.1609073070  -1.2042373994
0.1532707931  -0.1572235140  -1.2077065391
0.1498005253  -0.1535566818  -1.2111632647
0.1463426725  -0.1499068605  -1.2146076217
0.1428972100  -0.1462740891  -1.2180396587
0.1394641125  -0.1426583959  -1.2214594271
0.1360433532  -0.1390597994  -1.2248669812
0.1326349047  -0.1354783087  -1.2282623778
0.1292387383  -0.1319139245  -1.2316456756
0.1258548242  -0.1283666398  -1.2350169353
0.1224831320  -0.1248364407  -1.2383762187
0.1191236301  -0.1213233069  -1.2417235888
0.1157762860  -0.1178272130  -1.2450591087
0.1124410663  -0.1143481288  -1.2483828419
0.1091179369  -0.1108860200  -1.2516948510
0.1058068626  -0.1074408492  -1.2549951974
0.1025078073  -0.1040125774  -1.2582839408
0.0992224563  -0.1006016235  -1.2616092117
0.0959518849  -0.0972081866  -1.2649948850
0.0926915875  -0.0938310033  -1.2683588429
0.0894402239  -0.0904697284  -1.2717223150
0.0862000702  -0.0871249640  -1.2750838626
0.0829710511  -0.0837966718  -1.2784418460
0.0797530998  -0.0804848159  -1.2817944246
0.0765461582  -0.0771893625  -1.2851395571
0.0733501775  -0.0739102792  -1.2884750011
0.0701651186  -0.0706475344  -1.2917983135
0.0669909529  -0.0674010971  -1.2951068504
0.0638276626  -0.0641709356  -1.2983977669
0.0606752408  -0.0609570172  -1.3016680174
0.0575336921  -0.0577593071  -1.3049143554
0.0544030330  -0.0545777677  -1.3081333334
0.0512832919  -0.0514123580  -1.3113213032
0.0481745093  -0.0482630322  -1.3144744157
0.0450767379  -0.0451297397  -1.3175886209
0.0419900426  -0.0420124237  -1.3206596681
0.0389145002  -0.0389110213  -1.3236831057
0.0358501994  -0.0358254625  -1.3266542809
0.0327972404  -0.0327556702  -1.3295683406
0.0297557342  -0.0297015601  -1.3324202305
0.0267258022  -0.0266630405  -1.3352046955
0.0237075755  -0.0236400130  -1.3379162796
0.0207011935  -0.0206323727  -1.3405493261
0.0177068033  -0.0176400090  -1.3430979773
0.0147245582  -0.0146628067  -1.3455561748
0.0117546158  -0.0117006471  -1.3479176592
0.0087971368  -0.0087534091  -1.3501759703
0.0058522830  -0.0058209713  -1.3523244469
0.0029202145  -0.0029032126  -1.3543562273
0.0029179233  -0.0029031836  -1.3543562273
