0.0442255
2.8869577969  -2.8328179433   0.0001153709
2.8869577969  -2.8328179433   0.0001153709
2.8869629104  -2.8327883333   0.0000907111
2.8869502073  -2.8327019606   0.0000326791
2.8869116240  -2.8325615010  -0.0000597318
2.8868387664  -2.8323545809  -0.0001875101
2.8867287094  -2.8320778076  -0.0003516260
2.8865798466  -2.8317298165  -0.0005530317
2.8863910640  -2.8313099727  -0.0007926613
2.8861614723  -2.8308179547  -0.0010714306
2.8858902983  -2.8302535861  -0.0013902373
2.8855768352  -2.8296167569  -0.0017499610
2.8852204158  -2.8289073837  -0.0021514631
2.8848203995  -2.8281253886  -0.0025955867
2.8843761631  -2.8272706867  -0.0030831570
2.8838870968  -2.8263431792  -0.0036149809
2.8833526004  -2.8253427503  -0.0041918472
2.8827720820  -2.8242692647  -0.0048145264
2.8821449568  -2.8231225673  -0.0054837710
2.8814706460  -2.8219024832  -0.0062003153
2.8807485770  -2.8206088186  -0.0069648755
2.8799781828  -2.8192413614  -0.0077781495
2.8791589024  -2.8177998830  -0.0086408171
2.8782901806  -2.8162841394  -0.0095535401
2.8773714682  -2.8146938732  -0.0105169619
2.8764022225  -2.8130288149  -0.0115317080
2.8753819073  -2.8112886852  -0.0125983854
2.8743099934  -2.8094731965  -0.0137175832
2.8731859589  -2.8075820550  -0.0148898724
2.8720092895  -2.8056149628  -0.0161158057
2.8707794787  -2.8035716197  -0.0173959176
2.8694960288  -2.8014517251  -0.0187307245
2.8681584462  -2.7992532960  -0.0201225677
2.8667662663  -2.7969776281  -0.0215703307
2.8653190238  -2.7946264737  -0.0230739421
2.8638162382  -2.7921982928  -0.0246336892
2.8622574511  -2.7896924115  -0.0262499192
2.8606422165  -2.7871083929  -0.0279230479
2.8589700991  -2.7844458717  -0.0296534755
2.8572406795  -2.7817045523  -0.0314415947
2.8554535510  -2.7788841761  -0.0332877891
2.8536083196  -2.7759845146  -0.0351924318
2.8517046043  -2.7730053689  -0.0371558847
2.8497420372  -2.7699465698  -0.0391784971
2.8477202642  -2.7668079791  -0.0412606051
2.8456389452  -2.7635894905  -0.0434025318
2.8434977541  -2.7602910310  -0.0456045860
2.8412963793  -2.7569125620  -0.0478670625
2.8390345242  -2.7534540801  -0.0501902412
2.8367119071  -2.7499156185  -0.0525743875
2.8343282613  -2.7462972474  -0.0550197513
2.8318833359  -2.7425990756  -0.0575265675
2.8293768954  -2.7388212505  -0.0600950551
2.8268087203  -2.7349639592  -0.0627254175
2.8241786070  -2.7310274287  -0.0654178423
2.8214863681  -2.7270119269  -0.0681725007
2.8187318324  -2.7229177633  -0.0709895488
2.8159148453  -2.7187452883  -0.0738691281
2.8130352686  -2.7144948921  -0.0768113648
2.8100929807  -2.7101670053  -0.0798163680
2.8070878762  -2.7057620990  -0.0828842291
2.8040198660  -2.7012806852  -0.0860150225
2.8008888779  -2.6967233157  -0.0892088049
2.7976948552  -2.6920901630  -0.0924656163
2.7944377556  -2.6873817148  -0.0957854790
2.7911175559  -2.6825994654  -0.0991683978
2.7877342552  -2.6777444830  -0.1026143611
2.7842878657  -2.6728172426  -0.1061233407
2.7807784121  -2.6678184166  -0.1096952920
2.7772059357  -2.6627487765  -0.1133301544
2.7735704940  -2.6576091435  -0.1170278511
2.7698721602  -2.6524003799  -0.1207882894
2.7661110232  -2.6471233792  -0.1246113614
2.7622871873  -2.6417790623  -0.1284969436
2.7584007717  -2.6363683771  -0.1324448979
2.7544519106  -2.6308922988  -0.1364550714
2.7504407530  -2.6253518282  -0.1405272970
2.7463674621  -2.6197479897  -0.1446613940
2.7422322155  -2.6140818294  -0.1488571679
2.7380352045  -2.6083544145  -0.1531144115
2.7337766342  -2.6025668322  -0.1574329047
2.7294567231  -2.5967201885  -0.1618124151
2.7250757027  -2.5908156077  -0.1662526984
2.7206338170  -2.5848542307  -0.1707534989
2.7161313229  -2.5788372147  -0.1753145495
2.7115684891  -2.5727657318  -0.1799355726
2.7069455965  -2.5666409680  -0.1846162808
2.7022629378  -2.5604641222  -0.1893563806
2.6975208591  -2.5542364913  -0.1941555741
2.6927197639  -2.5479594847  -0.1990135551
2.6878600232  -2.5416344421  -0.2039300064
2.6829419670  -2.5352626097  -0.2089046011
2.6779659308  -2.5288452311  -0.2139370029
2.6729322565  -2.5223835502  -0.2190268664
2.6678412917  -2.5158787901  -0.2241738372
2.6626933900  -2.5093321452  -0.2293775526
2.6574889102  -2.5027448352  -0.2346376413
2.6522282171  -2.4961181295  -0.2399537242
2.6469116808  -2.4894532968  -0.2453254141
2.6415396768  -2.4827515853  -0.2507523163
2.6361125853  -2.4760142362  -0.2562340287
2.6306307913  -2.4692425049  -0.2617701426
2.6250946850  -2.4624376660  -0.2673602423
2.6195046609  -2.4556009017  -0.2730039060
2.6138611175  -2.4487331894  -0.2787007066
2.6081644567  -2.4418354566  -0.2844502115
2.6024150846  -2.4349088366  -0.2902519826
2.5966134128  -2.4279546580  -0.2961055757
2.5907598587  -2.4209742796  -0.3020105414
2.5848548444  -2.4139690176  -0.3079664265
2.5788987965  -2.4069401473  -0.3139727751
2.5728921462  -2.3998889060  -0.3200291289
2.5668353280  -2.3928164921  -0.3261350254
2.5607287803  -2.3857240645  -0.3322899987
2.5545729452  -2.3786127420  -0.3384935794
2.5483682688  -2.3714836040  -0.3447452946
2.5421152011  -2.3643376908  -0.3510446682
2.5358141962  -2.3571760056  -0.3573912212
2.5294657439  -2.3499995692  -0.3637844710
2.5230705196  -2.3428096755  -0.3702239318
2.5166292165  -2.3356076031  -0.3767091118
2.5101423682  -2.3283943151  -0.3832395140
2.5036104798  -2.3211706843  -0.3898146375
2.4970340561  -2.3139375480  -0.3964339784
2.4904136017  -2.3066957121  -0.4030970297
2.4837496210  -2.2994459544  -0.4098032815
2.4770426185  -2.2921890315  -0.4165522225
2.4702930989  -2.2849256818  -0.4233433416
2.4635015662  -2.2776566246  -0.4301761241
2.4566685219  -2.2703825613  -0.4370500489
2.4497944654  -2.2631041834  -0.4439645880
2.4428798952  -2.2558221798  -0.4509192075
2.4359253090  -2.2485372482  -0.4579133671
2.4289312022  -2.2412502214  -0.4649465090
2.4218980683  -2.2339619049  -0.4720180651
2.4148264131  -2.2266722630  -0.4791275230
2.4077167624  -2.2193807399  -0.4862744461
2.4005696333  -2.2120880210  -0.4934583684
2.3933855097  -2.2047960595  -0.5006787333
2.3861648626  -2.1975065060  -0.5079349507
2.3789081806  -2.1902203003  -0.5152264497
2.3716160062  -2.1829382960  -0.5225526782
2.3642889199  -2.1756614210  -0.5299130882
2.3569274786  -2.1683904553  -0.5373071326
2.3495322174  -2.1611260768  -0.5447342685
2.3421036702  -2.1538689539  -0.5521939580
2.3346423703  -2.1466197475  -0.5596856688
2.3271488504  -2.1393791121  -0.5672088747
2.3196236424  -2.1321476965  -0.5747630579
2.3120672796  -2.1249261472  -0.5823477180
2.3044802968  -2.1177151082  -0.5899623699
2.2968632227  -2.1105152120  -0.5976065294
2.2892165767  -2.1033270732  -0.6052797095
2.2815408736  -2.0961512907  -0.6129814245
2.2738366256  -2.0889884507  -0.6207111905
2.2661043464  -2.0818391309  -0.6284685375
2.2583445531  -2.0747039030  -0.6362530163
2.2505577591  -2.0675833228  -0.6440641738
2.2427445679  -2.0604781596  -0.6519015307
2.2349055952  -2.0533892485  -0.6597645983
2.2270412888  -2.0463170695  -0.6676528956
2.2191519924  -2.0392618637  -0.6755659076
2.2112380130  -2.0322237859  -0.6835030547
2.2032996154  -2.0252028863  -0.6914636502
2.1953369806  -2.0181989722  -0.6994467368
2.1873496048  -2.0112108886  -0.7074491245
2.1793376133  -2.0042384659  -0.7154701565
2.1713043612  -1.9972859950  -0.7235167813
2.1632529272  -1.9903578477  -0.7315940412
2.1551820574  -1.9834529356  -0.7397008931
2.1470893625  -1.9765680433  -0.7478356586
2.1389743600  -1.9697018099  -0.7559972215
2.1308377564  -1.9628542778  -0.7641844937
2.1226801484  -1.9560252184  -0.7723963477
2.1145017933  -1.9492138020  -0.7806316211
2.1063029383  -1.9424190879  -0.7888891212
2.0980838269  -1.9356400480  -0.7971676300
2.0898446978  -1.9288755771  -0.8054659077
2.0815857826  -1.9221244994  -0.8137826972
2.0733073026  -1.9153855753  -0.8221167270
2.0650095716  -1.9086576697  -0.8304667155
2.0566933602  -1.9019402831  -0.8388313739
2.0483593964  -1.8952327696  -0.8472094094
2.0400079391  -1.8885337245  -0.8555995290
2.0316391477  -1.8818415897  -0.8640004430
2.0232531283  -1.8751547504  -0.8724108677
2.0148499599  -1.8684715982  -0.8808295285
2.0064304081  -1.8617915046  -0.8892551622
1.9979952484  -1.8551138741  -0.8976865195
1.9895441090  -1.8484366197  -0.9061223663
1.9810759115  -1.8417568821  -0.9145614848
1.9725903715  -1.8350729693  -0.9230026791
1.9640872381  -1.8283833425  -0.9314447811
1.9555638886  -1.8216837962  -0.9398866558
1.9470169658  -1.8149696393  -0.9483272052
1.9384393131  -1.8082324287  -0.9567653756
1.9298147430  -1.8014539089  -0.9652001910
1.9210095106  -1.7944997706  -0.9736307515
1.9122308536  -1.7875812439  -0.9820560817
1.9037487240  -1.7809708039  -0.9904750471
1.8954036442  -1.7745051661  -0.9988865577
1.8870794305  -1.7680616981  -1.0072897317
1.8787644766  -1.7616237828  -1.0156838219
1.8704583478  -1.7551885448  -1.0240681284
1.8621607524  -1.7487542187  -1.0324419966
1.8538714052  -1.7423192211  -1.0408048374
1.8455900402  -1.7358820921  -1.0491561336
1.8373164087  -1.7294414981  -1.0574954408
1.8290502761  -1.7229962338  -1.0658223900
1.8207914216  -1.7165452223  -1.0741366903
1.8125396368  -1.7100875157  -1.0824381319
1.8042947243  -1.7036222936  -1.0907265862
1.7960564927  -1.6971488596  -1.0990019985
1.7878247527  -1.6906666369  -1.1072643836
1.7795993217  -1.6841751672  -1.1155138385
1.7713800297  -1.6776741096  -1.1237505512
1.7631667162  -1.6711632370  -1.1319748027
1.7549592268  -1.6646424296  -1.1401869701
1.7467574063  -1.6581116672  -1.1483875159
1.7385610913  -1.6515710184  -1.1565769788
1.7303701203  -1.6450206380  -1.1647559997
1.7221843495  -1.6384607660  -1.1729253525
1.7140036459  -1.6318917202  -1.1810859378
1.7058278693  -1.6253138858  -1.1892387727
1.6976568867  -1.6187277152  -1.1973850437
1.6894905978  -1.6121337346  -1.2055261625
1.6813289532  -1.6055325600  -1.2136638513
1.6731720230  -1.5989250100  -1.2218003887
1.6650208244  -1.5923124072  -1.2299410355
1.6568758460  -1.5856957359  -1.2380893244
1.6487334625  -1.5790739587  -1.2462403578
1.6405893527  -1.5724451166  -1.2543891756
1.6324436523  -1.5658086417  -1.2625359609
1.6242981937  -1.5591649576  -1.2706815809
1.6161534411  -1.5525143059  -1.2788264068
1.6080091579  -1.5458566759  -1.2869707539
1.5998650449  -1.5391919793  -1.2951149412
1.5917208020  -1.5325201007  -1.3032592926
1.5835761285  -1.5258409037  -1.3114041357
1.5754307225  -1.5191542296  -1.3195498016
1.5672842811  -1.5124598973  -1.3276966247
1.5591365004  -1.5057577035  -1.3358449419
1.5509870751  -1.4990474226  -1.3439950924
1.5428356987  -1.4923288067  -1.3521474169
1.5346820632  -1.4856015836  -1.3603022577
1.5265258594  -1.4788654592  -1.3684599579
1.5183667768  -1.4721201218  -1.3766208611
1.5102045030  -1.4653652449  -1.3847853102
1.5020387244  -1.4586004872  -1.3929536472
1.4938691253  -1.4518254927  -1.4011262126
1.4856953890  -1.4450398874  -1.4093033451
1.4775171971  -1.4382432830  -1.4174853809
1.4693342294  -1.4314352871  -1.4256726531
1.4611461641  -1.4246155089  -1.4338654905
1.4529526774  -1.4177835551  -1.4420642171
1.4447534436  -1.4109390301  -1.4502691514
1.4365481352  -1.4040815512  -1.4584806050
1.4283364219  -1.3972107649  -1.4666988803
1.4201179699  -1.3903263769  -1.4749242668
1.4118924355  -1.3834284295  -1.4831570201
1.4036594622  -1.3765171389  -1.4913973559
1.3954187164  -1.3695914118  -1.4996455380
1.3871699239  -1.3626486729  -1.5079019501
1.3789128241  -1.3556872268  -1.5161670108
1.3706471013  -1.3487070406  -1.5244410831
1.3623723979  -1.3417082497  -1.5327244970
1.3540883604  -1.3346905002  -1.5410175859
1.3457946485  -1.3276532633  -1.5493206883
1.3374909242  -1.3205960061  -1.5576341448
1.3291768478  -1.3135182060  -1.5659582980
1.3208520776  -1.3064193499  -1.5742934921
1.3125162701  -1.2992989345  -1.5826400736
1.3041690792  -1.2921564633  -1.5909983906
1.2958101572  -1.2849914390  -1.5993687938
1.2874391536  -1.2778033683  -1.6077516360
1.2790557159  -1.2705917886  -1.6161472719
1.2706594889  -1.2633562750  -1.6245560581
1.2622501147  -1.2560964005  -1.6329783535
1.2538272334  -1.2488117073  -1.6414145197
1.2453904826  -1.2415017199  -1.6498649209
1.2369394975  -1.2341659604  -1.6583299244
1.2284739104  -1.2268039471  -1.6668099000
1.2199933509  -1.2194151910  -1.6753052205
1.2114974458  -1.2119991934  -1.6838162615
1.2029858190  -1.2045554425  -1.6923434017
1.1944580917  -1.1970834106  -1.7008870231
1.1859138818  -1.1895825515  -1.7094475106
1.1773528043  -1.1820522962  -1.7180252528
1.1687744714  -1.1744920470  -1.7266206413
1.1601784918  -1.1669011690  -1.7352340717
1.1515644715  -1.1592789590  -1.7438659431
1.1429320131  -1.1516246111  -1.7525166593
1.1342807165  -1.1439372996  -1.7611866278
1.1256101771  -1.1362163555  -1.7698762591
1.1169199857  -1.1284612708  -1.7785859652
1.1082097293  -1.1206715206  -1.7873161608
1.0994789920  -1.1128464845  -1.7960672647
1.0907273551  -1.1049855010  -1.8048397001
1.0819543963  -1.0970879060  -1.8136338941
1.0731596897  -1.0891530310  -1.8224502775
1.0643428051  -1.0811801986  -1.8312892850
1.0555033089  -1.0731687203  -1.8401513552
1.0466407636  -1.0651178963  -1.8490369307
1.0377547279  -1.0570270140  -1.8579464580
1.0288447583  -1.0488944368  -1.8668803898
1.0199104127  -1.0407166486  -1.8758391894
1.0109512424  -1.0324920197  -1.8848233242
1.0019667799  -1.0242241126  -1.8938332472
0.9929565473  -1.0159163175  -1.9028694015
0.9839200745  -1.0075680295  -1.9119322448
0.9748569001  -0.9991776849  -1.9210222527
0.9657665591  -0.9907442425  -1.9301399073
0.9566485789  -0.9822666041  -1.9392856955
0.9475024820  -0.9737435600  -1.9484601100
0.9383277871  -0.9651738024  -1.9576636491
0.9291240089  -0.9565559384  -1.9668968166
0.9198906584  -0.9478885043  -1.9761601209
0.9106272426  -0.9391699807  -1.9854540749
0.9013332648  -0.9303988070  -1.9947791949
0.8920082243  -0.9215733966  -2.0041360006
0.8826516168  -0.9126921525  -2.0135250141
0.8732629346  -0.9037534821  -2.0229467593
0.8638416663  -0.8947558117  -2.0324017615
0.8543872975  -0.8856976011  -2.0418905467
0.8448993107  -0.8765773560  -2.0514136412
0.8353771859  -0.8673936396  -2.0609715711
0.8258204006  -0.8581450841  -2.0705648624
0.8162284304  -0.8488304021  -2.0801940400
0.8066007493  -0.8394483966  -2.0898596283
0.7969368301  -0.8299979688  -2.0995621502
0.7872361449  -0.8204781248  -2.1093021276
0.7774981655  -0.8108879803  -2.1190800811
0.7677223641  -0.8012267645  -2.1288965299
0.7579082139  -0.7914938222  -2.1387519915
0.7480551893  -0.7816886141  -2.1486469821
0.7381627670  -0.7718107171  -2.1585820155
0.7282305473  -0.7618753638  -2.1685581556
0.7182583507  -0.7519043381  -2.1785771067
0.7082455748  -0.7418623512  -2.1886389911
0.6981908601  -0.7316998477  -2.1987424477
0.6880933036  -0.7214321738  -2.2088873116
0.6779528100  -0.7110835386  -2.2190741418
0.6677691764  -0.7006558705  -2.2293032271
0.6575419862  -0.6901511735  -2.2395748861
0.6472708436  -0.6795715249  -2.2498894698
0.6369553707  -0.6689190281  -2.2602473642
0.6265952054  -0.6581957673  -2.2706489919
0.6161899991  -0.6474037658  -2.2810948132
0.6057394142  -0.6365449473  -2.2915853256
0.5952431227  -0.6256211008  -2.3021210635
0.5847008040  -0.6146338490  -2.3127025956
0.5741121449  -0.6035846211  -2.3233305216
0.5634768385  -0.5924746303  -2.3340054688
0.5527945853  -0.5813048557  -2.3447280856
0.5420650947  -0.5700760295  -2.3554990361
0.5312880868  -0.5587886285  -2.3663189915
0.5204632957  -0.5474428720  -2.3771886221
0.5095904737  -0.5360387246  -2.3881085871
0.4986693952  -0.5245759044  -2.3990795242
0.4876998625  -0.5130538973  -2.4101020385
0.4766817112  -0.5014719770  -2.4211766898
0.4656148164  -0.4898292310  -2.4323039809
0.4544990988  -0.4781245927  -2.4434843444
0.4433345314  -0.4663568789  -2.4547181305
0.4321211453  -0.4545248343  -2.4660055947
0.4208590356  -0.4426271813  -2.4773468858
0.4095483676  -0.4306626748  -2.4887420351
0.3981893782  -0.4186302830  -2.5001909445
0.3868158762  -0.4065558085  -2.5118946157
0.3754505764  -0.3944563135  -2.5239527160
0.3640072616  -0.3822597546  -2.5360210289
0.3524605297  -0.3699449896  -2.5481872651
0.3408557258  -0.3575499773  -2.5604443344
0.3291927129  -0.3450751575  -2.5727842018
0.3174716787  -0.3325219611  -2.5851978877
0.3056931031  -0.3198927113  -2.5976754677
0.2938577722  -0.3071906781  -2.6102060731
0.2819667913  -0.2944201161  -2.6227778903
0.2700215940  -0.2815862814  -2.6353781611
0.2580239489  -0.2686954249  -2.6479931826
0.2459759628  -0.2557547588  -2.6606083073
0.2338800791  -0.2427723926  -2.6732079433
0.2217390724  -0.2297572381  -2.6857755536
0.2095560382  -0.2167188816  -2.6982936570
0.1973343775  -0.2036674240  -2.7107438273
0.1850777756  -0.1906132910  -2.7231066939
0.1727901771  -0.1775670163  -2.7353619415
0.1604757545  -0.1645390053  -2.7474883100
0.1481388737  -0.1515392850  -2.7594635948
0.1357840545  -0.1385772515  -2.7712646468
0.1234159293  -0.1256614260  -2.7828673719
0.1110391995  -0.1127992322  -2.7942467317
0.0986585913  -0.0999968098  -2.8053767430
0.0862788130  -0.0872588773  -2.8162304779
0.0739045146  -0.0745886590  -2.8267800639
0.0615402522  -0.0619878869  -2.8369966840
0.0491904579  -0.0494568877  -2.8468505763
0.0368594181  -0.0369947588  -2.8563110346
0.0245512614  -0.0245996327  -2.8653464076
0.0122699587  -0.0122690219  -2.8739240998
0.0122293012  -0.0122685869  -2.8739240998
