0.220982
0.9888591576  -0.8959056948   0.0000286691
0.9888591576  -0.8959056948   0.0000286691
0.9888618400  -0.8959047168   0.0000244055
0.9888606049  -0.8958965140   0.0000129081
0.9888533667  -0.8958808574  -0.0000060076
0.9888387126  -0.8958568865  -0.0000325263
0.9888161036  -0.8958243071  -0.0000668322
0.9887852299  -0.8957829666  -0.0001091096
0.9887458680  -0.8957327645  -0.0001595424
0.9886978330  -0.8956736222  -0.0002183146
0.9886409598  -0.8956054711  -0.0002856096
0.9885750931  -0.8955282463  -0.0003616110
0.9885000836  -0.8954418840  -0.0004465022
0.9884157846  -0.8953463195  -0.0005404663
0.9883220511  -0.8952414867  -0.0006436861
0.9882187382  -0.8951273166  -0.0007563446
0.9881057011  -0.8950037378  -0.0008786244
0.9879827943  -0.8948706757  -0.0010107079
0.9878498712  -0.8947280526  -0.0011527773
0.9877067843  -0.8945757874  -0.0013050148
0.9875533848  -0.8944137959  -0.0014676023
0.9873895225  -0.8942419901  -0.0016407216
0.9872150457  -0.8940602788  -0.0018245542
0.9870298013  -0.8938685675  -0.0020192816
0.9868336345  -0.8936667581  -0.0022250850
0.9866263889  -0.8934547490  -0.0024421455
0.9864079064  -0.8932324354  -0.0026706440
0.9861780273  -0.8929997092  -0.0029107612
0.9859365903  -0.8927564587  -0.0031626776
0.9856834321  -0.8925025692  -0.0034265736
0.9854183878  -0.8922379226  -0.0037026294
0.9851412909  -0.8919623977  -0.0039910251
0.9848519670  -0.8916756543  -0.0042923621
0.9845502522  -0.8913777609  -0.0046064362
0.9842359826  -0.8910688714  -0.0049332890
0.9839089790  -0.8907487032  -0.0052730795
0.9835690630  -0.8904170491  -0.0056259732
0.9832160567  -0.8900737443  -0.0059921470
0.9828497804  -0.8897186307  -0.0063717790
0.9824700527  -0.8893515524  -0.0067650505
0.9820766907  -0.8889723528  -0.0071721447
0.9816695096  -0.8885808738  -0.0075932473
0.9812483228  -0.8881769554  -0.0080285459
0.9808129420  -0.8877604362  -0.0084782302
0.9803631770  -0.8873311529  -0.0089424918
0.9798988359  -0.8868889406  -0.0094215240
0.9794197251  -0.8864336329  -0.0099155221
0.9789256492  -0.8859650623  -0.0104246833
0.9784164108  -0.8854830598  -0.0109492063
0.9778918111  -0.8849874552  -0.0114892919
0.9773516492  -0.8844780776  -0.0120451426
0.9767957227  -0.8839547550  -0.0126169625
0.9762238272  -0.8834173147  -0.0132049576
0.9756357569  -0.8828655834  -0.0138093356
0.9750313040  -0.8822993874  -0.0144303060
0.9744102589  -0.8817185523  -0.0150680798
0.9737724107  -0.8811229038  -0.0157228700
0.9731175463  -0.8805122673  -0.0163948909
0.9724454512  -0.8798864683  -0.0170843589
0.9717559093  -0.8792453323  -0.0177914918
0.9710487026  -0.8785886851  -0.0185165091
0.9703236116  -0.8779163529  -0.0192596318
0.9695804151  -0.8772281622  -0.0200210828
0.9688188905  -0.8765238767  -0.0208010864
0.9680388129  -0.8758033005  -0.0215998687
0.9672399564  -0.8750663919  -0.0224176568
0.9664220945  -0.8743130470  -0.0232546797
0.9655849999  -0.8735430572  -0.0241111677
0.9647284423  -0.8727562332  -0.0249873528
0.9638521898  -0.8719524003  -0.0258834685
0.9629560093  -0.8711313877  -0.0267997497
0.9620396659  -0.8702930258  -0.0277364327
0.9611029236  -0.8694371462  -0.0286937552
0.9601455447  -0.8685635814  -0.0296719562
0.9591672902  -0.8676721648  -0.0306712762
0.9581679199  -0.8667627303  -0.0316919568
0.9571471921  -0.8658351124  -0.0327342410
0.9561048639  -0.8648891459  -0.0337983730
0.9550406913  -0.8639246656  -0.0348845983
0.9539544287  -0.8629415068  -0.0359931635
0.9528458298  -0.8619395049  -0.0371243165
0.9517146468  -0.8609184962  -0.0382783061
0.9505606311  -0.8598783174  -0.0394553821
0.9493835327  -0.8588188059  -0.0406557956
0.9481831009  -0.8577398000  -0.0418797985
0.9469590840  -0.8566411387  -0.0431276435
0.9457112291  -0.8555226618  -0.0443995843
0.9444392828  -0.8543842097  -0.0456958753
0.9431429906  -0.8532256238  -0.0470167718
0.9418220975  -0.8520467465  -0.0483625297
0.9404763476  -0.8508474219  -0.0497334055
0.9391054843  -0.8496274959  -0.0511296564
0.9377092506  -0.8483868160  -0.0525515401
0.9362873887  -0.8471252311  -0.0539993147
0.9348396407  -0.8458425908  -0.0554732388
0.9333657479  -0.8445387452  -0.0569735713
0.9318654516  -0.8432135506  -0.0585005715
0.9303384925  -0.8418668737  -0.0600544988
0.9287846112  -0.8404986022  -0.0616356127
0.9272035482  -0.8391086471  -0.0632441722
0.9255950443  -0.8376968684  -0.0648804377
0.9239588408  -0.8362629914  -0.0665446722
0.9222946791  -0.8348066841  -0.0682371405
0.9206022994  -0.8333277213  -0.0699581067
0.9188814418  -0.8318260251  -0.0717078325
0.9171318471  -0.8303015970  -0.0734865778
0.9153532570  -0.8287544560  -0.0752946009
0.9135454144  -0.8271846143  -0.0771321591
0.9117080627  -0.8255920702  -0.0789995088
0.9098409464  -0.8239768081  -0.0808969053
0.9079438110  -0.8223387974  -0.0828246026
0.9060164027  -0.8206779903  -0.0847828537
0.9040584689  -0.8189943197  -0.0867719099
0.9020697580  -0.8172876993  -0.0887920210
0.9000500194  -0.8155580269  -0.0908434351
0.8979990042  -0.8138051852  -0.0929263984
0.8959164644  -0.8120290440  -0.0950411548
0.8938021538  -0.8102294611  -0.0971879464
0.8916558278  -0.8084062867  -0.0993670127
0.8894772438  -0.8065593662  -0.1015785907
0.8872661608  -0.8046885385  -0.1038229148
0.8850223401  -0.8027936317  -0.1061002164
0.8827455451  -0.8008744649  -0.1084107234
0.8804355414  -0.7989308566  -0.1107546601
0.8780920973  -0.7969626324  -0.1131322473
0.8757149842  -0.7949696251  -0.1155437022
0.8733039764  -0.7929516641  -0.1179892406
0.8708588518  -0.7909085751  -0.1204690771
0.8683793914  -0.7888401923  -0.1229834218
0.8658653785  -0.7867462849  -0.1255324755
0.8633165940  -0.7846262399  -0.1281164185
0.8607328196  -0.7824795132  -0.1307354155
0.8581139138  -0.7803073915  -0.1333896687
0.8554598103  -0.7781125467  -0.1360794427
0.8527704030  -0.7758958677  -0.1388049977
0.8500455129  -0.7736557722  -0.1415665279
0.8472849274  -0.7713903126  -0.1443641728
0.8444884423  -0.7690984032  -0.1471980473
0.8416558774  -0.7667797037  -0.1500682559
0.8387870723  -0.7644342381  -0.1529748960
0.8358818797  -0.7620621553  -0.1559180592
0.8329401626  -0.7596636643  -0.1588978372
0.8299617934  -0.7572390278  -0.1619143213
0.8269466526  -0.7547885569  -0.1649675917
0.8238946273  -0.7523126074  -0.1680577151
0.8208056128  -0.7498115757  -0.1711847457
0.8176795133  -0.7472858957  -0.1743487255
0.8145162422  -0.7447360348  -0.1775496844
0.8113157219  -0.7421624896  -0.1807876394
0.8080778845  -0.7395657827  -0.1840625991
0.8048026741  -0.7369464598  -0.1873745783
0.8014900472  -0.7343050865  -0.1907236006
0.7981399676  -0.7316422399  -0.1941096721
0.7947524024  -0.7289584995  -0.1975327679
0.7913273239  -0.7262544427  -0.2009928336
0.7878647146  -0.7235306425  -0.2044898028
0.7843645714  -0.7207876666  -0.2080236115
0.7808269217  -0.7180261022  -0.2115941526
0.7772519269  -0.7152467082  -0.2152012289
0.7736397547  -0.7124502081  -0.2188445551
0.7699904541  -0.7096370764  -0.2225237709
0.7663039082  -0.7068075026  -0.2262374647
0.7625793868  -0.7039610200  -0.2299805645
0.7588166838  -0.7010976281  -0.2337517160
0.7550181619  -0.6982198200  -0.2375607075
0.7511866033  -0.6953309145  -0.2414173643
0.7473220341  -0.6924319441  -0.2453244327
0.7434228921  -0.6895220999  -0.2492814348
0.7394879877  -0.6866003693  -0.2532869287
0.7355167933  -0.6836659981  -0.2573395233
0.7315091893  -0.6807184007  -0.2614378956
0.7274651746  -0.6777569563  -0.2655806156
0.7233849061  -0.6747811204  -0.2697661547
0.7192688583  -0.6717906380  -0.2739928907
0.7151173745  -0.6687849378  -0.2782591145
0.7109304762  -0.6657628938  -0.2825630380
0.7067081489  -0.6627232284  -0.2869028001
0.7024503573  -0.6596645437  -0.2912764747
0.6981570393  -0.6565853255  -0.2956820766
0.6938280981  -0.6534839459  -0.3001175682
0.6894633904  -0.6503586637  -0.3045808662
0.6850629539  -0.6472079159  -0.3090698478
0.6806276121  -0.6440310422  -0.3135823564
0.6761579485  -0.6408270147  -0.3181162077
0.6716535507  -0.6375935682  -0.3226691966
0.6671136881  -0.6343280972  -0.3272391034
0.6625373552  -0.6310277449  -0.3318236995
0.6579244103  -0.6276907423  -0.3364207534
0.6532748150  -0.6243154973  -0.3410280358
0.6485859979  -0.6208976423  -0.3456433232
0.6438537941  -0.6174313050  -0.3502644026
0.6390734062  -0.6139102982  -0.3548890800
0.6342395992  -0.6103280507  -0.3595151957
0.6292868748  -0.6066183658  -0.3641406671
0.6240203264  -0.6025872649  -0.3687634903
0.6187199260  -0.5985152461  -0.3733815950
0.6137868995  -0.5947987269  -0.3779927448
0.6091358009  -0.5913451919  -0.3825946874
0.6046262821  -0.5880106443  -0.3871853264
0.6001677245  -0.5847031041  -0.3917627267
0.5957278165  -0.5813894021  -0.3963250627
0.5913052776  -0.5780672583  -0.4008705970
0.5868995888  -0.5747351141  -0.4053976795
0.5825106565  -0.5713919362  -0.4099047534
0.5781384477  -0.5680368830  -0.4143903546
0.5737829488  -0.5646692650  -0.4188531159
0.5694441690  -0.5612885465  -0.4232917820
0.5651221420  -0.5578943459  -0.4277052191
0.5608169235  -0.5544864313  -0.4320924209
0.5565285886  -0.5510647158  -0.4364525154
0.5522572295  -0.5476292521  -0.4407847727
0.5480029547  -0.5441802264  -0.4450886129
0.5437658852  -0.5407179509  -0.4493636098
0.5395461468  -0.5372428517  -0.4536094798
0.5353438652  -0.5337554581  -0.4578260810
0.5311591739  -0.5302564004  -0.4620134442
0.5269922226  -0.5267464078  -0.4661717971
0.5228431726  -0.5232262976  -0.4703015772
0.5187121855  -0.5196969591  -0.4744034266
0.5145994124  -0.5161593376  -0.4784781859
0.5105050062  -0.5126144335  -0.4825269524
0.5064291456  -0.5090633095  -0.4865511592
0.5023720350  -0.5055070823  -0.4905526143
0.4983338892  -0.5019469176  -0.4945335349
0.4943152227  -0.4983842432  -0.4984977409
0.4903178012  -0.4948212937  -0.5024541344
0.4863427547  -0.4912598714  -0.5064095117
0.4823867082  -0.4876989582  -0.5103588038
0.4784447887  -0.4841363695  -0.5142940852
0.4745159382  -0.4805718892  -0.5182123858
0.4706016451  -0.4770067623  -0.5221132245
0.4667031719  -0.4734422008  -0.5259969273
0.4628210611  -0.4698790534  -0.5298637294
0.4589553858  -0.4663179007  -0.5337137161
0.4551060892  -0.4627592217  -0.5375469779
0.4512731089  -0.4592034593  -0.5413636088
0.4474563804  -0.4556510223  -0.5451637080
0.4436558393  -0.4521022861  -0.5489473787
0.4398714206  -0.4485575929  -0.5527147280
0.4361030590  -0.4450172515  -0.5564658660
0.4323506890  -0.4414815390  -0.5602009045
0.4286142445  -0.4379507018  -0.5639199568
0.4248936590  -0.4344249568  -0.5676231362
0.4211888659  -0.4309044933  -0.5713105554
0.4174997984  -0.4273894750  -0.5749823257
0.4138263894  -0.4238800428  -0.5786385561
0.4101685720  -0.4203763161  -0.5822793527
0.4065262794  -0.4168783932  -0.5859048174
0.4028994444  -0.4133863530  -0.5895150466
0.3992880002  -0.4099002575  -0.5931101304
0.3956918801  -0.4064201561  -0.5966901517
0.3921110176  -0.4029460873  -0.6002551856
0.3885453465  -0.3994780780  -0.6038052976
0.3849948008  -0.3960161434  -0.6073405419
0.3814593143  -0.3925602901  -0.6108609598
0.3779388198  -0.3891104958  -0.6143665722
0.3744332440  -0.3856666086  -0.6178573503
0.3709425052  -0.3822284165  -0.6213332064
0.3674665370  -0.3787961131  -0.6247940903
0.3640053131  -0.3753704056  -0.6282400812
0.3605588244  -0.3719518806  -0.6316713247
0.3571270378  -0.3685406495  -0.6350879349
0.3537098920  -0.3651366260  -0.6384899834
0.3503073202  -0.3617397800  -0.6418775251
0.3469192614  -0.3583501698  -0.6452506123
0.3435456600  -0.3549679036  -0.6486092983
0.3401864628  -0.3515931058  -0.6519536363
0.3368416175  -0.3482259073  -0.6552836791
0.3335110721  -0.3448664441  -0.6585994790
0.3301947751  -0.3415148573  -0.6619010875
0.3268926752  -0.3381712925  -0.6651885559
0.3236047216  -0.3348358993  -0.6684619348
0.3203308635  -0.3315088305  -0.6717212744
0.3170710507  -0.3281902415  -0.6749666244
0.3138252332  -0.3248802897  -0.6781980342
0.3105933611  -0.3215791336  -0.6814155529
0.3073753850  -0.3182869319  -0.6846192290
0.3041712554  -0.3150038430  -0.6878091112
0.3009809234  -0.3117300238  -0.6909852474
0.2978043401  -0.3084656287  -0.6941476858
0.2946414566  -0.3052108087  -0.6972964742
0.2914922244  -0.3019657103  -0.7004316602
0.2883565952  -0.2987304749  -0.7035532916
0.2852345206  -0.2955052378  -0.7066614159
0.2821259524  -0.2922901269  -0.7097560809
0.2790308427  -0.2890852615  -0.7128373343
0.2759491433  -0.2858907503  -0.7159052239
0.2728808064  -0.2827066829  -0.7189597981
0.2698257841  -0.2795331221  -0.7220011058
0.2667840286  -0.2763701203  -0.7250291965
0.2637554922  -0.2732177570  -0.7280441192
0.2607401269  -0.2700761459  -0.7310459221
0.2577378847  -0.2669454082  -0.7340346521
0.2547487175  -0.2638256526  -0.7370103565
0.2517725776  -0.2607169770  -0.7399730828
0.2488094173  -0.2576194735  -0.7429228786
0.2458591889  -0.2545332314  -0.7458597918
0.2429218445  -0.2514583374  -0.7487838703
0.2399973362  -0.2483948758  -0.7516951620
0.2370856163  -0.2453429280  -0.7545937146
0.2341866368  -0.2423025733  -0.7574795764
0.2313003496  -0.2392738880  -0.7603527951
0.2284267068  -0.2362569460  -0.7632134191
0.2255656602  -0.2332518186  -0.7660614964
0.2227171616  -0.2302585608  -0.7688970753
0.2198811627  -0.2272771994  -0.7717202042
0.2170576152  -0.2243077883  -0.7745309315
0.2142464707  -0.2213504515  -0.7773293057
0.2114476809  -0.2184053030  -0.7801153752
0.2086611973  -0.2154723991  -0.7828891887
0.2058869710  -0.2125517815  -0.7856507950
0.2031249534  -0.2096434963  -0.7884002429
0.2003750955  -0.2067475857  -0.7911375814
0.1976373484  -0.2038640882  -0.7938628597
0.1949116629  -0.2009930395  -0.7965761269
0.1921979900  -0.1981344721  -0.7992774325
0.1894962802  -0.1952884159  -0.8019668257
0.1868064842  -0.1924548983  -0.8046443562
0.1841285524  -0.1896339444  -0.8073100736
0.1814624352  -0.1868255773  -0.8099640276
0.1788080829  -0.1840298183  -0.8126062680
0.1761654456  -0.1812466867  -0.8152368449
0.1735344734  -0.1784762002  -0.8178558083
0.1709151162  -0.1757183749  -0.8204632082
0.1683073239  -0.1729732253  -0.8230590950
0.1657110461  -0.1702407645  -0.8256435190
0.1631262326  -0.1675210043  -0.8282165306
0.1605528327  -0.1648139550  -0.8307781804
0.1579907961  -0.1621196257  -0.8333285190
0.1554400719  -0.1594380239  -0.8358675971
0.1529006094  -0.1567691559  -0.8383954656
0.1503723577  -0.1541130264  -0.8409121753
0.1478552659  -0.1514696387  -0.8434177772
0.1453492829  -0.1488389946  -0.8459123223
0.1428543577  -0.1462210942  -0.8483958619
0.1403704389  -0.1436159359  -0.8508684472
0.1378974761  -0.1410236773  -0.8533301410
0.1354354198  -0.1384445235  -0.8557810193
0.1329842172  -0.1358780808  -0.8582211255
0.1305438122  -0.1333238536  -0.8606504720
0.1281141521  -0.1307820275  -0.8630690970
0.1256951876  -0.1282528478  -0.8654770538
0.1232868682  -0.1257363177  -0.8678743904
0.1208891422  -0.1232324364  -0.8702611557
0.1185019582  -0.1207411991  -0.8726373994
0.1161252647  -0.1182625969  -0.8750031724
0.1137590099  -0.1157966173  -0.8773585266
0.1114031422  -0.1133432433  -0.8797035149
0.1090576098  -0.1109024540  -0.8820381914
0.1067223609  -0.1084742243  -0.8843626115
0.1043973435  -0.1060585251  -0.8866768315
0.1020825056  -0.1036553234  -0.8889809091
0.0997777951  -0.1012645826  -0.8912749030
0.0974831599  -0.0988862624  -0.8935588730
0.0951985477  -0.0965203190  -0.8958328800
0.0929239062  -0.0941667055  -0.8980969856
0.0906591830  -0.0918253723  -0.9003512526
0.0884043258  -0.0894962668  -0.9025957444
0.0861592820  -0.0871793340  -0.9048305250
0.0839239991  -0.0848745169  -0.9070556590
0.0816984248  -0.0825817562  -0.9092712113
0.0794825065  -0.0803009912  -0.9114772470
0.0772761916  -0.0780321596  -0.9136738311
0.0750794278  -0.0757751978  -0.9158610285
0.0728921625  -0.0735300413  -0.9180389037
0.0707143434  -0.0712966246  -0.9202075205
0.0685459181  -0.0690748817  -0.9223669417
0.0663868342  -0.0668647465  -0.9245172292
0.0642377381  -0.0646662808  -0.9266893452
0.0620990301  -0.0624794838  -0.9288986552
0.0599688469  -0.0603039497  -0.9310924181
0.0578466076  -0.0581395298  -0.9332843057
0.0557331991  -0.0559863382  -0.9354734224
0.0536285552  -0.0538443111  -0.9376587436
0.0515326135  -0.0517133853  -0.9398391157
0.0494453155  -0.0495934987  -0.9420132563
0.0473666068  -0.0474845897  -0.9441797540
0.0452964377  -0.0453865971  -0.9463370684
0.0432347628  -0.0432994603  -0.9484835302
0.0411815419  -0.0412231187  -0.9506173412
0.0391367396  -0.0391575116  -0.9527365741
0.0371003256  -0.0371025784  -0.9548391730
0.0350722752  -0.0350582580  -0.9569229527
0.0330525688  -0.0330244885  -0.9589855992
0.0310411924  -0.0310012075  -0.9610246697
0.0290381375  -0.0289883517  -0.9630375921
0.0270434011  -0.0269858566  -0.9650216657
0.0250569856  -0.0249936567  -0.9669740608
0.0230788987  -0.0230116852  -0.9688918185
0.0211091535  -0.0210398740  -0.9707718514
0.0191477679  -0.0190781537  -0.9726109428
0.0171947646  -0.0171264537  -0.9744057471
0.0152501707  -0.0151847022  -0.9761527899
0.0133140172  -0.0132528265  -0.9778484679
0.0113863386  -0.0113307530  -0.9794890486
0.0094671724  -0.0094184076  -0.9810706708
0.0075565583  -0.0075157159  -0.9825893442
0.0056545373  -0.0056226035  -0.9840409497
0.0037611513  -0.0037389964  -0.9854212391
0.0018764418  -0.0018648213  -0.9867258355
0.0018754962  -0.0018648091  -0.9867258355
