0.0460354
2.8419875020  -2.7912751473   0.0001124892
2.8419875020  -2.7912751473   0.0001124892
2.8419926367  -2.7912470023   0.0000885643
2.8419804175  -2.7911639149   0.0000321691
2.8419429654  -2.7910283435  -0.0000576736
2.8418721542  -2.7908284036  -0.0001819242
2.8417651471  -2.7905608227  -0.0003415255
2.8416203847  -2.7902242775  -0.0005374034
2.8414367845  -2.7898181465  -0.0007704667
2.8412134818  -2.7893421098  -0.0010416069
2.8409497240  -2.7887959871  -0.0013516984
2.8406448224  -2.7881796620  -0.0017015984
2.8402981266  -2.7874930440  -0.0020921471
2.8399090113  -2.7867360474  -0.0025241674
2.8394768681  -2.7859085796  -0.0029984651
2.8390011008  -2.7850105350  -0.0035158289
2.8384811222  -2.7840417908  -0.0040770301
2.8379163530  -2.7830022055  -0.0046828233
2.8373062198  -2.7818916180  -0.0053339454
2.8366501551  -2.7807098480  -0.0060311167
2.8359475967  -2.7794566963  -0.0067750399
2.8351979873  -2.7781319457  -0.0075664007
2.8344007749  -2.7767353627  -0.0084058678
2.8335554128  -2.7752666982  -0.0092940926
2.8326613595  -2.7737256895  -0.0102317094
2.8317180793  -2.7721120619  -0.0112193351
2.8307250421  -2.7704255303  -0.0122575699
2.8296817242  -2.7686658009  -0.0133469965
2.8285876084  -2.7668325733  -0.0144881806
2.8274421841  -2.7649255419  -0.0156816707
2.8262449462  -2.7629443972  -0.0169279981
2.8249953949  -2.7608888271  -0.0182276771
2.8236930336  -2.7587568848  -0.0195830014
2.8223373970  -2.7565498000  -0.0209928936
2.8209280193  -2.7542692531  -0.0224572957
2.8194644173  -2.7519137320  -0.0239765031
2.8179461302  -2.7494825585  -0.0255508689
2.8163727144  -2.7469752888  -0.0271808127
2.8147437372  -2.7443915485  -0.0288667394
2.8130587764  -2.7417310274  -0.0306090474
2.8113174207  -2.7389934491  -0.0324081266
2.8095192708  -2.7361785660  -0.0342643575
2.8076639390  -2.7332861577  -0.0361781098
2.8057510502  -2.7303160320  -0.0381497418
2.8037802418  -2.7272680259  -0.0401795995
2.8017511644  -2.7241420064  -0.0422680164
2.7996634815  -2.7209378719  -0.0444153130
2.7975168703  -2.7176555533  -0.0466217965
2.7953110220  -2.7142950151  -0.0488877600
2.7930456415  -2.7108562563  -0.0512134830
2.7907204482  -2.7073393115  -0.0535992305
2.7883351761  -2.7037442517  -0.0560452530
2.7858895739  -2.7000711849  -0.0585517862
2.7833834050  -2.6963202572  -0.0611190510
2.7808164483  -2.6924916530  -0.0637472532
2.7781884978  -2.6885855964  -0.0664365843
2.7754993631  -2.6846023508  -0.0691872224
2.7727488695  -2.6805422184  -0.0719993301
2.7699368577  -2.6764055408  -0.0748730536
2.7670631838  -2.6721926983  -0.0778085224
2.7641277198  -2.6679041106  -0.0808058494
2.7611303538  -2.6635402367  -0.0838651311
2.7580709892  -2.6591015745  -0.0869864474
2.7549495453  -2.6545882523  -0.0901698621
2.7517659546  -2.6500007040  -0.0934154219
2.7485201682  -2.6453403443  -0.0967231571
2.7452121587  -2.6406081764  -0.1000930820
2.7418419117  -2.6358046248  -0.1035251950
2.7384094246  -2.6309303060  -0.1070194788
2.7349147111  -2.6259859335  -0.1105759000
2.7313578007  -2.6209722700  -0.1141944100
2.7277387382  -2.6158901193  -0.1178749446
2.7240575839  -2.6107403157  -0.1216174246
2.7203144129  -2.6055237213  -0.1254217558
2.7165093152  -2.6002412257  -0.1292878296
2.7126423956  -2.5948937456  -0.1332155231
2.7087137734  -2.5894822239  -0.1372046992
2.7047235820  -2.5840076277  -0.1412552076
2.7006719690  -2.5784709461  -0.1453668844
2.6965590959  -2.5728731902  -0.1495395531
2.6923851378  -2.5672153914  -0.1537730243
2.6881502830  -2.5614986009  -0.1580670965
2.6838547329  -2.5557238888  -0.1624215563
2.6794987020  -2.5498923429  -0.1668361787
2.6750824171  -2.5440050679  -0.1713107276
2.6706061173  -2.5380631844  -0.1758449560
2.6660700588  -2.5320678375  -0.1804386093
2.6614745694  -2.5260203095  -0.1850914279
2.6568200017  -2.5199219288  -0.1898031446
2.6521066586  -2.5137739172  -0.1945734815
2.6473348309  -2.5075774626  -0.1994021501
2.6425048162  -2.5013337556  -0.2042888517
2.6376169193  -2.4950439894  -0.2092332778
2.6326714518  -2.4887093586  -0.2142351105
2.6276687320  -2.4823310400  -0.2192940225
2.6226090846  -2.4759101840  -0.2244096777
2.6174928406  -2.4694479673  -0.2295817311
2.6123203372  -2.4629456154  -0.2348098293
2.6070919180  -2.4564043551  -0.2400936102
2.6018079323  -2.4498253947  -0.2454327039
2.5964687351  -2.4432099379  -0.2508267327
2.5910746870  -2.4365592046  -0.2562753114
2.5856261542  -2.4298744348  -0.2617780475
2.5801235082  -2.4231567768  -0.2673345420
2.5745671253  -2.4164071734  -0.2729443897
2.5689573856  -2.4096265217  -0.2786071797
2.5632946743  -2.4028159291  -0.2843224949
2.5575793830  -2.3959767001  -0.2900899115
2.5518119096  -2.3891101705  -0.2959089998
2.5459926576  -2.3822176346  -0.3017793264
2.5401220359  -2.3753003476  -0.3077004547
2.5342004581  -2.3683595277  -0.3136719443
2.5282283424  -2.3613963559  -0.3196933500
2.5222061113  -2.3544119746  -0.3257642226
2.5161341916  -2.3474074874  -0.3318841087
2.5100130152  -2.3403839595  -0.3380525509
2.5038430183  -2.3333424187  -0.3442690878
2.4976246459  -2.3262838632  -0.3505332541
2.4913584979  -2.3192095111  -0.3568445795
2.4850452657  -2.3121206909  -0.3632025876
2.4786855147  -2.3050184690  -0.3696067965
2.4722797376  -2.2979037440  -0.3760567202
2.4658284262  -2.2907773754  -0.3825518690
2.4593320731  -2.2836401903  -0.3890917488
2.4527911710  -2.2764929856  -0.3956758623
2.4462062132  -2.2693365324  -0.4023037089
2.4395776937  -2.2621715813  -0.4089747868
2.4329061073  -2.2549988661  -0.4156885934
2.4261919483  -2.2478191019  -0.4224446210
2.4194357090  -2.2406329878  -0.4292423547
2.4126378805  -2.2334412144  -0.4360812729
2.4057989537  -2.2262444707  -0.4429608473
2.3989194195  -2.2190434554  -0.4498805430
2.3919997668  -2.2118389968  -0.4568398072
2.3850404834  -2.2046318940  -0.4638380762
2.3780420703  -2.1974221440  -0.4708748437
2.3710050493  -2.1902092602  -0.4779496791
2.3639299338  -2.1829939518  -0.4850621210
2.3568172034  -2.1757781314  -0.4922116158
2.3496673260  -2.1685634130  -0.4993975775
2.3424807952  -2.1613507637  -0.5066194405
2.3352581702  -2.1541411142  -0.5138766557
2.3280000284  -2.1469353811  -0.5211686761
2.3207069120  -2.1397342994  -0.5284949563
2.3133793544  -2.1325385632  -0.5358549547
2.3060178888  -2.1253488595  -0.5432481343
2.2986230483  -2.1181658690  -0.5506739633
2.2911953656  -2.1109902671  -0.5581319159
2.2837353732  -2.1038227244  -0.5656214750
2.2762436055  -2.0966639090  -0.5731421386
2.2687205968  -2.0895144855  -0.5806934172
2.2611668766  -2.0823751073  -0.5882748223
2.2535829670  -2.0752464122  -0.5958858645
2.2459693859  -2.0681290239  -0.6035260552
2.2383266489  -2.0610235536  -0.6111949074
2.2306552732  -2.0539306038  -0.6188919486
2.2229557803  -2.0468507712  -0.6266167268
2.2152286978  -2.0397846600  -0.6343687842
2.2074746593  -2.0327331300  -0.6421476353
2.1996942606  -2.0256969981  -0.6499527868
2.1918879138  -2.0186766820  -0.6577837531
2.1840559653  -2.0116724410  -0.6656400115
2.1761987250  -2.0046844489  -0.6735209731
2.1683164608  -1.9977127737  -0.6814259389
2.1604093532  -1.9907572344  -0.6893539246
2.1524768887  -1.9838166786  -0.6973016743
2.1445192145  -1.9768909799  -0.7052685760
2.1365397571  -1.9699845283  -0.7132617556
2.1285416172  -1.9631017354  -0.7212862999
2.1205234928  -1.9562414710  -0.7293411095
2.1124829706  -1.9494005027  -0.7374244850
2.1044196693  -1.9425776178  -0.7455352920
2.0963343168  -1.9357728852  -0.7536724215
2.0882274360  -1.9289859624  -0.7618347240
2.0800992862  -1.9222160172  -0.7700210141
2.0719501204  -1.9154621114  -0.7782300752
2.0637801882  -1.9087232193  -0.7864606647
2.0555897342  -1.9019982365  -0.7947115171
2.0473789959  -1.8952859870  -0.8029813488
2.0391482010  -1.8885852303  -0.8112688613
2.0308977076  -1.8818948862  -0.8195727454
2.0226283216  -1.8752144893  -0.8278916837
2.0143407477  -1.8685433372  -0.8362243551
2.0060352298  -1.8618799867  -0.8445694374
1.9977119328  -1.8552228733  -0.8529256114
1.9893709676  -1.8485703760  -0.8612915639
1.9810124389  -1.8419209082  -0.8696659904
1.9726371682  -1.8352739017  -0.8780475975
1.9642459105  -1.8286287160  -0.8864351057
1.9558382336  -1.8219831704  -0.8948272497
1.9474130499  -1.8153343872  -0.9032227810
1.9389701443  -1.8086807505  -0.9116204739
1.9305092286  -1.8020206665  -0.9200191316
1.9220275795  -1.7953498063  -0.9284175902
1.9135217791  -1.7886634162  -0.9368147234
1.9049844659  -1.7819528390  -0.9452094502
1.8963986175  -1.7751989873  -0.9536007682
1.8876283956  -1.7682655377  -0.9619877523
1.8788881990  -1.7613708857  -0.9703693984
1.8704509845  -1.7547903369  -0.9787445413
1.8621513248  -1.7483545180  -0.9871120633
1.8538725921  -1.7419403389  -0.9954710584
1.8456033403  -1.7355313754  -1.0038207551
1.8373431367  -1.7291247650  -1.0121604273
1.8290916934  -1.7227187372  -1.0204893976
1.8208487308  -1.7163117028  -1.0288070558
1.8126139887  -1.7099021976  -1.0371128645
1.8043872237  -1.7034888856  -1.0454063605
1.7961682072  -1.6970705600  -1.0536871572
1.7879567243  -1.6906461445  -1.0619549476
1.7797525732  -1.6842146926  -1.0702095070
1.7715555629  -1.6777753871  -1.0784506931
1.7633655084  -1.6713275356  -1.0866784374
1.7551822267  -1.6648705674  -1.0948927433
1.7470055430  -1.6584040315  -1.1030936983
1.7388352952  -1.6519275958  -1.1112814831
1.7306713308  -1.6454410431  -1.1194563730
1.7225135032  -1.6389442648  -1.1276187408
1.7143616646  -1.6324372522  -1.1357690454
1.7062156590  -1.6259200866  -1.1439078236
1.6980753336  -1.6193929367  -1.1520357181
1.6899405537  -1.6128560569  -1.1601535078
1.6818111949  -1.6063097805  -1.1682620991
1.6736871251  -1.5997545090  -1.1763625168
1.6655682201  -1.5931907116  -1.1844559609
1.6574543903  -1.5866189323  -1.1925438616
1.6493455975  -1.5800398056  -1.2006279665
1.6412419292  -1.5734541718  -1.2087106027
1.6331444379  -1.5668633765  -1.2167971362
1.6250536096  -1.5602684108  -1.2248911028
1.6169657319  -1.5536682287  -1.2329874419
1.6088764379  -1.5470608793  -1.2410811253
1.6007859168  -1.5404458211  -1.2491723630
1.5926960432  -1.5338234943  -1.2572620192
1.5846072880  -1.5271941493  -1.2653504579
1.5765194203  -1.5205577851  -1.2734379876
1.5684321476  -1.5139143252  -1.2815249213
1.5603451768  -1.5072636657  -1.2896115761
1.5522582139  -1.5006056813  -1.2976982729
1.5441709643  -1.4939402238  -1.3057853363
1.5360831323  -1.4872671221  -1.3138730939
1.5279944212  -1.4805861825  -1.3219618758
1.5199045331  -1.4738971887  -1.3300520141
1.5118131690  -1.4671999014  -1.3381438427
1.5037200287  -1.4604940566  -1.3462376965
1.4956248107  -1.4537793684  -1.3543339115
1.4875272125  -1.4470555333  -1.3624328236
1.4794269299  -1.4403222325  -1.3705347681
1.4713236571  -1.4335791323  -1.3786400792
1.4632170872  -1.4268258834  -1.3867490894
1.4551069117  -1.4200621186  -1.3948621288
1.4469928209  -1.4132874565  -1.4029795253
1.4388745038  -1.4065015115  -1.4111016032
1.4307516473  -1.3997038996  -1.4192286820
1.4226239367  -1.3928942332  -1.4273610764
1.4144910560  -1.3860721225  -1.4354990951
1.4063526869  -1.3792371908  -1.4436430397
1.3982085091  -1.3723890898  -1.4517932019
1.3900581985  -1.3655275307  -1.4599498601
1.3819014214  -1.3586525553  -1.4681132575
1.3737378314  -1.3517643681  -1.4762835974
1.3655671059  -1.3448618803  -1.4844611319
1.3573889831  -1.3379425652  -1.4926462356
1.3492032145  -1.3310047784  -1.5008393169
1.3410094956  -1.3240484970  -1.5090407272
1.3328074798  -1.3170738491  -1.5172507843
1.3245968257  -1.3100804846  -1.5254698093
1.3163772052  -1.3030678862  -1.5336981282
1.3081482927  -1.2960355339  -1.5419360689
1.2999097616  -1.2889829180  -1.5501839608
1.2916612833  -1.2819095394  -1.5584421349
1.2834025274  -1.2748149087  -1.5667109238
1.2751331620  -1.2676985440  -1.5749906617
1.2668528530  -1.2605599640  -1.5832816850
1.2585612646  -1.2533986923  -1.5915843317
1.2502580588  -1.2462142814  -1.5998989414
1.2419428956  -1.2390063183  -1.6082258556
1.2336154325  -1.2317743891  -1.6165654174
1.2252753254  -1.2245180526  -1.6249179722
1.2169222281  -1.2172368525  -1.6332838679
1.2085557921  -1.2099303304  -1.6416634547
1.2001756669  -1.2025980244  -1.6500570852
1.1917814993  -1.1952394663  -1.6584651143
1.1833729338  -1.1878541781  -1.6668878995
1.1749496127  -1.1804416697  -1.6753258010
1.1665111756  -1.1730014356  -1.6837791815
1.1580572597  -1.1655329517  -1.6922484065
1.1495874996  -1.1580356722  -1.7007338444
1.1411015274  -1.1505090226  -1.7092358664
1.1325989724  -1.1429523916  -1.7177548469
1.1240794618  -1.1353651001  -1.7262911636
1.1155426199  -1.1277463673  -1.7348451979
1.1069880685  -1.1200953944  -1.7434173351
1.0984154259  -1.1124115406  -1.7520079621
1.0898243062  -1.1046943244  -1.7606174671
1.0812143204  -1.0969432468  -1.7692462403
1.0725850770  -1.0891577150  -1.7778946755
1.0639361827  -1.0813370963  -1.7865631699
1.0552672409  -1.0734807569  -1.7952521244
1.0465778522  -1.0655880593  -1.8039619425
1.0378676137  -1.0576583584  -1.8126930312
1.0291361197  -1.0496909993  -1.8214458003
1.0203829614  -1.0416853171  -1.8302206631
1.0116077268  -1.0336406362  -1.8390180359
1.0028100027  -1.0255554175  -1.8478383403
0.9939893772  -1.0174263675  -1.8566820069
0.9851454331  -1.0092519593  -1.8655494698
0.9762777367  -1.0010355151  -1.8744411491
0.9673858452  -0.9927801924  -1.8833574553
0.9584693238  -0.9844854218  -1.8922988118
0.9495277460  -0.9761497445  -1.9012656576
0.9405606824  -0.9677721879  -1.9102584372
0.9315676977  -0.9593517252  -1.9192775985
0.9225483526  -0.9508872269  -1.9283235941
0.9135022051  -0.9423774740  -1.9373968810
0.9044288103  -0.9338211697  -1.9464979202
0.8953277207  -0.9252169534  -1.9556271760
0.8861984861  -0.9165634144  -1.9647851161
0.8770406538  -0.9078591057  -1.9739722104
0.8678537684  -0.8991025586  -1.9831889306
0.8586373721  -0.8902922968  -1.9924357497
0.8493910050  -0.8814268507  -2.0017131414
0.8401142052  -0.8725047710  -2.0110215792
0.8308065088  -0.8635246420  -2.0203615363
0.8214674506  -0.8544850937  -2.0297334847
0.8120965641  -0.8453848121  -2.0391378951
0.8026933821  -0.8362225505  -2.0485752363
0.7932574369  -0.8269971396  -2.0580459751
0.7837882607  -0.8177074976  -2.0675505757
0.7742853862  -0.8083526370  -2.0770894997
0.7647483469  -0.7989316709  -2.0866632058
0.7551766778  -0.7894438179  -2.0962721496
0.7455699161  -0.7798884052  -2.1059167834
0.7359276011  -0.7702648712  -2.1155975560
0.7262492759  -0.7605727656  -2.1253149126
0.7165344869  -0.7508117498  -2.1350692942
0.7067828971  -0.7409960912  -2.1448616485
0.6969943728  -0.7311461361  -2.1546935136
0.6871683907  -0.7212289707  -2.1645649576
0.6773037397  -0.7111984823  -2.1744746727
0.6673996343  -0.7010691712  -2.1844224587
0.6574560276  -0.6908637467  -2.1944087827
0.6474727748  -0.6805841016  -2.2044338596
0.6374495389  -0.6702321988  -2.2144979283
0.6273860041  -0.6598100730  -2.2246012551
0.6172818740  -0.6493197854  -2.2347441352
0.6071368694  -0.6387633834  -2.2449268950
0.5969507264  -0.6281428622  -2.2551498919
0.5867231943  -0.6174601292  -2.2654135150
0.5764540342  -0.6067169726  -2.2757181835
0.5661430179  -0.5959150327  -2.2860643454
0.5557899267  -0.5850557782  -2.2964524740
0.5453945517  -0.5741404853  -2.3068830645
0.5349566942  -0.5631702231  -2.3173566290
0.5244761669  -0.5521458417  -2.3278736909
0.5139527963  -0.5410679665  -2.3384347779
0.5033864250  -0.5299369969  -2.3490404145
0.4927769156  -0.5187531096  -2.3596911136
0.4821241542  -0.5075162680  -2.3703873667
0.4714280555  -0.4962262357  -2.3811296347
0.4606885675  -0.4848825964  -2.3919183371
0.4499056768  -0.4734847782  -2.4027538410
0.4390794138  -0.4620320839  -2.4136364507
0.4282098583  -0.4505237255  -2.4245663965
0.4172971447  -0.4389588656  -2.4355438238
0.4063414667  -0.4273366617  -2.4465687836
0.3953430818  -0.4156563166  -2.4576412222
0.3843023129  -0.4039172399  -2.4687609711
0.3732505918  -0.3921434810  -2.4801211422
0.3622089968  -0.3803509204  -2.4918174515
0.3510977019  -0.3684738605  -2.5035189894
0.3398933210  -0.3564934179  -2.5153100599
0.3286379940  -0.3444447958  -2.5271838372
0.3173316947  -0.3323288081  -2.5391325954
0.3059746875  -0.3201471498  -2.5511477087
0.2945675001  -0.3079023082  -2.5632196512
0.2831109353  -0.2955976032  -2.5753379974
0.2716060807  -0.2832372123  -2.5874914213
0.2600543163  -0.2708261771  -2.5996676974
0.2484573194  -0.2583703877  -2.6118536999
0.2368170658  -0.2458765446  -2.6240354032
0.2251358279  -0.2333520939  -2.6361978818
0.2134161692  -0.2208051356  -2.6483253100
0.2016609339  -0.2082443053  -2.6604009623
0.1898732334  -0.1956786287  -2.6724072132
0.1780564272  -0.1831173525  -2.6843255371
0.1662141008  -0.1705697537  -2.6961365087
0.1543500390  -0.1580449351  -2.7078198025
0.1424681956  -0.1455516104  -2.7193541930
0.1305726601  -0.1330978913  -2.7307175550
0.1186676227  -0.1206910827  -2.7418868631
0.1067573368  -0.1083374998  -2.7528381920
0.0948460823  -0.0960423174  -2.7635467164
0.0829381292  -0.0838094628  -2.7739867111
0.0710377037  -0.0716415645  -2.7841315507
0.0591489571  -0.0595399650  -2.7939537103
0.0472759407  -0.0475048050  -2.8034247645
0.0354225861  -0.0355351834  -2.8125153883
0.0235926938  -0.0236293895  -2.8211953565
0.0117899306  -0.0117852020  -2.8294335441
0.0117524192  -0.0117847536  -2.8294335441
