0.0943442
2.0580728106  -2.1948028977   0.0000711503
2.0580728106  -2.1948028977   0.0000711503
2.0580775885  -2.1947935669   0.0000578564
2.0580718445  -2.1947516172   0.0000250673
2.0580504965  -2.1946760322  -0.0000277724
2.0580091092  -2.1945603030  -0.0001012119
2.0579460782  -2.1944024247  -0.0001957945
2.0578605056  -2.1942014654  -0.0003120573
2.0577517586  -2.1939568853  -0.0004505311
2.0576193244  -2.1936683156  -0.0006117408
2.0574627510  -2.1933354674  -0.0007962049
2.0572816207  -2.1929580900  -0.0010044359
2.0570755347  -2.1925359488  -0.0012369402
2.0568441063  -2.1920688131  -0.0014942180
2.0565869560  -2.1915564496  -0.0017767633
2.0563037085  -2.1909986182  -0.0020850641
2.0559939915  -2.1903950695  -0.0024196022
2.0556574340  -2.1897455432  -0.0027808531
2.0552936658  -2.1890497679  -0.0031692864
2.0549023173  -2.1883074599  -0.0035853655
2.0544830187  -2.1875183240  -0.0040295476
2.0540354002  -2.1866820530  -0.0045022837
2.0535590915  -2.1857983283  -0.0050040187
2.0530537222  -2.1848668200  -0.0055351916
2.0525189215  -2.1838871880  -0.0060962349
2.0519543187  -2.1828590821  -0.0066875751
2.0513595426  -2.1817821427  -0.0073096327
2.0507342222  -2.1806560016  -0.0079628218
2.0500779865  -2.1794802825  -0.0086475505
2.0493904645  -2.1782546019  -0.0093642209
2.0486712856  -2.1769785697  -0.0101132286
2.0479200796  -2.1756517902  -0.0108949635
2.0471364660  -2.1742729430  -0.0117109186
2.0463200900  -2.1728424643  -0.0125604957
2.0454705973  -2.1713610819  -0.0134437317
2.0445876073  -2.1698277176  -0.0143609188
2.0436707481  -2.1682417168  -0.0153123765
2.0427196541  -2.1666025770  -0.0162984606
2.0417339617  -2.1649098281  -0.0173195236
2.0407133093  -2.1631630260  -0.0183759187
2.0396573375  -2.1613617378  -0.0194679987
2.0385656888  -2.1595055397  -0.0205961153
2.0374380083  -2.1575940164  -0.0217606187
2.0362739436  -2.1556267621  -0.0229618565
2.0350731449  -2.1536033806  -0.0242001733
2.0338352654  -2.1515234860  -0.0254759112
2.0325599613  -2.1493867039  -0.0267894096
2.0312468920  -2.1471926726  -0.0281410047
2.0298957205  -2.1449410444  -0.0295310293
2.0285061133  -2.1426314861  -0.0309598128
2.0270777405  -2.1402636791  -0.0324276809
2.0256102763  -2.1378373202  -0.0339349553
2.0241033988  -2.1353521222  -0.0354819537
2.0225567907  -2.1328078154  -0.0370689896
2.0209701388  -2.1302041473  -0.0386963718
2.0193431345  -2.1275408834  -0.0403644048
2.0176754708  -2.1248178053  -0.0420733878
2.0159668420  -2.1220347117  -0.0438236142
2.0142169500  -2.1191914237  -0.0456153720
2.0124255051  -2.1162877852  -0.0474489439
2.0105922229  -2.1133236601  -0.0493246076
2.0087168251  -2.1102989331  -0.0512426354
2.0067990390  -2.1072135104  -0.0532032941
2.0048385978  -2.1040670812  -0.0552068453
2.0028352395  -2.1008595098  -0.0572535445
2.0007887092  -2.0975912423  -0.0593436409
1.9986987610  -2.0942624918  -0.0614773777
1.9965651550  -2.0908731219  -0.0636549925
1.9943876557  -2.0874231076  -0.0658767165
1.9921660345  -2.0839124898  -0.0681427742
1.9899000695  -2.0803413418  -0.0704533832
1.9875895455  -2.0767097645  -0.0728087530
1.9852342544  -2.0730178799  -0.0752090860
1.9828339947  -2.0692658301  -0.0776545766
1.9803885649  -2.0654537742  -0.0801454119
1.9778977575  -2.0615818883  -0.0826817716
1.9753613772  -2.0576503775  -0.0852638279
1.9727792481  -2.0536594776  -0.0878917460
1.9701512022  -2.0496094449  -0.0905656844
1.9674770793  -2.0455005547  -0.0932857975
1.9647567273  -2.0413330996  -0.0960522358
1.9619900017  -2.0371073898  -0.0988651425
1.9591767650  -2.0328237545  -0.1017246518
1.9563168871  -2.0284825441  -0.1046308897
1.9534102454  -2.0240841317  -0.1075839744
1.9504567249  -2.0196289131  -0.1105840166
1.9474562184  -2.0151173099  -0.1136311194
1.9444086258  -2.0105497685  -0.1167253793
1.9413138365  -2.0059267465  -0.1198668881
1.9381717252  -2.0012487064  -0.1230557353
1.9349821906  -1.9965161397  -0.1262920076
1.9317451586  -1.9917295730  -0.1295757865
1.9284605631  -1.9868895585  -0.1329071481
1.9251283456  -1.9819966678  -0.1362861635
1.9217484552  -1.9770514750  -0.1397128985
1.9183208484  -1.9720545520  -0.1431874143
1.9148454888  -1.9670065042  -0.1467097670
1.9113223472  -1.9619079864  -0.1502800082
1.9077514015  -1.9567596765  -0.1538981848
1.9041326363  -1.9515622651  -0.1575643383
1.9004660440  -1.9463164866  -0.1612785049
1.8967516073  -1.9410231231  -0.1650407152
1.8929892898  -1.9356829748  -0.1688509941
1.8891790515  -1.9302967061  -0.1727093610
1.8853208531  -1.9248646757  -0.1766158261
1.8814146546  -1.9193871770  -0.1805703918
1.8774604187  -1.9138648405  -0.1845730617
1.8734581139  -1.9082986240  -0.1886238445
1.8694077136  -1.9026895610  -0.1927227526
1.8653091942  -1.8970386501  -0.1968698004
1.8611625687  -1.8913469005  -0.2010650028
1.8569679754  -1.8856154472  -0.2053083658
1.8527255285  -1.8798453650  -0.2095998751
1.8484352166  -1.8740375341  -0.2139394934
1.8440970127  -1.8681927707  -0.2183271627
1.8397108884  -1.8623118474  -0.2227628061
1.8352768147  -1.8563954946  -0.2272463283
1.8307947645  -1.8504444054  -0.2317776261
1.8262647154  -1.8444592413  -0.2363566015
1.8216866518  -1.8384406397  -0.2409831586
1.8170606672  -1.8323893470  -0.2456571959
1.8123869529  -1.8263062021  -0.2503786058
1.8076656500  -1.8201919498  -0.2551472750
1.8028968606  -1.8140472522  -0.2599630840
1.7980806931  -1.8078727562  -0.2648259078
1.7932172629  -1.8016691156  -0.2697356166
1.7883066937  -1.7954369963  -0.2746920764
1.7833491159  -1.7891770610  -0.2796951479
1.7783446759  -1.7828899897  -0.2847446853
1.7732935436  -1.7765765100  -0.2898405375
1.7681958870  -1.7702373408  -0.2949825467
1.7630518621  -1.7638731734  -0.3001705458
1.7578616294  -1.7574847116  -0.3054043565
1.7526253515  -1.7510726693  -0.3106837736
1.7473431945  -1.7446377858  -0.3160085729
1.7420153232  -1.7381807874  -0.3213786142
1.7366417206  -1.7317022105  -0.3267938742
1.7312225048  -1.7252028768  -0.3322542876
1.7257581739  -1.7186841941  -0.3377596485
1.7202493275  -1.7121476674  -0.3433096854
1.7146966253  -1.7055947350  -0.3489041265
1.7091007862  -1.6990268530  -0.3545427043
1.7034625007  -1.6924454890  -0.3602251469
1.6977820629  -1.6858517901  -0.3659511742
1.6920593498  -1.6792464555  -0.3717205041
1.6862941440  -1.6726300204  -0.3775328563
1.6804861894  -1.6660029876  -0.3833879512
1.6746351893  -1.6593658302  -0.3892855113
1.6687408250  -1.6527190134  -0.3952252608
1.6628032697  -1.6460635951  -0.4012069228
1.6568231269  -1.6394011330  -0.4072302236
1.6508007870  -1.6327329145  -0.4132948944
1.6447364829  -1.6260600284  -0.4194006656
1.6386304528  -1.6193835588  -0.4255472828
1.6324829349  -1.6127045810  -0.4317344320
1.6262941758  -1.6060242132  -0.4379615909
1.6200644299  -1.5993435601  -0.4442282746
1.6137940120  -1.5926637220  -0.4505342942
1.6074832705  -1.5859858232  -0.4568795079
1.6011324816  -1.5793108959  -0.4632636849
1.5947419510  -1.5726400269  -0.4696865605
1.5883120134  -1.5659742993  -0.4761478043
1.5818429237  -1.5593145775  -0.4826469683
1.5753348612  -1.5526615255  -0.4891833672
1.5687878921  -1.5460154709  -0.4957557242
1.5622010525  -1.5393754447  -0.5023583819
1.5555743124  -1.5327417434  -0.5089902849
1.5489127001  -1.5261209498  -0.5156646565
1.5422210225  -1.5195201486  -0.5223914078
1.5354975368  -1.5129390423  -0.5291693389
1.5287386654  -1.5063741231  -0.5359960656
1.5219431965  -1.4998235657  -0.5428701631
1.5151111434  -1.4932867125  -0.5497902246
1.5082427490  -1.4867631018  -0.5567547349
1.5013382099  -1.4802520146  -0.5637620816
1.4943976580  -1.4737524543  -0.5708105750
1.4874213677  -1.4672635176  -0.5778984607
1.4804096265  -1.4607841608  -0.5850239277
1.4733626667  -1.4543130955  -0.5921851178
1.4662808308  -1.4478491236  -0.5993801348
1.4591642967  -1.4413907435  -0.6066070436
1.4520131846  -1.4349362997  -0.6138638628
1.4448278024  -1.4284842889  -0.6211485708
1.4376084745  -1.4220331280  -0.6284591194
1.4303554548  -1.4155811448  -0.6357934400
1.4230699784  -1.4091275870  -0.6431494489
1.4157481059  -1.4026664796  -0.6505250548
1.4083800377  -1.3961858964  -0.6579181647
1.4009708799  -1.3896890670  -0.6653266851
1.3935295245  -1.3831832778  -0.6727485214
1.3860548485  -1.3766656267  -0.6801815868
1.3785458643  -1.3701332398  -0.6876238097
1.3710006555  -1.3635823460  -0.6950731383
1.3634156624  -1.3570076093  -0.7025275468
1.3557841258  -1.3504005825  -0.7099850453
1.3480921938  -1.3437458169  -0.7174436912
1.3403053525  -1.3370066362  -0.7249016472
1.3321638578  -1.3299239060  -0.7323571808
1.3240501793  -1.3228862305  -0.7398084083
1.3164690777  -1.3163983666  -0.7472531486
1.3091323496  -1.3101636258  -0.7546892549
1.3018315862  -1.3039653802  -0.7621148865
1.2945451505  -1.2977761361  -0.7695284018
1.2872725088  -1.2915921844  -0.7769282343
1.2800134463  -1.2854111724  -0.7843128916
1.2727677598  -1.2792309799  -0.7916809721
1.2655352724  -1.2730496581  -0.7990311736
1.2583158347  -1.2668654370  -0.8063622974
1.2511093218  -1.2606767287  -0.8136732503
1.2439156335  -1.2544821284  -0.8209630516
1.2367346930  -1.2482804148  -0.8282308364
1.2295664461  -1.2420705499  -0.8354758621
1.2224108612  -1.2358516755  -0.8426975166
1.2152679272  -1.2296231084  -0.8498953206
1.2081376483  -1.2233843381  -0.8570689286
1.2010200434  -1.2171350241  -0.8642181356
1.1939151388  -1.2108749901  -0.8713428640
1.1868229928  -1.2046042311  -0.8784432521
1.1797437740  -1.1983229325  -0.8855198552
1.1726776848  -1.1920314401  -0.8925734426
1.1656247647  -1.1857301874  -0.8996047026
1.1585849640  -1.1794196901  -0.9066144442
1.1515583171  -1.1731005796  -0.9136037441
1.1445449177  -1.1667736000  -0.9205739175
1.1375448788  -1.1604395937  -0.9275265746
1.1305583585  -1.1540995040  -0.9344637162
1.1235856123  -1.1477543996  -0.9413879326
1.1166271472  -1.1414056372  -0.9483029302
1.1096852526  -1.1350552326  -0.9552182332
1.1027613388  -1.1287048262  -0.9621403706
1.0958494311  -1.1223536504  -0.9690601830
1.0889422122  -1.1159997575  -0.9759682454
1.0820401927  -1.1096427014  -0.9828644972
1.0751468817  -1.1032831751  -0.9897501101
1.0682634320  -1.0969217217  -0.9966253765
1.0613897920  -1.0905586269  -1.0034904809
1.0545257986  -1.0841940935  -1.0103456121
1.0476712891  -1.0778282886  -1.0171909652
1.0408261019  -1.0714613470  -1.0240267402
1.0339900760  -1.0650933716  -1.0308531418
1.0271630512  -1.0587244317  -1.0376703785
1.0203448676  -1.0523545639  -1.0444786620
1.0135353658  -1.0459837726  -1.0512782063
1.0067343865  -1.0396120305  -1.0580692268
0.9999417709  -1.0332392807  -1.0648519390
0.9931573604  -1.0268654376  -1.0716265579
0.9863809968  -1.0204903876  -1.0783932970
0.9796125222  -1.0141139908  -1.0851523671
0.9728517792  -1.0077360847  -1.0919039748
0.9660986102  -1.0013565018  -1.0986483199
0.9593528567  -0.9949750724  -1.1053855910
0.9526143606  -0.9885915937  -1.1121159686
0.9458829667  -0.9822058165  -1.1188396271
0.9391585224  -0.9758174771  -1.1255567330
0.9324408755  -0.9694263179  -1.1322674414
0.9257298737  -0.9630320832  -1.1389718941
0.9190253653  -0.9566345215  -1.1456702174
0.9123271981  -0.9502333967  -1.1523625185
0.9056352185  -0.9438285138  -1.1590488774
0.8989492599  -0.9374198988  -1.1657293076
0.8922691385  -0.9310076981  -1.1724037426
0.8855947098  -0.9245912736  -1.1790721925
0.8789259290  -0.9181691224  -1.1857348745
0.8722627788  -0.9117402833  -1.1923920647
0.8656051601  -0.9053047589  -1.1990439379
0.8589529123  -0.8988626414  -1.2056906065
0.8523058862  -0.8924137599  -1.2123321834
0.8456639575  -0.8859578658  -1.2189687850
0.8390270104  -0.8794947240  -1.2256005261
0.8323949322  -0.8730241204  -1.2322275189
0.8257676120  -0.8665458615  -1.2388498732
0.8191449410  -0.8600597747  -1.2454676963
0.8125268129  -0.8535657082  -1.2520810929
0.8059131231  -0.8470635296  -1.2586901653
0.7993037697  -0.8405531258  -1.2652950130
0.7926986528  -0.8340344040  -1.2718957333
0.7860976748  -0.8275072905  -1.2784924205
0.7795007405  -0.8209717262  -1.2850851665
0.7729077569  -0.8144276638  -1.2916740605
0.7663186336  -0.8078750663  -1.2982591894
0.7597332824  -0.8013139045  -1.3048406372
0.7531516179  -0.7947441514  -1.3114184856
0.7465735569  -0.7881657794  -1.3179928139
0.7399990189  -0.7815787633  -1.3245636987
0.7334279258  -0.7749830791  -1.3311312141
0.7268602023  -0.7683786997  -1.3376954318
0.7202957754  -0.7617655901  -1.3442564208
0.7137345751  -0.7551437030  -1.3508142480
0.7071765341  -0.7485129739  -1.3573689775
0.7006215877  -0.7418733123  -1.3639206715
0.6940696742  -0.7352245696  -1.3704693900
0.6875207351  -0.7285665034  -1.3770151919
0.6809747148  -0.7218988601  -1.3835581342
0.6744315599  -0.7152215503  -1.3900982699
0.6678912186  -0.7085346522  -1.3966356459
0.6613536418  -0.7018382429  -1.4031703047
0.6548187840  -0.6951323273  -1.4097022865
0.6482866039  -0.6884168876  -1.4162316293
0.6417570635  -0.6816919175  -1.4227583680
0.6352301276  -0.6749574214  -1.4292825345
0.6287057642  -0.6682134119  -1.4358041570
0.6221839446  -0.6614599097  -1.4423232605
0.6156646433  -0.6546969439  -1.4488398666
0.6091478385  -0.6479245522  -1.4553539933
0.6026335117  -0.6411425694  -1.4618656555
0.5961216481  -0.6343504169  -1.4683748655
0.5896122367  -0.6275479783  -1.4748816317
0.5831052690  -0.6207363252  -1.4813859559
0.5766007401  -0.6139164732  -1.4878878343
0.5700986492  -0.6070885498  -1.4943872610
0.5635990007  -0.6002524933  -1.5008842284
0.5571018027  -0.5934083648  -1.5073787247
0.5506070670  -0.5865562201  -1.5138707347
0.5441148091  -0.5796961072  -1.5203602389
0.5376250485  -0.5728280695  -1.5268472141
0.5311378089  -0.5659521499  -1.5333316330
0.5246531180  -0.5590683951  -1.5398134639
0.5181710077  -0.5521768590  -1.5462926712
0.5116915140  -0.5452776069  -1.5527692146
0.5052146776  -0.5383707188  -1.5592430495
0.4987405429  -0.5314562937  -1.5657141265
0.4922691592  -0.5245344520  -1.5721823918
0.4858005800  -0.5176053396  -1.5786477864
0.4793348633  -0.5106691299  -1.5851102467
0.4728720716  -0.5037260265  -1.5915697042
0.4664122720  -0.4967762642  -1.5980260851
0.4599555363  -0.4898201116  -1.6044793111
0.4535019409  -0.4828578720  -1.6109292987
0.4470515669  -0.4758898855  -1.6173759594
0.4406045000  -0.4689165290  -1.6238191998
0.4341608308  -0.4619382167  -1.6302589214
0.4277206545  -0.4549553997  -1.6366950211
0.4212840711  -0.4479685660  -1.6431273906
0.4148511853  -0.4409782392  -1.6495559170
0.4084221067  -0.4339849775  -1.6559804828
0.4019969496  -0.4269893721  -1.6624009657
0.3955758545  -0.4199951983  -1.6688173576
0.3891589967  -0.4130073998  -1.6752297817
0.3827464779  -0.4060192637  -1.6816380155
0.3763383026  -0.3990216588  -1.6880415176
0.3699345644  -0.3920188300  -1.6944400046
0.3635354678  -0.3850165452  -1.7008333462
0.3571411971  -0.3780159355  -1.7072213524
0.3507519115  -0.3710181228  -1.7136038379
0.3443677751  -0.3640242255  -1.7199806231
0.3379889565  -0.3570353492  -1.7263515348
0.3316156281  -0.3500525792  -1.7327164075
0.3252479658  -0.3430769734  -1.7390750831
0.3188861481  -0.3361095564  -1.7454274121
0.3125303558  -0.3291513148  -1.7517732537
0.3061807713  -0.3222031929  -1.7581124759
0.2998375785  -0.3152660906  -1.7644449557
0.2935009619  -0.3083408606  -1.7707705788
0.2871711067  -0.3014283079  -1.7770892397
0.2808481983  -0.2945291896  -1.7834008409
0.2745324221  -0.2876442152  -1.7897052927
0.2682239635  -0.2807740485  -1.7960025127
0.2619230077  -0.2739193091  -1.8022924244
0.2556297396  -0.2670805757  -1.8085749567
0.2493443439  -0.2602583889  -1.8148500430
0.2430670049  -0.2534532553  -1.8211176194
0.2367979065  -0.2466656510  -1.8273776239
0.2305372324  -0.2398960265  -1.8336299948
0.2242851655  -0.2331448109  -1.8398746691
0.2180418884  -0.2264124170  -1.8461115809
0.2118075828  -0.2196992454  -1.8523406597
0.2055824293  -0.2130056896  -1.8585618283
0.1993666071  -0.2063321525  -1.8647750009
0.1931674932  -0.1996826254  -1.8710755837
0.1869899076  -0.1930595502  -1.8775108379
0.1808153399  -0.1864537960  -1.8839172654
0.1746385259  -0.1798632836  -1.8903368241
0.1684693224  -0.1732934958  -1.8967664022
0.1623077544  -0.1667449156  -1.9032024837
0.1561538833  -0.1602180746  -1.9096411484
0.1500078077  -0.1537135443  -1.9160780716
0.1438696642  -0.1472319330  -1.9225085246
0.1377396298  -0.1407738808  -1.9289273744
0.1316179218  -0.1343400527  -1.9353290838
0.1255047997  -0.1279311322  -1.9417077112
0.1194005655  -0.1215478117  -1.9480569109
0.1133055642  -0.1151907841  -1.9543699328
0.1072201839  -0.1088607317  -1.9606396229
0.1011448563  -0.1025583158  -1.9668584224
0.0950800554  -0.0962841658  -1.9730183689
0.0890262978  -0.0900388675  -1.9791110952
0.0829841413  -0.0838229528  -1.9851278302
0.0769541836  -0.0776368894  -1.9910593983
0.0709370606  -0.0714810719  -1.9968962200
0.0649334446  -0.0653558140  -2.0026283112
0.0589440420  -0.0592613431  -2.0082452838
0.0529695898  -0.0531977971  -2.0137363453
0.0470108531  -0.0471652231  -2.0190902991
0.0410686211  -0.0411635800  -2.0242955441
0.0351437027  -0.0351927438  -2.0293400753
0.0292369224  -0.0292525160  -2.0342114833
0.0233491144  -0.0233426353  -2.0388969543
0.0174811176  -0.0174627925  -2.0433832704
0.0116337686  -0.0116126474  -2.0476568096
0.0058078955  -0.0057918477  -2.0517035454
0.0057988256  -0.0057917581  -2.0517035454
