0.0778291
2.2871996552  -2.4560510719   0.0000865925
2.2871996552  -2.4560510719   0.0000865925
2.2872049221  -2.4560361913   0.0000695056
2.2871970953  -2.4559786079   0.0000281649
2.2871699890  -2.4558777137  -0.0000381429
2.2871179051  -2.4557245917  -0.0001301209
2.2870388069  -2.4555165988  -0.0002484618
2.2869315618  -2.4552525624  -0.0003938478
2.2867953759  -2.4549318457  -0.0005669511
2.2866296092  -2.4545540430  -0.0007684333
2.2864337008  -2.4541188575  -0.0009989456
2.2862071338  -2.4536260428  -0.0012591290
2.2859494175  -2.4530753739  -0.0015496142
2.2856600775  -2.4524666310  -0.0018710214
2.2853386501  -2.4517995900  -0.0022239604
2.2849846786  -2.4510740178  -0.0026090310
2.2845977113  -2.4502896684  -0.0030268222
2.2841773002  -2.4494462821  -0.0034779129
2.2837230002  -2.4485435840  -0.0039628718
2.2832343682  -2.4475812839  -0.0044822569
2.2827109630  -2.4465590764  -0.0050366160
2.2821523451  -2.4454766416  -0.0056264868
2.2815580769  -2.4443336455  -0.0062523961
2.2809277224  -2.4431297411  -0.0069148610
2.2802608476  -2.4418645690  -0.0076143877
2.2795570205  -2.4405377585  -0.0083514724
2.2788158110  -2.4391489286  -0.0091266009
2.2780367915  -2.4376976892  -0.0099402484
2.2772195365  -2.4361836423  -0.0107928801
2.2763636237  -2.4346063831  -0.0116849506
2.2754686333  -2.4329655010  -0.0126169043
2.2745341487  -2.4312605815  -0.0135891752
2.2735597477  -2.4294899938  -0.0146035588
2.2725450353  -2.4276544404  -0.0156592710
2.2714896179  -2.4257549839  -0.0167563093
2.2703930784  -2.4237903113  -0.0178949705
2.2692550134  -2.4217596998  -0.0190755869
2.2680750299  -2.4196626192  -0.0202985356
2.2668527406  -2.4174985863  -0.0215641862
2.2655877635  -2.4152671573  -0.0228729059
2.2642797221  -2.4129679088  -0.0242250585
2.2629282461  -2.4106004349  -0.0256210034
2.2615329713  -2.4081643465  -0.0270610948
2.2600935401  -2.4056592720  -0.0285456810
2.2586096015  -2.4030848583  -0.0300751041
2.2570808114  -2.4004407712  -0.0316496994
2.2555068332  -2.3977266974  -0.0332697955
2.2538873376  -2.3949423446  -0.0349357132
2.2522220027  -2.3920874426  -0.0366477660
2.2505105149  -2.3891617441  -0.0384062586
2.2487525685  -2.3861650258  -0.0402114871
2.2469478625  -2.3830970858  -0.0420637389
2.2450961009  -2.3799577455  -0.0439632932
2.2431969996  -2.3767468565  -0.0459104207
2.2412502864  -2.3734643022  -0.0479053830
2.2392556985  -2.3701099956  -0.0499484333
2.2372129823  -2.3666838808  -0.0520398151
2.2351218944  -2.3631859320  -0.0541797630
2.2329822008  -2.3596161523  -0.0563685019
2.2307936779  -2.3559745734  -0.0586062470
2.2285561119  -2.3522612567  -0.0608932024
2.2262692991  -2.3484762947  -0.0632295614
2.2239330465  -2.3446198108  -0.0656155073
2.2215471710  -2.3406916520  -0.0680512137
2.2191114988  -2.3366918957  -0.0705368445
2.2166258679  -2.3326213655  -0.0730725531
2.2140901310  -2.3284805823  -0.0756584831
2.2115041491  -2.3242696247  -0.0782947684
2.2088677769  -2.3199887063  -0.0809815325
2.2061808761  -2.3156381190  -0.0837188885
2.2034433312  -2.3112182064  -0.0865069373
2.2006550426  -2.3067293511  -0.0893457681
2.1978159217  -2.3021719641  -0.0922354606
2.1949258914  -2.2975464822  -0.0951760846
2.1919848857  -2.2928533686  -0.0981677005
2.1889928497  -2.2880931145  -0.1012103584
2.1859497391  -2.2832662390  -0.1043040990
2.1828555206  -2.2783732863  -0.1074489531
2.1797101715  -2.2734148250  -0.1106449419
2.1765136793  -2.2683914490  -0.1138920767
2.1732660375  -2.2633037757  -0.1171903577
2.1699672212  -2.2581524249  -0.1205397736
2.1666172145  -2.2529380361  -0.1239403021
2.1632160369  -2.2476612888  -0.1273919102
2.1597637231  -2.2423228845  -0.1308945544
2.1562603181  -2.2369235421  -0.1344481810
2.1527058769  -2.2314639999  -0.1380527265
2.1491004653  -2.2259450190  -0.1417081221
2.1454441591  -2.2203673842  -0.1454142952
2.1417370438  -2.2147319055  -0.1491711654
2.1379792129  -2.2090394179  -0.1529786413
2.1341707562  -2.2032907708  -0.1568366226
2.1303117287  -2.1974868032  -0.1607449999
2.1264021993  -2.1916283778  -0.1647036558
2.1224422862  -2.1857163872  -0.1687124658
2.1184321209  -2.1797517200  -0.1727713021
2.1143718444  -2.1737352990  -0.1768800373
2.1102616066  -2.1676681049  -0.1810385419
2.1061015646  -2.1615511420  -0.1852466814
2.1018918825  -2.1553854225  -0.1895043182
2.0976327307  -2.1491719791  -0.1938113114
2.0933242504  -2.1429118723  -0.1981675175
2.0889665394  -2.1366061941  -0.2025727898
2.0845597336  -2.1302559601  -0.2070269797
2.0801040211  -2.1238619255  -0.2115299369
2.0755995954  -2.1174247497  -0.2160815085
2.0710466553  -2.1109453946  -0.2206815384
2.0664454061  -2.1044251621  -0.2253298659
2.0617960590  -2.0978654512  -0.2300263246
2.0570988293  -2.0912676269  -0.2347707392
2.0523539384  -2.0846330418  -0.2395629323
2.0475615881  -2.0779630243  -0.2444027373
2.0427219350  -2.0712588001  -0.2492900005
2.0378351131  -2.0645215049  -0.2542245779
2.0329012509  -2.0577522282  -0.2592063311
2.0279204701  -2.0509520104  -0.2642351147
2.0228928827  -2.0441218379  -0.2693107623
2.0178185919  -2.0372626439  -0.2744330832
2.0126977198  -2.0303753434  -0.2796018661
2.0075305772  -2.0234610506  -0.2848168810
2.0023174907  -2.0165208747  -0.2900778857
1.9970585967  -2.0095556576  -0.2953846430
1.9917539865  -2.0025661505  -0.3007369254
1.9864037464  -1.9955530743  -0.3061345050
1.9810079554  -1.9885171223  -0.3115771487
1.9755666873  -1.9814589646  -0.3170646204
1.9700800388  -1.9743792816  -0.3225966844
1.9645482981  -1.9672789777  -0.3281731066
1.9589718356  -1.9601590501  -0.3337936496
1.9533509151  -1.9530203544  -0.3394580704
1.9476857767  -1.9458637132  -0.3451661210
1.9419766658  -1.9386899588  -0.3509175501
1.9362238326  -1.9314999451  -0.3567121009
1.9304275303  -1.9242946377  -0.3625494942
1.9245880364  -1.9170750904  -0.3684294312
1.9187056574  -1.9098418348  -0.3743516864
1.9127807120  -1.9025948864  -0.3803161526
1.9068135056  -1.8953350450  -0.3863226987
1.9008042943  -1.8880641690  -0.3923710593
1.8947533101  -1.8807840332  -0.3984608977
1.8886606793  -1.8734957468  -0.4045918763
1.8825263936  -1.8662000782  -0.4107636601
1.8763508420  -1.8588981443  -0.4169759114
1.8701348750  -1.8515914926  -0.4232282929
1.8638794063  -1.8442817510  -0.4295204662
1.8575853888  -1.8369705929  -0.4358520926
1.8512537018  -1.8296596566  -0.4422228367
1.8448846901  -1.8223501016  -0.4486323657
1.8384781749  -1.8150424919  -0.4550803516
1.8320338668  -1.8077371811  -0.4615664698
1.8255514261  -1.8004344606  -0.4680903931
1.8190304611  -1.7931345647  -0.4746517920
1.8124708936  -1.7858381018  -0.4812503419
1.8058733166  -1.7785464550  -0.4878857251
1.7992383377  -1.7712609881  -0.4945576419
1.7925662142  -1.7639826124  -0.5012656895
1.7858571430  -1.7567121285  -0.5080093018
1.7791113881  -1.7494504081  -0.5147880613
1.7723294006  -1.7421985987  -0.5216017846
1.7655116128  -1.7349578118  -0.5284502666
1.7586583034  -1.7277288927  -0.5353332261
1.7517697063  -1.7205125800  -0.5422503355
1.7448460774  -1.7133096125  -0.5492011728
1.7378877075  -1.7061207451  -0.5561851273
1.7308947533  -1.6989463336  -0.5632011299
1.7238663014  -1.6917852377  -0.5702443547
1.7168020702  -1.6846372434  -0.5773130073
1.7097065373  -1.6775082731  -0.5844178347
1.7025846815  -1.6704055449  -0.5915685990
1.6954353527  -1.6633292277  -0.5987650340
1.6882549811  -1.6562757258  -0.6060047943
1.6810422755  -1.6492431757  -0.6132865410
1.6737972816  -1.6422309342  -0.6206090278
1.6665201193  -1.6352382711  -0.6279709324
1.6592110173  -1.6282645068  -0.6353708462
1.6518702378  -1.6213088674  -0.6428072740
1.6444979270  -1.6143702298  -0.6502786392
1.6370943041  -1.6074474729  -0.6577832889
1.6296596573  -1.6005394574  -0.6653195080
1.6221942118  -1.5936447961  -0.6728855416
1.6146982921  -1.5867621771  -0.6804796072
1.6071720998  -1.5798900715  -0.6880999018
1.5996157444  -1.5730267658  -0.6957446110
1.5920295162  -1.5661707048  -0.7034119111
1.5844137433  -1.5593203147  -0.7110999583
1.5767686805  -1.5524739293  -0.7188068864
1.5690953358  -1.5456305937  -0.7265308215
1.5613868989  -1.5387814659  -0.7342698939
1.5536372429  -1.5319183900  -0.7420222413
1.5458542048  -1.5250475010  -0.7497860037
1.5380429778  -1.5181724461  -0.7575593249
1.5302019475  -1.5112898776  -0.7653403625
1.5223295662  -1.5043964489  -0.7731272974
1.5144228717  -1.4974874446  -0.7809183376
1.5064763417  -1.4905556705  -0.7887117233
1.4984788277  -1.4835883691  -0.7965057366
1.4904034091  -1.4765562746  -0.8042987551
1.4820264610  -1.4692350278  -0.8120892643
1.4736227117  -1.4619058677  -0.8198756343
1.4656701183  -1.4550494496  -0.8276559550
1.4579800835  -1.4484699550  -0.8354283094
1.4503307035  -1.4419369071  -0.8431910572
1.4426944344  -1.4354161121  -0.8509427597
1.4350707129  -1.4289034572  -0.8586820519
1.4274592996  -1.4223965480  -0.8664076359
1.4198599632  -1.4158932569  -0.8741182970
1.4122724943  -1.4093916099  -0.8818129084
1.4046967077  -1.4028897903  -0.8894904371
1.3971324422  -1.3963861453  -0.8971499497
1.3895795589  -1.3898791910  -0.9047906133
1.3820379395  -1.3833676184  -0.9124117008
1.3745074855  -1.3768502977  -0.9200125945
1.3669881175  -1.3703262774  -0.9275927906
1.3594797747  -1.3637947815  -0.9351519071
1.3519824131  -1.3572552048  -0.9426896859
1.3444960012  -1.3507071053  -0.9502059929
1.3370205179  -1.3441501938  -0.9577008234
1.3295559478  -1.3375843306  -0.9651742932
1.3221023254  -1.3310095430  -0.9726267804
1.3146597899  -1.3244260381  -0.9800590410
1.3072284503  -1.3178341528  -0.9874719174
1.2998082539  -1.3112342953  -0.9948662028
1.2923991207  -1.3046269570  -1.0022428654
1.2850010592  -1.2980127395  -1.0096031250
1.2776141241  -1.2913923485  -1.0169484528
1.2702384037  -1.2847665880  -1.0242806542
1.2628740654  -1.2781363787  -1.0316020271
1.2555214762  -1.2715029062  -1.0389157690
1.2481825534  -1.2648679739  -1.0462300458
1.2408588194  -1.2582331837  -1.0535515024
1.2335454373  -1.2515980215  -1.0608732893
1.2262354160  -1.2449605825  -1.0681863991
1.2189283858  -1.2383200905  -1.0754900434
1.2116275018  -1.2316769855  -1.0827854654
1.2043340418  -1.2250317168  -1.0900730243
1.1970479525  -1.2183844801  -1.0973529387
1.1897690347  -1.2117353764  -1.1046254315
1.1824970891  -1.2050844699  -1.1118907310
1.1752319173  -1.1984317943  -1.1191490706
1.1679733214  -1.1917773551  -1.1264006882
1.1607211038  -1.1851211287  -1.1336458255
1.1534750671  -1.1784630634  -1.1408847272
1.1462350141  -1.1718030785  -1.1481176404
1.1390007475  -1.1651410657  -1.1553448141
1.1317720700  -1.1584768892  -1.1625664975
1.1245487843  -1.1518103873  -1.1697829400
1.1173306932  -1.1451413725  -1.1769943897
1.1101175992  -1.1384696332  -1.1842010926
1.1029093053  -1.1317949345  -1.1914032918
1.0957056143  -1.1251170291  -1.1986012258
1.0885063280  -1.1184356786  -1.2057951251
1.0813112473  -1.1117506435  -1.2129852100
1.0741201739  -1.1050616371  -1.2201716937
1.0669329119  -1.0983683272  -1.2273547836
1.0597492671  -1.0916703814  -1.2345346787
1.0525690446  -1.0849674830  -1.2417115664
1.0453920492  -1.0782593257  -1.2488856203
1.0382180850  -1.0715456230  -1.2560569975
1.0310469542  -1.0648261382  -1.2632258324
1.0238784475  -1.0581009250  -1.2703922016
1.0167123371  -1.0513702561  -1.2775561066
1.0095484257  -1.0446334169  -1.2847176015
1.0023866077  -1.0378883750  -1.2918769260
0.9952268147  -1.0311336333  -1.2990343942
0.9880689072  -1.0243690986  -1.3061902371
0.9809126805  -1.0175949558  -1.3133446206
0.9737579341  -1.0108110113  -1.3204977079
0.9666044913  -1.0040169102  -1.3276496665
0.9594521849  -0.9972123006  -1.3348006631
0.9523008500  -0.9903968501  -1.3419508627
0.9451503232  -0.9835702460  -1.3491004284
0.9380004425  -0.9767321951  -1.3562495215
0.9308510476  -0.9698824236  -1.3633983014
0.9237019795  -0.9630206755  -1.3705469257
0.9165530811  -0.9561467128  -1.3776955499
0.9094041967  -0.9492603186  -1.3848443278
0.9022551722  -0.9423612965  -1.3919934111
0.8951058555  -0.9354494632  -1.3991429494
0.8879560959  -0.9285246432  -1.4062930906
0.8808057445  -0.9215866693  -1.4134439807
0.8736546545  -0.9146353821  -1.4205957636
0.8665026806  -0.9076706252  -1.4277485813
0.8593496797  -0.9006922390  -1.4349025742
0.8521955103  -0.8937000603  -1.4420578805
0.8450400332  -0.8866939244  -1.4492146367
0.8378831109  -0.8796736634  -1.4563729773
0.8307246081  -0.8726390998  -1.4635330347
0.8235643916  -0.8655900414  -1.4706949397
0.8164023304  -0.8585262757  -1.4778588211
0.8092382956  -0.8514475612  -1.4850248059
0.8020721608  -0.8443535942  -1.4921930196
0.7949038023  -0.8372439659  -1.4993635868
0.7877330989  -0.8301182370  -1.5065366310
0.7805599310  -0.8229761294  -1.5137122722
0.7733841804  -0.8158175565  -1.5208906253
0.7662057306  -0.8086424477  -1.5280718008
0.7590244684  -0.8014506497  -1.5352559070
0.7518402846  -0.7942419730  -1.5424430505
0.7446530727  -0.7870162365  -1.5496333353
0.7374627291  -0.7797732689  -1.5568268626
0.7302691528  -0.7725129054  -1.5640237301
0.7230722460  -0.7652349870  -1.5712240326
0.7158719138  -0.7579393611  -1.5784278617
0.7086680647  -0.7506258814  -1.5856353055
0.7014606108  -0.7432940841  -1.5928464493
0.6942494682  -0.7359428605  -1.6000613765
0.6870345564  -0.7285717977  -1.6072801668
0.6798157962  -0.7211823083  -1.6145028908
0.6725931109  -0.7137757246  -1.6217296122
0.6653664300  -0.7063520018  -1.6289603935
0.6581356890  -0.6989107910  -1.6361952965
0.6509008280  -0.6914519291  -1.6434343791
0.6436617901  -0.6839752402  -1.6506776948
0.6364185229  -0.6764805274  -1.6579252929
0.6291709783  -0.6689675786  -1.6651772184
0.6219191130  -0.6614361723  -1.6724335115
0.6146628885  -0.6538860834  -1.6796942074
0.6074022709  -0.6463170895  -1.6869593364
0.6001372317  -0.6387289767  -1.6942289231
0.5928677475  -0.6311215455  -1.7015029865
0.5855938003  -0.6234946169  -1.7087815395
0.5783153777  -0.6158480377  -1.7160645887
0.5710324729  -0.6081816860  -1.7233521343
0.5637450850  -0.6004954761  -1.7306441694
0.5564532195  -0.5927893626  -1.7379406803
0.5491568877  -0.5850633440  -1.7452416460
0.5418561079  -0.5773174657  -1.7525470382
0.5345509046  -0.5695518245  -1.7598568209
0.5272413095  -0.5617665708  -1.7671709503
0.5199273612  -0.5539619109  -1.7744893750
0.5126091057  -0.5461381087  -1.7818120353
0.5052865962  -0.5382954859  -1.7891388636
0.4979598938  -0.5304344234  -1.7964697839
0.4906290672  -0.5225553602  -1.8038047122
0.4832941933  -0.5146587933  -1.8111435559
0.4759553569  -0.5067452764  -1.8184862142
0.4686126875  -0.4988204667  -1.8258327571
0.4612663754  -0.4908919717  -1.8331834519
0.4539164908  -0.4829487590  -1.8405380411
0.4465629321  -0.4749757317  -1.8478957822
0.4392057458  -0.4669791689  -1.8552563197
0.4318451757  -0.4589679173  -1.8626195274
0.4244814362  -0.4509434433  -1.8699851859
0.4171146983  -0.4429072216  -1.8773530795
0.4097451441  -0.4348607419  -1.8847229980
0.4023729657  -0.4268054941  -1.8920947378
0.3949983654  -0.4187429554  -1.8994681025
0.3876215537  -0.4106745784  -1.9068429037
0.3802427498  -0.4026017811  -1.9142189617
0.3728621796  -0.3945259380  -1.9215961056
0.3654800761  -0.3864483730  -1.9289741735
0.3580966782  -0.3783703535  -1.9363530122
0.3507122303  -0.3702930865  -1.9437324772
0.3433269822  -0.3622177159  -1.9511124317
0.3359411884  -0.3541453210  -1.9584927464
0.3285551084  -0.3460769170  -1.9658732980
0.3211690060  -0.3380134566  -1.9732539683
0.3137831503  -0.3299558325  -1.9806346429
0.3063978148  -0.3219048817  -1.9880152095
0.2990132780  -0.3138613903  -1.9953955563
0.2916298238  -0.3058260996  -2.0027755701
0.2842477409  -0.2977997131  -2.0101551344
0.2768673237  -0.2897829036  -2.0175341268
0.2694888715  -0.2817763218  -2.0249124173
0.2621126892  -0.2737806044  -2.0322898655
0.2547390865  -0.2657963829  -2.0396663186
0.2473683779  -0.2578242925  -2.0470416083
0.2400008818  -0.2498650038  -2.0544155479
0.2326478104  -0.2419256386  -2.0619040213
0.2253165330  -0.2340106884  -2.0695644055
0.2179791166  -0.2261037571  -2.0771978388
0.2106276483  -0.2182010114  -2.0848552104
0.2032771044  -0.2103123224  -2.0925326171
0.1959275967  -0.2024385955  -2.1002256579
0.1885792999  -0.1945808549  -2.1079294339
0.1812324498  -0.1867402270  -2.1156385482
0.1738873454  -0.1789179350  -2.1233471060
0.1665443506  -0.1711152908  -2.1310487145
0.1592038952  -0.1633336834  -2.1387364829
0.1518664759  -0.1555745655  -2.1464030226
0.1445326565  -0.1478394367  -2.1540404470
0.1372030681  -0.1401298244  -2.1616403716
0.1298784082  -0.1324472624  -2.1691939138
0.1225594399  -0.1247932683  -2.1766916932
0.1152469902  -0.1171693182  -2.1841238314
0.1079419484  -0.1095768225  -2.1914799521
0.1006452629  -0.1020171006  -2.1987491811
0.0933579385  -0.0944913565  -2.2059201460
0.0860810332  -0.0870006571  -2.2129809768
0.0788156532  -0.0795459118  -2.2199193054
0.0715629495  -0.0721278575  -2.2267222656
0.0643241118  -0.0647470464  -2.2333764935
0.0571003636  -0.0574038412  -2.2398681273
0.0498929561  -0.0500984153  -2.2461828069
0.0427031617  -0.0428307609  -2.2523056747
0.0355322669  -0.0356007040  -2.2582213747
0.0283815657  -0.0284079270  -2.2639140534
0.0212523512  -0.0212519990  -2.2693673590
0.0141459079  -0.0141324112  -2.2745644420
0.0070635030  -0.0070486184  -2.2794879549
0.0070500844  -0.0070484707  -2.2794879549
