0.239481
0.6803804186  -0.7085454477   0.0000230759
0.6803804186  -0.7085454477   0.0000230759
0.6803835808  -0.7085481720   0.0000204984
0.6803837730  -0.7085455657   0.0000125501
0.6803791398  -0.7085360238  -0.0000009040
0.6803688905  -0.7085188949  -0.0000199987
0.6803526968  -0.7084939085  -0.0000448691
0.6803303600  -0.7084609007  -0.0000756499
0.6803017308  -0.7084197466  -0.0001124759
0.6802666817  -0.7083703382  -0.0001554821
0.6802250961  -0.7083125752  -0.0002048031
0.6801768629  -0.7082463601  -0.0002605738
0.6801218738  -0.7081715967  -0.0003229288
0.6800600219  -0.7080881883  -0.0003920030
0.6799912007  -0.7079960375  -0.0004679311
0.6799153037  -0.7078950453  -0.0005508477
0.6798322239  -0.7077851109  -0.0006408875
0.6797418538  -0.7076661319  -0.0007381851
0.6796440847  -0.7075380036  -0.0008428753
0.6795388073  -0.7074006195  -0.0009550925
0.6794259111  -0.7072538706  -0.0010749713
0.6793052844  -0.7070976461  -0.0012026464
0.6791768145  -0.7069318326  -0.0013382523
0.6790403875  -0.7067563147  -0.0014819234
0.6788958882  -0.7065709748  -0.0016337943
0.6787432000  -0.7063756928  -0.0017939995
0.6785822053  -0.7061703467  -0.0019626733
0.6784127850  -0.7059548121  -0.0021399504
0.6782348188  -0.7057289622  -0.0023259650
0.6780481849  -0.7054926683  -0.0025208515
0.6778527602  -0.7052457994  -0.0027247444
0.6776484205  -0.7049882222  -0.0029377779
0.6774350373  -0.7047196956  -0.0031604226
0.6772124862  -0.7044401789  -0.0033925003
0.6769806425  -0.7041496755  -0.0036340279
0.6767393738  -0.7038479674  -0.0038851371
0.6764885472  -0.7035348713  -0.0041459579
0.6762280299  -0.7032102305  -0.0044166230
0.6759576876  -0.7028738909  -0.0046972668
0.6756773844  -0.7025256979  -0.0049880254
0.6753869835  -0.7021654956  -0.0052890368
0.6750863462  -0.7017931269  -0.0056004406
0.6747753327  -0.7014084328  -0.0059223780
0.6744538018  -0.7010112531  -0.0062549916
0.6741216106  -0.7006014260  -0.0065984256
0.6737786150  -0.7001787882  -0.0069528258
0.6734246695  -0.6997431754  -0.0073183391
0.6730596270  -0.6992944215  -0.0076951144
0.6726833391  -0.6988323596  -0.0080833015
0.6722956560  -0.6983568215  -0.0084830520
0.6718964264  -0.6978676378  -0.0088945187
0.6714854975  -0.6973646383  -0.0093178561
0.6710627152  -0.6968476517  -0.0097532199
0.6706279239  -0.6963165059  -0.0102007674
0.6701809667  -0.6957710280  -0.0106606572
0.6697216851  -0.6952110443  -0.0111330493
0.6692499193  -0.6946363805  -0.0116181052
0.6687655081  -0.6940468617  -0.0121159877
0.6682682888  -0.6934423126  -0.0126268612
0.6677580974  -0.6928225573  -0.0131508913
0.6672347685  -0.6921874197  -0.0136882450
0.6666981351  -0.6915367232  -0.0142390909
0.6661480292  -0.6908702911  -0.0148035986
0.6655842811  -0.6901879153  -0.0153819395
0.6650067198  -0.6894894073  -0.0159742861
0.6644151728  -0.6887746554  -0.0165808122
0.6638094669  -0.6880435149  -0.0172016929
0.6631894276  -0.6872957874  -0.0178371048
0.6625548795  -0.6865312860  -0.0184872256
0.6619056455  -0.6857498326  -0.0191522347
0.6612415469  -0.6849512492  -0.0198323123
0.6605624037  -0.6841353590  -0.0205276402
0.6598680345  -0.6833019848  -0.0212384013
0.6591582568  -0.6824509501  -0.0219647800
0.6584328869  -0.6815820780  -0.0227069615
0.6576917396  -0.6806951922  -0.0234651327
0.6569346286  -0.6797901159  -0.0242394813
0.6561613666  -0.6788666729  -0.0250301965
0.6553717650  -0.6779246868  -0.0258374683
0.6545656338  -0.6769639812  -0.0266614882
0.6537427823  -0.6759843801  -0.0275024486
0.6529030185  -0.6749857080  -0.0283605430
0.6520461492  -0.6739677897  -0.0292359660
0.6511719804  -0.6729304504  -0.0301289132
0.6502803168  -0.6718735163  -0.0310395810
0.6493709623  -0.6707968140  -0.0319681672
0.6484437198  -0.6697001705  -0.0329148702
0.6474983912  -0.6685834140  -0.0338798892
0.6465347777  -0.6674463729  -0.0348634246
0.6455526792  -0.6662888770  -0.0358656775
0.6445518953  -0.6651107571  -0.0368868496
0.6435322244  -0.6639118456  -0.0379271436
0.6424934644  -0.6626919762  -0.0389867628
0.6414354124  -0.6614509837  -0.0400659112
0.6403578647  -0.6601887038  -0.0411647935
0.6392606172  -0.6589049735  -0.0422836150
0.6381434651  -0.6575996338  -0.0434225814
0.6370062032  -0.6562725339  -0.0445818991
0.6358486254  -0.6549235381  -0.0457617747
0.6346705257  -0.6535525180  -0.0469624153
0.6334716976  -0.6521592999  -0.0481840285
0.6322519344  -0.6507436336  -0.0494268239
0.6310110290  -0.6493052592  -0.0506910132
0.6297487737  -0.6478439950  -0.0519768083
0.6284649605  -0.6463597426  -0.0532844204
0.6271593819  -0.6448524414  -0.0546140595
0.6258318304  -0.6433220360  -0.0559659354
0.6244820985  -0.6417684643  -0.0573402572
0.6231099793  -0.6401916561  -0.0587372339
0.6217152659  -0.6385915330  -0.0601570737
0.6202977515  -0.6369680087  -0.0615999842
0.6188572299  -0.6353209884  -0.0630661722
0.6173934952  -0.6336503668  -0.0645558439
0.6159063419  -0.6319560294  -0.0660692043
0.6143955652  -0.6302378538  -0.0676064573
0.6128609607  -0.6284957107  -0.0691678056
0.6113023248  -0.6267294651  -0.0707534504
0.6097194548  -0.6249389776  -0.0723635917
0.6081121489  -0.6231241067  -0.0739984275
0.6064802062  -0.6212847103  -0.0756581545
0.6048234272  -0.6194206449  -0.0773429673
0.6031416135  -0.6175317630  -0.0790530583
0.6014345681  -0.6156179159  -0.0807886176
0.5997020955  -0.6136789585  -0.0825498328
0.5979440019  -0.6117147536  -0.0843368891
0.5961600953  -0.6097251695  -0.0861499686
0.5943501859  -0.6077100755  -0.0879892523
0.5925140861  -0.6056693436  -0.0898549212
0.5906516107  -0.6036028551  -0.0917471544
0.5887625760  -0.6015104231  -0.0936661232
0.5868467976  -0.5993916577  -0.0956119837
0.5849040941  -0.5972464118  -0.0975848882
0.5829343078  -0.5950755723  -0.0995850201
0.5809373527  -0.5928804745  -0.1016125962
0.5789131465  -0.5906613299  -0.1036678170
0.5768615414  -0.5884172000  -0.1057508389
0.5747823711  -0.5861471472  -0.1078617861
0.5726754768  -0.5838507062  -0.1100007688
0.5705407118  -0.5815277645  -0.1121678898
0.5683779396  -0.5791783781  -0.1143632462
0.5661870310  -0.5768026654  -0.1165869305
0.5639678633  -0.5744007809  -0.1188390368
0.5617203207  -0.5719729119  -0.1211196603
0.5594442929  -0.5695192760  -0.1234288878
0.5571396744  -0.5670401193  -0.1257667939
0.5548063654  -0.5645357134  -0.1281334427
0.5524442722  -0.5620063536  -0.1305288877
0.5500533080  -0.5594523563  -0.1329531711
0.5476333923  -0.5568740562  -0.1354063241
0.5451844519  -0.5542718049  -0.1378883721
0.5427064227  -0.5516459681  -0.1403993493
0.5401992493  -0.5489969237  -0.1429392943
0.5376628809  -0.5463250583  -0.1455082250
0.5350972702  -0.5436307632  -0.1481061301
0.5325023748  -0.5409144312  -0.1507329726
0.5298781616  -0.5381764543  -0.1533887104
0.5272246078  -0.5354172218  -0.1560732999
0.5245416961  -0.5326371183  -0.1587866395
0.5218295115  -0.5298366701  -0.1615285473
0.5190882059  -0.5270164765  -0.1642987551
0.5163178471  -0.5241769577  -0.1670969291
0.5135182651  -0.5213183017  -0.1699209979
0.5106889461  -0.5184404936  -0.1727663950
0.5078301131  -0.5155438576  -0.1756342486
0.5049435663  -0.5126295816  -0.1785342531
0.5020307905  -0.5096989791  -0.1814739084
0.4990914602  -0.5067525758  -0.1844548351
0.4961245594  -0.5037903036  -0.1874764045
0.4931294189  -0.5008119669  -0.1905373108
0.4901057638  -0.4978173857  -0.1936363056
0.4870535443  -0.4948063865  -0.1967721554
0.4839727716  -0.4917787521  -0.1999435283
0.4808635863  -0.4887343625  -0.2031490017
0.4777264425  -0.4856734417  -0.2063870667
0.4745616954  -0.4825959980  -0.2096561350
0.4713693849  -0.4795015466  -0.2129545458
0.4681495111  -0.4763894969  -0.2162805716
0.4649020526  -0.4732591852  -0.2196324255
0.4616269605  -0.4701098763  -0.2230082671
0.4583241502  -0.4669407628  -0.2264062086
0.4549934901  -0.4637509621  -0.2298243213
0.4516351734  -0.4605399802  -0.2332606413
0.4482500306  -0.4573080678  -0.2367131756
0.4448384422  -0.4540548819  -0.2401799079
0.4413999329  -0.4507790511  -0.2436588049
0.4379337831  -0.4474789742  -0.2471478223
0.4344391420  -0.4441529809  -0.2506449105
0.4309162202  -0.4408007085  -0.2541480205
0.4273646189  -0.4374211501  -0.2576551092
0.4237812724  -0.4340104040  -0.2611641439
0.4201628076  -0.4305645074  -0.2646731060
0.4165040066  -0.4270778180  -0.2681799975
0.4128009318  -0.4235460233  -0.2716828573
0.4089462360  -0.4198620683  -0.2751797890
0.4048367300  -0.4159246841  -0.2786689432
0.4007986695  -0.4120605428  -0.2821484285
0.3971010320  -0.4085344301  -0.2856162886
0.3936300658  -0.4052279705  -0.2890706084
0.3902728409  -0.4020262668  -0.2925095962
0.3869591268  -0.3988585589  -0.2959315746
0.3836669814  -0.3957026876  -0.2993349562
0.3803952892  -0.3925572169  -0.3027182365
0.3771435661  -0.3894213219  -0.3060799970
0.3739116672  -0.3862945747  -0.3094189097
0.3706994931  -0.3831766647  -0.3127337356
0.3675069554  -0.3800673637  -0.3160233275
0.3643339791  -0.3769665237  -0.3192866439
0.3611805034  -0.3738740744  -0.3225227581
0.3580464796  -0.3707900184  -0.3257308635
0.3549318694  -0.3677144262  -0.3289102797
0.3518366430  -0.3646474310  -0.3320604596
0.3487607781  -0.3615892236  -0.3351809964
0.3457042575  -0.3585400457  -0.3382716240
0.3426670634  -0.3555001825  -0.3413322054
0.3396491764  -0.3524699561  -0.3443627380
0.3366505810  -0.3494497229  -0.3473633834
0.3336712692  -0.3464398707  -0.3503344870
0.3307112368  -0.3434408115  -0.3532765869
0.3277704755  -0.3404529725  -0.3561904029
0.3248489684  -0.3374767897  -0.3590768398
0.3219467023  -0.3345127081  -0.3619370592
0.3190636781  -0.3315611837  -0.3647725322
0.3161999079  -0.3286226786  -0.3675850863
0.3133554073  -0.3256976618  -0.3703769273
0.3105305015  -0.3227867712  -0.3731526440
0.3077261406  -0.3198909473  -0.3759207724
0.3049423311  -0.3170106228  -0.3786852617
0.3021766743  -0.3141449795  -0.3814402902
0.2994267490  -0.3112930689  -0.3841796791
0.2966923131  -0.3084549008  -0.3869015026
0.2939741250  -0.3056309638  -0.3896055607
0.2912726909  -0.3028216549  -0.3922922069
0.2885881532  -0.3000272071  -0.3949616858
0.2859204398  -0.2972477432  -0.3976141422
0.2832694254  -0.2944833445  -0.4002497232
0.2806349823  -0.2917340732  -0.4028685768
0.2780169829  -0.2889999748  -0.4054708529
0.2754152997  -0.2862810786  -0.4080567032
0.2728298061  -0.2835773983  -0.4106262806
0.2702603760  -0.2808889326  -0.4131797388
0.2677068838  -0.2782156664  -0.4157172315
0.2651692046  -0.2755575716  -0.4182389119
0.2626472141  -0.2729146082  -0.4207449325
0.2601407886  -0.2702867255  -0.4232354443
0.2576498052  -0.2676738630  -0.4257105963
0.2551741418  -0.2650759525  -0.4281705352
0.2527136772  -0.2624929181  -0.4306154048
0.2502682907  -0.2599246763  -0.4330453457
0.2478378627  -0.2573711375  -0.4354604943
0.2454222744  -0.2548322070  -0.4378609822
0.2430214080  -0.2523077869  -0.4402469363
0.2406351465  -0.2497977766  -0.4426184781
0.2382633738  -0.2473020717  -0.4449757226
0.2359059747  -0.2448205650  -0.4473187777
0.2335628350  -0.2423531471  -0.4496477430
0.2312338404  -0.2398996880  -0.4519627031
0.2289188755  -0.2374599961  -0.4542637109
0.2266178242  -0.2350338980  -0.4565507958
0.2243305783  -0.2326214368  -0.4588240230
0.2220570415  -0.2302228252  -0.4610835249
0.2197971203  -0.2278381588  -0.4633294558
0.2175507134  -0.2254673394  -0.4655619476
0.2153177133  -0.2231102161  -0.4677811117
0.2130980128  -0.2207666708  -0.4699870518
0.2108915070  -0.2184366192  -0.4721798699
0.2086980935  -0.2161199942  -0.4743596681
0.2065176712  -0.2138167335  -0.4765265475
0.2043501397  -0.2115267765  -0.4786806085
0.2021953998  -0.2092500639  -0.4808219504
0.2000533529  -0.2069865378  -0.4829506717
0.1979239014  -0.2047361408  -0.4850668699
0.1958069484  -0.2024988168  -0.4871706417
0.1937023978  -0.2002745101  -0.4892620828
0.1916101544  -0.1980631654  -0.4913412881
0.1895301239  -0.1958647278  -0.4934083517
0.1874622125  -0.1936791421  -0.4954633669
0.1854063273  -0.1915063534  -0.4975064260
0.1833623764  -0.1893463059  -0.4995376208
0.1813302684  -0.1871989436  -0.5015570419
0.1793099127  -0.1850642096  -0.5035647796
0.1773012195  -0.1829420457  -0.5055609232
0.1753040998  -0.1808323928  -0.5075455612
0.1733184652  -0.1787351902  -0.5095187817
0.1713442282  -0.1766503757  -0.5114806716
0.1693813018  -0.1745778852  -0.5134313177
0.1674295999  -0.1725176524  -0.5153708058
0.1654890370  -0.1704696085  -0.5172992210
0.1635595283  -0.1684336792  -0.5192166480
0.1616409897  -0.1664097846  -0.5211231710
0.1597333379  -0.1643978449  -0.5230188736
0.1578364901  -0.1623977890  -0.5249038385
0.1559503642  -0.1604095537  -0.5267781474
0.1540748790  -0.1584330764  -0.5286418812
0.1522099539  -0.1564682912  -0.5304951201
0.1503555087  -0.1545151303  -0.5323379437
0.1485114642  -0.1525735252  -0.5341704310
0.1466777418  -0.1506434072  -0.5359926605
0.1448542633  -0.1487247076  -0.5378047099
0.1430409515  -0.1468173575  -0.5396066564
0.1412377296  -0.1449212879  -0.5413985763
0.1394445214  -0.1430364299  -0.5431805455
0.1376612516  -0.1411627145  -0.5449526393
0.1358878452  -0.1393000727  -0.5467149321
0.1341242279  -0.1374484353  -0.5484674980
0.1323703263  -0.1356077314  -0.5502104102
0.1306260672  -0.1337778863  -0.5519437416
0.1288913782  -0.1319588297  -0.5536675643
0.1271661875  -0.1301505018  -0.5553819498
0.1254504240  -0.1283528414  -0.5570869689
0.1237440170  -0.1265657798  -0.5587826921
0.1220468964  -0.1247892464  -0.5604691891
0.1203589929  -0.1230231719  -0.5621465290
0.1186802375  -0.1212674868  -0.5638147805
0.1170105619  -0.1195221217  -0.5654740115
0.1153498983  -0.1177870072  -0.5671242897
0.1136981795  -0.1160620740  -0.5687656817
0.1120553389  -0.1143472529  -0.5703982541
0.1104213103  -0.1126424751  -0.5720220725
0.1087960284  -0.1109476716  -0.5736372022
0.1071794280  -0.1092627739  -0.5752437079
0.1055714447  -0.1075877139  -0.5768416537
0.1039720145  -0.1059224234  -0.5784311034
0.1023810742  -0.1042668349  -0.5800121198
0.1007985608  -0.1026208810  -0.5815847657
0.0992244120  -0.1009844947  -0.5831491029
0.0976585659  -0.0993576093  -0.5847051932
0.0961009613  -0.0977401585  -0.5862530973
0.0945515374  -0.0961320764  -0.5877928759
0.0930102338  -0.0945332973  -0.5893245888
0.0914769909  -0.0929437562  -0.5908482956
0.0899517492  -0.0913633881  -0.5923640552
0.0884344501  -0.0897921285  -0.5938719261
0.0869250351  -0.0882299133  -0.5953719663
0.0854234466  -0.0866766787  -0.5968642333
0.0839296271  -0.0851323613  -0.5983487841
0.0824435198  -0.0835968979  -0.5998256752
0.0809650684  -0.0820702473  -0.6012949664
0.0794942175  -0.0805523747  -0.6027567213
0.0780309112  -0.0790431663  -0.6042109923
0.0765750938  -0.0775424954  -0.6056578216
0.0751267106  -0.0760503273  -0.6070972590
0.0736857079  -0.0745666350  -0.6085293589
0.0722520323  -0.0730913600  -0.6099541732
0.0708256308  -0.0716244438  -0.6113717539
0.0694064505  -0.0701658278  -0.6127821528
0.0679944393  -0.0687154535  -0.6141854213
0.0665895454  -0.0672732623  -0.6155816110
0.0651917174  -0.0658391957  -0.6169707732
0.0638009043  -0.0644131952  -0.6183529594
0.0624170557  -0.0629952024  -0.6197282207
0.0610401214  -0.0615851589  -0.6210966083
0.0596700517  -0.0601830061  -0.6224581735
0.0583067973  -0.0587886859  -0.6238129674
0.0569503094  -0.0574021399  -0.6251610409
0.0556005394  -0.0560233100  -0.6265024451
0.0542574391  -0.0546521383  -0.6278372308
0.0529209610  -0.0532885669  -0.6291654489
0.0515910577  -0.0519325382  -0.6304871499
0.0502676823  -0.0505839948  -0.6318023843
0.0489507881  -0.0492428795  -0.6331112024
0.0476403291  -0.0479091354  -0.6344136541
0.0463362595  -0.0465827060  -0.6357097891
0.0450385338  -0.0452635350  -0.6369996566
0.0437471070  -0.0439515665  -0.6382833056
0.0424619345  -0.0426467450  -0.6395607843
0.0411829719  -0.0413490153  -0.6408321406
0.0399101753  -0.0400583227  -0.6420974216
0.0386435012  -0.0387746130  -0.6433566737
0.0373831330  -0.0374978472  -0.6446278068
0.0361291760  -0.0362279794  -0.6459197120
0.0348809998  -0.0349649175  -0.6472019201
0.0336383897  -0.0337085997  -0.6484823467
0.0324016085  -0.0324589951  -0.6497604874
0.0311706097  -0.0312160524  -0.6510357634
0.0299453486  -0.0299797210  -0.6523075215
0.0287257819  -0.0287499510  -0.6535750337
0.0275118682  -0.0275266926  -0.6548374977
0.0263035676  -0.0263098969  -0.6560940366
0.0251008424  -0.0250995152  -0.6573436990
0.0239036565  -0.0238954994  -0.6585854589
0.0227119759  -0.0226978017  -0.6598182160
0.0215257686  -0.0215063747  -0.6610407952
0.0203450048  -0.0203211714  -0.6622519470
0.0191696567  -0.0191421452  -0.6634503474
0.0179996984  -0.0179692499  -0.6646345978
0.0168351066  -0.0168024393  -0.6658032253
0.0156758597  -0.0156416677  -0.6669546822
0.0145219385  -0.0144868898  -0.6680873464
0.0133733257  -0.0133380602  -0.6691995213
0.0122300060  -0.0121951341  -0.6702894358
0.0110919663  -0.0110580668  -0.6713552441
0.0099591949  -0.0099268138  -0.6723950262
0.0088316823  -0.0088013311  -0.6734067872
0.0077094201  -0.0076815746  -0.6743884580
0.0065924018  -0.0065675009  -0.6753378948
0.0054806216  -0.0054590668  -0.6762528794
0.0043740750  -0.0043562292  -0.6771311188
0.0032727581  -0.0032589457  -0.6779702460
0.0021766673  -0.0021671743  -0.6787678189
0.0010857991  -0.0010808731  -0.6795213212
0.0010854834  -0.0010808708  -0.6795213212
