0.109077
1.6728282596  -2.0243610782   0.0000850161
1.6728282596  -2.0243610782   0.0000850161
1.6728364010  -2.0243613879   0.0000705987
1.6728320090  -2.0243210193   0.0000336100
1.6728085737  -2.0242343506  -0.0000266156
1.6727615737  -2.0240940288  -0.0001107337
1.6726892972  -2.0238976001  -0.0002193901
1.6725907645  -2.0236438506  -0.0003532208
1.6724652731  -2.0233320272  -0.0005128518
1.6723122472  -2.0229615787  -0.0006988994
1.6721311756  -2.0225320512  -0.0009119699
1.6719215838  -2.0220430378  -0.0011526596
1.6716830188  -2.0214941545  -0.0014215551
1.6714150410  -2.0208850254  -0.0017192331
1.6711172199  -2.0202152759  -0.0020462603
1.6707891311  -2.0194845272  -0.0024031938
1.6704303543  -2.0186923946  -0.0027905804
1.6700404729  -2.0178384855  -0.0032089574
1.6696190725  -2.0169223991  -0.0036588521
1.6691657410  -2.0159437259  -0.0041407818
1.6686800685  -2.0149020481  -0.0046552540
1.6681616467  -2.0137969403  -0.0052027664
1.6676100689  -2.0126279692  -0.0057838068
1.6670249297  -2.0113946950  -0.0063988530
1.6664058262  -2.0100966723  -0.0070483730
1.6657523575  -2.0087334510  -0.0077328250
1.6650641253  -2.0073045772  -0.0084526571
1.6643407335  -2.0058095946  -0.0092083078
1.6635817887  -2.0042480450  -0.0100002055
1.6627869005  -2.0026194698  -0.0108287689
1.6619556814  -2.0009234113  -0.0116944067
1.6610877471  -1.9991594134  -0.0125975177
1.6601827115  -1.9973260201  -0.0135398280
1.6592402079  -1.9954237039  -0.0145205287
1.6582598705  -1.9934532716  -0.0155395730
1.6572413189  -1.9914135406  -0.0165972688
1.6561841845  -1.9893037970  -0.0176939351
1.6550881077  -1.9871235336  -0.0188299169
1.6539527341  -1.9848722886  -0.0200055531
1.6527777147  -1.9825496341  -0.0212211797
1.6515627061  -1.9801551646  -0.0224771288
1.6503073706  -1.9776884946  -0.0237737276
1.6490113768  -1.9751492591  -0.0251112979
1.6476743995  -1.9725371139  -0.0264901558
1.6462961203  -1.9698517370  -0.0279106106
1.6448762273  -1.9670928293  -0.0293729654
1.6434144160  -1.9642601157  -0.0308775158
1.6419103887  -1.9613533460  -0.0324245504
1.6403638556  -1.9583722959  -0.0340143504
1.6387745343  -1.9553167680  -0.0356471890
1.6371421502  -1.9521865925  -0.0373233317
1.6354664371  -1.9489816282  -0.0390430355
1.6337471368  -1.9457017633  -0.0408065493
1.6319839995  -1.9423469157  -0.0426141133
1.6301767843  -1.9389170343  -0.0444659593
1.6283252587  -1.9354120991  -0.0463623099
1.6264291995  -1.9318321222  -0.0483033791
1.6244883925  -1.9281771479  -0.0502893727
1.6225026329  -1.9244472539  -0.0523204887
1.6204717250  -1.9206425505  -0.0543969155
1.6183954829  -1.9167631812  -0.0565188311
1.6162737298  -1.9128093223  -0.0586864032
1.6141062990  -1.9087811832  -0.0608997893
1.6118930330  -1.9046787567  -0.0631591365
1.6096337831  -1.9005022297  -0.0654645811
1.6073284118  -1.8962524086  -0.0678162489
1.6049767944  -1.8919298590  -0.0702142550
1.6025788152  -1.8875347817  -0.0726587042
1.6001343666  -1.8830675099  -0.0751496908
1.5976433512  -1.8785284622  -0.0776872984
1.5951056822  -1.8739180978  -0.0802716001
1.5925212830  -1.8692369104  -0.0829026586
1.5898900871  -1.8644854236  -0.0855805261
1.5872120384  -1.8596641894  -0.0883052444
1.5844870907  -1.8547737887  -0.0910768451
1.5817152082  -1.8498148309  -0.0938953496
1.5788963649  -1.8447879538  -0.0967607692
1.5760305452  -1.8396938218  -0.0996731055
1.5731177434  -1.8345331252  -0.1026323504
1.5701579638  -1.8293065791  -0.1056384860
1.5671512205  -1.8240149242  -0.1086914853
1.5640975376  -1.8186589255  -0.1117913117
1.5609969489  -1.8132393723  -0.1149379198
1.5578494979  -1.8077570772  -0.1181312552
1.5546552376  -1.8022128756  -0.1213712546
1.5514142308  -1.7966076247  -0.1246578464
1.5481265492  -1.7909422036  -0.1279909504
1.5447922741  -1.7852175115  -0.1313704785
1.5414115093  -1.7794344945  -0.1347963361
1.5379844174  -1.7735942217  -0.1382684254
1.5345111627  -1.7676977699  -0.1417866449
1.5309918678  -1.7617461349  -0.1453508846
1.5274266551  -1.7557403140  -0.1489610260
1.5238156527  -1.7496813156  -0.1526169420
1.5201589946  -1.7435701479  -0.1563184978
1.5164568207  -1.7374078141  -0.1600655504
1.5127092760  -1.7311953441  -0.1638579488
1.5089165118  -1.7249338073  -0.1676955344
1.5050786848  -1.7186242809  -0.1715781405
1.5011959570  -1.7122678380  -0.1755055929
1.4972684960  -1.7058655579  -0.1794777096
1.4932964744  -1.6994185456  -0.1834943013
1.4892800706  -1.6929279376  -0.1875551710
1.4852194680  -1.6863947964  -0.1916601147
1.4811148547  -1.6798199937  -0.1958089221
1.4769664230  -1.6732043554  -0.2000013763
1.4727743703  -1.6665489133  -0.2042372533
1.4685389001  -1.6598549041  -0.2085163216
1.4642602225  -1.6531236076  -0.2128383425
1.4599385529  -1.6463562730  -0.2172030710
1.4555741124  -1.6395541196  -0.2216102565
1.4511671272  -1.6327183385  -0.2260596435
1.4467178291  -1.6258500912  -0.2305509725
1.4422264552  -1.6189505098  -0.2350839786
1.4376932475  -1.6120206986  -0.2396583914
1.4331184530  -1.6050617338  -0.2442739350
1.4285023245  -1.5980746639  -0.2489303275
1.4238451199  -1.5910605106  -0.2536272819
1.4191471029  -1.5840202706  -0.2583645054
1.4144085433  -1.5769549173  -0.2631416993
1.4096298141  -1.5698655682  -0.2679585581
1.4048114297  -1.5627535461  -0.2728147679
1.3999538348  -1.5556200182  -0.2777100080
1.3950573632  -1.5484659301  -0.2826439515
1.3901223498  -1.5412922001  -0.2876162649
1.3851491326  -1.5340997288  -0.2926266087
1.3801380525  -1.5268894010  -0.2976746370
1.3750894536  -1.5196620887  -0.3027599985
1.3700036837  -1.5124186529  -0.3078823390
1.3648810938  -1.5051599463  -0.3130412985
1.3597220364  -1.4978868167  -0.3182365063
1.3545268652  -1.4906001097  -0.3234675792
1.3492959358  -1.4833006722  -0.3287341221
1.3440296048  -1.4759893839  -0.3340357163
1.3387282298  -1.4686671218  -0.3393719246
1.3333921851  -1.4613345438  -0.3447423621
1.3280218709  -1.4539921634  -0.3501467216
1.3226176833  -1.4466408596  -0.3555846638
1.3171799850  -1.4392819035  -0.3610557469
1.3117091253  -1.4319164724  -0.3665594793
1.3062054725  -1.4245455120  -0.3720953760
1.3006694177  -1.4171698977  -0.3776629718
1.2951013733  -1.4097905509  -0.3832618112
1.2895018085  -1.4024085967  -0.3888914361
1.2838712084  -1.3950251615  -0.3945513844
1.2782100280  -1.3876411913  -0.4002411930
1.2725187203  -1.3802576034  -0.4059603986
1.2667977428  -1.3728753124  -0.4117085379
1.2610475573  -1.3654952297  -0.4174851486
1.2552686315  -1.3581182632  -0.4232897766
1.2494614412  -1.3507453176  -0.4291219866
1.2436264680  -1.3433772924  -0.4349813533
1.2377641904  -1.3360150784  -0.4408674431
1.2318750830  -1.3286595526  -0.4467798107
1.2259596210  -1.3213115765  -0.4527180046
1.2200182853  -1.3139719957  -0.4586815771
1.2140515663  -1.3066416410  -0.4646700995
1.2080599591  -1.2993213252  -0.4706831451
1.2020439488  -1.2920118336  -0.4767202517
1.1960040956  -1.2847141140  -0.4827809248
1.1899410505  -1.2774293213  -0.4888646683
1.1838553094  -1.2701582915  -0.4949709479
1.1777471818  -1.2629014660  -0.5010991403
1.1716169271  -1.2556591840  -0.5072484744
1.1654647235  -1.2484316013  -0.5134178586
1.1592900102  -1.2412183033  -0.5196032706
1.1530928056  -1.2340193407  -0.5258036272
1.1468765958  -1.2268372136  -0.5320277732
1.1406448048  -1.2196747720  -0.5382826478
1.1343962452  -1.2125320249  -0.5445672341
1.1281283173  -1.2054075041  -0.5508794427
1.1218401451  -1.1983002710  -0.5572179474
1.1155321668  -1.1912104058  -0.5635814560
1.1092053179  -1.1841385247  -0.5699686173
1.1028602003  -1.1770846168  -0.5763780252
1.0964970979  -1.1700481070  -0.5828082228
1.0901162856  -1.1630283225  -0.5892577088
1.0837180331  -1.1560245103  -0.5957249432
1.0773026023  -1.1490358442  -0.6022083521
1.0708702433  -1.1420614308  -0.6087063325
1.0644211898  -1.1351003157  -0.6152172570
1.0579560830  -1.1281521234  -0.6217394776
1.0514759354  -1.1212169531  -0.6282713307
1.0449813486  -1.1142941991  -0.6348111405
1.0384725193  -1.1073826334  -0.6413572242
1.0319495692  -1.1004809425  -0.6479078961
1.0254125301  -1.0935877349  -0.6544614712
1.0188619423  -1.0867023720  -0.6610162687
1.0122989189  -1.0798250123  -0.6675706157
1.0057234963  -1.0729544124  -0.6741228506
0.9991343136  -1.0660876589  -0.6806713266
0.9925304112  -1.0592225899  -0.6872144117
0.9859115504  -1.0523580872  -0.6937504939
0.9792747915  -1.0454900133  -0.7002779909
0.9726155968  -1.0386128394  -0.7067953574
0.9659249171  -1.0317167559  -0.7133010928
0.9591838203  -1.0247818650  -0.7197937767
0.9522162727  -1.0176332628  -0.7262720729
0.9452730115  -1.0105248621  -0.7327345720
0.9387164166  -1.0038160914  -0.7391796950
0.9323572549  -0.9973106287  -0.7456059024
0.9260362101  -0.9908449998  -0.7520118763
0.9197373731  -0.9844006986  -0.7583964562
0.9134603725  -0.9779757019  -0.7647585480
0.9072050418  -0.9715686451  -0.7710971104
0.9009712185  -0.9651783031  -0.7774111676
0.8947587602  -0.9588035656  -0.7836998260
0.8885675471  -0.9524434376  -0.7899622794
0.8823974787  -0.9460970400  -0.7961978112
0.8762484712  -0.9397636088  -0.8024057985
0.8701204560  -0.9334424929  -0.8085857162
0.8640133789  -0.9271331520  -0.8147371403
0.8579271966  -0.9208351525  -0.8208597447
0.8518618700  -0.9145481642  -0.8269532904
0.8458173650  -0.9082719543  -0.8330176322
0.8397936589  -0.9020063824  -0.8390527353
0.8337907430  -0.8957513956  -0.8450586824
0.8278086177  -0.8895070240  -0.8510356784
0.8218472867  -0.8832733747  -0.8569840445
0.8159067480  -0.8770506250  -0.8629042033
0.8099869970  -0.8708390149  -0.8687966948
0.8040880441  -0.8646388409  -0.8746622231
0.7982099182  -0.8584504513  -0.8805016690
0.7923526474  -0.8522742402  -0.8863160707
0.7865162626  -0.8461106427  -0.8921066750
0.7807008263  -0.8399601328  -0.8978750199
0.7749064571  -0.8338232292  -0.9036230479
0.7691333885  -0.8277005511  -0.9093533823
0.7633828516  -0.8215929222  -0.9150725350
0.7576556341  -0.8155010437  -0.9207851727
0.7519482443  -0.8094248335  -0.9264850676
0.7462562422  -0.8033636952  -0.9321653559
0.7405797936  -0.7973173808  -0.9378258341
0.7349210158  -0.7912860463  -0.9434674002
0.7292806357  -0.7852698706  -0.9490902703
0.7236586029  -0.7792689594  -0.9546945791
0.7180547985  -0.7732833850  -0.9602804628
0.7124691051  -0.7673132002  -0.9658480602
0.7069014069  -0.7613584400  -0.9713975121
0.7013515897  -0.7554191224  -0.9769289605
0.6958195409  -0.7494952477  -0.9824425484
0.6903051491  -0.7435867999  -0.9879384190
0.6848083045  -0.7376937466  -0.9934167151
0.6793288986  -0.7318160405  -0.9988775787
0.6738668243  -0.7259536196  -1.0043211506
0.6684219760  -0.7201064085  -1.0097475696
0.6629942495  -0.7142743199  -1.0151569723
0.6575835421  -0.7084572559  -1.0205494918
0.6521897522  -0.7026551097  -1.0259252574
0.6468127797  -0.6968677663  -1.0312843938
0.6414525260  -0.6910951042  -1.0366270204
0.6361088940  -0.6853369966  -1.0419532513
0.6307817884  -0.6795933134  -1.0472631943
0.6254711149  -0.6738639229  -1.0525569496
0.6201767808  -0.6681486933  -1.0578346089
0.6148986948  -0.6624474938  -1.0630962553
0.6096367671  -0.6567601963  -1.0683419612
0.6043909088  -0.6510866772  -1.0735717864
0.5991610315  -0.6454268185  -1.0787857743
0.5939470425  -0.6397805114  -1.0839839297
0.5887488427  -0.6341476534  -1.0891662110
0.5835663518  -0.6285281483  -1.0943326192
0.5783995358  -0.6229219269  -1.0994832780
0.5732483751  -0.6173289392  -1.1046183488
0.5681128131  -0.6117491180  -1.1097379326
0.5629927641  -0.6061823870  -1.1148420907
0.5578881483  -0.6006286877  -1.1199308834
0.5527988986  -0.5950879822  -1.1250043735
0.5477249526  -0.5895602457  -1.1300626218
0.5426662500  -0.5840454647  -1.1351056879
0.5376227322  -0.5785436361  -1.1401336294
0.5325943420  -0.5730547669  -1.1451465020
0.5275810239  -0.5675788740  -1.1501443600
0.5225827238  -0.5621159837  -1.1551272559
0.5175993893  -0.5566661306  -1.1600952405
0.5126309693  -0.5512293574  -1.1650483632
0.5076774143  -0.5458057144  -1.1699866716
0.5027386762  -0.5403952580  -1.1749102120
0.4978147083  -0.5349980509  -1.1798190290
0.4929054654  -0.5296141604  -1.1847131659
0.4880109036  -0.5242436575  -1.1895926646
0.4831309802  -0.5188866163  -1.1944575656
0.4782656542  -0.5135431128  -1.1993079082
0.4734148854  -0.5082132242  -1.2041437304
0.4685786352  -0.5028970279  -1.2089650690
0.4637568661  -0.4975946000  -1.2137719597
0.4589495419  -0.4923060144  -1.2185644371
0.4541566275  -0.4870313417  -1.2233425348
0.4493780889  -0.4817706478  -1.2281062857
0.4446138934  -0.4765239912  -1.2328557214
0.4398640091  -0.4712914154  -1.2375908734
0.4351284056  -0.4660729389  -1.2423117725
0.4304070532  -0.4608685788  -1.2470184491
0.4256999232  -0.4556783994  -1.2517109321
0.4210069875  -0.4505025131  -1.2563892484
0.4163282188  -0.4453410330  -1.2610534227
0.4116635909  -0.4401940522  -1.2657034798
0.4070130788  -0.4350616570  -1.2703394436
0.4023766585  -0.4299439365  -1.2749613378
0.3977543064  -0.4248409818  -1.2795691849
0.3931460001  -0.4197528863  -1.2841630068
0.3885517177  -0.4146797444  -1.2887428246
0.3839714379  -0.4096216524  -1.2933086590
0.3794051404  -0.4045787079  -1.2978605295
0.3748528054  -0.3995509655  -1.3023984556
0.3703144134  -0.3945383946  -1.3069224559
0.3657899461  -0.3895410631  -1.3114325488
0.3612793856  -0.3845592819  -1.3159287513
0.3567827147  -0.3795933430  -1.3204110799
0.3522999164  -0.3746433531  -1.3248795506
0.3478309744  -0.3697093802  -1.3293341797
0.3433758728  -0.3647915153  -1.3337749828
0.3389345960  -0.3598898468  -1.3382019753
0.3345071289  -0.3550044598  -1.3426151721
0.3300934565  -0.3501354375  -1.3470145880
0.3256935645  -0.3452828610  -1.3514002375
0.3213074386  -0.3404468107  -1.3557721347
0.3169350647  -0.3356273667  -1.3601302937
0.3125764292  -0.3308246091  -1.3644747281
0.3082315185  -0.3260386188  -1.3688054517
0.3039003193  -0.3212694778  -1.3731224778
0.2995828182  -0.3165172697  -1.3774258198
0.2952790021  -0.3117820797  -1.3817154908
0.2909888580  -0.3070639953  -1.3859915039
0.2867123728  -0.3023631060  -1.3902538723
0.2824495335  -0.2976795035  -1.3945026088
0.2782003272  -0.2930132819  -1.3987377265
0.2739647407  -0.2883645372  -1.4029592385
0.2697427609  -0.2837333679  -1.4071671580
0.2655343746  -0.2791198742  -1.4113614980
0.2613395685  -0.2745241578  -1.4155422720
0.2571583290  -0.2699463222  -1.4197094935
0.2529906424  -0.2653864715  -1.4238631762
0.2488364949  -0.2608447107  -1.4280033339
0.2446958722  -0.2563211452  -1.4321299809
0.2405687599  -0.2518158797  -1.4362431317
0.2364551474  -0.2473295762  -1.4403428366
0.2323550285  -0.2428630772  -1.4444291870
0.2282683823  -0.2384151552  -1.4485021728
0.2241951709  -0.2339842021  -1.4525616898
0.2201353720  -0.2295709754  -1.4566077126
0.2160889797  -0.2251764644  -1.4606402631
0.2120559834  -0.2208008259  -1.4646593472
0.2080363670  -0.2164442056  -1.4686649737
0.2040301139  -0.2121067403  -1.4726571546
0.2000372073  -0.2077885569  -1.4766359057
0.1960576295  -0.2034897713  -1.4806012462
0.1920913624  -0.1992104881  -1.4845531996
0.1881383871  -0.1949508001  -1.4884917931
0.1841986840  -0.1907107876  -1.4924170584
0.1802722326  -0.1864905187  -1.4963290310
0.1763590113  -0.1822900492  -1.5002277509
0.1724589980  -0.1781094227  -1.5041132620
0.1685721692  -0.1739486709  -1.5079856125
0.1646985006  -0.1698078141  -1.5118448542
0.1608379670  -0.1656868617  -1.5156910428
0.1569905420  -0.1615858128  -1.5195242372
0.1531561983  -0.1575046568  -1.5233444998
0.1493349076  -0.1534433740  -1.5271518954
0.1455266406  -0.1494019368  -1.5309464916
0.1417313671  -0.1453803099  -1.5347283576
0.1379490559  -0.1413784516  -1.5384975642
0.1341796749  -0.1373963141  -1.5422541831
0.1304231912  -0.1334338449  -1.5459982863
0.1266795707  -0.1294909870  -1.5497299454
0.1229487789  -0.1255676799  -1.5534492311
0.1192307801  -0.1216638604  -1.5571562122
0.1155255378  -0.1177794644  -1.5608509551
0.1118351702  -0.1139148934  -1.5645878424
0.1081610387  -0.1100703279  -1.5683938525
0.1044975127  -0.1062444595  -1.5721761792
0.1008429176  -0.1024369127  -1.5759588076
0.0972001113  -0.0986482798  -1.5797401048
0.0935690084  -0.0948785015  -1.5835182105
0.0899495337  -0.0911275218  -1.5872910366
0.0863416236  -0.0873952875  -1.5910562677
0.0827452263  -0.0836817478  -1.5948113607
0.0791603028  -0.0799868535  -1.5985535450
0.0755868273  -0.0763105563  -1.6022798225
0.0720247881  -0.0726528084  -1.6059869675
0.0684741877  -0.0690135610  -1.6096715268
0.0649350435  -0.0653927639  -1.6133298196
0.0614073882  -0.0617903645  -1.6169579375
0.0578912701  -0.0582063066  -1.6205517447
0.0543867532  -0.0546405299  -1.6241068778
0.0508939174  -0.0510929688  -1.6276187458
0.0474128583  -0.0475635515  -1.6310825302
0.0439436873  -0.0440521999  -1.6344931849
0.0404865311  -0.0405588285  -1.6378454363
0.0370415313  -0.0370833441  -1.6411337832
0.0336088439  -0.0336256461  -1.6443524970
0.0301886383  -0.0301856257  -1.6474956215
0.0267810963  -0.0267631670  -1.6505569727
0.0233864110  -0.0233581472  -1.6535301394
0.0200047854  -0.0199704373  -1.6564084826
0.0166364303  -0.0165999033  -1.6591851360
0.0132815629  -0.0132464077  -1.6618530056
0.0099404041  -0.0099098106  -1.6644047697
0.0066131760  -0.0065899716  -1.6668328795
0.0033000992  -0.0032867515  -1.6691295581
0.0032971729  -0.0032867245  -1.6691295581
