0.15302
1.2625944379  -1.4528716210   0.0000516263
1.2625944379  -1.4528716210   0.0000516263
1.2626002990  -1.4528756343   0.0000442746
1.2625990076  -1.4528608088   0.0000240228
1.2625865582  -1.4528233542  -0.0000094796
1.2625606595  -1.4527603572  -0.0000565807
1.2625204099  -1.4526707427  -0.0001176262
1.2624652816  -1.4525539226  -0.0001929596
1.2623948890  -1.4524094909  -0.0002829221
1.2623089104  -1.4522371212  -0.0003878523
1.2622070564  -1.4520365250  -0.0005080868
1.2620890549  -1.4518074318  -0.0006439598
1.2619546434  -1.4515495788  -0.0007958029
1.2618035648  -1.4512627059  -0.0009639457
1.2616355647  -1.4509465518  -0.0011487154
1.2614503904  -1.4506008525  -0.0013504367
1.2612477894  -1.4502253398  -0.0015694322
1.2610275088  -1.4498197407  -0.0018060220
1.2607892953  -1.4493837769  -0.0020605239
1.2605328945  -1.4489171647  -0.0023332535
1.2602580509  -1.4484196148  -0.0026245239
1.2599645077  -1.4478908322  -0.0029346461
1.2596520068  -1.4473305164  -0.0032639284
1.2593202885  -1.4467383614  -0.0036126772
1.2589690920  -1.4461140559  -0.0039811963
1.2585981546  -1.4454572834  -0.0043697872
1.2582072127  -1.4447677227  -0.0047787491
1.2577960007  -1.4440450476  -0.0052083790
1.2573642520  -1.4432889278  -0.0056589714
1.2569116985  -1.4424990286  -0.0061308184
1.2564380708  -1.4416750115  -0.0066242101
1.2559430980  -1.4408165345  -0.0071394340
1.2554265018  -1.4399228179  -0.0076775586
1.2548880167  -1.4389939051  -0.0082381581
1.2543273771  -1.4380300024  -0.0088212577
1.2537443003  -1.4370304426  -0.0094271154
1.2531385064  -1.4359947317  -0.0100559926
1.2525097175  -1.4349224730  -0.0107081631
1.2518576549  -1.4338132847  -0.0113839013
1.2511820394  -1.4326667928  -0.0120834840
1.2504825909  -1.4314826264  -0.0128071893
1.2497590290  -1.4302604171  -0.0135552968
1.2490110726  -1.4289997989  -0.0143280869
1.2482384401  -1.4277004084  -0.0151258406
1.2474408497  -1.4263618854  -0.0159488395
1.2466180191  -1.4249838735  -0.0167973657
1.2457696660  -1.4235660198  -0.0176717012
1.2448955079  -1.4221079763  -0.0185721286
1.2439952621  -1.4206093996  -0.0194989300
1.2430686461  -1.4190699519  -0.0204523878
1.2421153776  -1.4174893009  -0.0214327840
1.2411351744  -1.4158671209  -0.0224404005
1.2401277547  -1.4142030926  -0.0234755184
1.2390928371  -1.4124969040  -0.0245384190
1.2380301408  -1.4107482504  -0.0256293833
1.2369393857  -1.4089568351  -0.0267486921
1.2358202921  -1.4071223698  -0.0278966254
1.2346725814  -1.4052445753  -0.0290734619
1.2334959760  -1.4033231817  -0.0302794791
1.2322901992  -1.4013579284  -0.0315149533
1.2310549754  -1.3993485650  -0.0327801593
1.2297900305  -1.3972948511  -0.0340753702
1.2284950915  -1.3951965571  -0.0354008574
1.2271698872  -1.3930533467  -0.0367568907
1.2258141472  -1.3908649688  -0.0381437378
1.2244276031  -1.3886314641  -0.0395616638
1.2230099897  -1.3863527599  -0.0410109319
1.2215610436  -1.3840285998  -0.0424918028
1.2200805025  -1.3816587828  -0.0440045349
1.2185681066  -1.3792431483  -0.0455493839
1.2170235984  -1.3767815520  -0.0471266028
1.2154467227  -1.3742738627  -0.0487364417
1.2138372273  -1.3717199604  -0.0503791475
1.2121948623  -1.3691197363  -0.0520549642
1.2105193810  -1.3664730942  -0.0537641324
1.2088105394  -1.3637799509  -0.0555068892
1.2070680968  -1.3610402361  -0.0572834683
1.2052918157  -1.3582538917  -0.0590940999
1.2034814621  -1.3554208720  -0.0609390103
1.2016368053  -1.3525411437  -0.0628184219
1.1997576185  -1.3496146858  -0.0647325533
1.1978436787  -1.3466414899  -0.0666816188
1.1958947667  -1.3436215603  -0.0686658286
1.1939106678  -1.3405549139  -0.0706853885
1.1918911712  -1.3374415807  -0.0727404999
1.1898360848  -1.3342816275  -0.0748313596
1.1877452384  -1.3310751642  -0.0769581596
1.1856184556  -1.3278222958  -0.0791210872
1.1834555508  -1.3245231160  -0.0813203249
1.1812563425  -1.3211777303  -0.0835560501
1.1790206540  -1.3177862562  -0.0858284350
1.1767483134  -1.3143488242  -0.0881376468
1.1744391539  -1.3108655782  -0.0904838471
1.1720930134  -1.3073366759  -0.0928671925
1.1697097353  -1.3037622841  -0.0952878344
1.1672891682  -1.3001425768  -0.0977459196
1.1648311661  -1.2964777478  -0.1002415893
1.1623355882  -1.2927680180  -0.1027749791
1.1598022997  -1.2890136228  -0.1053462189
1.1572311710  -1.2852148087  -0.1079554325
1.1546220787  -1.2813718470  -0.1106027379
1.1519749050  -1.2774850502  -0.1132882469
1.1492895382  -1.2735547195  -0.1160120651
1.1465658730  -1.2695810302  -0.1187742924
1.1438038093  -1.2655640542  -0.1215750235
1.1410032528  -1.2615039652  -0.1244143464
1.1381641154  -1.2574011475  -0.1272923420
1.1352863164  -1.2532561023  -0.1302090832
1.1323697821  -1.2490693397  -0.1331646359
1.1294144458  -1.2448413541  -0.1361590594
1.1264202474  -1.2405726298  -0.1391924059
1.1233871336  -1.2362636408  -0.1422647208
1.1203150578  -1.2319148507  -0.1453760426
1.1172039801  -1.2275267121  -0.1485264026
1.1140538677  -1.2230996681  -0.1517158250
1.1108646946  -1.2186341525  -0.1549443270
1.1076364418  -1.2141305888  -0.1582119182
1.1043690972  -1.2095893904  -0.1615186007
1.1010626563  -1.2050109621  -0.1648643706
1.0977171216  -1.2003957032  -0.1682492170
1.0943325029  -1.1957440101  -0.1716731185
1.0909088163  -1.1910562793  -0.1751360423
1.0874460855  -1.1863329099  -0.1786379454
1.0839443417  -1.1815743034  -0.1821787741
1.0804036240  -1.1767808624  -0.1857584639
1.0768239837  -1.1719530125  -0.1893769396
1.0732055024  -1.1670912744  -0.1930341154
1.0695482747  -1.1621961819  -0.1967298952
1.0658523884  -1.1572682049  -0.2004641727
1.0621179378  -1.1523078123  -0.2042368312
1.0583450258  -1.1473154850  -0.2080477433
1.0545337640  -1.1422917147  -0.2118967704
1.0506842713  -1.1372369294  -0.2157837547
1.0467966718  -1.1321514992  -0.2197085130
1.0428711077  -1.1270361963  -0.2236708914
1.0389077573  -1.1218924117  -0.2276708274
1.0349068173  -1.1167212889  -0.2317082861
1.0308684602  -1.1115230767  -0.2357831483
1.0267928316  -1.1062977422  -0.2398952097
1.0226800861  -1.1010456247  -0.2440442410
1.0185304052  -1.0957673760  -0.2482300098
1.0143439903  -1.0904637466  -0.2524522777
1.0101210549  -1.0851355243  -0.2567107980
1.0058618228  -1.0797835279  -0.2610053165
1.0015665280  -1.0744086060  -0.2653355720
0.9972354160  -1.0690116346  -0.2697013032
0.9928687453  -1.0635935156  -0.2741022574
0.9884667861  -1.0581551749  -0.2785381842
0.9840298153  -1.0526975580  -0.2830088242
0.9795581719  -1.0472217517  -0.2875139069
0.9750522699  -1.0417290261  -0.2920531531
0.9705124453  -1.0362204997  -0.2966262747
0.9659389376  -1.0306970778  -0.3012329779
0.9613319865  -1.0251596487  -0.3058729809
0.9566918354  -1.0196090884  -0.3105460139
0.9520187222  -1.0140462543  -0.3152517860
0.9473128733  -1.0084719781  -0.3199899678
0.9425745083  -1.0028870624  -0.3247602023
0.9378038524  -0.9972922828  -0.3295621352
0.9330011346  -0.9916883845  -0.3343954012
0.9281665688  -0.9860760699  -0.3392595566
0.9233003495  -0.9804559884  -0.3441540774
0.9184026527  -0.9748287264  -0.3490783121
0.9134736078  -0.9691947450  -0.3540313350
0.9085128098  -0.9635540638  -0.3590095563
0.9035197465  -0.9579066515  -0.3640093662
0.8984968609  -0.9522547902  -0.3690369343
0.8934487073  -0.9466025146  -0.3741033741
0.8883765204  -0.9409517808  -0.3792119774
0.8832781338  -0.9353020546  -0.3843604496
0.8781519071  -0.9296525054  -0.3895468824
0.8729976447  -0.9240028356  -0.3947698471
0.8678155574  -0.9183528889  -0.4000278370
0.8626058744  -0.9127024323  -0.4053192614
0.8573688281  -0.9070511395  -0.4106424521
0.8521046521  -0.9013985951  -0.4159956702
0.8468135815  -0.8957443048  -0.4213771123
0.8414962391  -0.8900882774  -0.4267849168
0.8361535592  -0.8844308741  -0.4322171704
0.8307861278  -0.8787718183  -0.4376719138
0.8253942379  -0.8731103313  -0.4431471471
0.8199781519  -0.8674455540  -0.4486408335
0.8145380990  -0.8617765607  -0.4541509057
0.8090742661  -0.8561023602  -0.4596752744
0.8035870322  -0.8504222313  -0.4652118356
0.7980776496  -0.8447366231  -0.4707584745
0.7925469973  -0.8390454570  -0.4763130723
0.7869946688  -0.8333469787  -0.4818735121
0.7814197770  -0.8276389511  -0.4874376848
0.7758216680  -0.8219196029  -0.4930034953
0.7702009772  -0.8161888358  -0.4985688669
0.7645566835  -0.8104446283  -0.5041317477
0.7588850707  -0.8046820558  -0.5096901175
0.7531827176  -0.7988970351  -0.5152419942
0.7474412434  -0.7930805286  -0.5207854420
0.7416451921  -0.7872164613  -0.5263186009
0.7356339264  -0.7811446568  -0.5318397146
0.7294737531  -0.7749352078  -0.5373470243
0.7236209697  -0.7690433669  -0.5428386062
0.7181477893  -0.7635331717  -0.5483124610
0.7127953386  -0.7581404633  -0.5537667526
0.7074688299  -0.7527684529  -0.5591998536
0.7021657491  -0.7474133248  -0.5646102516
0.6968857917  -0.7420737078  -0.5699965113
0.6916288237  -0.7367485545  -0.5753572868
0.6863947291  -0.7314369369  -0.5806913311
0.6811834122  -0.7261380475  -0.5859975017
0.6759947970  -0.7208511975  -0.5912747651
0.6708288236  -0.7155758144  -0.5965221955
0.6656854436  -0.7103114389  -0.6017389667
0.6605646196  -0.7050577208  -0.6069243604
0.6554663304  -0.6998144152  -0.6120777808
0.6503905714  -0.6945813786  -0.6171987617
0.6453373507  -0.6893585638  -0.6222869700
0.6403066866  -0.6841460152  -0.6273422122
0.6352986045  -0.6789438618  -0.6323644352
0.6303131295  -0.6737523100  -0.6373537115
0.6253502824  -0.6685716358  -0.6423102376
0.6204100901  -0.6634021791  -0.6472343695
0.6154925962  -0.6582443386  -0.6521266526
0.6105978540  -0.6530985653  -0.6569878245
0.6057259096  -0.6479653530  -0.6618187922
0.6008768000  -0.6428452310  -0.6666206533
0.5960505790  -0.6377387613  -0.6713947840
0.5912473275  -0.6326465367  -0.6761428763
0.5864671557  -0.6275691805  -0.6808670348
0.5817102497  -0.6225073816  -0.6855700129
0.5769775627  -0.6174620646  -0.6902581421
0.5722704461  -0.6124342359  -0.6949392733
0.5675871559  -0.6074240810  -0.6996115121
0.5629228955  -0.6024308325  -0.7042654835
0.5582755484  -0.5974540239  -0.7088971279
0.5536467844  -0.5924939875  -0.7135073287
0.5490381656  -0.5875511914  -0.7180967138
0.5444499508  -0.5826259016  -0.7226654255
0.5398820315  -0.5777182910  -0.7272135992
0.5353342912  -0.5728285060  -0.7317413730
0.5308066141  -0.5679566710  -0.7362488882
0.5262988853  -0.5631028887  -0.7407362888
0.5218109909  -0.5582672407  -0.7452037211
0.5173428174  -0.5534497886  -0.7496513329
0.5128942525  -0.5486505744  -0.7540792731
0.5084651846  -0.5438696218  -0.7584876912
0.5040555025  -0.5391069371  -0.7628767367
0.4996650960  -0.5343625098  -0.7672465578
0.4952938554  -0.5296363146  -0.7715973011
0.4909416717  -0.5249283124  -0.7759291105
0.4866084368  -0.5202384522  -0.7802421272
0.4822940434  -0.5155666727  -0.7845364887
0.4779983850  -0.5109129034  -0.7888123284
0.4737213563  -0.5062770655  -0.7930697745
0.4694628523  -0.5016590730  -0.7973089488
0.4652227690  -0.4970588350  -0.8015299666
0.4610010036  -0.4924762576  -0.8057329356
0.4567974539  -0.4879112443  -0.8099179554
0.4526120187  -0.4833636967  -0.8140851155
0.4484445974  -0.4788335141  -0.8182344940
0.4442950898  -0.4743205936  -0.8223661548
0.4401633931  -0.4698248021  -0.8264801305
0.4360493983  -0.4653459619  -0.8305764014
0.4319530017  -0.4608839999  -0.8346549492
0.4278741308  -0.4564391013  -0.8387158606
0.4238127398  -0.4520115021  -0.8427593125
0.4197687676  -0.4476012027  -0.8467854588
0.4157421223  -0.4432080462  -0.8507943952
0.4117327035  -0.4388319207  -0.8547862001
0.4077404202  -0.4344727857  -0.8587609557
0.4037651883  -0.4301306239  -0.8627187452
0.3998069255  -0.4258054250  -0.8666596504
0.3958655503  -0.4214971843  -0.8705837526
0.3919409825  -0.4172059024  -0.8744911317
0.3880331424  -0.4129315849  -0.8783818669
0.3841419511  -0.4086742420  -0.8822560362
0.3802673306  -0.4044338884  -0.8861137170
0.3764092037  -0.4002105422  -0.8899549856
0.3725674939  -0.3960042246  -0.8937799175
0.3687421255  -0.3918149593  -0.8975885874
0.3649330234  -0.3876427716  -0.9013810692
0.3611401132  -0.3834876881  -0.9051574362
0.3573633212  -0.3793497360  -0.9089177607
0.3536025744  -0.3752289425  -0.9126621147
0.3498578004  -0.3711253338  -0.9163905694
0.3461289273  -0.3670389347  -0.9201031954
0.3424158839  -0.3629697678  -0.9238000628
0.3387185995  -0.3589178527  -0.9274812412
0.3350370041  -0.3548832055  -0.9311467999
0.3313710280  -0.3508658381  -0.9347968075
0.3277206021  -0.3468657572  -0.9384313325
0.3240856578  -0.3428829634  -0.9420504431
0.3204661269  -0.3389174468  -0.9456542071
0.3168619418  -0.3349691808  -0.9492426927
0.3132730353  -0.3310381267  -0.9528159680
0.3096993406  -0.3271242625  -0.9563741007
0.3061407909  -0.3232275985  -0.9599171574
0.3025973201  -0.3193481575  -0.9634452030
0.2990688622  -0.3154859509  -0.9669583023
0.2955553518  -0.3116409790  -0.9704565201
0.2920567239  -0.3078132394  -0.9739399211
0.2885729139  -0.3040027297  -0.9774085696
0.2851038575  -0.3002094465  -0.9808625298
0.2816494906  -0.2964333855  -0.9843018653
0.2782097494  -0.2926745416  -0.9877266397
0.2747845705  -0.2889329086  -0.9911369161
0.2713738905  -0.2852084794  -0.9945327576
0.2679776466  -0.2815012309  -0.9979142269
0.2645957759  -0.2778111109  -1.0012813865
0.2612282159  -0.2741380986  -1.0046342988
0.2578749045  -0.2704822519  -1.0079730256
0.2545357798  -0.2668436202  -1.0112976287
0.2512107799  -0.2632221902  -1.0146081696
0.2478998432  -0.2596179348  -1.0179047097
0.2446029083  -0.2560308329  -1.0211873104
0.2413199138  -0.2524608613  -1.0244560328
0.2380507986  -0.2489079946  -1.0277109379
0.2347955019  -0.2453722053  -1.0309520865
0.2315539628  -0.2418534644  -1.0341795394
0.2283261206  -0.2383517414  -1.0373933569
0.2251119149  -0.2348670047  -1.0405935997
0.2219112853  -0.2313992214  -1.0437803280
0.2187241715  -0.2279483580  -1.0469536019
0.2155505134  -0.2245143804  -1.0501134816
0.2123902509  -0.2210972537  -1.0532600268
0.2092433242  -0.2176969427  -1.0563932975
0.2061096734  -0.2143134120  -1.0595133533
0.2029892389  -0.2109466256  -1.0626202539
0.1998819611  -0.2075965475  -1.0657140586
0.1967877804  -0.2042631412  -1.0687948269
0.1937066374  -0.2009463704  -1.0718626182
0.1906384727  -0.1976461981  -1.0749174915
0.1875832272  -0.1943625873  -1.0779595061
0.1845408415  -0.1910955006  -1.0809887210
0.1815112566  -0.1878449002  -1.0840051951
0.1784944135  -0.1846107478  -1.0870089873
0.1754902531  -0.1813930046  -1.0900001564
0.1724987165  -0.1781916311  -1.0929787613
0.1695197449  -0.1750065870  -1.0959448605
0.1665532808  -0.1718380059  -1.0988985293
0.1635992682  -0.1686860750  -1.1018398623
0.1606576467  -0.1655503325  -1.1047689058
0.1577283506  -0.1624302033  -1.1076856622
0.1548113194  -0.1593258532  -1.1105901700
0.1519064980  -0.1562375161  -1.1134824902
0.1490138301  -0.1531651646  -1.1163626755
0.1461332574  -0.1501087667  -1.1192307800
0.1432647223  -0.1470682875  -1.1220868589
0.1404081667  -0.1440436885  -1.1249309687
0.1375635328  -0.1410349276  -1.1277631674
0.1347307630  -0.1380419592  -1.1305835145
0.1319097993  -0.1350647336  -1.1333920711
0.1291005840  -0.1321031975  -1.1361889000
0.1263030594  -0.1291572940  -1.1389740654
0.1235171675  -0.1262269624  -1.1417476331
0.1207428505  -0.1233121385  -1.1445096709
0.1179800504  -0.1204127547  -1.1472602476
0.1152287095  -0.1175287405  -1.1499994338
0.1124887695  -0.1146600221  -1.1527273013
0.1097601727  -0.1118065233  -1.1554439233
0.1070428609  -0.1089681651  -1.1581493738
0.1043367760  -0.1061448664  -1.1608437281
0.1016418600  -0.1033365441  -1.1635270619
0.0989580548  -0.1005431133  -1.1661994516
0.0962853024  -0.0977644878  -1.1688609737
0.0936235447  -0.0950005799  -1.1715117048
0.0909727237  -0.0922513011  -1.1741517213
0.0883327814  -0.0895165622  -1.1767810986
0.0857036598  -0.0867962731  -1.1793999116
0.0830853010  -0.0840903438  -1.1820082336
0.0804776471  -0.0813986842  -1.1846061363
0.0778816512  -0.0787213356  -1.1872312564
0.0752979137  -0.0760582762  -1.1899022716
0.0727237562  -0.0734090684  -1.1925550502
0.0701583527  -0.0707735381  -1.1952062081
0.0676030039  -0.0681517824  -1.1978546489
0.0650576309  -0.0655437156  -1.2004991193
0.0625221605  -0.0629492538  -1.2031382089
0.0599965250  -0.0603683138  -1.2057703500
0.0574806629  -0.0578008136  -1.2083938181
0.0549745194  -0.0552466722  -1.2110067313
0.0524780461  -0.0527058091  -1.2136070508
0.0499912021  -0.0501781444  -1.2161925806
0.0475139537  -0.0476635985  -1.2187609676
0.0450462748  -0.0451620917  -1.2213097017
0.0425881471  -0.0426735445  -1.2238361156
0.0401395605  -0.0401978767  -1.2263373849
0.0377005127  -0.0377350075  -1.2288105281
0.0352710097  -0.0352848556  -1.2312524066
0.0328510657  -0.0328473385  -1.2336597248
0.0304407029  -0.0304223728  -1.2360290297
0.0280399514  -0.0280098738  -1.2383567116
0.0256488490  -0.0256097555  -1.2406390034
0.0232674410  -0.0232219308  -1.2428719810
0.0208957797  -0.0208463113  -1.2450515632
0.0185339237  -0.0184828075  -1.2471735117
0.0161819378  -0.0161313288  -1.2492334310
0.0138398918  -0.0137917841  -1.2512267687
0.0115078596  -0.0114640816  -1.2531488151
0.0091859187  -0.0091481297  -1.2549947036
0.0068741487  -0.0068438367  -1.2567594101
0.0045726300  -0.0045511117  -1.2584377539
0.0022814423  -0.0022698648  -1.2600243969
0.0022800444  -0.0022698497  -1.2600243969
