0.164748
1.1723221286  -1.3291265478   0.0000462241
1.1723221286  -1.3291265478   0.0000462241
1.1723275656  -1.3291306040   0.0000398865
1.1723266728  -1.3291189287   0.0000221361
1.1723158433  -1.3290881397  -0.0000073329
1.1722931086  -1.3290359040  -0.0000488245
1.1722576869  -1.3289613437  -0.0001026413
1.1722091183  -1.3288639707  -0.0001690841
1.1721470654  -1.3287434420  -0.0002484521
1.1720712456  -1.3285994784  -0.0003410428
1.1719814038  -1.3284318303  -0.0004471521
1.1718772999  -1.3282402625  -0.0005670743
1.1717587016  -1.3280245455  -0.0007011020
1.1716253813  -1.3277844515  -0.0008495259
1.1714771132  -1.3275197513  -0.0010126355
1.1713136729  -1.3272302132  -0.0011907184
1.1711348358  -1.3269156017  -0.0013840604
1.1709403769  -1.3265756769  -0.0015929460
1.1707300704  -1.3262101944  -0.0018176578
1.1705036893  -1.3258189046  -0.0020584769
1.1702610054  -1.3254015531  -0.0023156825
1.1700017890  -1.3249578805  -0.0025895524
1.1697258092  -1.3244876220  -0.0028803626
1.1694328331  -1.3239905081  -0.0031883876
1.1691226267  -1.3234662644  -0.0035139001
1.1687949541  -1.3229146116  -0.0038571712
1.1684495780  -1.3223352658  -0.0042184703
1.1680862594  -1.3217279387  -0.0045980654
1.1677047577  -1.3210923376  -0.0049962224
1.1673048307  -1.3204281657  -0.0054132059
1.1668862349  -1.3197351223  -0.0058492787
1.1664487250  -1.3190129029  -0.0063047021
1.1659920484  -1.3182608434  -0.0067804327
1.1655159638  -1.3174789543  -0.0072760957
1.1650202299  -1.3166673829  -0.0077917179
1.1645045892  -1.3158255546  -0.0083275384
1.1639687865  -1.3149530331  -0.0088837978
1.1634125676  -1.3140494633  -0.0094607475
1.1628356774  -1.3131145015  -0.0100586395
1.1622378598  -1.3121478093  -0.0106777284
1.1616188574  -1.3111490493  -0.0113182706
1.1609784121  -1.3101178853  -0.0119805239
1.1603162646  -1.3090539815  -0.0126647475
1.1596321548  -1.3079570032  -0.0133712016
1.1589258217  -1.3068266168  -0.0141001473
1.1581970034  -1.3056624903  -0.0148518466
1.1574454374  -1.3044642939  -0.0156265621
1.1566708605  -1.3032316997  -0.0164245570
1.1558730089  -1.3019643826  -0.0172460952
1.1550516183  -1.3006620205  -0.0180914408
1.1542064239  -1.2993242946  -0.0189608584
1.1533371604  -1.2979508898  -0.0198546127
1.1524435624  -1.2965414952  -0.0207729689
1.1515253642  -1.2950958042  -0.0217161918
1.1505822999  -1.2936135151  -0.0226845466
1.1496141034  -1.2920943317  -0.0236782984
1.1486205091  -1.2905379629  -0.0246977119
1.1476012509  -1.2889441239  -0.0257430517
1.1465560634  -1.2873125359  -0.0268145821
1.1454846812  -1.2856429264  -0.0279125669
1.1443868395  -1.2839350300  -0.0290372694
1.1432622738  -1.2821885882  -0.0301889522
1.1421107224  -1.2804033538  -0.0313678774
1.1409319287  -1.2785789958  -0.0325743062
1.1397256345  -1.2767152506  -0.0338084989
1.1384915797  -1.2748120925  -0.0350707146
1.1372295059  -1.2728694005  -0.0363612114
1.1359391557  -1.2708868972  -0.0376802462
1.1346202721  -1.2688643500  -0.0390280749
1.1332725994  -1.2668015593  -0.0404049517
1.1318958831  -1.2646983380  -0.0418111295
1.1304898702  -1.2625545092  -0.0432468597
1.1290543094  -1.2603699041  -0.0447123920
1.1275889508  -1.2581443628  -0.0462079740
1.1260935463  -1.2558777354  -0.0477338519
1.1245678497  -1.2535698818  -0.0492902695
1.1230116167  -1.2512206718  -0.0508774687
1.1214246050  -1.2488299845  -0.0524956893
1.1198065746  -1.2463977082  -0.0541451687
1.1181572877  -1.2439237407  -0.0558261419
1.1164765088  -1.2414079893  -0.0575388414
1.1147640052  -1.2388503709  -0.0592834973
1.1130195466  -1.2362508120  -0.0610603367
1.1112429054  -1.2336092494  -0.0628695840
1.1094338569  -1.2309256297  -0.0647114606
1.1075921796  -1.2281999096  -0.0665861850
1.1057176547  -1.2254320558  -0.0684939725
1.1038100668  -1.2226220453  -0.0704350355
1.1018692038  -1.2197698661  -0.0724095835
1.0998948572  -1.2168755167  -0.0744178223
1.0978868217  -1.2139390065  -0.0764599541
1.0958448959  -1.2109603563  -0.0785361774
1.0937688821  -1.2079395986  -0.0806466869
1.0916585863  -1.2048767776  -0.0827916730
1.0895138190  -1.2017719455  -0.0849713221
1.0873343942  -1.1986251603  -0.0871858159
1.0851201307  -1.1954364976  -0.0894353318
1.0828708511  -1.1922060551  -0.0917200426
1.0805863831  -1.1889339435  -0.0940401162
1.0782665585  -1.1856202835  -0.0963957157
1.0759112142  -1.1822652229  -0.0987869991
1.0735201917  -1.1788689499  -0.1012141194
1.0710933380  -1.1754316217  -0.1036772242
1.0686305048  -1.1719532539  -0.1061764565
1.0661315487  -1.1684337906  -0.1087119543
1.0635963307  -1.1648733126  -0.1112838499
1.0610247174  -1.1612720950  -0.1138922686
1.0584165819  -1.1576304973  -0.1165373289
1.0557718036  -1.1539488798  -0.1192191432
1.0530902676  -1.1502275904  -0.1219378173
1.0503718652  -1.1464669680  -0.1246934511
1.0476164936  -1.1426673428  -0.1274861382
1.0448240563  -1.1388290359  -0.1303159655
1.0419944628  -1.1349523606  -0.1331830142
1.0391276292  -1.1310376208  -0.1360873608
1.0362234781  -1.1270851102  -0.1390290762
1.0332819384  -1.1230951137  -0.1420082224
1.0303029448  -1.1190679095  -0.1450248524
1.0272864488  -1.1150038125  -0.1480790096
1.0242324189  -1.1109031688  -0.1511707289
1.0211408250  -1.1067662892  -0.1543000358
1.0180116379  -1.1025934567  -0.1574669470
1.0148448357  -1.0983849554  -0.1606714704
1.0116404040  -1.0941410691  -0.1639136045
1.0083983361  -1.0898620843  -0.1671933386
1.0051186330  -1.0855482960  -0.1705106529
1.0018013041  -1.0812000136  -0.1738655189
0.9984463666  -1.0768175601  -0.1772578992
0.9950538461  -1.0724012685  -0.1806877474
0.9916237765  -1.0679514844  -0.1841550081
0.9881561998  -1.0634685682  -0.1876596166
0.9846511668  -1.0589528905  -0.1912015000
0.9811087358  -1.0544047104  -0.1947805741
0.9775289719  -1.0498242483  -0.1983967439
0.9739119605  -1.0452123930  -0.2020499520
0.9702578196  -1.0405707316  -0.2057402169
0.9665666757  -1.0359002117  -0.2094675532
0.9628386266  -1.0312006642  -0.2132318840
0.9590737510  -1.0264718108  -0.2170330637
0.9552721436  -1.0217138869  -0.2208709292
0.9514339250  -1.0169274561  -0.2247453138
0.9475592339  -1.0121131816  -0.2286560440
0.9436482209  -1.0072717675  -0.2326029381
0.9397010473  -1.0024039542  -0.2365858083
0.9357178867  -0.9975105165  -0.2406044700
0.9316989649  -0.9925923491  -0.2446587447
0.9276445796  -0.9876505298  -0.2487484484
0.9235549763  -0.9826860548  -0.2528733858
0.9194303197  -0.9776997572  -0.2570333517
0.9152707725  -0.9726924689  -0.2612281319
0.9110764993  -0.9676650259  -0.2654575021
0.9068476672  -0.9626182652  -0.2697212316
0.9025844490  -0.9575530228  -0.2740190993
0.8982870235  -0.9524701315  -0.2783508951
0.8939555681  -0.9473704144  -0.2827163901
0.8895902527  -0.9422546788  -0.2871153203
0.8851912433  -0.9371237119  -0.2915473905
0.8807587114  -0.9319782802  -0.2960123021
0.8762928378  -0.9268191293  -0.3005097639
0.8717937978  -0.9216469749  -0.3050394272
0.8672617506  -0.9164624912  -0.3096008688
0.8626968475  -0.9112663063  -0.3141935937
0.8580992177  -0.9060589860  -0.3188169305
0.8534690475  -0.9008411160  -0.3234699079
0.8488062686  -0.8956133621  -0.3281479715
0.8441109839  -0.8903764763  -0.3328483821
0.8393860012  -0.8851326769  -0.3375802626
0.8346351047  -0.8798851013  -0.3423541369
0.8298583819  -0.8746348810  -0.3471714842
0.8250535790  -0.8693813388  -0.3520300654
0.8202194450  -0.8641238318  -0.3569281082
0.8153558743  -0.8588621388  -0.3618641735
0.8104630514  -0.8535961135  -0.3668367338
0.8055411743  -0.8483255293  -0.3718441733
0.8005904452  -0.8430500692  -0.3768847943
0.7956111675  -0.8377694804  -0.3819568238
0.7906041145  -0.8324841126  -0.3870584195
0.7855700578  -0.8271941871  -0.3921876747
0.7805093396  -0.8218991813  -0.3973426248
0.7754222281  -0.8165983991  -0.4025212567
0.7703089747  -0.8112910733  -0.4077215160
0.7651698090  -0.8059763715  -0.4129413132
0.7600049297  -0.8006533993  -0.4181785296
0.7548147085  -0.7953214926  -0.4234310238
0.7496003519  -0.7899810941  -0.4286966375
0.7443627823  -0.7846322271  -0.4339732015
0.7391017682  -0.7792733888  -0.4392585421
0.7338166730  -0.7739026510  -0.4445504880
0.7285066768  -0.7685180013  -0.4498468758
0.7231723983  -0.7631193019  -0.4551455555
0.7178140024  -0.7577058966  -0.4604443964
0.7124286173  -0.7522736525  -0.4657412939
0.7070136084  -0.7468191107  -0.4710341762
0.7015644952  -0.7413371585  -0.4763210113
0.6960708894  -0.7358167483  -0.4815998138
0.6905161015  -0.7302408231  -0.4868686707
0.6846829061  -0.7243933775  -0.4921257559
0.6787758615  -0.7184824163  -0.4973692062
0.6732733515  -0.7129833103  -0.5025969960
0.6680927779  -0.7078051591  -0.5078070833
0.6630084114  -0.7027180488  -0.5129976192
0.6579490697  -0.6976493175  -0.5181669422
0.6529131148  -0.6925962629  -0.5233134936
0.6479002665  -0.6875576631  -0.5284357970
0.6429103971  -0.6825325677  -0.5335324699
0.6379433978  -0.6775201445  -0.5386022329
0.6329991795  -0.6725196792  -0.5436439128
0.6280776688  -0.6675305731  -0.5486564378
0.6231788046  -0.6625523401  -0.5536388357
0.6183025412  -0.6575846037  -0.5585902478
0.6134488514  -0.6526270933  -0.5635099403
0.6086177239  -0.6476796408  -0.5683973080
0.6038091604  -0.6427421756  -0.5732518795
0.5990231732  -0.6378147194  -0.5780733229
0.5942597830  -0.6328973798  -0.5828614480
0.5895190119  -0.6279903431  -0.5876161920
0.5848008788  -0.6230938666  -0.5923376174
0.5801054085  -0.6182082730  -0.5970259438
0.5754326409  -0.6133339457  -0.6016815748
0.5707826263  -0.6084713223  -0.6063051074
0.5661554117  -0.6036208852  -0.6108973135
0.5615510311  -0.5987831529  -0.6154591333
0.5569695244  -0.5939586757  -0.6199917525
0.5524109548  -0.5891480341  -0.6244966477
0.5478754004  -0.5843518346  -0.6289756190
0.5433629771  -0.5795707127  -0.6334309508
0.5388738872  -0.5748053762  -0.6378656412
0.5344093068  -0.5700568352  -0.6422873916
0.5299704406  -0.5653260728  -0.6467036683
0.5255545842  -0.5606129373  -0.6511095267
0.5211569515  -0.5559164738  -0.6554956524
0.5167765083  -0.5512364235  -0.6598595852
0.5124151372  -0.5465732817  -0.6642021994
0.5080740320  -0.5419275146  -0.6685240016
0.5037533394  -0.5372993764  -0.6728251321
0.4994529451  -0.5326890397  -0.6771057289
0.4951727304  -0.5280966513  -0.6813659329
0.4909125769  -0.5235223362  -0.6856058883
0.4866723673  -0.5189661973  -0.6898257421
0.4824519848  -0.5144283169  -0.6940256434
0.4782513134  -0.5099087572  -0.6982057435
0.4740702376  -0.5054075607  -0.7023661946
0.4699086428  -0.5009247513  -0.7065071493
0.4657664146  -0.4964603356  -0.7106287599
0.4616434392  -0.4920143035  -0.7147311776
0.4575396036  -0.4875866305  -0.7188145521
0.4534547954  -0.4831772784  -0.7228790305
0.4493889028  -0.4787861975  -0.7269247572
0.4453418150  -0.4744133280  -0.7309518730
0.4413134218  -0.4700585999  -0.7349605144
0.4373036137  -0.4657219347  -0.7389508124
0.4333122819  -0.4614032473  -0.7429228920
0.4293393184  -0.4571024479  -0.7468768713
0.4253846164  -0.4528194438  -0.7508128615
0.4214480695  -0.4485541385  -0.7547309652
0.4175295724  -0.4443064327  -0.7586312749
0.4136290199  -0.4400762249  -0.7625138715
0.4097463075  -0.4358634087  -0.7663788212
0.4058813274  -0.4316678326  -0.7702261543
0.4020339656  -0.4274892988  -0.7740558482
0.3982041174  -0.4233277841  -0.7778679027
0.3943917110  -0.4191835560  -0.7816624359
0.3905966927  -0.4150568442  -0.7854396334
0.3868189875  -0.4109475901  -0.7891996397
0.3830584944  -0.4068556203  -0.7929425501
0.3793151101  -0.4027808308  -0.7966684500
0.3755887398  -0.3987231807  -0.8003774278
0.3718792940  -0.3946826476  -0.8040695723
0.3681866846  -0.3906592147  -0.8077449717
0.3645108242  -0.3866528697  -0.8114037128
0.3608516264  -0.3826636048  -0.8150458818
0.3572090054  -0.3786914160  -0.8186715640
0.3535828762  -0.3747363031  -0.8222808437
0.3499731546  -0.3707982690  -0.8258738044
0.3463797570  -0.3668773194  -0.8294505289
0.3428026005  -0.3629734622  -0.8330110992
0.3392416029  -0.3590867067  -0.8365555963
0.3356966827  -0.3552170633  -0.8400841010
0.3321677589  -0.3513645430  -0.8435966928
0.3286547512  -0.3475291568  -0.8470934512
0.3251575799  -0.3437109152  -0.8505744545
0.3216761659  -0.3399098271  -0.8540397808
0.3182104306  -0.3361258997  -0.8574895075
0.3147602960  -0.3323591374  -0.8609237117
0.3113256847  -0.3286095421  -0.8643424697
0.3079065196  -0.3248771115  -0.8677458578
0.3045027243  -0.3211618395  -0.8711339515
0.3011142227  -0.3174637145  -0.8745068262
0.2977409395  -0.3137827192  -0.8778645571
0.2943827995  -0.3101188258  -0.8812072190
0.2910397281  -0.3064719899  -0.8845348869
0.2877116511  -0.3028421598  -0.8878476359
0.2843984947  -0.2992293037  -0.8911455406
0.2811001855  -0.2956334172  -0.8944286739
0.2778166502  -0.2920545010  -0.8976971078
0.2745478160  -0.2884925439  -0.9009509142
0.2712936107  -0.2849475267  -0.9041901646
0.2680539623  -0.2814194283  -0.9074149307
0.2648287995  -0.2779082271  -0.9106252837
0.2616180510  -0.2744139005  -0.9138212945
0.2584216459  -0.2709364252  -0.9170030335
0.2552395137  -0.2674757767  -0.9201705711
0.2520715841  -0.2640319294  -0.9233239771
0.2489177872  -0.2606048569  -0.9264633212
0.2457780533  -0.2571945205  -0.9295886727
0.2426523130  -0.2538008586  -0.9327001007
0.2395404973  -0.2504238340  -0.9357976741
0.2364425374  -0.2470634688  -0.9388814613
0.2333583650  -0.2437197782  -0.9419515304
0.2302879117  -0.2403927297  -0.9450079494
0.2272311096  -0.2370822799  -0.9480507860
0.2241878909  -0.2337883902  -0.9510801077
0.2211581880  -0.2305110199  -0.9540959819
0.2181419338  -0.2272501266  -0.9570984756
0.2151390611  -0.2240056662  -0.9600876557
0.2121495031  -0.2207775934  -0.9630635887
0.2091731933  -0.2175658614  -0.9660263412
0.2062100652  -0.2143704228  -0.9689759793
0.2032600526  -0.2111912290  -0.9719125689
0.2003230897  -0.2080282308  -0.9748361760
0.1973991105  -0.2048813785  -0.9777468660
0.1944880497  -0.2017506217  -0.9806447043
0.1915898418  -0.1986359100  -0.9835297561
0.1887044216  -0.1955371922  -0.9864020863
0.1858317242  -0.1924544173  -0.9892617597
0.1829716848  -0.1893875337  -0.9921088409
0.1801242388  -0.1863364898  -0.9949433942
0.1772893219  -0.1833012336  -0.9977654839
0.1744668697  -0.1802817133  -1.0005751739
0.1716568182  -0.1772778764  -1.0033725281
0.1688591036  -0.1742896704  -1.0061576100
0.1660736622  -0.1713170425  -1.0089304832
0.1633004305  -0.1683599395  -1.0116912108
0.1605393451  -0.1654183078  -1.0144398560
0.1577903429  -0.1624920934  -1.0171764817
0.1550533608  -0.1595812417  -1.0199011506
0.1523283371  -0.1566858289  -1.0226139391
0.1496152111  -0.1538059715  -1.0253149393
0.1469139190  -0.1509412972  -1.0280042036
0.1442243933  -0.1480913495  -1.0306817473
0.1415465702  -0.1452562298  -1.0333476160
0.1388803906  -0.1424360905  -1.0360018736
0.1362257939  -0.1396308868  -1.0386445770
0.1335827188  -0.1368405711  -1.0412757842
0.1309511043  -0.1340650931  -1.0438955538
0.1283308893  -0.1313044003  -1.0465039455
0.1257220131  -0.1285584374  -1.0491010202
0.1231244148  -0.1258271466  -1.0516868398
0.1205380341  -0.1231104673  -1.0542614674
0.1179628104  -0.1204083361  -1.0568249673
0.1153986835  -0.1177206872  -1.0593774049
0.1128455933  -0.1150474520  -1.0619188472
0.1103034795  -0.1123885597  -1.0644493619
0.1077722823  -0.1097439369  -1.0669690181
0.1052519418  -0.1071135080  -1.0694778860
0.1027423982  -0.1044971957  -1.0719760367
0.1002435919  -0.1018949205  -1.0744635423
0.0977554632  -0.0993066013  -1.0769404756
0.0952779528  -0.0967321557  -1.0794069101
0.0928110012  -0.0941714997  -1.0818629196
0.0903545494  -0.0916245484  -1.0843085786
0.0879085383  -0.0890912160  -1.0867439612
0.0854729089  -0.0865714158  -1.0891691417
0.0830476024  -0.0840650608  -1.0915841940
0.0806325603  -0.0815720634  -1.0939891910
0.0782277240  -0.0790923358  -1.0963842053
0.0758330353  -0.0766257904  -1.0987693077
0.0734484359  -0.0741723397  -1.1011445679
0.0710747053  -0.0717319935  -1.1035442902
0.0687123311  -0.0693047154  -1.1059854997
0.0663590849  -0.0668901607  -1.1084097592
0.0640142725  -0.0644881806  -1.1108322161
0.0616789616  -0.0620988273  -1.1132518768
0.0593530772  -0.0597220177  -1.1156676050
0.0570365491  -0.0573576698  -1.1180781208
0.0547293119  -0.0550057029  -1.1204820014
0.0524313056  -0.0526660369  -1.1228776810
0.0501424753  -0.0503385929  -1.1252634504
0.0478627722  -0.0480232922  -1.1276374574
0.0455921533  -0.0457200571  -1.1299977068
0.0433305820  -0.0434288100  -1.1323420601
0.0410780282  -0.0411494736  -1.1346682357
0.0388344681  -0.0388819706  -1.1369738090
0.0365998849  -0.0366262238  -1.1392562121
0.0343742685  -0.0343821556  -1.1415127341
0.0321576159  -0.0321496880  -1.1437405209
0.0299499308  -0.0299287426  -1.1459365754
0.0277512236  -0.0277192404  -1.1480977573
0.0255615116  -0.0255211017  -1.1502207831
0.0233808187  -0.0233342461  -1.1523022262
0.0212091747  -0.0211585924  -1.1543385171
0.0190466157  -0.0189940590  -1.1563259428
0.0168931831  -0.0168405634  -1.1582606475
0.0147489232  -0.0146980228  -1.1601386320
0.0126138869  -0.0125663540  -1.1619557543
0.0104881285  -0.0104454736  -1.1637077290
0.0083717053  -0.0083352985  -1.1653901277
0.0062646764  -0.0062357459  -1.1669983788
0.0041671017  -0.0041467337  -1.1685277677
0.0020790406  -0.0020681805  -1.1699734366
0.0020778798  -0.0020681677  -1.1699734366
