0.136107
1.4043730689  -1.6509501864   0.0000612983
1.4043730689  -1.6509501864   0.0000612983
1.4043796684  -1.6509537917   0.0000520269
1.4043775978  -1.6509325579   0.0000271286
1.4043621258  -1.6508819974  -0.0000138328
1.4043303576  -1.6507980354  -0.0000712897
1.4042811685  -1.6506792165  -0.0001456700
1.4042139057  -1.6505247693  -0.0002373981
1.4041280951  -1.6503341773  -0.0003468940
1.4040233434  -1.6501070363  -0.0004745741
1.4038992985  -1.6498429954  -0.0006208505
1.4037556304  -1.6495417295  -0.0007861313
1.4035920217  -1.6492029252  -0.0009708207
1.4034081627  -1.6488262731  -0.0011753188
1.4032037476  -1.6484114632  -0.0014000219
1.4029784731  -1.6479581823  -0.0016453221
1.4027320370  -1.6474661124  -0.0019116075
1.4024641378  -1.6469349295  -0.0021992623
1.4021744735  -1.6463643036  -0.0025086666
1.4018627419  -1.6457538979  -0.0028401965
1.4015286401  -1.6451033689  -0.0031942242
1.4011718646  -1.6444123666  -0.0035711178
1.4007921107  -1.6436805345  -0.0039712414
1.4003890732  -1.6429075099  -0.0043949551
1.3999624459  -1.6420929242  -0.0048426150
1.3995119215  -1.6412364032  -0.0053145734
1.3990371922  -1.6403375676  -0.0058111781
1.3985379493  -1.6393960333  -0.0063327734
1.3980138834  -1.6384114116  -0.0068796993
1.3974646845  -1.6373833104  -0.0074522919
1.3968900418  -1.6363113340  -0.0080508833
1.3962896444  -1.6351950837  -0.0086758016
1.3956631736  -1.6340335740  -0.0093283121
1.3950103268  -1.6328269334  -0.0100078885
1.3943308015  -1.6315755014  -0.0107145450
1.3936242767  -1.6302784454  -0.0114485655
1.3928904367  -1.6289351806  -0.0122102391
1.3921289700  -1.6275452516  -0.0129998715
1.3913395660  -1.6261082257  -0.0138177676
1.3905219142  -1.6246236827  -0.0146642336
1.3896757040  -1.6230912091  -0.0155395760
1.3888006258  -1.6215103977  -0.0164441017
1.3878963708  -1.6198808481  -0.0173781171
1.3869626308  -1.6182021659  -0.0183419279
1.3859990990  -1.6164739640  -0.0193358390
1.3850054697  -1.6146958631  -0.0203601541
1.3839814382  -1.6128674923  -0.0214151756
1.3829267015  -1.6109884901  -0.0225012045
1.3818409581  -1.6090585046  -0.0236185402
1.3807239080  -1.6070771948  -0.0247674805
1.3795752531  -1.6050442307  -0.0259483209
1.3783946972  -1.6029592942  -0.0271613553
1.3771819461  -1.6008220797  -0.0284068753
1.3759367079  -1.5986322946  -0.0296851701
1.3746586930  -1.5963896603  -0.0309965265
1.3733476140  -1.5940939121  -0.0323412288
1.3720031863  -1.5917448002  -0.0337195586
1.3706251280  -1.5893420903  -0.0351317947
1.3692131600  -1.5868855636  -0.0365782128
1.3677670061  -1.5843750177  -0.0380590857
1.3662863932  -1.5818102670  -0.0395746830
1.3647710516  -1.5791911427  -0.0411252708
1.3632207147  -1.5765174939  -0.0427111119
1.3616351196  -1.5737890328  -0.0443324656
1.3600140060  -1.5710055880  -0.0459895875
1.3583571179  -1.5681673727  -0.0476827291
1.3566642047  -1.5652744530  -0.0494121379
1.3549350197  -1.5623266613  -0.0511780576
1.3531693188  -1.5593239070  -0.0529807279
1.3513668625  -1.5562661537  -0.0548203840
1.3495274155  -1.5531533900  -0.0566972569
1.3476507470  -1.5499856245  -0.0586115731
1.3457366310  -1.5467628836  -0.0605635560
1.3437848462  -1.5434852105  -0.0625534265
1.3417951761  -1.5401526665  -0.0645814007
1.3397674089  -1.5367653314  -0.0666476893
1.3377013377  -1.5333233035  -0.0687524973
1.3355967605  -1.5298266988  -0.0708960241
1.3334534808  -1.5262756506  -0.0730784633
1.3312713072  -1.5226703094  -0.0753000025
1.3290500537  -1.5190108428  -0.0775608231
1.3267895398  -1.5152974354  -0.0798611003
1.3244895905  -1.5115302886  -0.0822010027
1.3221500368  -1.5077096205  -0.0845806924
1.3197707151  -1.5038356657  -0.0870003248
1.3173514681  -1.4999086752  -0.0894600484
1.3148921442  -1.4959289160  -0.0919600045
1.3123925982  -1.4918966719  -0.0945003277
1.3098526908  -1.4878122429  -0.0970811451
1.3072722893  -1.4836759456  -0.0997025764
1.3046512672  -1.4794881129  -0.1023647342
1.3019895049  -1.4752490935  -0.1050677234
1.2992868890  -1.4709592515  -0.1078116414
1.2965433131  -1.4666189663  -0.1105965780
1.2937586778  -1.4622286262  -0.1134226151
1.2909328904  -1.4577886265  -0.1162898270
1.2880658654  -1.4532993873  -0.1191982799
1.2851575244  -1.4487613610  -0.1221480325
1.2822077968  -1.4441750165  -0.1251391352
1.2792166191  -1.4395408335  -0.1281716306
1.2761839355  -1.4348593122  -0.1312455533
1.2731096982  -1.4301309913  -0.1343609301
1.2699938672  -1.4253564299  -0.1375177800
1.2668364218  -1.4205361104  -0.1407161160
1.2636374197  -1.4156704819  -0.1439559440
1.2603969352  -1.4107600435  -0.1472372626
1.2571149896  -1.4058054207  -0.1505600618
1.2537916008  -1.4008073865  -0.1539243228
1.2504267944  -1.3957667351  -0.1573300182
1.2470206035  -1.3906842370  -0.1607771126
1.2435730684  -1.3855606461  -0.1642655626
1.2400842366  -1.3803967016  -0.1677953167
1.2365541628  -1.3751931272  -0.1713663153
1.2329829085  -1.3699506304  -0.1749784906
1.2293705426  -1.3646699029  -0.1786317669
1.2257171408  -1.3593516209  -0.1823260601
1.2220227859  -1.3539964470  -0.1860612782
1.2182875679  -1.3486050304  -0.1898373210
1.2145115838  -1.3431780066  -0.1936540803
1.2106949375  -1.3377159986  -0.1975114393
1.2068377402  -1.3322196188  -0.2014092730
1.2029401098  -1.3266894728  -0.2053474483
1.1990021722  -1.3211261615  -0.2093258255
1.1950240607  -1.3155302839  -0.2133442603
1.1910059159  -1.3099024389  -0.2174025987
1.1869478844  -1.3042432245  -0.2215006749
1.1828501191  -1.2985532404  -0.2256383104
1.1787127802  -1.2928330924  -0.2298153160
1.1745360357  -1.2870833964  -0.2340314910
1.1703200609  -1.2813047775  -0.2382866245
1.1660650391  -1.2754978692  -0.2425804939
1.1617711609  -1.2696633153  -0.2469128659
1.1574386242  -1.2638017542  -0.2512834921
1.1530676352  -1.2579137974  -0.2556920991
1.1486584432  -1.2520002890  -0.2601384101
1.1442113397  -1.2460624625  -0.2646222151
1.1397266222  -1.2401015232  -0.2691433612
1.1352045719  -1.2341182101  -0.2737016439
1.1306454425  -1.2281129771  -0.2782967738
1.1260494877  -1.2220864251  -0.2829284289
1.1214169834  -1.2160393449  -0.2875962836
1.1167482248  -1.2099725979  -0.2923000073
1.1120435186  -1.2038870734  -0.2970392617
1.1073031810  -1.1977836822  -0.3018137020
1.1025275368  -1.1916633552  -0.3066229768
1.0977169201  -1.1855270411  -0.3114667290
1.0928716736  -1.1793757051  -0.3163445968
1.0879921505  -1.1732103269  -0.3212562227
1.0830787163  -1.1670319000  -0.3262012617
1.0781317457  -1.1608414289  -0.3311793706
1.0731516168  -1.1546399252  -0.3361901967
1.0681387120  -1.1484284031  -0.3412333781
1.0630934200  -1.1422078765  -0.3463085445
1.0580161435  -1.1359793708  -0.3514153189
1.0529074134  -1.1297441795  -0.3565533347
1.0477677748  -1.1235036371  -0.3617222418
1.0425976078  -1.1172587318  -0.3669216733
1.0373972162  -1.1110102903  -0.3721512207
1.0321668909  -1.1047590953  -0.3774104498
1.0269069243  -1.0985058907  -0.3826989302
1.0216176050  -1.0922513782  -0.3880162000
1.0162991982  -1.0859962030  -0.3933617136
1.0109519402  -1.0797409402  -0.3987348152
1.0055760216  -1.0734860596  -0.4041346195
1.0001713963  -1.0672317533  -0.4095591502
0.9947374443  -1.0609778007  -0.4150040130
0.9892749652  -1.0547249939  -0.4204709337
0.9837879418  -1.0484763798  -0.4259711745
0.9782789252  -1.0422345391  -0.4315105321
0.9727465162  -1.0359999572  -0.4370868459
0.9671890799  -1.0297723701  -0.4426980526
0.9616063490  -1.0235514821  -0.4483427458
0.9559985556  -1.0173370919  -0.4540194721
0.9503659647  -1.0111289322  -0.4597267027
0.9447088437  -1.0049266392  -0.4654628389
0.9390274600  -0.9987297570  -0.4712262184
0.9333220790  -0.9925377440  -0.4770151216
0.9275929621  -0.9863499785  -0.4828277778
0.9218403874  -0.9801658027  -0.4886623706
0.9160651453  -0.9739852602  -0.4945170438
0.9102682360  -0.9678085993  -0.5003899064
0.9044501710  -0.9616352378  -0.5062790384
0.8986112239  -0.9554642027  -0.5121824963
0.8927516205  -0.9492944431  -0.5180983182
0.8868715293  -0.9431248381  -0.5240245288
0.8809711588  -0.9369543517  -0.5299591418
0.8750516559  -0.9307832385  -0.5359001620
0.8691140323  -0.9246115611  -0.5418455937
0.8631578547  -0.9184374979  -0.5477934492
0.8571819622  -0.9122584532  -0.5537417543
0.8511857525  -0.9060727328  -0.5596885534
0.8451694924  -0.8998798163  -0.5656319137
0.8391308873  -0.8936762561  -0.5715699315
0.8330660350  -0.8874571218  -0.5775007387
0.8269686861  -0.8812154519  -0.5834225103
0.8208249740  -0.8749367232  -0.5893334803
0.8145702902  -0.8685559984  -0.5952319778
0.8080789874  -0.8619506427  -0.6011163915
0.8017404238  -0.8555112985  -0.6069849971
0.7958434181  -0.8495202196  -0.6128359334
0.7901033753  -0.8436862189  -0.6186674388
0.7843926934  -0.8378788135  -0.6244779687
0.7787052516  -0.8320901236  -0.6302661069
0.7730407101  -0.8263185407  -0.6360305093
0.7673989238  -0.8205628819  -0.6417699136
0.7617797637  -0.8148220875  -0.6474831492
0.7561831212  -0.8090952191  -0.6531691424
0.7506089071  -0.8033814581  -0.6588269215
0.7450570511  -0.7976801050  -0.6644556208
0.7395274997  -0.7919905766  -0.6700544857
0.7340202127  -0.7863124036  -0.6756228668
0.7285351571  -0.7806452259  -0.6811602121
0.7230723092  -0.7749887883  -0.6866660788
0.7176316608  -0.7693429355  -0.6921401476
0.7122132181  -0.7637076078  -0.6975822284
0.7068169974  -0.7580828361  -0.7029922645
0.7014430226  -0.7524687359  -0.7083703372
0.6960913175  -0.7468654998  -0.7137166510
0.6907618994  -0.7412733900  -0.7190315254
0.6854547895  -0.7356927321  -0.7243154315
0.6801700274  -0.7301239093  -0.7295690278
0.6749076641  -0.7245673567  -0.7347931605
0.6696677432  -0.7190235533  -0.7399888427
0.6644503060  -0.7134930152  -0.7451573009
0.6592554185  -0.7079762929  -0.7503000548
0.6540831837  -0.7024739726  -0.7554189886
0.6489337727  -0.6969866927  -0.7605165472
0.6438076994  -0.6915152295  -0.7655968543
0.6387063509  -0.6860605523  -0.7706677149
0.6336295532  -0.6806232419  -0.7757316188
0.6285728524  -0.6752028544  -0.7807797287
0.6235325415  -0.6697987322  -0.7858058422
0.6185097730  -0.6644109479  -0.7908106928
0.6135065932  -0.6590399064  -0.7957950629
0.6085234502  -0.6536858681  -0.8007591120
0.6035602524  -0.6483489948  -0.8057029728
0.5986168852  -0.6430294192  -0.8106267802
0.5936932348  -0.6377272527  -0.8155306724
0.5887891888  -0.6324425859  -0.8204147899
0.5839046357  -0.6271754892  -0.8252792753
0.5790394651  -0.6219260133  -0.8301242723
0.5741935677  -0.6166941898  -0.8349499257
0.5693668349  -0.6114800322  -0.8397563803
0.5645591595  -0.6062835372  -0.8445437811
0.5597704348  -0.6011046855  -0.8493122719
0.5550005554  -0.5959434430  -0.8540619948
0.5502494165  -0.5907997621  -0.8587930896
0.5455169144  -0.5856735831  -0.8635056928
0.5408029464  -0.5805648359  -0.8681999369
0.5361074106  -0.5754734414  -0.8728759503
0.5314302065  -0.5703993135  -0.8775338566
0.5267712348  -0.5653423597  -0.8821737735
0.5221303967  -0.5603024824  -0.8867958117
0.5175075947  -0.5552795809  -0.8914000742
0.5129027323  -0.5502735529  -0.8959866559
0.5083157143  -0.5452842956  -0.9005556422
0.5037464461  -0.5403117057  -0.9051071074
0.4991948338  -0.5353556797  -0.9096411117
0.4946607823  -0.5304161063  -0.9141576929
0.4901441914  -0.5254928449  -0.9186568428
0.4856449593  -0.5205857749  -0.9231385235
0.4811630092  -0.5156949486  -0.9276027723
0.4766983034  -0.5108205515  -0.9320497466
0.4722508028  -0.5059626356  -0.9364796117
0.4678204307  -0.5011210801  -0.9408924651
0.4634070924  -0.4962957721  -0.9452883759
0.4590107020  -0.4914866675  -0.9496674163
0.4546311835  -0.4866937507  -0.9540296603
0.4502684635  -0.4819170155  -0.9583751807
0.4459224701  -0.4771564635  -0.9627040492
0.4415931323  -0.4724121031  -0.9670163361
0.4372803802  -0.4676839498  -0.9713121108
0.4329841449  -0.4629720251  -0.9755914413
0.4287043583  -0.4582763566  -0.9798543945
0.4244409536  -0.4535969773  -0.9841010366
0.4201938647  -0.4489339249  -0.9883314323
0.4159630264  -0.4442872412  -0.9925456456
0.4117483745  -0.4396569711  -0.9967437394
0.4075498456  -0.4350431624  -1.0009257758
0.4033673771  -0.4304458644  -1.0050918159
0.3992009073  -0.4258651274  -1.0092419201
0.3950503753  -0.4213010023  -1.0133761479
0.3909157207  -0.4167535392  -1.0174945583
0.3867968841  -0.4122227872  -1.0215972094
0.3826938068  -0.4077087927  -1.0256841587
0.3786064305  -0.4032115993  -1.0297554632
0.3745346980  -0.3987312466  -1.0338111794
0.3704785523  -0.3942677696  -1.0378513633
0.3664379372  -0.3898211969  -1.0418760704
0.3624127971  -0.3853915482  -1.0458853560
0.3584030770  -0.3809788269  -1.0498792754
0.3544087223  -0.3765830183  -1.0538578839
0.3504296791  -0.3722041151  -1.0578212368
0.3464658936  -0.3678421492  -1.0617693878
0.3425173125  -0.3634971794  -1.0657023893
0.3385838827  -0.3591692561  -1.0696202926
0.3346655519  -0.3548584138  -1.0735231494
0.3307622683  -0.3505646827  -1.0774110110
0.3268739804  -0.3462880935  -1.0812839288
0.3230006371  -0.3420286769  -1.0851419534
0.3191421878  -0.3377864629  -1.0889851353
0.3152985818  -0.3335614812  -1.0928135248
0.3114697690  -0.3293537607  -1.0966271716
0.3076556996  -0.3251633297  -1.1004261255
0.3038563240  -0.3209901939  -1.1042104358
0.3000715926  -0.3168343150  -1.1079801517
0.2963014563  -0.3126957034  -1.1117353224
0.2925458665  -0.3085744883  -1.1154759963
0.2888047744  -0.3044707872  -1.1192022216
0.2850781317  -0.3003846243  -1.1229140468
0.2813658899  -0.2963160036  -1.1266115199
0.2776680009  -0.2922649388  -1.1302946892
0.2739844166  -0.2882314413  -1.1339636026
0.2703150890  -0.2842155193  -1.1376183080
0.2666599704  -0.2802171790  -1.1412588533
0.2630190129  -0.2762364246  -1.1448852863
0.2593921688  -0.2722732585  -1.1484976547
0.2557793906  -0.2683276818  -1.1520960062
0.2521806307  -0.2643996948  -1.1556803883
0.2485958415  -0.2604892966  -1.1592508487
0.2450249755  -0.2565964860  -1.1628074349
0.2414679852  -0.2527212614  -1.1663501944
0.2379248232  -0.2488636209  -1.1698791749
0.2343954418  -0.2450235624  -1.1733944237
0.2308797937  -0.2412010839  -1.1768959885
0.2273778313  -0.2373961833  -1.1803839168
0.2238895070  -0.2336088584  -1.1838582561
0.2204147731  -0.2298391072  -1.1873190542
0.2169535820  -0.2260869275  -1.1907663587
0.2135058859  -0.2223523170  -1.1942002173
0.2100716370  -0.2186352732  -1.1976206779
0.2066507874  -0.2149357932  -1.2010277882
0.2032432891  -0.2112538737  -1.2044215963
0.1998490940  -0.2075895108  -1.2078021503
0.1964681538  -0.2039426996  -1.2111694982
0.1931004204  -0.2003134345  -1.2145236883
0.1897458472  -0.1967019753  -1.2178647912
0.1864043900  -0.1931086654  -1.2211929025
0.1830759972  -0.1895328562  -1.2245080551
0.1797606096  -0.1859737226  -1.2278102234
0.1764581751  -0.1824315723  -1.2310994305
0.1731686499  -0.1789068187  -1.2343757287
0.1698919877  -0.1753994762  -1.2376391600
0.1666281399  -0.1719095523  -1.2408897683
0.1633770576  -0.1684370499  -1.2441275991
0.1601386917  -0.1649819667  -1.2473527001
0.1569129932  -0.1615442945  -1.2505651211
0.1536999125  -0.1581240195  -1.2537649142
0.1504994002  -0.1547211219  -1.2569521336
0.1473114064  -0.1513355759  -1.2601268361
0.1441358808  -0.1479673496  -1.2632890807
0.1409727731  -0.1446164055  -1.2664389289
0.1378220326  -0.1412827002  -1.2695764443
0.1346836081  -0.1379661849  -1.2727016931
0.1315574484  -0.1346668054  -1.2758147434
0.1284435017  -0.1313845029  -1.2789156655
0.1253417161  -0.1281192136  -1.2820045315
0.1222520392  -0.1248708697  -1.2850814151
0.1191744184  -0.1216393994  -1.2881463916
0.1161088010  -0.1184247274  -1.2911995375
0.1130551337  -0.1152267753  -1.2942409300
0.1100133632  -0.1120454619  -1.2972706472
0.1069834357  -0.1088807037  -1.3002887673
0.1039652976  -0.1057324153  -1.3032953683
0.1009588946  -0.1026005097  -1.3062905276
0.0979641725  -0.0994848984  -1.3092743219
0.0949810769  -0.0963854921  -1.3122468261
0.0920095529  -0.0933022016  -1.3152081132
0.0890508804  -0.0902351442  -1.3182013058
0.0861058727  -0.0871843381  -1.3212478016
0.0831710137  -0.0841491434  -1.3242740867
0.0802452343  -0.0811293357  -1.3272991927
0.0773302728  -0.0781251188  -1.3303218513
0.0744260455  -0.0751364077  -1.3333406142
0.0715324759  -0.0721631192  -1.3363538528
0.0686494946  -0.0692051717  -1.3393597585
0.0657770403  -0.0662624848  -1.3423563424
0.0629150599  -0.0633349790  -1.3453414356
0.0600635087  -0.0604225757  -1.3483126891
0.0572223516  -0.0575251965  -1.3512675735
0.0543915626  -0.0546427632  -1.3542033795
0.0515711256  -0.0517751973  -1.3571172177
0.0487610345  -0.0489224196  -1.3600060182
0.0459612933  -0.0460843496  -1.3628665314
0.0431719166  -0.0432609059  -1.3656953274
0.0403929292  -0.0404520048  -1.3684887959
0.0376243664  -0.0376575612  -1.3712431468
0.0348662740  -0.0348774871  -1.3739544098
0.0321187077  -0.0321116926  -1.3766184344
0.0293817332  -0.0293600848  -1.3792308898
0.0266554258  -0.0266225685  -1.3817872654
0.0239398695  -0.0238990457  -1.3842828701
0.0212351568  -0.0211894164  -1.3867128329
0.0185413875  -0.0184935779  -1.3890721026
0.0158586681  -0.0158114262  -1.3913554479
0.0131871106  -0.0131428558  -1.3935574573
0.0105268311  -0.0104877603  -1.3956725390
0.0078779482  -0.0078460332  -1.3976949214
0.0052405819  -0.0052175687  -1.3996186525
0.0026148512  -0.0026022619  -1.4014376003
0.0026130145  -0.0026022428  -1.4014376003
