0.0900022
2.0501689973  -2.4391160379   0.0001016384
2.0501689973  -2.4391160379   0.0001016384
2.0501765502  -2.4391046470   0.0000821242
2.0501685898  -2.4390391678   0.0000343620
2.0501375757  -2.4389159757  -0.0000425080
2.0500772073  -2.4387241030  -0.0001493299
2.0499851883  -2.4384602027  -0.0002869315
2.0498602305  -2.4381227647  -0.0004561245
2.0497014256  -2.4377109509  -0.0006577049
2.0495080393  -2.4372242156  -0.0008924522
2.0492794275  -2.4366621508  -0.0011611301
2.0490149976  -2.4360244144  -0.0014644864
2.0487141882  -2.4353106934  -0.0018032524
2.0483764586  -2.4345206840  -0.0021781438
2.0480012821  -2.4336540806  -0.0025898599
2.0475881429  -2.4327105696  -0.0030390843
2.0471365329  -2.4316898256  -0.0035264842
2.0466459513  -2.4305915099  -0.0040527109
2.0461159030  -2.4294152699  -0.0046183998
2.0455458985  -2.4281607388  -0.0052241700
2.0449354536  -2.4268275366  -0.0058706247
2.0442840893  -2.4254152707  -0.0065583509
2.0435913319  -2.4239235373  -0.0072879197
2.0428567130  -2.4223519227  -0.0080598862
2.0420797701  -2.4207000043  -0.0088747892
2.0412600462  -2.4189673532  -0.0097331517
2.0403970907  -2.4171535349  -0.0106354805
2.0394904593  -2.4152581116  -0.0115822664
2.0385397145  -2.4132806435  -0.0125739842
2.0375444259  -2.4112206913  -0.0136110925
2.0365041706  -2.4090778175  -0.0146940339
2.0354185333  -2.4068515884  -0.0158232352
2.0342871045  -2.4045401661  -0.0170007256
2.0331094964  -2.4021444713  -0.0182254760
2.0318853223  -2.3996658274  -0.0194973772
2.0306141877  -2.3971027535  -0.0208166993
2.0292957169  -2.3944544912  -0.0221837391
2.0279295493  -2.3917205380  -0.0235988346
2.0265153325  -2.3889004527  -0.0250623105
2.0250527240  -2.3859938472  -0.0265744835
2.0235413947  -2.3830003697  -0.0281356620
2.0219810275  -2.3799196988  -0.0297461446
2.0203713175  -2.3767515432  -0.0314062189
2.0187119721  -2.3734956423  -0.0331161614
2.0170027111  -2.3701517684  -0.0348762364
2.0152432674  -2.3667197277  -0.0366866959
2.0134333870  -2.3631993617  -0.0385477794
2.0115728296  -2.3595905480  -0.0404597126
2.0096613682  -2.3558932014  -0.0424227075
2.0076987899  -2.3521072748  -0.0444369615
2.0056848956  -2.3482327597  -0.0465026583
2.0036195008  -2.3442696874  -0.0486199679
2.0015024354  -2.3402181304  -0.0507890467
1.9993335440  -2.3360782031  -0.0530100366
1.9971126857  -2.3318500616  -0.0552830656
1.9948397341  -2.3275339036  -0.0576082472
1.9925145682  -2.3231299594  -0.0599856803
1.9901370779  -2.3186384980  -0.0624154482
1.9877071766  -2.3140598416  -0.0648976185
1.9852247962  -2.3093943601  -0.0674322437
1.9826898845  -2.3046424674  -0.0700193626
1.9801024047  -2.2998046213  -0.0726589995
1.9774623355  -2.2948813225  -0.0753511646
1.9747696704  -2.2898727701  -0.0780958541
1.9720244163  -2.2847794340  -0.0808930496
1.9692265975  -2.2796026269  -0.0837427180
1.9663762573  -2.2743433128  -0.0866448103
1.9634734511  -2.2690019607  -0.0895992633
1.9605182441  -2.2635792180  -0.0926060006
1.9575106958  -2.2580758131  -0.0956649333
1.9544508762  -2.2524925188  -0.0987759594
1.9513388878  -2.2468301696  -0.1019389646
1.9481748529  -2.2410896410  -0.1051538221
1.9449589076  -2.2352718402  -0.1084203916
1.9416912013  -2.2293777038  -0.1117385181
1.9383718966  -2.2234081989  -0.1151080343
1.9350011695  -2.2173643224  -0.1185287622
1.9315792084  -2.2112470993  -0.1220005134
1.9281062141  -2.2050575809  -0.1255230892
1.9245823847  -2.1987968292  -0.1290962807
1.9210078993  -2.1924659006  -0.1327198685
1.9173829600  -2.1860658840  -0.1363936209
1.9137078073  -2.1795979164  -0.1401172945
1.9099826940  -2.1730631577  -0.1438906371
1.9062078842  -2.1664627904  -0.1477133892
1.9023836522  -2.1597980198  -0.1515852838
1.8985102817  -2.1530700708  -0.1555060467
1.8945880656  -2.1462801847  -0.1594753969
1.8906172953  -2.1394296077  -0.1634930464
1.8865982221  -2.1325195539  -0.1675586992
1.8825311051  -2.1255512473  -0.1716720491
1.8784162560  -2.1185259647  -0.1758327803
1.8742540007  -2.1114450050  -0.1800405692
1.8700446727  -2.1043096857  -0.1842950844
1.8657886123  -2.0971213255  -0.1885959892
1.8614861666  -2.0898812285  -0.1929429465
1.8571376887  -2.0825907249  -0.1973356216
1.8527434859  -2.0752511547  -0.2017736758
1.8483038344  -2.0678638402  -0.2062567632
1.8438190621  -2.0604301351  -0.2107845326
1.8392895337  -2.0529514300  -0.2153566292
1.8347156193  -2.0454291517  -0.2199726966
1.8300976942  -2.0378647831  -0.2246323826
1.8254361384  -2.0302597452  -0.2293353422
1.8207313307  -2.0226151984  -0.2340812350
1.8159835746  -2.0149320979  -0.2388697231
1.8111931452  -2.0072115983  -0.2437004713
1.8063603917  -1.9994552364  -0.2485731461
1.8014856970  -1.9916646959  -0.2534874168
1.7965694467  -1.9838416304  -0.2584429566
1.7916120267  -1.9759876480  -0.2634394422
1.7866138228  -1.9681043188  -0.2684765544
1.7815751798  -1.9601931480  -0.2735539783
1.7764963479  -1.9522555371  -0.2786714008
1.7713776073  -1.9442928565  -0.2838285064
1.7662193257  -1.9363064877  -0.2890249835
1.7610218789  -1.9282977805  -0.2942605406
1.7557856470  -1.9202680513  -0.2995349086
1.7505110092  -1.9122185790  -0.3048478352
1.7451983412  -1.9041506129  -0.3101990749
1.7398479875  -1.8960653897  -0.3155883711
1.7344601992  -1.8879640130  -0.3210154455
1.7290351526  -1.8798474175  -0.3264800003
1.7235730058  -1.8717164758  -0.3319817202
1.7180739096  -1.8635720250  -0.3375202836
1.7125380123  -1.8554148834  -0.3430953795
1.7069654947  -1.8472458887  -0.3487067101
1.7013567841  -1.8390661632  -0.3543539825
1.6957123082  -1.8308768314  -0.3600369066
1.6900322247  -1.8226786940  -0.3657551977
1.6843166231  -1.8144724688  -0.3715085747
1.6785655800  -1.8062588631  -0.3772967566
1.6727791614  -1.7980385884  -0.3831194595
1.6669574851  -1.7898125529  -0.3889763840
1.6611009161  -1.7815820450  -0.3948672137
1.6552098938  -1.7733477579  -0.4007916881
1.6492847470  -1.7651094212  -0.4067496603
1.6433257934  -1.7568675502  -0.4127409955
1.6373333101  -1.7486241820  -0.4187654497
1.6313075478  -1.7403814970  -0.4248227000
1.6252487969  -1.7321409807  -0.4309124170
1.6191573696  -1.7239037311  -0.4370342802
1.6130335565  -1.7156707255  -0.4431879720
1.6068776435  -1.7074429210  -0.4493731747
1.6006899179  -1.6992212725  -0.4555895735
1.5944705540  -1.6910066340  -0.4618368595
1.5882195313  -1.6827997075  -0.4681147248
1.5819372777  -1.6746016097  -0.4744228620
1.5756248017  -1.6664139837  -0.4807609659
1.5692831928  -1.6582385591  -0.4871287318
1.5629135616  -1.6500770874  -0.4935258553
1.5565165928  -1.6419309644  -0.4999520291
1.5500922100  -1.6338007868  -0.5064069455
1.5436399733  -1.6256866387  -0.5128903040
1.5371593874  -1.6175884924  -0.5194018113
1.5306499018  -1.6095062440  -0.5259411899
1.5241114284  -1.6014403275  -0.5325080409
1.5175445127  -1.5933918879  -0.5391018228
1.5109496541  -1.5853619412  -0.5457221702
1.5043271858  -1.5773512483  -0.5523689048
1.4976774209  -1.5693605411  -0.5590418029
1.4910006664  -1.5613906035  -0.5657405704
1.4842972114  -1.5534421783  -0.5724648423
1.4775672347  -1.5455157574  -0.5792141025
1.4708107950  -1.5376115374  -0.5859874743
1.4640272016  -1.5297289513  -0.5927810724
1.4572160001  -1.5218677918  -0.5995921977
1.4503805255  -1.5140314319  -0.6064290429
1.4435256330  -1.5062250893  -0.6133020356
1.4366512989  -1.4984501740  -0.6202123665
1.4297542407  -1.4907046974  -0.6271576255
1.4228327600  -1.4829870126  -0.6341365185
1.4158867046  -1.4752963764  -0.6411479141
1.4089162649  -1.4676323592  -0.6481906065
1.4019216524  -1.4599944266  -0.6552633196
1.3949029751  -1.4523817208  -0.6623647133
1.3878604445  -1.4447934480  -0.6694933909
1.3807943078  -1.4372287584  -0.6766479105
1.3737047071  -1.4296865098  -0.6838267850
1.3665918785  -1.4221656378  -0.6910284688
1.3594560647  -1.4146649908  -0.6982513549
1.3522974883  -1.4071832878  -0.7054937778
1.3451163608  -1.3997192220  -0.7127540241
1.3379127056  -1.3922712033  -0.7200303553
1.3306866661  -1.3848377406  -0.7273210271
1.3234385190  -1.3774174501  -0.7346242981
1.3161684523  -1.3700088288  -0.7419384364
1.3088772479  -1.3626109600  -0.7492617196
1.3015570010  -1.3552141916  -0.7565924243
1.2942032525  -1.3478124114  -0.7639288245
1.2868242630  -1.3404124976  -0.7712691985
1.2794232295  -1.3330163208  -0.7786118337
1.2719982128  -1.3256204720  -0.7859550322
1.2645466851  -1.3182209455  -0.7932971175
1.2570639384  -1.3108116291  -0.8006364406
1.2495406253  -1.3033818654  -0.8079713913
1.2419551843  -1.2959084051  -0.8153004370
1.2341279969  -1.2882107788  -0.8226221452
1.2262039393  -1.2804397920  -0.8299350189
1.2186542249  -1.2730685813  -0.8372373175
1.2114210709  -1.2660316209  -0.8445272371
1.2042445882  -1.2590616038  -0.8518031966
1.1970857822  -1.2521139371  -0.8590638240
1.1899440760  -1.2451847389  -0.8663078294
1.1828192602  -1.2382718368  -0.8735339796
1.1757111273  -1.2313733273  -0.8807411143
1.1686194908  -1.2244874482  -0.8879281547
1.1615441871  -1.2176125808  -0.8950941080
1.1544850738  -1.2107472544  -0.9022380683
1.1474420289  -1.2038901471  -0.9093592234
1.1404149507  -1.1970400838  -0.9164568585
1.1334037561  -1.1901960320  -0.9235303581
1.1264083785  -1.1833571010  -0.9305792106
1.1194287680  -1.1765225421  -0.9376030132
1.1124648906  -1.1696917499  -0.9446014785
1.1055167276  -1.1628642628  -0.9515744398
1.0985842706  -1.1560397585  -0.9585218492
1.0916675194  -1.1492180464  -0.9654437828
1.0847664781  -1.1423990611  -0.9723404340
1.0778812042  -1.1355828656  -0.9792122755
1.0710118485  -1.1287696497  -0.9860601346
1.0641585106  -1.1219596997  -0.9928848812
1.0573211466  -1.1151533694  -0.9996873673
1.0504997139  -1.1083510803  -1.0064686478
1.0436942537  -1.1015533302  -1.0132300379
1.0369048557  -1.0947606929  -1.0199731482
1.0301316693  -1.0879738234  -1.0267000201
1.0233749944  -1.0811935440  -1.0334134470
1.0166362999  -1.0744210142  -1.0401202382
1.0099172154  -1.0676573949  -1.0468274749
1.0032145332  -1.0609028590  -1.0535309396
0.9965219053  -1.0541565276  -1.0602214094
0.9898378607  -1.0474176712  -1.0668968337
0.9831651296  -1.0406862591  -1.0735585411
0.9765052576  -1.0339624977  -1.0802069037
0.9698582893  -1.0272465098  -1.0868420885
0.9632240737  -1.0205383538  -1.0934642649
0.9566024608  -1.0138380588  -1.1000736062
0.9499933024  -1.0071456303  -1.1066702896
0.9433964517  -1.0004610502  -1.1132544950
0.9368117633  -0.9937842762  -1.1198264050
0.9302390933  -0.9871152430  -1.1263862039
0.9236782986  -0.9804538624  -1.1329340773
0.9171292375  -0.9738000253  -1.1394702112
0.9105917694  -0.9671536026  -1.1459947916
0.9040657546  -0.9605144471  -1.1525080031
0.8975510546  -0.9538823945  -1.1590100285
0.8910475321  -0.9472572637  -1.1655010478
0.8845550508  -0.9406388579  -1.1719812374
0.8780734756  -0.9340269650  -1.1784507693
0.8716026726  -0.9274213649  -1.1849098095
0.8651425083  -0.9208218422  -1.1913585144
0.8586928492  -0.9142281773  -1.1977970298
0.8522535643  -0.9076401246  -1.2042254940
0.8458245256  -0.9010574193  -1.2106440379
0.8394056074  -0.8944798017  -1.2170527827
0.8329966845  -0.8879070237  -1.2234518365
0.8265976321  -0.8813388489  -1.2298412920
0.8202083256  -0.8747750641  -1.2362212219
0.8138286333  -0.8682155753  -1.2425916527
0.8074584101  -0.8616604147  -1.2489525419
0.8010975280  -0.8551092640  -1.2553038682
0.7947459291  -0.8485611939  -1.2616457624
0.7884035984  -0.8420153836  -1.2679784473
0.7820704770  -0.8354716500  -1.2743020870
0.7757464473  -0.8289300305  -1.2806167760
0.7694313879  -0.8223904100  -1.2869225986
0.7631251986  -0.8158525919  -1.2932196438
0.7568277901  -0.8093163885  -1.2995079990
0.7505390761  -0.8027816307  -1.3057877492
0.7442589730  -0.7962481672  -1.3120589765
0.7379873992  -0.7897158648  -1.3183217607
0.7317242758  -0.7831846080  -1.3245761788
0.7254695260  -0.7766542985  -1.3308223050
0.7192230757  -0.7701248550  -1.3370602112
0.7129848529  -0.7635962126  -1.3432899662
0.7067547882  -0.7570683218  -1.3495116365
0.7005328146  -0.7505411467  -1.3557252858
0.6943188677  -0.7440146635  -1.3619309751
0.6881128854  -0.7374888591  -1.3681287629
0.6819148082  -0.7309637300  -1.3743187050
0.6757245791  -0.7244392804  -1.3805008547
0.6695421435  -0.7179155180  -1.3866752626
0.6633674495  -0.7113924512  -1.3928419769
0.6572004478  -0.7048700882  -1.3990010434
0.6510410916  -0.6983484389  -1.4051525051
0.6448893366  -0.6918275127  -1.4112964029
0.6387451412  -0.6853073143  -1.4174327751
0.6326084663  -0.6787878402  -1.4235616576
0.6264792755  -0.6722690738  -1.4296830840
0.6203575352  -0.6657509686  -1.4357970859
0.6142432144  -0.6592334206  -1.4419036935
0.6081362850  -0.6527163009  -1.4480029351
0.6020367213  -0.6461995660  -1.4540948362
0.5959444994  -0.6396832989  -1.4601794173
0.5898595976  -0.6331676159  -1.4662566949
0.5837819971  -0.6266525918  -1.4723266828
0.5777116827  -0.6201382779  -1.4783893929
0.5716486422  -0.6136247325  -1.4844448347
0.5655928659  -0.6071120244  -1.4904930151
0.5595443468  -0.6006002306  -1.4965339379
0.5535030806  -0.5940894361  -1.5025676044
0.5474690657  -0.5875797338  -1.5085940129
0.5414423034  -0.5810712249  -1.5146131589
0.5354227979  -0.5745638763  -1.5206250355
0.5294105559  -0.5680573802  -1.5266296333
0.5234055873  -0.5615517451  -1.5326269402
0.5174079045  -0.5550477793  -1.5386169393
0.5114175227  -0.5485462487  -1.5445996099
0.5054344599  -0.5420473231  -1.5505749293
0.4994587375  -0.5355510481  -1.5565428736
0.4934903799  -0.5290575535  -1.5625034159
0.4875294140  -0.5225669676  -1.5684565264
0.4815758695  -0.5160794155  -1.5744021730
0.4756297789  -0.5095950212  -1.5803403205
0.4696911774  -0.5031139104  -1.5862709311
0.4637601032  -0.4966362130  -1.5921939642
0.4578365972  -0.4901620652  -1.5981093765
0.4519207029  -0.4836916124  -1.6040171220
0.4460124669  -0.4772250109  -1.6099171514
0.4401119382  -0.4707624305  -1.6158094132
0.4342191687  -0.4643040558  -1.6216938525
0.4283342131  -0.4578500884  -1.6275704120
0.4224571287  -0.4514007479  -1.6334390313
0.4165879753  -0.4449562736  -1.6392996471
0.4107268157  -0.4385169247  -1.6451521937
0.4048737149  -0.4320829813  -1.6509966023
0.3990287408  -0.4256547451  -1.6568328017
0.3931919637  -0.4192325394  -1.6626607179
0.3873634564  -0.4128167093  -1.6684802745
0.3815432942  -0.4064076213  -1.6742913926
0.3757315546  -0.4000056631  -1.6800939906
0.3699283177  -0.3936112422  -1.6858879851
0.3641336657  -0.3872247857  -1.6916732901
0.3583476830  -0.3808467384  -1.6974498177
0.3525704561  -0.3744775620  -1.7032174779
0.3468020879  -0.3681197334  -1.7089762645
0.3410427014  -0.3617764428  -1.7147262674
0.3352923710  -0.3554434764  -1.7204673288
0.3295511103  -0.3491151422  -1.7261990623
0.3238189896  -0.3427942389  -1.7319212690
0.3180961461  -0.3364844901  -1.7376338620
0.3123827024  -0.3301866640  -1.7433367130
0.3066787645  -0.3239015127  -1.7490296987
0.3009844400  -0.3176297768  -1.7547127014
0.2952998377  -0.3113721805  -1.7603856100
0.2896250678  -0.3051294269  -1.7660483203
0.2839602407  -0.2989021937  -1.7717007356
0.2783054673  -0.2926911301  -1.7773427667
0.2726608582  -0.2864968546  -1.7829743329
0.2670265238  -0.2803199524  -1.7885953615
0.2614025734  -0.2741609745  -1.7942057879
0.2557891158  -0.2680204368  -1.7998055559
0.2501862581  -0.2618988200  -1.8053946175
0.2445941063  -0.2557965698  -1.8109729322
0.2390127649  -0.2497140980  -1.8165404671
0.2334423367  -0.2436517832  -1.8220971963
0.2278829229  -0.2376099729  -1.8276431000
0.2223346228  -0.2315889855  -1.8331781641
0.2167975341  -0.2255891121  -1.8387023793
0.2112717528  -0.2196106191  -1.8442157403
0.2057573730  -0.2136537512  -1.8497182445
0.2002544869  -0.2077187336  -1.8552098911
0.1947631850  -0.2018057753  -1.8606906796
0.1892835559  -0.1959150718  -1.8661606090
0.1838156862  -0.1900468076  -1.8716196759
0.1783596603  -0.1842011594  -1.8770678732
0.1729155604  -0.1783783056  -1.8825051883
0.1674886582  -0.1725804750  -1.8880139248
0.1620823861  -0.1668089794  -1.8936348761
0.1566833454  -0.1610585289  -1.8992271941
0.1512876843  -0.1553278928  -1.9048271120
0.1459024590  -0.1496201444  -1.9104320199
0.1405276341  -0.1439354923  -1.9160389607
0.1351631992  -0.1382741668  -1.9216446310
0.1298091699  -0.1326364163  -1.9272453805
0.1244655893  -0.1270225052  -1.9328372122
0.1191325290  -0.1214327105  -1.9384157827
0.1138100903  -0.1158673189  -1.9439764016
0.1084984051  -0.1103266223  -1.9495140320
0.1031976368  -0.1048109136  -1.9550232902
0.0979079808  -0.0993204817  -1.9604984459
0.0926296653  -0.0938556060  -1.9659334221
0.0873629513  -0.0884165510  -1.9713217951
0.0821081327  -0.0830035609  -1.9766567945
0.0768655363  -0.0776168539  -1.9819313033
0.0716355216  -0.0722566174  -1.9871378577
0.0664184794  -0.0669230028  -1.9922686474
0.0612148317  -0.0616161213  -1.9973155152
0.0560250303  -0.0563360410  -2.0022699574
0.0508495545  -0.0510827846  -2.0071231235
0.0456889103  -0.0458563277  -2.0118658163
0.0405436272  -0.0406565998  -2.0164884921
0.0354142559  -0.0354834855  -2.0209812603
0.0303013649  -0.0303368282  -2.0253338838
0.0252055372  -0.0252164346  -2.0295357786
0.0201273662  -0.0201220816  -2.0335760143
0.0150674507  -0.0150535239  -2.0374433135
0.0100263902  -0.0100105027  -2.0411260525
0.0050047789  -0.0049927563  -2.0446122605
0.0049980450  -0.0049927046  -2.0446122605
