0.120631
1.6835557322  -1.9736901437   0.0000663572
1.6835557322  -1.9736901437   0.0000663572
1.6835617134  -1.9736890110   0.0000551741
1.6835580503  -1.9736572163   0.0000264511
1.6835397795  -1.9735910405  -0.0000203105
1.6835033179  -1.9734848259  -0.0000856041
1.6834473186  -1.9733366815  -0.0001699176
1.6833710137  -1.9731456610  -0.0002737335
1.6832738532  -1.9729111682  -0.0003975285
1.6831553865  -1.9726327603  -0.0005417742
1.6830152134  -1.9723100671  -0.0007069365
1.6828529611  -1.9719427541  -0.0008934759
1.6826682733  -1.9715305021  -0.0011018473
1.6824608030  -1.9710729975  -0.0013325004
1.6822302092  -1.9705699256  -0.0015858790
1.6819761543  -1.9700209669  -0.0018624219
1.6816983029  -1.9694257955  -0.0021625620
1.6813963208  -1.9687840771  -0.0024867270
1.6810698745  -1.9680954690  -0.0028353389
1.6807186306  -1.9673596192  -0.0032088145
1.6803422557  -1.9665761666  -0.0036075648
1.6799404163  -1.9657447411  -0.0040319955
1.6795127787  -1.9648649640  -0.0044825068
1.6790590090  -1.9639364480  -0.0049594935
1.6785787728  -1.9629587979  -0.0054633447
1.6780717359  -1.9619316111  -0.0059944443
1.6775375637  -1.9608544782  -0.0065531704
1.6769759217  -1.9597269832  -0.0071398959
1.6763864753  -1.9585487045  -0.0077549881
1.6757688901  -1.9573192157  -0.0083988088
1.6751228321  -1.9560380858  -0.0090717144
1.6744479676  -1.9547048803  -0.0097740557
1.6737439549  -1.9533183875  -0.0105072102
1.6730104725  -1.9518788752  -0.0112706009
1.6722471997  -1.9503868692  -0.0120642412
1.6714537946  -1.9488413590  -0.0128884136
1.6706299230  -1.9472416827  -0.0137434142
1.6697752553  -1.9455873292  -0.0146295632
1.6688894641  -1.9438778161  -0.0155471787
1.6679722237  -1.9421126812  -0.0164965792
1.6670232100  -1.9402914731  -0.0174780828
1.6660421010  -1.9384137490  -0.0184920066
1.6650285752  -1.9364790738  -0.0195386662
1.6639823129  -1.9344870212  -0.0206183754
1.6629029980  -1.9324371760  -0.0217314457
1.6617903175  -1.9303291340  -0.0228781862
1.6606439609  -1.9281625030  -0.0240589033
1.6594636210  -1.9259369028  -0.0252739006
1.6582489935  -1.9236519667  -0.0265234785
1.6569997773  -1.9213073423  -0.0278079338
1.6557156748  -1.9189026923  -0.0291275590
1.6543963920  -1.9164376963  -0.0304826435
1.6530416387  -1.9139120509  -0.0318734728
1.6516511285  -1.9113254699  -0.0333003286
1.6502245791  -1.9086776843  -0.0347634890
1.6487617123  -1.9059684427  -0.0362632276
1.6472622545  -1.9031975126  -0.0377998140
1.6457259364  -1.9003646801  -0.0393735133
1.6441524934  -1.8974697508  -0.0409845861
1.6425416656  -1.8945125508  -0.0426332884
1.6408931980  -1.8914929271  -0.0443198713
1.6392068409  -1.8884107487  -0.0460445805
1.6374823494  -1.8852659063  -0.0478076558
1.6357194838  -1.8820581116  -0.0496093313
1.6339180089  -1.8787872253  -0.0514498358
1.6320776885  -1.8754535949  -0.0533293928
1.6301982902  -1.8720573707  -0.0552482203
1.6282795927  -1.8685984113  -0.0572065315
1.6263213825  -1.8650766783  -0.0592045338
1.6243234525  -1.8614921977  -0.0612424293
1.6222856021  -1.8578450258  -0.0633204140
1.6202076369  -1.8541352444  -0.0654386785
1.6180893688  -1.8503629575  -0.0675974072
1.6159306163  -1.8465282897  -0.0697967785
1.6137312043  -1.8426313875  -0.0720369638
1.6114909639  -1.8386724199  -0.0743181270
1.6092097328  -1.8346515794  -0.0766404251
1.6068873554  -1.8305690827  -0.0790040077
1.6045236825  -1.8264251703  -0.0814090175
1.6021185717  -1.8222201048  -0.0838555905
1.5996718830  -1.8179541666  -0.0863438557
1.5971834632  -1.8136276416  -0.0888739356
1.5946531668  -1.8092408336  -0.0914459477
1.5920808727  -1.8047940757  -0.0940600071
1.5894664698  -1.8002877229  -0.0967162239
1.5868098534  -1.7957221523  -0.0994147001
1.5841109257  -1.7910977641  -0.1021555302
1.5813695958  -1.7864149828  -0.1049388011
1.5785857799  -1.7816742580  -0.1077645930
1.5757594010  -1.7768760648  -0.1106329797
1.5728903892  -1.7720208998  -0.1135440285
1.5699786813  -1.7671092804  -0.1164978026
1.5670242214  -1.7621417474  -0.1194943642
1.5640269370  -1.7571188508  -0.1225337733
1.5609867374  -1.7520411332  -0.1256160864
1.5579035585  -1.7469091495  -0.1287413552
1.5547773647  -1.7417234982  -0.1319096277
1.5516081278  -1.7364848236  -0.1351209483
1.5483958264  -1.7311937945  -0.1383753574
1.5451404456  -1.7258510941  -0.1416728922
1.5418419771  -1.7204574299  -0.1450135862
1.5385004186  -1.7150135617  -0.1483974696
1.5351157737  -1.7095203138  -0.1518245679
1.5316880518  -1.7039784161  -0.1552949027
1.5282172697  -1.6983883413  -0.1588084924
1.5247034316  -1.6927504864  -0.1623653519
1.5211465160  -1.6870655086  -0.1659654883
1.5175464924  -1.6813343579  -0.1696088979
1.5139033318  -1.6755580652  -0.1732955751
1.5102170083  -1.6697376293  -0.1770255224
1.5064874984  -1.6638740181  -0.1807987495
1.5027147793  -1.6579681732  -0.1846152712
1.4988988284  -1.6520210067  -0.1884751055
1.4950396232  -1.6460333996  -0.1923782651
1.4911372499  -1.6400063374  -0.1963247435
1.4871918621  -1.6339408631  -0.2003145107
1.4832035016  -1.6278378516  -0.2043475161
1.4791721353  -1.6216980474  -0.2084236894
1.4750977263  -1.6155221558  -0.2125429429
1.4709802373  -1.6093108506  -0.2167051837
1.4668196336  -1.6030647801  -0.2209103263
1.4626158822  -1.5967845719  -0.2251582870
1.4583689492  -1.5904708344  -0.2294489758
1.4540789080  -1.5841242915  -0.2337822960
1.4497459450  -1.5777457834  -0.2381581445
1.4453702022  -1.5713360811  -0.2425764156
1.4409517743  -1.5648958992  -0.2470370033
1.4364907623  -1.5584259574  -0.2515397978
1.4319872728  -1.5519269721  -0.2560846830
1.4274414181  -1.5453996615  -0.2606715362
1.4228533172  -1.5388447549  -0.2653002296
1.4182231141  -1.5322630379  -0.2699706301
1.4135509676  -1.5256553341  -0.2746825944
1.4088370202  -1.5190224128  -0.2794359512
1.4040814056  -1.5123650372  -0.2842305076
1.3992842826  -1.5056841018  -0.2890661471
1.3944458496  -1.4989805939  -0.2939428686
1.3895663002  -1.4922554719  -0.2988606374
1.3846455871  -1.4855095141  -0.3038192834
1.3796836218  -1.4787435022  -0.3088185694
1.3746807576  -1.4719586021  -0.3138582570
1.3696376455  -1.4651562555  -0.3189381090
1.3645549923  -1.4583379835  -0.3240578872
1.3594335503  -1.4515053724  -0.3292173520
1.3542740596  -1.4446600358  -0.3344162602
1.3490768616  -1.4378032702  -0.3396543663
1.3438418163  -1.4309358640  -0.3449314215
1.3385686426  -1.4240583809  -0.3502471744
1.3332570160  -1.4171713364  -0.3556013750
1.3279065638  -1.4102752011  -0.3609937730
1.3225169192  -1.4033704648  -0.3664241163
1.3170883135  -1.3964583234  -0.3718921568
1.3116213560  -1.3895403966  -0.3773976519
1.3061163653  -1.3826179322  -0.3829403677
1.3005735496  -1.3756920231  -0.3885200709
1.2949930796  -1.3687637048  -0.3941363536
1.2893751166  -1.3618340150  -0.3997886734
1.2837199599  -1.3549041564  -0.4054767322
1.2780279794  -1.3479753432  -0.4112004230
1.2722994529  -1.3410486290  -0.4169595736
1.2665345872  -1.3341249745  -0.4227539457
1.2607336043  -1.3272053474  -0.4285832392
1.2548967887  -1.3202907901  -0.4344470356
1.2490243638  -1.3133821747  -0.4403446817
1.2431163705  -1.3064799444  -0.4462749512
1.2371718063  -1.2995835063  -0.4522320799
1.2311904913  -1.2926931874  -0.4582143759
1.2251771109  -1.2858138295  -0.4642350637
1.2191364971  -1.2789509940  -0.4703052490
1.2130672120  -1.2721051483  -0.4764242894
1.2069657514  -1.2652742140  -0.4825896430
1.2008309165  -1.2584571482  -0.4887998861
1.1946626663  -1.2516534855  -0.4950536462
1.1884611303  -1.2448628176  -0.5013494375
1.1822265520  -1.2380847837  -0.5076856646
1.1759591165  -1.2313187644  -0.5140606273
1.1696589456  -1.2245638908  -0.5204725342
1.1633263068  -1.2178194110  -0.5269195224
1.1569614600  -1.2110844082  -0.5333996723
1.1505646531  -1.2043578118  -0.5399110157
1.1441361947  -1.1976385967  -0.5464515452
1.1376761731  -1.1909253747  -0.5530192229
1.1311847506  -1.1842167962  -0.5596119773
1.1246622352  -1.1775116043  -0.5662276951
1.1181089165  -1.1708084783  -0.5728642299
1.1115253362  -1.1641063172  -0.5795194156
1.1049114884  -1.1574034293  -0.5861910741
1.0982573691  -1.1506880890  -0.5928770225
1.0915601479  -1.1439558107  -0.5995750755
1.0848301286  -1.1372155400  -0.6062830432
1.0780700126  -1.1304686114  -0.6129987369
1.0712781629  -1.1237118591  -0.6197199804
1.0644526166  -1.1169417923  -0.6264446168
1.0575897398  -1.1101533361  -0.6331705122
1.0506827454  -1.1033383810  -0.6398955634
1.0437179069  -1.0964820346  -0.6466177111
1.0366617794  -1.0895495006  -0.6533349963
1.0292445684  -1.0822722517  -0.6600455670
1.0218223176  -1.0750124370  -0.6667474419
1.0149461316  -1.0683188278  -0.6734383552
1.0083595501  -1.0619245811  -0.6801160547
1.0018198976  -1.0555802050  -0.6867785781
0.9952999345  -1.0492541097  -0.6934241640
0.9887991150  -1.0429431241  -0.7000511294
0.9823172615  -1.0366452217  -0.7066578677
0.9758542084  -1.0303585807  -0.7132428637
0.9694098152  -1.0240815359  -0.7198046999
0.9629839685  -1.0178125810  -0.7263420655
0.9565765809  -1.0115503734  -0.7328537591
0.9501875887  -1.0052937359  -0.7393386924
0.9438169507  -0.9990416564  -0.7457958968
0.9374646477  -0.9927932860  -0.7522245268
0.9311306814  -0.9865479363  -0.7586238690
0.9248150740  -0.9803050753  -0.7649933493
0.9185178646  -0.9740643214  -0.7713325331
0.9122391052  -0.9678254362  -0.7776411295
0.9059788581  -0.9615883198  -0.7839189920
0.8997371965  -0.9553530084  -0.7901661300
0.8935142664  -0.9491196825  -0.7963829156
0.8873103071  -0.9428886638  -0.8025701059
0.8811254735  -0.9366603741  -0.8087284669
0.8749597706  -0.9304353045  -0.8148587709
0.8688132236  -0.9242140225  -0.8209620382
0.8626859396  -0.9179971797  -0.8270395656
0.8565780600  -0.9117855032  -0.8330929520
0.8504897629  -0.9055797928  -0.8391241981
0.8444213118  -0.8993809332  -0.8451359019
0.8383731876  -0.8931900028  -0.8511317651
0.8323475224  -0.8870084987  -0.8571214962
0.8263458704  -0.8808377364  -0.8631124904
0.8203630122  -0.8746775811  -0.8690959687
0.8143919045  -0.8685269700  -0.8750615498
0.8084326094  -0.8623855434  -0.8810086052
0.8024884829  -0.8562536942  -0.8869384087
0.7965608060  -0.8501318310  -0.8928512336
0.7906495905  -0.8440202177  -0.8987472141
0.7847547217  -0.8379190600  -0.9046264880
0.7788760853  -0.8318285335  -0.9104891984
0.7730135687  -0.8257487865  -0.9163354930
0.7671670606  -0.8196799399  -0.9221655232
0.7613364508  -0.8136220872  -0.9279794440
0.7555216299  -0.8075752945  -0.9337774127
0.7497224897  -0.8015396012  -0.9395595884
0.7439389228  -0.7955150207  -0.9453261310
0.7381708226  -0.7895015417  -0.9510772006
0.7324180835  -0.7834991289  -0.9568129559
0.7266806005  -0.7775077255  -0.9625335537
0.7209582699  -0.7715272540  -0.9682391480
0.7152509888  -0.7655576186  -0.9739298888
0.7095586551  -0.7595987095  -0.9796059199
0.7038811668  -0.7536504081  -0.9852673752
0.6982184222  -0.7477125835  -0.9909143783
0.6925703218  -0.7417850862  -0.9965470453
0.6869367694  -0.7358677547  -1.0021654858
0.6813176703  -0.7299604252  -1.0077697986
0.6757129305  -0.7240629339  -1.0133600701
0.6701224569  -0.7181751175  -1.0189363714
0.6645461566  -0.7122968171  -1.0244987561
0.6589839365  -0.7064278839  -1.0300472525
0.6534356940  -0.7005682113  -1.0355818278
0.6479013130  -0.6947177193  -1.0411023709
0.6423807062  -0.6888762182  -1.0466088328
0.6368738651  -0.6830434142  -1.0521013576
0.6313808081  -0.6772191117  -1.0575801574
0.6259014922  -0.6714032423  -1.0630453532
0.6204358228  -0.6655957432  -1.0684970022
0.6149837125  -0.6597965329  -1.0739351602
0.6095450941  -0.6540055417  -1.0793598865
0.6041199084  -0.6482227180  -1.0847712394
0.5987080988  -0.6424480271  -1.0901692748
0.5933096105  -0.6366814503  -1.0955540462
0.5879243906  -0.6309229853  -1.1009256054
0.5825523884  -0.6251726452  -1.1062840017
0.5771935546  -0.6194304583  -1.1116292822
0.5718478422  -0.6136964673  -1.1169614921
0.5665152058  -0.6079707284  -1.1222806745
0.5611956021  -0.6022533102  -1.1275868702
0.5558889894  -0.5965442923  -1.1328801183
0.5505953279  -0.5908437640  -1.1381604557
0.5453145797  -0.5851518234  -1.1434279174
0.5400467086  -0.5794685748  -1.1486825368
0.5347916802  -0.5737941257  -1.1539243451
0.5295494619  -0.5681285843  -1.1591533722
0.5243200229  -0.5624720591  -1.1643696460
0.5191033338  -0.5568246603  -1.1695731931
0.5138993673  -0.5511864973  -1.1747640382
0.5087080974  -0.5455576758  -1.1799422048
0.5035294999  -0.5399382953  -1.1851077148
0.4983635524  -0.5343284465  -1.1902605889
0.4932102338  -0.5287282066  -1.1954008466
0.4880695247  -0.5231376227  -1.2005285065
0.4829414075  -0.5175566917  -1.2056435871
0.4778258659  -0.5119854021  -1.2107461060
0.4727228852  -0.5064238285  -1.2158360791
0.4676324511  -0.5008721388  -1.2209135180
0.4625545506  -0.4953305057  -1.2259784320
0.4574891724  -0.4897990639  -1.2310308294
0.4524363072  -0.4842779348  -1.2360707181
0.4473959473  -0.4787672446  -1.2410981047
0.4423680860  -0.4732671243  -1.2461129947
0.4373527180  -0.4677777087  -1.2511153922
0.4323498389  -0.4622991359  -1.2561053001
0.4273594460  -0.4568315476  -1.2610827201
0.4223815373  -0.4513750885  -1.2660476526
0.4174161125  -0.4459298413  -1.2710000973
0.4124631717  -0.4404957631  -1.2759400526
0.4075227168  -0.4350729574  -1.2808675162
0.4025947508  -0.4296618905  -1.2857824838
0.3976792775  -0.4242630041  -1.2906849496
0.3927763018  -0.4188764665  -1.2955749074
0.3878858295  -0.4135023898  -1.3004523508
0.3830078676  -0.4081409220  -1.3053172721
0.3781424236  -0.4027922087  -1.3101696632
0.3732895061  -0.3974563923  -1.3150095149
0.3684491243  -0.3921336137  -1.3198368175
0.3636212884  -0.3868240127  -1.3246515604
0.3588060091  -0.3815277294  -1.3294537325
0.3540032979  -0.3762449049  -1.3342433221
0.3492131670  -0.3709756827  -1.3390203166
0.3444356292  -0.3657202085  -1.3437847029
0.3396706977  -0.3604786322  -1.3485364677
0.3349183864  -0.3552511073  -1.3532755965
0.3301787098  -0.3500377922  -1.3580020749
0.3254516825  -0.3448388506  -1.3627158878
0.3207373198  -0.3396544510  -1.3674170195
0.3160356373  -0.3344847676  -1.3721054541
0.3113466509  -0.3293299799  -1.3767811755
0.3066703767  -0.3241902730  -1.3814441672
0.3020068311  -0.3190658372  -1.3860944124
0.2973560307  -0.3139568679  -1.3907318942
0.2927179922  -0.3088635654  -1.3953565956
0.2880927325  -0.3037861342  -1.3999684994
0.2834802682  -0.2987247826  -1.4045675886
0.2788806164  -0.2936797222  -1.4091538460
0.2742937936  -0.2886511671  -1.4137272546
0.2697198168  -0.2836393333  -1.4182877977
0.2651587082  -0.2786452922  -1.4228355046
0.2606104976  -0.2736703998  -1.4273704582
0.2560751928  -0.2687128416  -1.4318926087
0.2515527768  -0.2637702074  -1.4364017846
0.2470432554  -0.2588437137  -1.4408979164
0.2425466599  -0.2539349422  -1.4453809961
0.2380630142  -0.2490442020  -1.4498509946
0.2335923348  -0.2441717875  -1.4543078866
0.2291346375  -0.2393179815  -1.4587516509
0.2246899376  -0.2344830539  -1.4631822710
0.2202582498  -0.2296672591  -1.4675997351
0.2158395882  -0.2248708357  -1.4720040366
0.2114339656  -0.2200940052  -1.4763951740
0.2070413941  -0.2153369710  -1.4807731514
0.2026618844  -0.2105999189  -1.4851379781
0.1982954460  -0.2058830161  -1.4894896689
0.1939420870  -0.2011864116  -1.4938282440
0.1896018144  -0.1965102367  -1.4981537290
0.1852746334  -0.1918546054  -1.5024661544
0.1809605478  -0.1872196147  -1.5067655558
0.1766595601  -0.1826053461  -1.5110519730
0.1723716711  -0.1780118659  -1.5153254504
0.1680968802  -0.1734392264  -1.5195860359
0.1638351854  -0.1688874673  -1.5238337807
0.1595865829  -0.1643566164  -1.5280687388
0.1553510679  -0.1598466912  -1.5322909660
0.1511286339  -0.1553576998  -1.5365005199
0.1469192729  -0.1508896424  -1.5406974585
0.1427229759  -0.1464425122  -1.5448818396
0.1385397320  -0.1420162967  -1.5490537202
0.1343695292  -0.1376109789  -1.5532131552
0.1302123540  -0.1332265404  -1.5573601966
0.1260709891  -0.1288637191  -1.5615563096
0.1219472307  -0.1245228982  -1.5658319786
0.1178338024  -0.1202020364  -1.5700822320
0.1137285671  -0.1159006041  -1.5743341653
0.1096352674  -0.1116196478  -1.5785859054
0.1055538251  -0.1073591548  -1.5828353217
0.1014841754  -0.1031191178  -1.5870800264
0.0974262676  -0.0988995345  -1.5913173740
0.0933800662  -0.0947004059  -1.5955444619
0.0893455516  -0.0905217361  -1.5997581298
0.0853227208  -0.0863635304  -1.6039549601
0.0813115881  -0.0822257946  -1.6081312777
0.0773121859  -0.0781085330  -1.6122831502
0.0733245650  -0.0740117472  -1.6164063878
0.0693487952  -0.0699354344  -1.6204965430
0.0653849656  -0.0658795858  -1.6245489112
0.0614331846  -0.0618441847  -1.6285585302
0.0574935804  -0.0578292056  -1.6325201804
0.0535663006  -0.0538346118  -1.6364283849
0.0496515120  -0.0498603552  -1.6402774092
0.0457494005  -0.0459063745  -1.6440612615
0.0418601701  -0.0419725949  -1.6477736924
0.0379840423  -0.0380589272  -1.6514081954
0.0341212550  -0.0341652685  -1.6549580063
0.0302720615  -0.0302915018  -1.6584161036
0.0264367285  -0.0264374977  -1.6617752083
0.0226155346  -0.0226031146  -1.6650277841
0.0188087682  -0.0187882017  -1.6681660371
0.0150167247  -0.0149926001  -1.6711819162
0.0112397041  -0.0112161461  -1.6740671126
0.0074780078  -0.0074586736  -1.6768130604
0.0037319347  -0.0037200174  -1.6794109360
0.0037281919  -0.0037199879  -1.6794109360
