0.214001
0.9555299532  -0.9977966120   0.0000281729
0.9555299532  -0.9977966120   0.0000281729
0.9555332884  -0.9977986577   0.0000245237
0.9555328391  -0.9977927127   0.0000140525
0.9555264276  -0.9977771477  -0.0000034129
0.9555128957  -0.9977508809  -0.0000280447
0.9554917808  -0.9977134941  -0.0000600151
0.9554628101  -0.9976647475  -0.0000994960
0.9554257827  -0.9976044675  -0.0001466594
0.9553805298  -0.9975325093  -0.0002016772
0.9553268986  -0.9974487412  -0.0002647210
0.9552647446  -0.9973530372  -0.0003359626
0.9551939279  -0.9972452736  -0.0004155736
0.9551143106  -0.9971253267  -0.0005037254
0.9550257560  -0.9969930717  -0.0006005893
0.9549281273  -0.9968483816  -0.0007063368
0.9548212875  -0.9966911272  -0.0008211390
0.9547050988  -0.9965211763  -0.0009451670
0.9545794225  -0.9963383941  -0.0010785919
0.9544441186  -0.9961426424  -0.0012215846
0.9542990461  -0.9959337799  -0.0013743159
0.9541440623  -0.9957116623  -0.0015369566
0.9539790235  -0.9954761416  -0.0017096773
0.9538037841  -0.9952270670  -0.0018926487
0.9536181971  -0.9949642840  -0.0020860411
0.9534221141  -0.9946876352  -0.0022900251
0.9532153849  -0.9943969598  -0.0025047709
0.9529978578  -0.9940920936  -0.0027304486
0.9527693793  -0.9937728695  -0.0029672285
0.9525297944  -0.9934391172  -0.0032152805
0.9522789464  -0.9930906632  -0.0034747746
0.9520166767  -0.9927273309  -0.0037458806
0.9517428205  -0.9923487606  -0.0040291804
0.9514572213  -0.9919549385  -0.0043244633
0.9511597222  -0.9915459197  -0.0046317591
0.9508501531  -0.9911213841  -0.0049512266
0.9505283448  -0.9906810767  -0.0052830264
0.9501941278  -0.9902247845  -0.0056273254
0.9498473314  -0.9897522990  -0.0059842925
0.9494877830  -0.9892634124  -0.0063540989
0.9491153084  -0.9887579154  -0.0067369183
0.9487297318  -0.9882355973  -0.0071329262
0.9483308753  -0.9876962454  -0.0075423002
0.9479185597  -0.9871396452  -0.0079652198
0.9474926037  -0.9865655807  -0.0084018664
0.9470528245  -0.9859738343  -0.0088524232
0.9465990374  -0.9853641870  -0.0093170752
0.9461310561  -0.9847364184  -0.0097960092
0.9456486925  -0.9840903071  -0.0102894139
0.9451517567  -0.9834256305  -0.0107974797
0.9446400570  -0.9827421653  -0.0113203989
0.9441134003  -0.9820396875  -0.0118583655
0.9435715914  -0.9813179722  -0.0124115753
0.9430144334  -0.9805767944  -0.0129802260
0.9424417280  -0.9798159285  -0.0135645170
0.9418532747  -0.9790351490  -0.0141646496
0.9412488717  -0.9782342301  -0.0147808267
0.9406283152  -0.9774129464  -0.0154132531
0.9399913997  -0.9765710726  -0.0160621356
0.9393379176  -0.9757083838  -0.0167276826
0.9386676590  -0.9748246551  -0.0174101043
0.9379804124  -0.9739196621  -0.0181096128
0.9372759647  -0.9729931815  -0.0188264225
0.9365541009  -0.9720449377  -0.0195607501
0.9358146041  -0.9710746905  -0.0203128143
0.9350572557  -0.9700823287  -0.0210828353
0.9342818356  -0.9690676863  -0.0218710350
0.9334881220  -0.9680305079  -0.0226776373
0.9326758910  -0.9669705582  -0.0235028680
0.9318449169  -0.9658876168  -0.0243469545
0.9309949721  -0.9647814665  -0.0252101259
0.9301258273  -0.9636518914  -0.0260926130
0.9292372515  -0.9624986768  -0.0269946483
0.9283290118  -0.9613216094  -0.0279164660
0.9274008735  -0.9601204778  -0.0288583019
0.9264526002  -0.9588950723  -0.0298203933
0.9254839537  -0.9576451844  -0.0308029793
0.9244946940  -0.9563706065  -0.0318063004
0.9234845795  -0.9550711322  -0.0328305987
0.9224533667  -0.9537465560  -0.0338761177
0.9214008103  -0.9523966736  -0.0349431024
0.9203266637  -0.9510212818  -0.0360317991
0.9192306781  -0.9496201786  -0.0371424557
0.9181126033  -0.9481931641  -0.0382753215
0.9169721875  -0.9467400413  -0.0394306468
0.9158091769  -0.9452606148  -0.0406086832
0.9146233165  -0.9437546887  -0.0418096833
0.9134143495  -0.9422220659  -0.0430339007
0.9121820174  -0.9406625503  -0.0442815901
0.9109260605  -0.9390759488  -0.0455530069
0.9096462172  -0.9374620714  -0.0468484075
0.9083422247  -0.9358207314  -0.0481680492
0.9070138187  -0.9341517449  -0.0495121899
0.9056607398  -0.9324549387  -0.0508810882
0.9042827440  -0.9307301604  -0.0522750034
0.9028795846  -0.9289772568  -0.0536941953
0.9014510022  -0.9271960678  -0.0551389249
0.8999967364  -0.9253864434  -0.0566094535
0.8985165260  -0.9235482407  -0.0581060428
0.8970101092  -0.9216813386  -0.0596289548
0.8954772241  -0.9197856524  -0.0611784514
0.8939176081  -0.9178610594  -0.0627547949
0.8923309988  -0.9159072780  -0.0643582483
0.8907171326  -0.9139239255  -0.0659890757
0.8890757457  -0.9119107332  -0.0676475409
0.8874065741  -0.9098676310  -0.0693339067
0.8857093545  -0.9077946555  -0.0710484350
0.8839838239  -0.9056918565  -0.0727913873
0.8822297202  -0.9035592692  -0.0745630250
0.8804467810  -0.9013969125  -0.0763636090
0.8786347448  -0.8992047897  -0.0781933996
0.8767933501  -0.8969828872  -0.0800526565
0.8749223361  -0.8947311759  -0.0819416388
0.8730214468  -0.8924496198  -0.0838606050
0.8710904291  -0.8901381683  -0.0858098129
0.8691290269  -0.8877967321  -0.0877895195
0.8671369825  -0.8854251958  -0.0897999813
0.8651140388  -0.8830234580  -0.0918414539
0.8630599400  -0.8805914437  -0.0939141924
0.8609744314  -0.8781290694  -0.0960184515
0.8588572596  -0.8756362159  -0.0981544841
0.8567081718  -0.8731127423  -0.1003225412
0.8545269166  -0.8705585044  -0.1025228726
0.8523132441  -0.8679733587  -0.1047557270
0.8500669059  -0.8653571630  -0.1070213509
0.8477876555  -0.8627097788  -0.1093199872
0.8454752479  -0.8600310734  -0.1116518751
0.8431294489  -0.8573209377  -0.1140172499
0.8407500323  -0.8545792799  -0.1164163442
0.8383367677  -0.8518059971  -0.1188493868
0.8358894227  -0.8490009639  -0.1213166009
0.8334077639  -0.8461637715  -0.1238181917
0.8308915559  -0.8432938458  -0.1263543444
0.8283405798  -0.8403919592  -0.1289252785
0.8257546512  -0.8374605035  -0.1315312926
0.8231335942  -0.8345007647  -0.1341726977
0.8204771981  -0.8315115731  -0.1368497321
0.8177852230  -0.8284911432  -0.1395625680
0.8150574487  -0.8254386075  -0.1423113561
0.8122936786  -0.8223538700  -0.1450962439
0.8094937174  -0.8192371016  -0.1479173739
0.8066573743  -0.8160885588  -0.1507748832
0.8037844651  -0.8129085552  -0.1536689038
0.8008748120  -0.8096974577  -0.1565995598
0.7979282449  -0.8064556843  -0.1595669805
0.7949446021  -0.8031837012  -0.1625712978
0.7919237296  -0.7998820293  -0.1656125714
0.7888654883  -0.7965512650  -0.1686907267
0.7857697435  -0.7931920272  -0.1718056859
0.7826363817  -0.7898049404  -0.1749575544
0.7794653217  -0.7863906740  -0.1781465484
0.7762564713  -0.7829499237  -0.1813728377
0.7730097224  -0.7794833978  -0.1846365568
0.7697249778  -0.7759918303  -0.1879378377
0.7664021862  -0.7724760294  -0.1912768013
0.7630413007  -0.7689368026  -0.1946535521
0.7596422444  -0.7653748912  -0.1980681720
0.7562049389  -0.7617910163  -0.2015207124
0.7527293063  -0.7581858797  -0.2050111803
0.7492152774  -0.7545601734  -0.2085395125
0.7456628238  -0.7509146319  -0.2121055297
0.7420719020  -0.7472499261  -0.2157088393
0.7384423727  -0.7435664890  -0.2193485593
0.7347734273  -0.7398641824  -0.2230189897
0.7310643215  -0.7361429134  -0.2267160400
0.7273171958  -0.7324047310  -0.2304503871
0.7235355425  -0.7286530890  -0.2342362959
0.7197197553  -0.7248896684  -0.2380781898
0.7158677361  -0.7211140701  -0.2419749026
0.7119778614  -0.7173255918  -0.2459247204
0.7080496011  -0.7135239255  -0.2499262895
0.7040828324  -0.7097088053  -0.2539782551
0.7000774683  -0.7058798140  -0.2580791384
0.6960335044  -0.7020365365  -0.2622273409
0.6919509400  -0.6981784457  -0.2664211516
0.6878296627  -0.6943047184  -0.2706587548
0.6836703797  -0.6904152495  -0.2749382382
0.6794731071  -0.6865092004  -0.2792576001
0.6752339400  -0.6825816923  -0.2836147582
0.6709471376  -0.6786258328  -0.2880075578
0.6666138462  -0.6746416025  -0.2924337772
0.6622410521  -0.6706349260  -0.2968911321
0.6578309145  -0.6666067827  -0.3013772830
0.6533823901  -0.6625547785  -0.3058898438
0.6488954882  -0.6584775297  -0.3104263900
0.6443701796  -0.6543736062  -0.3149844642
0.6398062897  -0.6502414208  -0.3195615820
0.6352033673  -0.6460790951  -0.3241552401
0.6305606241  -0.6418844384  -0.3287629231
0.6258767499  -0.6376547701  -0.3333821111
0.6211495383  -0.6333865610  -0.3380102859
0.6163751931  -0.6290747697  -0.3426449382
0.6115471249  -0.6247116858  -0.3472835745
0.6066528423  -0.6202838925  -0.3519237302
0.6016652911  -0.6157638648  -0.3565630114
0.5962933762  -0.6108616338  -0.3611991202
0.5907546098  -0.6057986203  -0.3658297141
0.5856532959  -0.6011761676  -0.3704522564
0.5809690799  -0.5969641357  -0.3750641507
0.5764557007  -0.5929107652  -0.3796629688
0.5719874051  -0.5888885605  -0.3842464760
0.5675405925  -0.5848729796  -0.3888125541
0.5631140736  -0.5808617682  -0.3933591691
0.5587075940  -0.5768536414  -0.3978843792
0.5543210567  -0.5728475858  -0.4023863451
0.5499543898  -0.5688427376  -0.4068633374
0.5456075471  -0.5648383835  -0.4113137460
0.5412805038  -0.5608339568  -0.4157360738
0.5369732535  -0.5568290344  -0.4201289422
0.5326858306  -0.5528233448  -0.4244911830
0.5284183409  -0.5488167789  -0.4288219415
0.5241709224  -0.5448093701  -0.4331205814
0.5199436539  -0.5408012471  -0.4373864837
0.5157365572  -0.5367926226  -0.4416190809
0.5115496843  -0.5327838204  -0.4458180074
0.5073831380  -0.5287752789  -0.4499831055
0.5032370326  -0.5247675296  -0.4541144022
0.4991114828  -0.5207611839  -0.4582121255
0.4950066071  -0.5167569260  -0.4622767190
0.4909225275  -0.5127555033  -0.4663088598
0.4868593695  -0.5087577181  -0.4703094810
0.4828172639  -0.5047644202  -0.4742798063
0.4787963524  -0.5007765010  -0.4782214043
0.4747967999  -0.4967948932  -0.4821362792
0.4708188222  -0.4928205810  -0.4860270438
0.4668627652  -0.4888546763  -0.4898973468
0.4629302692  -0.4848989174  -0.4937571683
0.4590232066  -0.4809550978  -0.4976171555
0.4551387430  -0.4770228523  -0.5014729772
0.4512709750  -0.4731002373  -0.5053132471
0.4474179273  -0.4691866706  -0.5091333933
0.4435814345  -0.4652831215  -0.5129335171
0.4397631566  -0.4613906122  -0.5167142328
0.4359635947  -0.4575097537  -0.5204757680
0.4321827392  -0.4536409396  -0.5242182427
0.4284204964  -0.4497844987  -0.5279417790
0.4246767687  -0.4459407265  -0.5316465044
0.4209514581  -0.4421098872  -0.5353325516
0.4172444665  -0.4382922142  -0.5390000581
0.4135556957  -0.4344879114  -0.5426491656
0.4098850472  -0.4306971527  -0.5462800189
0.4062324218  -0.4269200788  -0.5498927642
0.4025977199  -0.4231567994  -0.5534875464
0.3989808413  -0.4194074020  -0.5570645102
0.3953816863  -0.4156719597  -0.5606238005
0.3918001558  -0.4119505272  -0.5641655626
0.3882361508  -0.4082431360  -0.5676899396
0.3846895721  -0.4045497964  -0.5711970711
0.3811603205  -0.4008705021  -0.5746870926
0.3776482972  -0.3972052325  -0.5781601344
0.3741534034  -0.3935539545  -0.5816163209
0.3706755409  -0.3899166239  -0.5850557691
0.3672146118  -0.3862931873  -0.5884785881
0.3637705186  -0.3826835832  -0.5918848772
0.3603431643  -0.3790877429  -0.5952747247
0.3569324518  -0.3755055892  -0.5986482054
0.3535382837  -0.3719370316  -0.6020053751
0.3501605582  -0.3683818881  -0.6053462429
0.3467991651  -0.3648398742  -0.6086707475
0.3434540031  -0.3613109796  -0.6119788455
0.3401250074  -0.3577957042  -0.6152706330
0.3368121364  -0.3542945466  -0.6185463011
0.3335153289  -0.3508075517  -0.6218060092
0.3302344935  -0.3473345253  -0.6250498588
0.3269695320  -0.3438753374  -0.6282779321
0.3237203532  -0.3404299580  -0.6314903114
0.3204868720  -0.3369983980  -0.6346870806
0.3172690057  -0.3335806791  -0.6378683232
0.3140666720  -0.3301768272  -0.6410341221
0.3108797896  -0.3267868730  -0.6441845591
0.3077082776  -0.3234108506  -0.6473197158
0.3045520555  -0.3200487979  -0.6504396727
0.3014110434  -0.3167007556  -0.6535445098
0.2982851621  -0.3133667658  -0.6566343065
0.2951743326  -0.3100468719  -0.6597091415
0.2920784766  -0.3067411186  -0.6627690931
0.2889975162  -0.3034495513  -0.6658142388
0.2859313739  -0.3001722161  -0.6688446557
0.2828799727  -0.2969091583  -0.6718604206
0.2798432360  -0.2936604217  -0.6748616095
0.2768210877  -0.2904260480  -0.6778482981
0.2738134518  -0.2872060764  -0.6808205620
0.2708202531  -0.2840005424  -0.6837784760
0.2678414164  -0.2808094775  -0.6867221149
0.2648768670  -0.2776329083  -0.6896515531
0.2619265307  -0.2744708555  -0.6925668649
0.2589903332  -0.2713233336  -0.6954681242
0.2560682009  -0.2681903488  -0.6983554049
0.2531600603  -0.2650718936  -0.7012287809
0.2502658381  -0.2619679390  -0.7040883265
0.2473854612  -0.2588784436  -0.7069341162
0.2445188571  -0.2558033859  -0.7097662239
0.2416659534  -0.2527427766  -0.7125847223
0.2388266782  -0.2496966359  -0.7153896831
0.2360009596  -0.2466649726  -0.7181811775
0.2331887264  -0.2436477847  -0.7209592769
0.2303899074  -0.2406450667  -0.7237240527
0.2276044320  -0.2376568110  -0.7264755759
0.2248322295  -0.2346830091  -0.7292139176
0.2220732296  -0.2317236506  -0.7319391482
0.2193273623  -0.2287787236  -0.7346513382
0.2165945578  -0.2258482146  -0.7373505577
0.2138747465  -0.2229321088  -0.7400368765
0.2111678592  -0.2200303896  -0.7427103643
0.2084738268  -0.2171430309  -0.7453710904
0.2057925802  -0.2142699893  -0.7480191242
0.2031240507  -0.2114112383  -0.7506545345
0.2004681705  -0.2085667938  -0.7532773900
0.1978248715  -0.2057366658  -0.7558877589
0.1951940858  -0.2029208293  -0.7584857096
0.1925757459  -0.2001192505  -0.7610713100
0.1899697842  -0.1973318987  -0.7636446278
0.1873761335  -0.1945587410  -0.7662057307
0.1847947267  -0.1917997426  -0.7687546859
0.1822254972  -0.1890548670  -0.7712915605
0.1796683782  -0.1863240762  -0.7738164215
0.1771233033  -0.1836073311  -0.7763293353
0.1745902066  -0.1809045911  -0.7788303686
0.1720690219  -0.1782158145  -0.7813195873
0.1695596836  -0.1755409588  -0.7837970575
0.1670621262  -0.1728799808  -0.7862628450
0.1645762844  -0.1702328362  -0.7887170152
0.1621020931  -0.1675994803  -0.7911596334
0.1596394875  -0.1649798677  -0.7935907647
0.1571884029  -0.1623739523  -0.7960104739
0.1547487749  -0.1597816877  -0.7984188257
0.1523205394  -0.1572030269  -0.8008158843
0.1499036323  -0.1546379223  -0.8032017140
0.1474979898  -0.1520863261  -0.8055763786
0.1451035485  -0.1495481899  -0.8079399418
0.1427202450  -0.1470234648  -0.8102924672
0.1403480162  -0.1445121016  -0.8126340178
0.1379867992  -0.1420140504  -0.8149646568
0.1356365313  -0.1395292608  -0.8172844468
0.1332971501  -0.1370576819  -0.8195934505
0.1309685934  -0.1345992623  -0.8218917300
0.1286508001  -0.1321540444  -0.8241793569
0.1263437101  -0.1297220991  -0.8264564131
0.1240472600  -0.1273031449  -0.8287229534
0.1217613845  -0.1248968411  -0.8309790078
0.1194860220  -0.1225032487  -0.8332246263
0.1172211137  -0.1201224641  -0.8354598712
0.1149665999  -0.1177544417  -0.8376848002
0.1127224204  -0.1153991335  -0.8398994712
0.1104885150  -0.1130564898  -0.8421039429
0.1082648242  -0.1107264590  -0.8442982742
0.1060512883  -0.1084089875  -0.8464825249
0.1038478479  -0.1061040197  -0.8486567552
0.1016544440  -0.1038114981  -0.8508210262
0.0994710176  -0.1015313631  -0.8529753994
0.0972975100  -0.0992635533  -0.8551199373
0.0951338625  -0.0970080055  -0.8572547028
0.0929800168  -0.0947646547  -0.8593797597
0.0908359147  -0.0925334341  -0.8614951723
0.0887014983  -0.0903142757  -0.8636010055
0.0865767097  -0.0881071097  -0.8656973248
0.0844614913  -0.0859118654  -0.8677841962
0.0823557858  -0.0837284707  -0.8698616860
0.0802595358  -0.0815568526  -0.8719298609
0.0781726844  -0.0793969372  -0.8739887876
0.0760951749  -0.0772486500  -0.8760385330
0.0740269507  -0.0751119159  -0.8780791640
0.0719679553  -0.0729866592  -0.8801107470
0.0699181328  -0.0708728041  -0.8821333484
0.0678774273  -0.0687702745  -0.8841470336
0.0658457831  -0.0666789943  -0.8861518676
0.0638231448  -0.0645988874  -0.8881479143
0.0618094572  -0.0625298781  -0.8901352364
0.0598052482  -0.0604719553  -0.8921423630
0.0578108420  -0.0584250759  -0.8941834540
0.0558246738  -0.0563889938  -0.8962099321
0.0538462470  -0.0543635939  -0.8982343982
0.0518762905  -0.0523488940  -0.9002560340
0.0499147383  -0.0503448219  -0.9022739021
0.0479615278  -0.0483513067  -0.9042869464
0.0460165999  -0.0463682778  -0.9062939917
0.0440798992  -0.0443956656  -0.9082937444
0.0421513744  -0.0424334011  -0.9102847916
0.0402309780  -0.0404814156  -0.9122656018
0.0383186670  -0.0385396411  -0.9142345246
0.0364144028  -0.0366080096  -0.9161897907
0.0345181514  -0.0346864534  -0.9181295120
0.0326298833  -0.0327749051  -0.9200516816
0.0307495740  -0.0308732969  -0.9219541737
0.0288772036  -0.0289815611  -0.9238347435
0.0270127574  -0.0270996299  -0.9256910277
0.0251562252  -0.0252274350  -0.9275205438
0.0233076017  -0.0233649077  -0.9293206907
0.0214668865  -0.0215119792  -0.9310887483
0.0196340836  -0.0196685800  -0.9328218777
0.0178092015  -0.0178346403  -0.9345171211
0.0159922529  -0.0160100899  -0.9361714020
0.0141832542  -0.0141948583  -0.9377815250
0.0123822257  -0.0123888746  -0.9393441757
0.0105891903  -0.0105920681  -0.9408559209
0.0088041740  -0.0088043677  -0.9423132088
0.0070272044  -0.0070257028  -0.9437123684
0.0052583107  -0.0052560030  -0.9450496101
0.0034975227  -0.0034951984  -0.9463210253
0.0017448699  -0.0017432201  -0.9475225866
0.0017440676  -0.0017432206  -0.9475225866
