0.108892
1.8113551362  -2.1435243351   0.0000772790
1.8113551362  -2.1435243351   0.0000772790
1.8113616951  -2.1435206499   0.0000636038
1.8113568109  -2.1434790812   0.0000291249
1.8113347143  -2.1433957406  -0.0000267649
1.8112910197  -2.1432633832  -0.0001046646
1.8112240964  -2.1430796629  -0.0002051646
1.8111330199  -2.1428434458  -0.0003288474
1.8110171320  -2.1425540449  -0.0004762868
1.8108758955  -2.1422109689  -0.0006480487
1.8107088356  -2.1418138191  -0.0008446904
1.8105155116  -2.1413622418  -0.0010667611
1.8102955033  -2.1408559030  -0.0013148017
1.8100484032  -2.1402944753  -0.0015893447
1.8097738116  -2.1396776303  -0.0018909144
1.8094713344  -2.1390050338  -0.0022200269
1.8091405809  -2.1382763433  -0.0025771897
1.8087811630  -2.1374912067  -0.0029629024
1.8083926945  -2.1366492610  -0.0033776561
1.8079747906  -2.1357501328  -0.0038219336
1.8075270677  -2.1347934376  -0.0042962094
1.8070491432  -2.1337787804  -0.0048009499
1.8065406354  -2.1327057562  -0.0053366130
1.8060011637  -2.1315739509  -0.0059036484
1.8054303489  -2.1303829415  -0.0065024975
1.8048278128  -2.1291322973  -0.0071335934
1.8041931786  -2.1278215806  -0.0077973609
1.8035260709  -2.1264503473  -0.0084942166
1.8028261160  -2.1250181484  -0.0092245688
1.8020929421  -2.1235245305  -0.0099888174
1.8013261791  -2.1219690370  -0.0107873540
1.8005254595  -2.1203512091  -0.0116205621
1.7996904100  -2.1186696133  -0.0124900315
1.7988206796  -2.1169246855  -0.0133950552
1.7979159182  -2.1151171737  -0.0143356195
1.7969757568  -2.1132458983  -0.0153120162
1.7959998365  -2.1113101374  -0.0163245542
1.7949878064  -2.1093093538  -0.0173735719
1.7939393198  -2.1072430493  -0.0184594022
1.7928540342  -2.1051107552  -0.0195823761
1.7917316109  -2.1029120196  -0.0207428223
1.7905717160  -2.1006464051  -0.0219410660
1.7893740203  -2.0983134896  -0.0231774286
1.7881381993  -2.0959128668  -0.0244522273
1.7868639339  -2.0934441470  -0.0257657741
1.7855509102  -2.0909069582  -0.0271183762
1.7841988198  -2.0883009468  -0.0285103354
1.7828073602  -2.0856257787  -0.0299419478
1.7813762347  -2.0828811401  -0.0314135035
1.7799051527  -2.0800667382  -0.0329252866
1.7783938302  -2.0771823017  -0.0344775745
1.7768419894  -2.0742275819  -0.0360706371
1.7752493572  -2.0712023515  -0.0377047374
1.7736156630  -2.0681064041  -0.0393801317
1.7719406451  -2.0649395602  -0.0410970691
1.7702240526  -2.0617016709  -0.0428557920
1.7684656420  -2.0583926149  -0.0446565353
1.7666651780  -2.0550122996  -0.0464995266
1.7648224329  -2.0515606609  -0.0483849859
1.7629371871  -2.0480376622  -0.0503131257
1.7610092292  -2.0444432933  -0.0522841503
1.7590383562  -2.0407775720  -0.0542982557
1.7570243732  -2.0370405446  -0.0563556281
1.7549670937  -2.0332320399  -0.0584564457
1.7528663386  -2.0293520741  -0.0606008784
1.7507219388  -2.0254012697  -0.0627890878
1.7485337366  -2.0213800107  -0.0650212275
1.7463015822  -2.0172883229  -0.0672974433
1.7440253326  -2.0131263568  -0.0696178724
1.7417048451  -2.0088943329  -0.0719826441
1.7393399763  -2.0045924996  -0.0743918788
1.7369305991  -2.0002211435  -0.0768456871
1.7344766041  -1.9957805856  -0.0793441695
1.7319778915  -1.9912711728  -0.0818874178
1.7294343708  -1.9866932781  -0.0844755158
1.7268459611  -1.9820473014  -0.0871085393
1.7242125907  -1.9773336703  -0.0897865562
1.7215341972  -1.9725528378  -0.0925096258
1.7188107271  -1.9677052816  -0.0952777999
1.7160421362  -1.9627915031  -0.0980911217
1.7132283891  -1.9578120291  -0.1009496266
1.7103694588  -1.9527674130  -0.1038533407
1.7074653062  -1.9476582171  -0.1068022804
1.7045158861  -1.9424850146  -0.1097964524
1.7015211806  -1.9372484136  -0.1128358538
1.6984811935  -1.9319490516  -0.1159204726
1.6953959379  -1.9265875847  -0.1190502879
1.6922654354  -1.9211646890  -0.1222252699
1.6890897166  -1.9156810633  -0.1254453829
1.6858688214  -1.9101374304  -0.1287105888
1.6826027981  -1.9045345387  -0.1320208445
1.6792917022  -1.8988731624  -0.1353760979
1.6759355951  -1.8931541003  -0.1387762880
1.6725345076  -1.8873781477  -0.1422213460
1.6690884611  -1.8815460936  -0.1457111957
1.6655975186  -1.8756587468  -0.1492457541
1.6620617675  -1.8697169581  -0.1528249346
1.6584813041  -1.8637216291  -0.1564486511
1.6548562329  -1.8576736858  -0.1601168171
1.6511866651  -1.8515740660  -0.1638293425
1.6474727179  -1.8454237298  -0.1675861342
1.6437145149  -1.8392236879  -0.1713870966
1.6399121748  -1.8329750103  -0.1752321317
1.6360657607  -1.8266786491  -0.1791211396
1.6321753389  -1.8203352782  -0.1830540194
1.6282410368  -1.8139454996  -0.1870306691
1.6242629972  -1.8075102062  -0.1910509841
1.6202413697  -1.8010306288  -0.1951148555
1.6161763104  -1.7945081049  -0.1992221711
1.6120679805  -1.7879439443  -0.2033728148
1.6079165448  -1.7813394210  -0.2075666621
1.6037221729  -1.7746957899  -0.2118035852
1.5994850304  -1.7680143067  -0.2160834662
1.5952052436  -1.7612961525  -0.2204062014
1.5908829022  -1.7545424001  -0.2247716976
1.5865180874  -1.7477540727  -0.2291798690
1.5821108737  -1.7409321509  -0.2336306245
1.5776613256  -1.7340775690  -0.2381238524
1.5731694988  -1.7271912169  -0.2426594158
1.5686354444  -1.7202739447  -0.2472371568
1.5640593540  -1.7133267473  -0.2518568975
1.5594415250  -1.7063507312  -0.2565184477
1.5547821121  -1.6993468056  -0.2612216225
1.5500811590  -1.6923157147  -0.2659662462
1.5453387026  -1.6852581723  -0.2707521415
1.5405547713  -1.6781748701  -0.2755791257
1.5357293883  -1.6710664860  -0.2804470154
1.5308625778  -1.6639336933  -0.2853556292
1.5259545158  -1.6567773509  -0.2903047846
1.5210055155  -1.6495984824  -0.2952942946
1.5160158208  -1.6423980168  -0.3003239657
1.5109856192  -1.6351768111  -0.3053935997
1.5059151028  -1.6279357350  -0.3105029928
1.5008044659  -1.6206757085  -0.3156519189
1.4956539039  -1.6133976773  -0.3208401302
1.4904636529  -1.6061024123  -0.3260674476
1.4852340015  -1.5987905112  -0.3313338115
1.4799652181  -1.5914629165  -0.3366391479
1.4746575094  -1.5841210886  -0.3419832512
1.4693110559  -1.5767664646  -0.3473658380
1.4639260565  -1.5694001833  -0.3527866229
1.4585026507  -1.5620231961  -0.3582453244
1.4530407704  -1.5546362855  -0.3637416569
1.4475406787  -1.5472405545  -0.3692753317
1.4420031675  -1.5398375973  -0.3748460590
1.4364291250  -1.5324291198  -0.3804535468
1.4308194866  -1.5250168833  -0.3860975030
1.4251751424  -1.5176026375  -0.3917776378
1.4194964574  -1.5101876742  -0.3974936636
1.4137832263  -1.5027726522  -0.4032452958
1.4080350994  -1.4953579776  -0.4090322499
1.4022516721  -1.4879439860  -0.4148542402
1.3964324826  -1.4805309478  -0.4207109806
1.3905773997  -1.4731195237  -0.4266021857
1.3846869902  -1.4657111691  -0.4325275875
1.3787618142  -1.4583072853  -0.4384868569
1.3728020461  -1.4509087900  -0.4444794592
1.3668078637  -1.4435165643  -0.4505049064
1.3607795951  -1.4361316312  -0.4565630098
1.3547176767  -1.4287551834  -0.4626536210
1.3486224379  -1.4213882752  -0.4687764903
1.3424940870  -1.4140317274  -0.4749313143
1.3363328081  -1.4066862756  -0.4811176879
1.3301388062  -1.3993526691  -0.4873350065
1.3239122492  -1.3920315033  -0.4935821864
1.3176522881  -1.3847222666  -0.4998541551
1.3113585110  -1.3774248672  -0.5061486236
1.3050350813  -1.3701435470  -0.5124768075
1.2986870855  -1.3628840931  -0.5188498236
1.2923137270  -1.3556475047  -0.5252678594
1.2859113931  -1.3484314725  -0.5317283505
1.2794786189  -1.3412346452  -0.5382298908
1.2730154574  -1.3340567008  -0.5447711853
1.2665220649  -1.3268972082  -0.5513508575
1.2599985763  -1.3197555518  -0.5579674506
1.2534452519  -1.3126311993  -0.5646194196
1.2468623141  -1.3055234154  -0.5713051289
1.2402498955  -1.2984311864  -0.5780228583
1.2336082620  -1.2913536152  -0.5847708065
1.2269376641  -1.2842896474  -0.5915471063
1.2202383638  -1.2772381271  -0.5983498466
1.2135106362  -1.2701978874  -0.6051770871
1.2067545416  -1.2631674186  -0.6120268653
1.1999702765  -1.2561453327  -0.6188972063
1.1931581639  -1.2491303162  -0.6257861246
1.1863184356  -1.2421209377  -0.6326916137
1.1794521695  -1.2351165912  -0.6396116436
1.1725551486  -1.2281113366  -0.6465441788
1.1656175284  -1.2210935865  -0.6534871887
1.1586444847  -1.2140670112  -0.6604386447
1.1516446423  -1.2070389409  -0.6673965180
1.1446163429  -1.2000062558  -0.6743587872
1.1375579253  -1.1929657719  -0.6813234495
1.1304662086  -1.1859128330  -0.6882885281
1.1233352965  -1.1788401725  -0.6952520775
1.1161533917  -1.1717347613  -0.7022121919
1.1088923824  -1.1645669553  -0.7091670561
1.1013145751  -1.1570993232  -0.7161149638
1.0936857077  -1.1496040319  -0.7230541081
1.0865376324  -1.1426125854  -0.7299824059
1.0796997877  -1.1359446852  -0.7368977503
1.0729140839  -1.1293349433  -0.7437983031
1.0661474416  -1.1227453684  -0.7506824381
1.0593992954  -1.1161724788  -0.7575486074
1.0526694556  -1.1096141715  -0.7643953304
1.0459577415  -1.1030685748  -0.7712212141
1.0392639968  -1.0965339686  -0.7780249574
1.0325880895  -1.0900087855  -0.7848053554
1.0259299125  -1.0834916117  -0.7915613073
1.0192893825  -1.0769811897  -0.7982918200
1.0126664378  -1.0704764203  -0.8049960109
1.0060610371  -1.0639763637  -0.8116731133
0.9994731586  -1.0574802397  -0.8183224807
0.9929027993  -1.0509874255  -0.8249435955
0.9863499746  -1.0444974506  -0.8315360741
0.9798147132  -1.0380099906  -0.8380996666
0.9732970548  -1.0315248597  -0.8446342617
0.9667970444  -1.0250420018  -0.8511398774
0.9603147573  -1.0185614934  -0.8576167531
0.9538503710  -1.0120835532  -0.8640655481
0.9474040892  -1.0056085224  -0.8704871337
0.9409759610  -0.9991368220  -0.8768823032
0.9345659563  -0.9926689394  -0.8832519846
0.9281741283  -0.9862054416  -0.8895973943
0.9218005918  -0.9797469746  -0.8959200212
0.9154454942  -0.9732942592  -0.9022217156
0.9091090583  -0.9668480996  -0.9085048560
0.9027916950  -0.9604094831  -0.9147727724
0.8964953034  -0.9539797803  -0.9210340743
0.8902215524  -0.9475602683  -0.9272962696
0.8839660213  -0.9411509913  -0.9335524822
0.8777217897  -0.9347509917  -0.9397925538
0.8714882294  -0.9283597431  -0.9460151686
0.8652685125  -0.9219774560  -0.9522216582
0.8590640783  -0.9156044649  -0.9584123382
0.8528749599  -0.9092409859  -0.9645873527
0.8467010315  -0.9028871735  -0.9707468488
0.8405421680  -0.8965431521  -0.9768909785
0.8343982460  -0.8902090190  -0.9830198980
0.8282691438  -0.8838848454  -0.9891337670
0.8221547407  -0.8775706770  -0.9952327482
0.8160549172  -0.8712665343  -1.0013170067
0.8099695548  -0.8649724134  -1.0073867090
0.8038985363  -0.8586882866  -1.0134420223
0.7978417453  -0.8524141032  -1.0194831136
0.7917990664  -0.8461497905  -1.0255101491
0.7857703851  -0.8398952547  -1.0315232925
0.7797555883  -0.8336503825  -1.0375227049
0.7737545638  -0.8274150421  -1.0435085434
0.7677672005  -0.8211890876  -1.0494809601
0.7617933879  -0.8149723665  -1.0554400988
0.7558330155  -0.8087647222  -1.0613860922
0.7498859741  -0.8025659809  -1.0673190636
0.7439521577  -0.7963759481  -1.0732391297
0.7380314631  -0.7901944242  -1.0791463985
0.7321237880  -0.7840212142  -1.0850409658
0.7262290309  -0.7778561264  -1.0909229130
0.7203470907  -0.7716989762  -1.0967923045
0.7144778662  -0.7655495939  -1.1026491815
0.7086212477  -0.7594078854  -1.1084935294
0.7027771114  -0.7532738168  -1.1143252568
0.6969453580  -0.7471471340  -1.1201443166
0.6911259648  -0.7410272964  -1.1259508421
0.6853189442  -0.7349139011  -1.1317450468
0.6795242529  -0.7288068628  -1.1375270658
0.6737417919  -0.7227061570  -1.1432969661
0.6679714649  -0.7166116886  -1.1490548092
0.6622131966  -0.7105233459  -1.1548006608
0.6564669214  -0.7044410339  -1.1605345852
0.6507325764  -0.6983646756  -1.1662566444
0.6450101007  -0.6922942109  -1.1719668977
0.6392994358  -0.6862295975  -1.1776654023
0.6336005253  -0.6801708096  -1.1833522127
0.6279133149  -0.6741178383  -1.1890273812
0.6222377523  -0.6680706899  -1.1946909574
0.6165737877  -0.6620293862  -1.2003429889
0.6109213732  -0.6559939627  -1.2059835208
0.6052804630  -0.6499644672  -1.2116125956
0.5996510136  -0.6439409588  -1.2172302540
0.5940329835  -0.6379235065  -1.2228365341
0.5884263334  -0.6319121874  -1.2284314719
0.5828310261  -0.6259070840  -1.2340151012
0.5772470264  -0.6199082805  -1.2395874537
0.5716743014  -0.6139158616  -1.2451485593
0.5661128201  -0.6079299129  -1.2506984457
0.5605625537  -0.6019505214  -1.2562371386
0.5550234753  -0.5959777715  -1.2617646620
0.5494955602  -0.5900117424  -1.2672810378
0.5439787856  -0.5840525046  -1.2727862864
0.5384731309  -0.5781001157  -1.2782804266
0.5329785773  -0.5721546033  -1.2837634757
0.5274951083  -0.5662159415  -1.2892354503
0.5220227095  -0.5602840896  -1.2946963661
0.5165613679  -0.5543590943  -1.3001462364
0.5111110719  -0.5484411093  -1.3055850702
0.5056718113  -0.5425303035  -1.3110128731
0.5002435782  -0.5366268067  -1.3164296493
0.4948263674  -0.5307307312  -1.3218354021
0.4894201753  -0.5248421958  -1.3272301332
0.4840250005  -0.5189613260  -1.3326138424
0.4786408429  -0.5130882532  -1.3379865277
0.4732677045  -0.5072231136  -1.3433481853
0.4679055887  -0.5013660491  -1.3486988098
0.4625545010  -0.4955172065  -1.3540383939
0.4572144484  -0.4896766509  -1.3593669289
0.4518854395  -0.4838442803  -1.3646844045
0.4465674849  -0.4780201881  -1.3699908091
0.4412605968  -0.4722049531  -1.3752861282
0.4359647890  -0.4663991245  -1.3805703449
0.4306800768  -0.4606028881  -1.3858434420
0.4254064773  -0.4548163551  -1.3911054008
0.4201440091  -0.4490396864  -1.3963562018
0.4148926921  -0.4432730410  -1.4015958235
0.4096525478  -0.4375165754  -1.4068242434
0.4044235990  -0.4317704449  -1.4120414377
0.3992058699  -0.4260348051  -1.4172473812
0.3939993859  -0.4203098131  -1.4224420475
0.3888041740  -0.4145956293  -1.4276254087
0.3836202620  -0.4088924182  -1.4327974361
0.3784476794  -0.4032003497  -1.4379580994
0.3732864565  -0.3975196003  -1.4431073675
0.3681366250  -0.3918503538  -1.4482452077
0.3629982174  -0.3861928022  -1.4533715867
0.3578712675  -0.3805471465  -1.4584864697
0.3527558099  -0.3749135968  -1.4635898211
0.3476518802  -0.3692923725  -1.4686816043
0.3425595150  -0.3636837029  -1.4737617817
0.3374787517  -0.3580878270  -1.4788303150
0.3324096282  -0.3525049932  -1.4838871649
0.3273521836  -0.3469354598  -1.4889322917
0.3223064573  -0.3413794937  -1.4939656547
0.3172724895  -0.3358373705  -1.4989872128
0.3122503208  -0.3303093737  -1.5039969244
0.3072399925  -0.3247957938  -1.5089947472
0.3022415462  -0.3192969276  -1.5139806389
0.2972550238  -0.3138130771  -1.5189545568
0.2922804758  -0.3083457144  -1.5239165154
0.2873179630  -0.3028967087  -1.5288665950
0.2823675172  -0.2974636079  -1.5338047107
0.2774291356  -0.2920431312  -1.5387306249
0.2725028473  -0.2866369464  -1.5436442270
0.2675887176  -0.2812472329  -1.5485454828
0.2626868021  -0.2758744388  -1.5534343312
0.2577971463  -0.2705189956  -1.5583107154
0.2529197955  -0.2651813223  -1.5631745838
0.2480547951  -0.2598618224  -1.5680258898
0.2432021895  -0.2545608815  -1.5728645928
0.2383620231  -0.2492788658  -1.5776906579
0.2335343388  -0.2440161201  -1.5825040566
0.2287191790  -0.2387729669  -1.5873047668
0.2239165847  -0.2335497057  -1.5920927729
0.2191265953  -0.2283466125  -1.5968680657
0.2143492492  -0.2231639397  -1.6016306425
0.2095845829  -0.2180019166  -1.6063805071
0.2048326312  -0.2128607496  -1.6111176693
0.2000934274  -0.2077406230  -1.6158421447
0.1953670030  -0.2026417001  -1.6205539545
0.1906533875  -0.1975641245  -1.6252531250
0.1859526088  -0.1925080209  -1.6299396869
0.1812646930  -0.1874734969  -1.6346136749
0.1765896645  -0.1824606447  -1.6392751270
0.1719275457  -0.1774695421  -1.6439240837
0.1672783575  -0.1725002549  -1.6485605872
0.1626421188  -0.1675528378  -1.6531846805
0.1580188470  -0.1626273366  -1.6577964066
0.1534085575  -0.1577237894  -1.6623958071
0.1488112640  -0.1528422284  -1.6669829214
0.1442269783  -0.1479826847  -1.6715577855
0.1396591988  -0.1431462720  -1.6761886629
0.1351101911  -0.1383336032  -1.6809094031
0.1305709101  -0.1335418152  -1.6856033460
0.1260387209  -0.1287702025  -1.6903005714
0.1215183194  -0.1240203210  -1.6949989718
0.1170096362  -0.1192922111  -1.6996961534
0.1125126191  -0.1145859221  -1.7043894361
0.1080272331  -0.1099015107  -1.7090758535
0.1035534619  -0.1052390397  -1.7137521528
0.0990913086  -0.1005985764  -1.7184147952
0.0946407966  -0.0959801908  -1.7230599551
0.0902019705  -0.0913839542  -1.7276835209
0.0857748971  -0.0868099361  -1.7322810946
0.0813596651  -0.0822582026  -1.7368479920
0.0769563867  -0.0777288136  -1.7413792422
0.0725651970  -0.0732218203  -1.7458695886
0.0681862550  -0.0687372629  -1.7503134876
0.0638197430  -0.0642751677  -1.7547051099
0.0594658668  -0.0598355456  -1.7590383395
0.0551248555  -0.0554183893  -1.7633067741
0.0507969607  -0.0510236721  -1.7675037252
0.0464824557  -0.0466513464  -1.7716222181
0.0421816349  -0.0423013432  -1.7756549914
0.0378948121  -0.0379735716  -1.7795944979
0.0336223192  -0.0336679194  -1.7834329035
0.0293645041  -0.0293842541  -1.7871620883
0.0251217286  -0.0251224249  -1.7907736458
0.0208943661  -0.0208822652  -1.7942588832
0.0166827980  -0.0166635958  -1.7976088215
0.0124874111  -0.0124662286  -1.8008141952
0.0083085930  -0.0082899710  -1.8038654528
0.0041467288  -0.0041346306  -1.8067527561
0.0041421070  -0.0041345951  -1.8067527561
