0.0865924
2.1625755069  -2.5108101890   0.0001056176
2.1625755069  -2.5108101890   0.0001056176
2.1625827464  -2.5107950731   0.0000848282
2.1625737871  -2.5107238785   0.0000344102
2.1625408740  -2.5105940116  -0.0000465402
2.1624772306  -2.5103938799  -0.0001589096
2.1623804096  -2.5101200211  -0.0003035675
2.1622490443  -2.5097709076  -0.0004813660
2.1620821748  -2.5093457180  -0.0006931404
2.1618790273  -2.5088439369  -0.0009397085
2.1616389245  -2.5082651923  -0.0012218711
2.1613612443  -2.5076091807  -0.0015404117
2.1610453984  -2.5068756281  -0.0018960969
2.1606908206  -2.5060642694  -0.0022896757
2.1602969600  -2.5051748367  -0.0027218804
2.1598632773  -2.5042070529  -0.0031934257
2.1593892419  -2.5031606277  -0.0037050095
2.1588743310  -2.5020352563  -0.0042573122
2.1583180281  -2.5008306185  -0.0048509974
2.1577198231  -2.4995463786  -0.0054867111
2.1570792115  -2.4981821865  -0.0061650825
2.1563956946  -2.4967376784  -0.0068867234
2.1556687796  -2.4952124783  -0.0076522285
2.1548979798  -2.4936061989  -0.0084621753
2.1540828146  -2.4919184440  -0.0093171243
2.1532228097  -2.4901488095  -0.0102176187
2.1523174978  -2.4882968857  -0.0111641843
2.1513664186  -2.4863622588  -0.0121573302
2.1503691192  -2.4843445128  -0.0131975479
2.1493251544  -2.4822432318  -0.0142853121
2.1482340872  -2.4800580015  -0.0154210799
2.1470954893  -2.4777884114  -0.0166052917
2.1459089391  -2.4754325590  -0.0178400548
2.1446740373  -2.4729914701  -0.0191242975
2.1433903856  -2.4704665917  -0.0204579051
2.1420575784  -2.4678564059  -0.0218411439
2.1406752303  -2.4651601673  -0.0232743123
2.1392429728  -2.4623773914  -0.0247577546
2.1377604467  -2.4595076573  -0.0262918013
2.1362273021  -2.4565505996  -0.0278767749
2.1346432030  -2.4535058898  -0.0295129886
2.1330078273  -2.4503732317  -0.0312007447
2.1313208660  -2.4471523591  -0.0329403341
2.1295820232  -2.4438430371  -0.0347320354
2.1277910167  -2.4404450632  -0.0365761141
2.1259475782  -2.4369582696  -0.0384728223
2.1240514536  -2.4333825256  -0.0404223976
2.1221024031  -2.4297177412  -0.0424250629
2.1201002015  -2.4259638691  -0.0444810267
2.1180446389  -2.4221209041  -0.0465904835
2.1159355203  -2.4181888815  -0.0487536137
2.1137726659  -2.4141678769  -0.0509705825
2.1115559113  -2.4100580071  -0.0532415408
2.1092851080  -2.4058594291  -0.0555666242
2.1069601226  -2.4015723406  -0.0579459530
2.1045808279  -2.3971969690  -0.0603796311
2.1021471075  -2.3927335772  -0.0628677457
2.0996588690  -2.3881824797  -0.0654103688
2.0971160407  -2.3835440389  -0.0680075574
2.0945185673  -2.3788186606  -0.0706593536
2.0918664101  -2.3740067938  -0.0733657843
2.0891595466  -2.3691089307  -0.0761268613
2.0863979702  -2.3641256070  -0.0789425809
2.0835816900  -2.3590570363  -0.0818129219
2.0807107287  -2.3539037170  -0.0847378448
2.0777851272  -2.3486670354  -0.0877172958
2.0748049477  -2.3433480073  -0.0907512108
2.0717702535  -2.3379471162  -0.0938395138
2.0686811026  -2.3324650166  -0.0969821170
2.0655375782  -2.3269024791  -0.1001789203
2.0623397953  -2.3212603448  -0.1034298115
2.0590878839  -2.3155394993  -0.1067346650
2.0557819885  -2.3097408631  -0.1100933382
2.0524222668  -2.3038653873  -0.1135056666
2.0490088894  -2.2979140573  -0.1169714647
2.0455420406  -2.2918878989  -0.1204905281
2.0420219179  -2.2857879755  -0.1240626350
2.0384487209  -2.2796153668  -0.1276875472
2.0348226291  -2.2733711363  -0.1313650149
2.0311438427  -2.2670563685  -0.1350947849
2.0274126070  -2.2606721992  -0.1388766023
2.0236291820  -2.2542197948  -0.1427102048
2.0197938388  -2.2477003519  -0.1465953215
2.0159068594  -2.2411150965  -0.1505316746
2.0119685366  -2.2344652850  -0.1545189802
2.0079791734  -2.2277522046  -0.1585569490
2.0039390675  -2.2209771553  -0.1626452869
1.9998484782  -2.2141414100  -0.1667836955
1.9957076821  -2.2072462646  -0.1709718721
1.9915170096  -2.2002930744  -0.1752095095
1.9872768035  -2.1932832167  -0.1794962968
1.9829874148  -2.1862180845  -0.1838319195
1.9786492011  -2.1790990835  -0.1882160601
1.9742625270  -2.1719276286  -0.1926483980
1.9698277467  -2.1647051097  -0.1971286102
1.9653450862  -2.1574327754  -0.2016563709
1.9608147947  -2.1501119205  -0.2062313516
1.9562373012  -2.1427440570  -0.2108532218
1.9516130867  -2.1353307530  -0.2155216486
1.9469426433  -2.1278735709  -0.2202362979
1.9422264711  -2.1203740788  -0.2249968350
1.9374650768  -2.1128338785  -0.2298029231
1.9326589797  -2.1052546443  -0.2346542238
1.9278086477  -2.0976379393  -0.2395503947
1.9229143380  -2.0899847976  -0.2444910760
1.9179761396  -2.0822958585  -0.2494758980
1.9129941185  -2.0745719602  -0.2545045237
1.9079683387  -2.0668142994  -0.2595766634
1.9028988573  -2.0590241999  -0.2646920627
1.8977857162  -2.0512029327  -0.2698504798
1.8926291454  -2.0433519196  -0.2750516402
1.8874296980  -2.0354728901  -0.2802952098
1.8821878823  -2.0275674751  -0.2855808086
1.8769040398  -2.0196370581  -0.2909080212
1.8715785157  -2.0116829605  -0.2962763991
1.8662116633  -2.0037064527  -0.3016854740
1.8608038509  -1.9957087672  -0.3071347922
1.8553554653  -1.9876911095  -0.3126239286
1.8498668985  -1.9796546511  -0.3181524656
1.8443385359  -1.9716005130  -0.3237199843
1.8387707602  -1.9635297687  -0.3293260678
1.8331639563  -1.9554434557  -0.3349703023
1.8275185116  -1.9473425799  -0.3406522778
1.8218348162  -1.9392281213  -0.3463715872
1.8161132724  -1.9311010490  -0.3521278256
1.8103542865  -1.9229623111  -0.3579205916
1.8045582569  -1.9148128250  -0.3637494906
1.7987255817  -1.9066534952  -0.3696141369
1.7928566598  -1.8984852197  -0.3755141493
1.7869518891  -1.8903088908  -0.3814491461
1.7810116734  -1.8821254095  -0.3874187450
1.7750364238  -1.8739356924  -0.3934225632
1.7690265472  -1.8657406708  -0.3994602160
1.7629824444  -1.8575414444  -0.4055312974
1.7569045097  -1.8493392268  -0.4116353742
1.7507930063  -1.8411342494  -0.4177720758
1.7446474270  -1.8329249276  -0.4239411732
1.7384680395  -1.8247113928  -0.4301424634
1.7322568003  -1.8164974075  -0.4363756304
1.7260159970  -1.8082873451  -0.4426402841
1.7197479908  -1.8000847342  -0.4489360453
1.7134542521  -1.7918917680  -0.4552625562
1.7071343306  -1.7837086395  -0.4616194659
1.7007870429  -1.7755346541  -0.4680064289
1.6944114158  -1.7673692465  -0.4744231085
1.6880063923  -1.7592117770  -0.4808691774
1.6815708283  -1.7510615253  -0.4873443200
1.6751041185  -1.7429183997  -0.4938482341
1.6686070940  -1.7347839361  -0.5003806284
1.6620807209  -1.7266598307  -0.5069412218
1.6555252391  -1.7185469541  -0.5135297415
1.6489408662  -1.7104461316  -0.5201459241
1.6423278242  -1.7023581914  -0.5267895194
1.6356863866  -1.6942840719  -0.5334602816
1.6290168396  -1.6862247414  -0.5401579312
1.6223194165  -1.6781810398  -0.5468821798
1.6155943511  -1.6701537637  -0.5536328022
1.6088418985  -1.6621437186  -0.5604096106
1.6020623459  -1.6541517872  -0.5672124001
1.5952559984  -1.6461788864  -0.5740409485
1.5884231121  -1.6382257929  -0.5808950131
1.5815639015  -1.6302931593  -0.5877743088
1.5746785693  -1.6223815889  -0.5946784698
1.5677673478  -1.6144917270  -0.6016069648
1.5608303685  -1.6066239460  -0.6085588656
1.5538667090  -1.5987773451  -0.6155296553
1.5468755243  -1.5909511593  -0.6225159053
1.5398604686  -1.5831492822  -0.6295263992
1.5328271612  -1.5753781737  -0.6365725651
1.5257756174  -1.5676394647  -0.6436558333
1.5187020934  -1.5599305892  -0.6507737649
1.5116047285  -1.5522497556  -0.6579250571
1.5044834039  -1.5445963650  -0.6651085322
1.4973381743  -1.5369697835  -0.6723229294
1.4901691996  -1.5293693997  -0.6795669428
1.4829767047  -1.5217945806  -0.6868392258
1.4757607893  -1.5142443726  -0.6941383970
1.4685215694  -1.5067177398  -0.7014630539
1.4612593129  -1.4992137543  -0.7088117739
1.4539742639  -1.4917313113  -0.7161830882
1.4466666802  -1.4842692749  -0.7235754683
1.4393367670  -1.4768263937  -0.7309873482
1.4319846455  -1.4694012189  -0.7384171396
1.4246105287  -1.4619923819  -0.7458632323
1.4172148020  -1.4545986177  -0.7533239986
1.4097972302  -1.4472180137  -0.7607977962
1.4023557491  -1.4398467975  -0.7682829747
1.3948903649  -1.4324832595  -0.7757778802
1.3874032854  -1.4251279909  -0.7832808574
1.3798948279  -1.4177796845  -0.7907902533
1.3723642716  -1.4104359463  -0.7983044211
1.3648107233  -1.4030942401  -0.8058217254
1.3572326043  -1.3957513928  -0.8133405476
1.3496270894  -1.3884030455  -0.8208592907
1.3419890503  -1.3810426131  -0.8283763845
1.3343083086  -1.3736585407  -0.8358902932
1.3265611730  -1.3662251546  -0.8433995659
1.3185329943  -1.3585265562  -0.8509028701
1.3103779897  -1.3507239960  -0.8583988033
1.3026193076  -1.3433442725  -0.8658856762
1.2951945591  -1.3363176657  -0.8733617126
1.2878272532  -1.3293596927  -0.8808253740
1.2804763027  -1.3224228985  -0.8882753433
1.2731411039  -1.3155030329  -0.8957103808
1.2658214322  -1.3085978004  -0.9031293000
1.2585170633  -1.3017052103  -0.9105309859
1.2512277925  -1.2948234290  -0.9179143992
1.2439534370  -1.2879507765  -0.9252785818
1.2366938361  -1.2810857250  -0.9326226635
1.2294488497  -1.2742268992  -0.9399458616
1.2222183556  -1.2673730721  -0.9472474840
1.2150022491  -1.2605231569  -0.9545269331
1.2078004433  -1.2536762071  -0.9617837101
1.2006128681  -1.2468314223  -0.9690174215
1.1934394689  -1.2399881497  -0.9762277814
1.1862802028  -1.2331458775  -0.9834146106
1.1791350395  -1.2263042312  -0.9905778495
1.1720039776  -1.2194629724  -0.9977176074
1.1648870401  -1.2126219934  -1.0048341529
1.1577842317  -1.2057813013  -1.0119278412
1.1506955324  -1.1989410072  -1.0189991317
1.1436209378  -1.1921013220  -1.0260486458
1.1365604690  -1.1852625535  -1.0330771790
1.1295141607  -1.1784250994  -1.0400857181
1.1224820660  -1.1715894417  -1.0470754830
1.1154642728  -1.1647561473  -1.0540479979
1.1084609400  -1.1579258785  -1.0610052341
1.1014723973  -1.1510995075  -1.0679499634
1.0945003999  -1.1442783727  -1.0748896793
1.0875470395  -1.1374638730  -1.0818325174
1.0806088899  -1.1306561524  -1.0887741207
1.0736788279  -1.1238540299  -1.0957045640
1.0667551422  -1.1170565841  -1.1026216839
1.0598408056  -1.1102637971  -1.1095269014
1.0529374940  -1.1034759108  -1.1164206144
1.0460452511  -1.0966930473  -1.1233030044
1.0391639097  -1.0899152547  -1.1301742554
1.0322933029  -1.0831425512  -1.1370345556
1.0254332660  -1.0763749317  -1.1438840971
1.0185836355  -1.0696123676  -1.1507230750
1.0117442491  -1.0628548058  -1.1575516873
1.0049149455  -1.0561021686  -1.1643701341
0.9980955647  -1.0493543545  -1.1711786170
0.9912859475  -1.0426112396  -1.1779773386
0.9844859356  -1.0358726796  -1.1847665014
0.9776953716  -1.0291385099  -1.1915463076
0.9709140992  -1.0224085465  -1.1983169575
0.9641419628  -1.0156825875  -1.2050786495
0.9573788077  -1.0089604169  -1.2118315785
0.9506244798  -1.0022418093  -1.2185759344
0.9438788261  -0.9955265248  -1.2253119016
0.9371416948  -0.9888143046  -1.2320396593
0.9304129357  -0.9821048774  -1.2387593801
0.9236923998  -0.9753979684  -1.2454712291
0.9169799390  -0.9686933017  -1.2521753621
0.9102754062  -0.9619906013  -1.2588719244
0.9035786553  -0.9552895967  -1.2655610489
0.8968895404  -0.9485900311  -1.2722428535
0.8902079154  -0.9418916798  -1.2789174350
0.8835336246  -0.9351945054  -1.2855848385
0.8768664940  -0.9284986863  -1.2922450263
0.8702063667  -0.9218038828  -1.2988979794
0.8635531669  -0.9151087967  -1.3055438484
0.8569068715  -0.9084122498  -1.3121828890
0.8502674072  -0.9017140160  -1.3188152933
0.8436346323  -0.8950142074  -1.3254411776
0.8370084000  -0.8883127049  -1.3320606475
0.8303885871  -0.8816092562  -1.3386738140
0.8237750821  -0.8749036124  -1.3452807868
0.8171677767  -0.8681955424  -1.3518816732
0.8105665649  -0.8614848336  -1.3584765779
0.8039713429  -0.8547712912  -1.3650656032
0.7973820094  -0.8480547386  -1.3716488487
0.7907984650  -0.8413350165  -1.3782264114
0.7842206129  -0.8346119828  -1.3847983859
0.7776483587  -0.8278855132  -1.3913648640
0.7710816101  -0.8211555000  -1.3979259349
0.7645202775  -0.8144218494  -1.4044816851
0.7579642735  -0.8076844798  -1.4110321988
0.7514135133  -0.8009433201  -1.4175775571
0.7448679146  -0.7941983086  -1.4241178388
0.7383273975  -0.7874493906  -1.4306531199
0.7317918849  -0.7806965176  -1.4371834741
0.7252613019  -0.7739396460  -1.4437089720
0.7187355765  -0.7671787350  -1.4502296820
0.7122146393  -0.7604137434  -1.4567456697
0.7056984235  -0.7536446275  -1.4632569981
0.6991868649  -0.7468713375  -1.4697637277
0.6926799023  -0.7400938141  -1.4762659166
0.6861774772  -0.7333119816  -1.4827636203
0.6796795339  -0.7265257250  -1.4892568922
0.6731860199  -0.7197348506  -1.4957457840
0.6666968855  -0.7129391235  -1.5022303461
0.6602120838  -0.7061384117  -1.5087106254
0.6537315697  -0.6993327442  -1.5151866635
0.6472553003  -0.6925221928  -1.5216584973
0.6407832363  -0.6857067743  -1.5281261606
0.6343153421  -0.6788864741  -1.5345896854
0.6278515855  -0.6720612847  -1.5410491006
0.6213919374  -0.6652312106  -1.5475044322
0.6149363717  -0.6583962649  -1.5539557028
0.6084848653  -0.6515564694  -1.5604029318
0.6020373986  -0.6447118544  -1.5668461351
0.5955939549  -0.6378624594  -1.5732853254
0.5891545213  -0.6310081408  -1.5797205123
0.5827190882  -0.6241483814  -1.5861517030
0.5762876494  -0.6172830858  -1.5925789009
0.5698602018  -0.6104132380  -1.5990021031
0.5634367451  -0.6035397691  -1.6054213018
0.5570172832  -0.5966628031  -1.6118364873
0.5506018247  -0.5897822934  -1.6182476475
0.5441903816  -0.5828983062  -1.6246547674
0.5377829694  -0.5760109051  -1.6310578278
0.5313796070  -0.5691201473  -1.6374568063
0.5249803172  -0.5622260874  -1.6438516767
0.5185851263  -0.5553287803  -1.6502424091
0.5121940648  -0.5484282853  -1.6566289697
0.5058071665  -0.5415246694  -1.6630113210
0.4994244695  -0.5346180105  -1.6693894214
0.4930460155  -0.5277084007  -1.6757632253
0.4866718502  -0.5207959496  -1.6821326829
0.4803020233  -0.5138807872  -1.6884977402
0.4739365885  -0.5069630661  -1.6948583390
0.4675756032  -0.5000429645  -1.7012144168
0.4612191292  -0.4931206877  -1.7075659067
0.4548672322  -0.4861964696  -1.7139127375
0.4485199818  -0.4792705741  -1.7202548337
0.4421774520  -0.4723432963  -1.7265921152
0.4358397206  -0.4654149636  -1.7329244982
0.4295068696  -0.4584859357  -1.7392518939
0.4231789850  -0.4515566054  -1.7455742098
0.4168561571  -0.4446273975  -1.7518913491
0.4105384799  -0.4376987686  -1.7582032106
0.4042260517  -0.4307712062  -1.7645096895
0.3979189746  -0.4238452273  -1.7708106769
0.3916173550  -0.4169213770  -1.7771060599
0.3853213224  -0.4100030163  -1.7833958323
0.3790310372  -0.4030945303  -1.7896801106
0.3727465928  -0.3961899870  -1.7959586903
0.3664679956  -0.3892813349  -1.8022310713
0.3601953323  -0.3823723600  -1.8084969933
0.3539287877  -0.3754681818  -1.8147563393
0.3476685283  -0.3685698130  -1.8210089370
0.3414146975  -0.3616782544  -1.8272546191
0.3351674425  -0.3547945004  -1.8334932245
0.3289269142  -0.3479195313  -1.8397245984
0.3226932664  -0.3410543064  -1.8459485934
0.3164666554  -0.3341997579  -1.8521650704
0.3102472394  -0.3273567862  -1.8583738984
0.3040351780  -0.3205262553  -1.8645749551
0.2978306320  -0.3137089899  -1.8707681273
0.2916337626  -0.3069057730  -1.8769533106
0.2854447314  -0.3001173439  -1.8831304097
0.2792636998  -0.2933443982  -1.8892993378
0.2730908288  -0.2865875872  -1.8954600166
0.2669262793  -0.2798475188  -1.9016123756
0.2607702111  -0.2731247590  -1.9077563515
0.2546227835  -0.2664198337  -1.9138918876
0.2484841551  -0.2597332312  -1.9200189326
0.2423544835  -0.2530654051  -1.9261374402
0.2362339254  -0.2464167779  -1.9322473671
0.2301226368  -0.2397877440  -1.9383486726
0.2240207725  -0.2331786742  -1.9444413166
0.2179284865  -0.2265899195  -1.9505252582
0.2118459317  -0.2200218151  -1.9566004547
0.2057732596  -0.2134746843  -1.9626668590
0.1997106204  -0.2069488432  -1.9687244186
0.1936581623  -0.2004446144  -1.9747730729
0.1876227220  -0.1939653945  -1.9809053879
0.1816087645  -0.1875132415  -1.9871672276
0.1755990686  -0.1810803024  -1.9934000259
0.1695887185  -0.1746647763  -1.9996445052
0.1635868540  -0.1682713366  -2.0058976714
0.1575934773  -0.1619003701  -2.0121561389
0.1516086242  -0.1555523031  -2.0184161304
0.1456323646  -0.1492275944  -2.0246734770
0.1396648040  -0.1429267330  -2.0309236181
0.1337060851  -0.1366502330  -2.0371616013
0.1277563889  -0.1303986285  -2.0433820829
0.1218159355  -0.1241724674  -2.0495793272
0.1158849851  -0.1179723041  -2.0557472071
0.1099638385  -0.1117986915  -2.0618792037
0.1040528375  -0.1056521725  -2.0679684064
0.0981523650  -0.0995332707  -2.0740075131
0.0922628448  -0.0934424816  -2.0799888300
0.0863847413  -0.0873802628  -2.0859042715
0.0805185583  -0.0813470256  -2.0917453607
0.0746648386  -0.0753431261  -2.0975032286
0.0688241619  -0.0693688583  -2.1031686149
0.0629971434  -0.0634244478  -2.1087318675
0.0571844317  -0.0575100472  -2.1141829426
0.0513867059  -0.0516257337  -2.1195114049
0.0456046725  -0.0457715085  -2.1247064272
0.0398390627  -0.0399472991  -2.1297567910
0.0340906275  -0.0341529637  -2.1346508859
0.0283601337  -0.0283882989  -2.1393767097
0.0226483590  -0.0226530494  -2.1439218690
0.0169560862  -0.0169469208  -2.1482735784
0.0112840975  -0.0112695937  -2.1524186609
0.0056331671  -0.0056207403  -2.1563435480
0.0056246350  -0.0056206695  -2.1563435480
