0.143813
1.5358952239  -1.7230900449   0.0000535831
1.5358952239  -1.7230900449   0.0000535831
1.5359002211  -1.7230898357   0.0000450075
1.5358976111  -1.7230677763   0.0000225415
1.5358834095  -1.7230211696  -0.0000141947
1.5358548496  -1.7229462190  -0.0000655783
1.5358108826  -1.7228416209  -0.0001319836
1.5357509076  -1.7227067030  -0.0002137826
1.5356744925  -1.7225410271  -0.0003113445
1.5355812815  -1.7223442581  -0.0004250356
1.5354709575  -1.7221161092  -0.0005552200
1.5353432238  -1.7218563174  -0.0007022588
1.5351977959  -1.7215646297  -0.0008665107
1.5350343956  -1.7212407963  -0.0010483315
1.5348527485  -1.7208845662  -0.0012480747
1.5346525820  -1.7204956847  -0.0014660908
1.5344336245  -1.7200738919  -0.0017027279
1.5341956039  -1.7196189218  -0.0019583313
1.5339382479  -1.7191305014  -0.0022332437
1.5336612831  -1.7186083507  -0.0025278052
1.5333644352  -1.7180521826  -0.0028423532
1.5330474284  -1.7174617024  -0.0031772225
1.5327099856  -1.7168366085  -0.0035327452
1.5323518282  -1.7161765921  -0.0039092508
1.5319726763  -1.7154813375  -0.0043070662
1.5315722483  -1.7147505223  -0.0047265155
1.5311502611  -1.7139838178  -0.0051679203
1.5307064303  -1.7131808890  -0.0056315995
1.5302404698  -1.7123413951  -0.0061178693
1.5297520922  -1.7114649900  -0.0066270434
1.5292410087  -1.7105513221  -0.0071594326
1.5287069290  -1.7096000354  -0.0077153454
1.5281495532  -1.7086102151  -0.0082959070
1.5275685986  -1.7075820019  -0.0089006874
1.5269637826  -1.7065157306  -0.0095297283
1.5263348009  -1.7054106283  -0.0101832915
1.5256813530  -1.7042661560  -0.0108616499
1.5250031408  -1.7030818843  -0.0115650963
1.5242998659  -1.7018574010  -0.0122939236
1.5235712290  -1.7005923045  -0.0130484270
1.5228169303  -1.6992861968  -0.0138289033
1.5220366692  -1.6979386823  -0.0146356508
1.5212301448  -1.6965493681  -0.0154689683
1.5203970556  -1.6951178636  -0.0163291553
1.5195370998  -1.6936437821  -0.0172165119
1.5186499751  -1.6921267404  -0.0181313381
1.5177353793  -1.6905663599  -0.0190739340
1.5167930098  -1.6889622671  -0.0200445999
1.5158225642  -1.6873140940  -0.0210436354
1.5148237422  -1.6856214813  -0.0220713403
1.5137962490  -1.6838840814  -0.0231280134
1.5127397898  -1.6821015530  -0.0242139533
1.5116540666  -1.6802735600  -0.0253294577
1.5105387818  -1.6783997775  -0.0264748235
1.5093936387  -1.6764798923  -0.0276503467
1.5082183412  -1.6745136009  -0.0288563225
1.5070125945  -1.6725006098  -0.0300930447
1.5057761049  -1.6704406355  -0.0313608060
1.5045085797  -1.6683334043  -0.0326598974
1.5032097278  -1.6661786518  -0.0339906089
1.5018792594  -1.6639761213  -0.0353532283
1.5005168862  -1.6617255647  -0.0367480419
1.4991223217  -1.6594267467  -0.0381753336
1.4976952814  -1.6570792973  -0.0396353856
1.4962354816  -1.6546829560  -0.0411284779
1.4947426413  -1.6522378298  -0.0426548876
1.4932164833  -1.6497438822  -0.0442148895
1.4916567326  -1.6472008516  -0.0458087562
1.4900631155  -1.6446085474  -0.0474367575
1.4884353610  -1.6419668298  -0.0490991609
1.4867732012  -1.6392755834  -0.0507962308
1.4850763709  -1.6365347103  -0.0525282292
1.4833446080  -1.6337441235  -0.0542954149
1.4815776533  -1.6309037462  -0.0560980439
1.4797752512  -1.6280135150  -0.0579363687
1.4779371492  -1.6250733810  -0.0598106384
1.4760630981  -1.6220833093  -0.0617210990
1.4741528521  -1.6190432776  -0.0636679928
1.4722061691  -1.6159532757  -0.0656515585
1.4702228109  -1.6128133047  -0.0676720309
1.4682025429  -1.6096233770  -0.0697296412
1.4661451347  -1.6063835161  -0.0718246140
1.4640503593  -1.6030937569  -0.0739571616
1.4619179935  -1.5997541452  -0.0761274886
1.4597478197  -1.5963647369  -0.0783358039
1.4575396258  -1.5929255990  -0.0805823238
1.4552932053  -1.5894368105  -0.0828672691
1.4530083562  -1.5858984635  -0.0851908637
1.4506848816  -1.5823106637  -0.0875533342
1.4483225890  -1.5786735295  -0.0899549081
1.4459212915  -1.5749871921  -0.0923958103
1.4434808076  -1.5712517947  -0.0948762493
1.4410009575  -1.5674674900  -0.0973964074
1.4384815642  -1.5636344380  -0.0999564456
1.4359224558  -1.5597528013  -0.1025565077
1.4333234661  -1.5558227438  -0.1051967202
1.4306844344  -1.5518444483  -0.1078771925
1.4280052056  -1.5478181249  -0.1105980178
1.4252856308  -1.5437439965  -0.1133592735
1.4225255670  -1.5396222948  -0.1161610229
1.4197248787  -1.5354532708  -0.1190033249
1.4168834392  -1.5312372336  -0.1218862482
1.4140011306  -1.5269745596  -0.1248098679
1.4110778433  -1.5226654951  -0.1277742551
1.4081134741  -1.5183099649  -0.1307794769
1.4051079233  -1.5139078536  -0.1338255985
1.4020610968  -1.5094594214  -0.1369126810
1.3989729083  -1.5049652547  -0.1400407810
1.3958432807  -1.5004260040  -0.1432099519
1.3926721442  -1.4958422940  -0.1464202457
1.3894594369  -1.4912147350  -0.1496717128
1.3862051036  -1.4865439249  -0.1529644020
1.3829090966  -1.4818304483  -0.1562983598
1.3795712328  -1.4770747387  -0.1596736311
1.3761910821  -1.4722769663  -0.1630902595
1.3727685099  -1.4674375600  -0.1665482873
1.3693038246  -1.4625573615  -0.1700477565
1.3657974038  -1.4576372687  -0.1735887087
1.3622496719  -1.4526782089  -0.1771711841
1.3586610976  -1.4476811357  -0.1807952210
1.3550321918  -1.4426470282  -0.1844608556
1.3513635052  -1.4375768993  -0.1881681229
1.3476554507  -1.4324716411  -0.1919170579
1.3439078375  -1.4273315669  -0.1957076962
1.3401201965  -1.4221566736  -0.1995400722
1.3362922098  -1.4169470667  -0.2034142181
1.3324235329  -1.4117028291  -0.2073301637
1.3285137815  -1.4064240090  -0.2112879378
1.3245625317  -1.4011106224  -0.2152875690
1.3205693201  -1.3957626558  -0.2193290844
1.3165336435  -1.3903800665  -0.2234125080
1.3124549685  -1.3849627911  -0.2275378590
1.3083332674  -1.3795113287  -0.2317051497
1.3041689904  -1.3740265488  -0.2359143631
1.2999623284  -1.3685090898  -0.2401654636
1.2957132741  -1.3629603086  -0.2444585195
1.2914218661  -1.3573821023  -0.2487937335
1.2870881305  -1.3517752279  -0.2531712524
1.2827120322  -1.3461394533  -0.2575910689
1.2782935178  -1.3404748655  -0.2620531139
1.2738325840  -1.3347821258  -0.2665573216
1.2693292843  -1.3290621399  -0.2711036295
1.2647836705  -1.3233158356  -0.2756919723
1.2601957793  -1.3175441291  -0.2803222808
1.2555656556  -1.3117479755  -0.2849944853
1.2508933543  -1.3059283686  -0.2897085227
1.2461789400  -1.3000863373  -0.2944643315
1.2414224989  -1.2942229754  -0.2992618416
1.2366241602  -1.2883394807  -0.3041009696
1.2317840486  -1.2824370411  -0.3089816214
1.2269022608  -1.2765167782  -0.3139036797
1.2219788870  -1.2705798055  -0.3188669602
1.2170140150  -1.2646272298  -0.3238712272
1.2120077660  -1.2586601915  -0.3289162784
1.2069603441  -1.2526799590  -0.3340019507
1.2018719561  -1.2466877917  -0.3391280670
1.1967427492  -1.2406848169  -0.3442944272
1.1915728615  -1.2346721192  -0.3495008153
1.1863624345  -1.2286507564  -0.3547469957
1.1811116590  -1.2226218463  -0.3600327037
1.1758207747  -1.2165865551  -0.3653576268
1.1704899762  -1.2105459100  -0.3707213713
1.1651193956  -1.2045007735  -0.3761233887
1.1597091054  -1.1984518665  -0.3815627904
1.1542590665  -1.1923996413  -0.3870378129
1.1487679175  -1.1863432557  -0.3925402999
1.1432354990  -1.1802830359  -0.3980691977
1.1376676798  -1.1742250502  -0.4036429093
1.1320695754  -1.1681756157  -0.4092732925
1.1264387300  -1.1621346213  -0.4149579567
1.1207712650  -1.1560995003  -0.4206944283
1.1150660547  -1.1500691013  -0.4264812936
1.1093230837  -1.1440431064  -0.4323171205
1.1035425502  -1.1380213228  -0.4382003642
1.0977246289  -1.1320033122  -0.4441293739
1.0918694733  -1.1259884391  -0.4501024010
1.0859773317  -1.1199761070  -0.4561176067
1.0800483765  -1.1139654804  -0.4621730703
1.0740826899  -1.1079554501  -0.4682667956
1.0680805195  -1.1019450483  -0.4743967181
1.0620420772  -1.0959331326  -0.4805607116
1.0559678747  -1.0899187545  -0.4867565958
1.0498576613  -1.0839001786  -0.4929821448
1.0437092756  -1.0778736286  -0.4992350941
1.0375222728  -1.0718370137  -0.5055131463
1.0312992208  -1.0657913068  -0.5118139752
1.0250413675  -1.0597361267  -0.5181352304
1.0187483721  -1.0536694514  -0.5244745462
1.0124199321  -1.0475892624  -0.5308295488
1.0060554918  -1.0414932982  -0.5371978625
0.9996541635  -1.0353790215  -0.5435771149
0.9932141923  -1.0292430684  -0.5499649415
0.9867326167  -1.0230809370  -0.5563589925
0.9802041290  -1.0168858772  -0.5627569419
0.9736188455  -1.0106467164  -0.5691564972
0.9669562911  -1.0043419105  -0.5755554141
0.9601658999  -0.9979198149  -0.5819515681
0.9528689664  -0.9910058202  -0.5883429528
0.9456466506  -0.9841865617  -0.5947273645
0.9391406471  -0.9780975569  -0.6011022518
0.9328883360  -0.9722655517  -0.6074651264
0.9266726523  -0.9664674077  -0.6138138460
0.9204765525  -0.9606823292  -0.6201464633
0.9142995213  -0.9549074894  -0.6264611009
0.9081413890  -0.9491409340  -0.6327559615
0.9020020021  -0.9433808895  -0.6390293433
0.8958812353  -0.9376257465  -0.6452796494
0.8897789914  -0.9318740616  -0.6515053917
0.8836952006  -0.9261245601  -0.6577051976
0.8776298202  -0.9203761355  -0.6638778189
0.8715828335  -0.9146278497  -0.6700221359
0.8655542464  -0.9088789316  -0.6761371614
0.8595440851  -0.9031287737  -0.6822220422
0.8535523967  -0.8973769314  -0.6882760745
0.8475792655  -0.8916231229  -0.6942987594
0.8416248109  -0.8858672252  -0.7002898029
0.8356891440  -0.8801092570  -0.7062490360
0.8297723501  -0.8743493655  -0.7121764103
0.8238745261  -0.8685878242  -0.7180720623
0.8179957977  -0.8628250291  -0.7239363330
0.8121363050  -0.8570614892  -0.7297697703
0.8062961945  -0.8512978157  -0.7355731479
0.8004756236  -0.8455347133  -0.7413474942
0.7946747667  -0.8397729736  -0.7470941378
0.7888938281  -0.8340134706  -0.7528147807
0.7831330698  -0.8282571654  -0.7585116361
0.7773928805  -0.8225051314  -0.7641877206
0.7716739740  -0.8167587137  -0.7698476250
0.7659793414  -0.8110199272  -0.7755043634
0.7603107042  -0.8052903750  -0.7811660650
0.7546607369  -0.7995692760  -0.7868193703
0.7490213602  -0.7938549821  -0.7924528101
0.7433940052  -0.7881474801  -0.7980672609
0.7377826748  -0.7824476354  -0.8036639056
0.7321884184  -0.7767560247  -0.8092429468
0.7266112104  -0.7710730129  -0.8148045046
0.7210509496  -0.7653989072  -0.8203487040
0.7155075347  -0.7597339828  -0.8258756757
0.7099808661  -0.7540784832  -0.8313855560
0.7044708449  -0.7484326205  -0.8368784859
0.6989773733  -0.7427965754  -0.8423546107
0.6935003541  -0.7371704977  -0.8478140784
0.6880396907  -0.7315545069  -0.8532570398
0.6825952871  -0.7259486933  -0.8586836472
0.6771670479  -0.7203531189  -0.8640940531
0.6717548783  -0.7147678196  -0.8694884096
0.6663586837  -0.7091928066  -0.8748668660
0.6609783700  -0.7036280676  -0.8802295682
0.6556138440  -0.6980735679  -0.8855766585
0.6502650139  -0.6925292527  -0.8909082753
0.6449317889  -0.6869950505  -0.8962245508
0.6396140788  -0.6814708751  -0.9015256098
0.6343117942  -0.6759566275  -0.9068115685
0.6290248469  -0.6704521987  -0.9120825334
0.6237531496  -0.6649574718  -0.9173385991
0.6184966157  -0.6594723248  -0.9225798471
0.6132551594  -0.6539966329  -0.9278063423
0.6080286948  -0.6485302704  -0.9330181288
0.6028171343  -0.6430731124  -0.9382152202
0.5976203770  -0.6376250287  -0.9433975488
0.5924383051  -0.6321858861  -0.9485649521
0.5872708415  -0.6267556136  -0.9537173678
0.5821180029  -0.6213342427  -0.9588549758
0.5769798240  -0.6159217867  -0.9639780050
0.5718562591  -0.6105181551  -0.9690865608
0.5667472116  -0.6051232413  -0.9741806889
0.5616526004  -0.5997369888  -0.9792604404
0.5565723655  -0.5943593758  -0.9843258702
0.5515064530  -0.5889903983  -0.9893770318
0.5464548113  -0.5836300676  -0.9944139764
0.5414173902  -0.5782784100  -0.9994367537
0.5363941410  -0.5729354665  -1.0044454113
0.5313850170  -0.5676012926  -1.0094399951
0.5263899726  -0.5622759572  -1.0144205491
0.5214089641  -0.5569595425  -1.0193871154
0.5164419492  -0.5516521428  -1.0243397344
0.5114888871  -0.5463538634  -1.0292784447
0.5065497385  -0.5410648189  -1.0342032836
0.5016244658  -0.5357851315  -1.0391142862
0.4967130325  -0.5305149305  -1.0440114866
0.4918154039  -0.5252543509  -1.0488949170
0.4869315463  -0.5200035323  -1.0537646084
0.4820614278  -0.5147626166  -1.0586205902
0.4772050175  -0.5095317464  -1.0634628906
0.4723622861  -0.5043110635  -1.0682915366
0.4675332054  -0.4991007066  -1.0731065539
0.4627177486  -0.4939008093  -1.0779079673
0.4579158902  -0.4887114981  -1.0826958004
0.4531276058  -0.4835328883  -1.0874700761
0.4483528721  -0.4783650792  -1.0922308165
0.4435916673  -0.4732081335  -1.0969780434
0.4388439706  -0.4680620557  -1.1017117792
0.4341097625  -0.4629268469  -1.1064320459
0.4293890240  -0.4578026084  -1.1111388637
0.4246817367  -0.4526895320  -1.1158322488
0.4199878826  -0.4475877993  -1.1205122154
0.4153074456  -0.4424975500  -1.1251787776
0.4106404107  -0.4374189132  -1.1298319494
0.4059867640  -0.4323520222  -1.1344717440
0.4013464924  -0.4272970131  -1.1390981740
0.3967195835  -0.4222540238  -1.1437112509
0.3921060258  -0.4172231937  -1.1483109855
0.3875058084  -0.4122046642  -1.1528973878
0.3829189213  -0.4071985778  -1.1574704672
0.3783453551  -0.4022050291  -1.1620302324
0.3737851011  -0.3972240170  -1.1665766916
0.3692381512  -0.3922556505  -1.1711098525
0.3647044983  -0.3873003106  -1.1756297216
0.3601841358  -0.3823583573  -1.1801363043
0.3556770575  -0.3774299442  -1.1846296063
0.3511832578  -0.3725151809  -1.1891096328
0.3467027316  -0.3676142030  -1.1935763887
0.3422354741  -0.3627271428  -1.1980298786
0.3377814810  -0.3578541292  -1.2024701065
0.3333407484  -0.3529952882  -1.2068970764
0.3289132726  -0.3481507445  -1.2113107917
0.3244990504  -0.3433206211  -1.2157112557
0.3200980788  -0.3385050411  -1.2200984716
0.3157103549  -0.3337041275  -1.2244724421
0.3113358763  -0.3289180044  -1.2288331699
0.3069746405  -0.3241467970  -1.2331806574
0.3026266453  -0.3193906323  -1.2375149070
0.2982918885  -0.3146496397  -1.2418359208
0.2939703680  -0.3099239506  -1.2461437010
0.2896620819  -0.3052136990  -1.2504382496
0.2853670280  -0.3005190216  -1.2547195687
0.2810852044  -0.2958400573  -1.2589876604
0.2768166090  -0.2911769479  -1.2632425267
0.2725612394  -0.2865298373  -1.2674841701
0.2683190935  -0.2818988720  -1.2717125927
0.2640901687  -0.2772842000  -1.2759277973
0.2598744623  -0.2726859714  -1.2801297864
0.2556719713  -0.2681043373  -1.2843185630
0.2514826927  -0.2635394495  -1.2884941305
0.2473066229  -0.2589914603  -1.2926564924
0.2431437581  -0.2544605217  -1.2968056526
0.2389940984  -0.2499474190  -1.3009416522
0.2348576490  -0.2454531436  -1.3050645748
0.2307343987  -0.2409763328  -1.3091743990
0.2266243184  -0.2365151900  -1.3132710063
0.2225273956  -0.2320706088  -1.3173543599
0.2184436356  -0.2276437462  -1.3214244719
0.2143730379  -0.2232348129  -1.3254813380
0.2103155967  -0.2188440070  -1.3295249567
0.2062713054  -0.2144715166  -1.3335553305
0.2022401570  -0.2101175186  -1.3375724652
0.1982221436  -0.2057821774  -1.3415763709
0.1942172567  -0.2014656442  -1.3455670617
0.1902254869  -0.1971680567  -1.3495445560
0.1862468239  -0.1928895385  -1.3535088767
0.1822812563  -0.1886301989  -1.3574600508
0.1783287717  -0.1843901329  -1.3613981102
0.1743893566  -0.1801694216  -1.3653230907
0.1704629963  -0.1759681323  -1.3692350327
0.1665496750  -0.1717863192  -1.3731339806
0.1626493757  -0.1676240236  -1.3770199826
0.1587620802  -0.1634812748  -1.3808930908
0.1548877690  -0.1593580910  -1.3847533605
0.1510264217  -0.1552544797  -1.3886008501
0.1471780166  -0.1511704388  -1.3924356203
0.1433425307  -0.1471059576  -1.3962577344
0.1395199402  -0.1430610175  -1.4000672571
0.1357102201  -0.1390355929  -1.4038642539
0.1319133442  -0.1350296523  -1.4076487913
0.1281292853  -0.1310431589  -1.4114209352
0.1243580153  -0.1270760718  -1.4151807507
0.1205995050  -0.1231283464  -1.4189283014
0.1168537239  -0.1191999372  -1.4226636482
0.1131228681  -0.1152913396  -1.4264418104
0.1094083485  -0.1114027922  -1.4302900796
0.1057043543  -0.1075328016  -1.4341145467
0.1020091646  -0.1036809590  -1.4379394745
0.0983257392  -0.0998479802  -1.4417632052
0.0946539969  -0.0960338233  -1.4455838507
0.0909938671  -0.0922384499  -1.4493992931
0.0873452907  -0.0884618248  -1.4532071842
0.0837082208  -0.0847039149  -1.4570049457
0.0800826233  -0.0809646891  -1.4607897692
0.0764684776  -0.0772441170  -1.4645586161
0.0728657773  -0.0735421682  -1.4683082178
0.0692745303  -0.0698588112  -1.4720350756
0.0656947598  -0.0661940126  -1.4757354606
0.0621265043  -0.0625477357  -1.4794054137
0.0585698180  -0.0589199397  -1.4830407458
0.0550247710  -0.0553105782  -1.4866370378
0.0514914493  -0.0517195990  -1.4901896402
0.0479699550  -0.0481469421  -1.4936936737
0.0444604058  -0.0445925399  -1.4971440285
0.0409629351  -0.0410563159  -1.5005353651
0.0374776909  -0.0375381846  -1.5038621135
0.0340048360  -0.0340380511  -1.5071184739
0.0305445465  -0.0305558112  -1.5102984162
0.0270970111  -0.0270913519  -1.5133956802
0.0236624296  -0.0236445517  -1.5164037756
0.0202410117  -0.0202152818  -1.5193159820
0.0168329753  -0.0168034071  -1.5221253490
0.0134385440  -0.0134087881  -1.5248246958
0.0100579455  -0.0100312821  -1.5274066116
0.0066914086  -0.0066707455  -1.5298634557
0.0033391603  -0.0033270358  -1.5321873569
0.0033361642  -0.0033270104  -1.5321873569
