0.278917
0.6291680143  -0.6063084775   0.0000176560
0.6291680143  -0.6063084775   0.0000176560
0.6291702324  -0.6063096810   0.0000155513
0.6291701471  -0.6063069963   0.0000092724
0.6291663817  -0.6062996083  -0.0000012834
0.6291582699  -0.6062870831  -0.0000162191
0.6291455412  -0.6062692461  -0.0000356376
0.6291280341  -0.6062459933  -0.0000596424
0.6291056288  -0.6062172469  -0.0000883368
0.6290782238  -0.6061829402  -0.0001218246
0.6290457267  -0.6061430111  -0.0001602096
0.6290080500  -0.6060973997  -0.0002035959
0.6289651084  -0.6060460464  -0.0002520877
0.6289168178  -0.6059888913  -0.0003057894
0.6288630946  -0.6059258733  -0.0003648057
0.6288038548  -0.6058569305  -0.0004292413
0.6287390144  -0.6057819994  -0.0004992013
0.6286684887  -0.6057010150  -0.0005747909
0.6285921922  -0.6056139106  -0.0006561155
0.6285100385  -0.6055206180  -0.0007432806
0.6284219405  -0.6054210672  -0.0008363919
0.6283278099  -0.6053151863  -0.0009355556
0.6282275576  -0.6052029019  -0.0010408776
0.6281210932  -0.6050841386  -0.0011524644
0.6280083254  -0.6049588192  -0.0012704225
0.6278891616  -0.6048268647  -0.0013948586
0.6277635082  -0.6046881945  -0.0015258796
0.6276312703  -0.6045427258  -0.0016635926
0.6274923519  -0.6043903743  -0.0018081049
0.6273466557  -0.6042310537  -0.0019595240
0.6271940834  -0.6040646760  -0.0021179576
0.6270345350  -0.6038911513  -0.0022835135
0.6268679070  -0.6037102980  -0.0024565543
0.6266941000  -0.6035221060  -0.0026369513
0.6265130143  -0.6033266025  -0.0028247247
0.6263245424  -0.6031236259  -0.0030199778
0.6261285769  -0.6029130439  -0.0032228143
0.6259250100  -0.6026947459  -0.0034333414
0.6257137325  -0.6024686232  -0.0036516676
0.6254946342  -0.6022345673  -0.0038779035
0.6252676033  -0.6019924682  -0.0041121611
0.6250325268  -0.6017422147  -0.0043545540
0.6247892902  -0.6014836940  -0.0046051975
0.6245377777  -0.6012167920  -0.0048642081
0.6242778719  -0.6009413930  -0.0051317041
0.6240094542  -0.6006573799  -0.0054078052
0.6237324045  -0.6003646344  -0.0056926324
0.6234466012  -0.6000630367  -0.0059863085
0.6231519213  -0.5997524656  -0.0062889575
0.6228482402  -0.5994327987  -0.0066007050
0.6225354320  -0.5991039125  -0.0069216782
0.6222133692  -0.5987656822  -0.0072520057
0.6218819228  -0.5984179820  -0.0075918177
0.6215409623  -0.5980606849  -0.0079412459
0.6211903558  -0.5976936629  -0.0083004235
0.6208299695  -0.5973167869  -0.0086694855
0.6204596683  -0.5969299270  -0.0090485680
0.6200793156  -0.5965329523  -0.0094378092
0.6196887731  -0.5961257308  -0.0098373485
0.6192879008  -0.5957081299  -0.0102473271
0.6188765572  -0.5952800163  -0.0106678877
0.6184545994  -0.5948412558  -0.0110991747
0.6180218825  -0.5943917136  -0.0115413340
0.6175782604  -0.5939312271  -0.0119945134
0.6171235848  -0.5934596503  -0.0124588621
0.6166577061  -0.5929769031  -0.0129345310
0.6161804731  -0.5924828764  -0.0134216725
0.6156917331  -0.5919774130  -0.0139204411
0.6151913316  -0.5914603639  -0.0144309925
0.6146791123  -0.5909315868  -0.0149534845
0.6141549173  -0.5903909403  -0.0154880763
0.6136185870  -0.5898382827  -0.0160349288
0.6130699601  -0.5892734721  -0.0165942048
0.6125088735  -0.5886963661  -0.0171660685
0.6119351626  -0.5881068215  -0.0177506860
0.6113486608  -0.5875046944  -0.0183482251
0.6107492001  -0.5868898401  -0.0189588552
0.6101366106  -0.5862621132  -0.0195827475
0.6095107206  -0.5856213671  -0.0202200749
0.6088713569  -0.5849674548  -0.0208710120
0.6082183444  -0.5843002281  -0.0215357353
0.6075515064  -0.5836195382  -0.0222144228
0.6068706643  -0.5829252355  -0.0229072542
0.6061756380  -0.5822171693  -0.0236144113
0.6054662455  -0.5814951882  -0.0243360770
0.6047423031  -0.5807591403  -0.0250724366
0.6040036255  -0.5800088726  -0.0258236766
0.6032500255  -0.5792442317  -0.0265899857
0.6024813143  -0.5784650637  -0.0273715540
0.6016973014  -0.5776712144  -0.0281685736
0.6008977946  -0.5768625285  -0.0289812379
0.6000825999  -0.5760388498  -0.0298097424
0.5992515218  -0.5752000216  -0.0306542838
0.5984043629  -0.5743458874  -0.0315150607
0.5975409244  -0.5734762901  -0.0323922733
0.5966610057  -0.5725910735  -0.0332861233
0.5957644057  -0.5716900951  -0.0341968142
0.5948509213  -0.5707732420  -0.0351245508
0.5939203475  -0.5698403988  -0.0360695393
0.5929724779  -0.5688913627  -0.0370319880
0.5920071046  -0.5679258291  -0.0380121075
0.5910240180  -0.5669434979  -0.0390101106
0.5900230062  -0.5659441667  -0.0400262113
0.5890038553  -0.5649277244  -0.0410606242
0.5879663503  -0.5638941059  -0.0421135644
0.5869102749  -0.5628432598  -0.0431852483
0.5858354115  -0.5617751293  -0.0442758936
0.5847415413  -0.5606896446  -0.0453857189
0.5836284440  -0.5595867231  -0.0465149445
0.5824958982  -0.5584662689  -0.0476637920
0.5813436813  -0.5573281726  -0.0488324841
0.5801715692  -0.5561723109  -0.0500212455
0.5789793368  -0.5549985469  -0.0512303021
0.5777667578  -0.5538067305  -0.0524598815
0.5765336045  -0.5525966990  -0.0537102122
0.5752796483  -0.5513682779  -0.0549815237
0.5740046593  -0.5501212824  -0.0562740467
0.5727084080  -0.5488555200  -0.0575880127
0.5713906664  -0.5475707948  -0.0589236543
0.5700512053  -0.5462669021  -0.0602812056
0.5686897928  -0.5449436283  -0.0616609035
0.5673061957  -0.5436007549  -0.0630629844
0.5659001803  -0.5422380611  -0.0644876826
0.5644715119  -0.5408553244  -0.0659352298
0.5630199551  -0.5394523207  -0.0674058554
0.5615452743  -0.5380288249  -0.0688997859
0.5600472332  -0.5365846078  -0.0704172470
0.5585255957  -0.5351194290  -0.0719584656
0.5569801236  -0.5336327801  -0.0735236672
0.5554105734  -0.5321237899  -0.0751130691
0.5538167062  -0.5305924924  -0.0767269013
0.5521983065  -0.5290407362  -0.0783654396
0.5505551795  -0.5274702753  -0.0800289878
0.5488871159  -0.5258808250  -0.0817178305
0.5471938725  -0.5242708228  -0.0834322183
0.5454751921  -0.5226388250  -0.0851723790
0.5437308208  -0.5209839010  -0.0869385287
0.5419605127  -0.5193055829  -0.0887308786
0.5401640290  -0.5176037081  -0.0905496364
0.5383411361  -0.5158782394  -0.0923950054
0.5364916038  -0.5141291926  -0.0942671864
0.5346152053  -0.5123566288  -0.0961663775
0.5327117193  -0.5105606552  -0.0980927729
0.5307809412  -0.5087414383  -0.1000465629
0.5288226705  -0.5068991815  -0.1020279354
0.5268366992  -0.5050341042  -0.1040370724
0.5248228212  -0.5031464545  -0.1060741515
0.5227808341  -0.5012365082  -0.1081393466
0.5207105389  -0.4993045662  -0.1102328267
0.5186117401  -0.4973509507  -0.1123547551
0.5164842497  -0.4953760065  -0.1145052885
0.5143279528  -0.4933801715  -0.1166845745
0.5121427343  -0.4913638949  -0.1188927489
0.5099283732  -0.4893275158  -0.1211299331
0.5076846005  -0.4872713217  -0.1233962286
0.5054111296  -0.4851955775  -0.1256917066
0.5031076534  -0.4831005196  -0.1280163938
0.5007738472  -0.4809863546  -0.1303702430
0.4984094531  -0.4788533464  -0.1327530747
0.4960143439  -0.4767018331  -0.1351644543
0.4935881204  -0.4745319887  -0.1375999393
0.4911301931  -0.4723438494  -0.1400538352
0.4886412836  -0.4701380549  -0.1425309266
0.4861232882  -0.4679160485  -0.1450429990
0.4835770427  -0.4656791505  -0.1475973987
0.4810019372  -0.4634280072  -0.1501967245
0.4783970697  -0.4611627774  -0.1528415026
0.4757617323  -0.4588833726  -0.1555309373
0.4730954922  -0.4565896366  -0.1582639472
0.4703981194  -0.4542813296  -0.1610395613
0.4676694136  -0.4519580528  -0.1638566970
0.4649091962  -0.4496193248  -0.1667141606
0.4621173597  -0.4472646511  -0.1696106557
0.4592937809  -0.4448934065  -0.1725447882
0.4564382794  -0.4425047901  -0.1755150726
0.4535507477  -0.4400980088  -0.1785199378
0.4506310472  -0.4376721491  -0.1815577339
0.4476789318  -0.4352260839  -0.1846267385
0.4446942411  -0.4327587236  -0.1877251631
0.4416767818  -0.4302688694  -0.1908511586
0.4386263184  -0.4277552180  -0.1940028220
0.4355425741  -0.4252163816  -0.1971782021
0.4324251831  -0.4226508370  -0.2003753041
0.4292736315  -0.4200568826  -0.2035920944
0.4260872249  -0.4174326178  -0.2068265088
0.4228650758  -0.4147759394  -0.2100764610
0.4196058423  -0.4120842870  -0.2133398490
0.4163075658  -0.4093545117  -0.2166145621
0.4129672848  -0.4065824970  -0.2198984881
0.4095801301  -0.4037622829  -0.2231895195
0.4061376778  -0.4008844636  -0.2264855570
0.4026240310  -0.3979326458  -0.2297845334
0.3987912375  -0.3946591915  -0.2330844460
0.3946786142  -0.3911057506  -0.2363832998
0.3907579079  -0.3877432201  -0.2396789926
0.3871746588  -0.3847108531  -0.2429693352
0.3838142057  -0.3818889659  -0.2462521828
0.3805889405  -0.3791878484  -0.2495254974
0.3774297244  -0.3765375287  -0.2527873370
0.3742918832  -0.3738928861  -0.2560358406
0.3711721700  -0.3712501923  -0.2592692208
0.3680697779  -0.3686080425  -0.2624857646
0.3649843187  -0.3659654927  -0.2656838407
0.3619156838  -0.3633219776  -0.2688619049
0.3588638249  -0.3606770919  -0.2720185067
0.3558287109  -0.3580305472  -0.2751522969
0.3528103274  -0.3553821694  -0.2782620336
0.3498086750  -0.3527318938  -0.2813465883
0.3468237688  -0.3500797610  -0.2844049549
0.3438556373  -0.3474259111  -0.2874362563
0.3409043200  -0.3447705775  -0.2904397498
0.3379698659  -0.3421140797  -0.2934148360
0.3350523326  -0.3394568168  -0.2963610665
0.3321517841  -0.3367992598  -0.2992781530
0.3292682900  -0.3341419442  -0.3021659786
0.3264019241  -0.3314854624  -0.3050246105
0.3235527631  -0.3288304552  -0.3078543141
0.3207208860  -0.3261776046  -0.3106555723
0.3179063747  -0.3235276273  -0.3134291136
0.3151093160  -0.3208812695  -0.3161759500
0.3123298070  -0.3182393043  -0.3188974402
0.3095679678  -0.3156025367  -0.3215954014
0.3068239697  -0.3129718424  -0.3242723236
0.3040988422  -0.3103487278  -0.3269358958
0.3013943211  -0.3077351786  -0.3295973203
0.2987096526  -0.3051314465  -0.3322583305
0.2960411548  -0.3025356906  -0.3349117773
0.2933863252  -0.2999466704  -0.3375522566
0.2907451860  -0.2973647096  -0.3401775038
0.2881184827  -0.2947906108  -0.3427865944
0.2855068090  -0.2922251023  -0.3453796326
0.2829105012  -0.2896687532  -0.3479569255
0.2803296021  -0.2871219372  -0.3505185868
0.2777640266  -0.2845849241  -0.3530647308
0.2752136800  -0.2820579521  -0.3555954767
0.2726784653  -0.2795412327  -0.3581109466
0.2701582844  -0.2770349512  -0.3606112664
0.2676530390  -0.2745392691  -0.3630965649
0.2651626305  -0.2720543239  -0.3655669736
0.2626869604  -0.2695802306  -0.3680226258
0.2602259296  -0.2671170828  -0.3704636562
0.2577794393  -0.2646649537  -0.3728902002
0.2553473904  -0.2622238973  -0.3753023928
0.2529296840  -0.2597939502  -0.3777003685
0.2505262211  -0.2573751323  -0.3800842599
0.2481369030  -0.2549674487  -0.3824541977
0.2457616312  -0.2525708908  -0.3848103091
0.2434003074  -0.2501854376  -0.3871527179
0.2410528337  -0.2478110574  -0.3894815431
0.2387191126  -0.2454477086  -0.3917968983
0.2363990470  -0.2430953409  -0.3940988910
0.2340925403  -0.2407538958  -0.3963876213
0.2317994961  -0.2384233063  -0.3986631804
0.2295198183  -0.2361034942  -0.4009256489
0.2272534095  -0.2337942999  -0.4031750786
0.2250001669  -0.2314954242  -0.4054114650
0.2227599882  -0.2292067067  -0.4076347814
0.2205327861  -0.2269284427  -0.4098450697
0.2183184901  -0.2246611039  -0.4120424564
0.2161170292  -0.2224048910  -0.4142270843
0.2139283200  -0.2201597464  -0.4163990732
0.2117522712  -0.2179255561  -0.4185585235
0.2095887915  -0.2157022300  -0.4207055250
0.2074377910  -0.2134897174  -0.4228401632
0.2052991823  -0.2112879997  -0.4249625237
0.2031728795  -0.2090970703  -0.4270726916
0.2010587975  -0.2069169248  -0.4291707519
0.1989568515  -0.2047475608  -0.4312567886
0.1968669576  -0.2025889770  -0.4333308852
0.1947890323  -0.2004411730  -0.4353931245
0.1927229925  -0.1983041498  -0.4374435887
0.1906687558  -0.1961779085  -0.4394823594
0.1886262403  -0.1940624509  -0.4415095176
0.1865953645  -0.1919577787  -0.4435251437
0.1845760476  -0.1898638934  -0.4455293175
0.1825682090  -0.1877807959  -0.4475221184
0.1805717690  -0.1857084862  -0.4495036251
0.1785866480  -0.1836469628  -0.4514739158
0.1766127673  -0.1815962227  -0.4534330683
0.1746500484  -0.1795562608  -0.4553811598
0.1726984134  -0.1775270697  -0.4573182672
0.1707577849  -0.1755086391  -0.4592444667
0.1688280860  -0.1735009556  -0.4611598343
0.1669092401  -0.1715040022  -0.4630644454
0.1650011714  -0.1695177576  -0.4649583752
0.1631038043  -0.1675421940  -0.4668416983
0.1612170638  -0.1655772715  -0.4687144895
0.1593408752  -0.1636229386  -0.4705768231
0.1574751644  -0.1616791463  -0.4724287733
0.1556198579  -0.1597458602  -0.4742704136
0.1537748824  -0.1578230562  -0.4761018163
0.1519401653  -0.1559107098  -0.4779230532
0.1501156341  -0.1540087924  -0.4797341956
0.1483012173  -0.1521172718  -0.4815353145
0.1464968435  -0.1502361137  -0.4833264803
0.1447024420  -0.1483652823  -0.4851077633
0.1429179423  -0.1465047411  -0.4868792332
0.1411432745  -0.1446544526  -0.4886409592
0.1393783693  -0.1428143786  -0.4903930101
0.1376231576  -0.1409844798  -0.4921354542
0.1358775709  -0.1391647164  -0.4938683595
0.1341415412  -0.1373550477  -0.4955917933
0.1324150007  -0.1355554322  -0.4973058228
0.1306978823  -0.1337658279  -0.4990105144
0.1289901193  -0.1319861892  -0.5007059343
0.1272916453  -0.1302164651  -0.5023921482
0.1256023946  -0.1284566097  -0.5040692212
0.1239223017  -0.1267065907  -0.5057372182
0.1222513018  -0.1249663737  -0.5073962035
0.1205893303  -0.1232359130  -0.5090462410
0.1189363231  -0.1215151598  -0.5106873942
0.1172922167  -0.1198040666  -0.5123197262
0.1156569478  -0.1181025847  -0.5139432995
0.1140304536  -0.1164106651  -0.5155581763
0.1124126718  -0.1147282584  -0.5171644185
0.1108035405  -0.1130553144  -0.5187620873
0.1092029983  -0.1113917826  -0.5203512437
0.1076109840  -0.1097376125  -0.5219319481
0.1060274372  -0.1080927529  -0.5235042605
0.1044522974  -0.1064571526  -0.5250682407
0.1028855051  -0.1048307602  -0.5266239478
0.1013270008  -0.1032135240  -0.5281714407
0.0997767257  -0.1016053925  -0.5297107777
0.0982346211  -0.1000063137  -0.5312420168
0.0967006290  -0.0984162359  -0.5327652155
0.0951746918  -0.0968351071  -0.5342804310
0.0936567521  -0.0952628756  -0.5357877200
0.0921467531  -0.0936994893  -0.5372871389
0.0906446383  -0.0921448964  -0.5387787435
0.0891503518  -0.0905990451  -0.5402625894
0.0876638378  -0.0890618835  -0.5417387317
0.0861850411  -0.0875333599  -0.5432072251
0.0847139069  -0.0860134223  -0.5446681239
0.0832503809  -0.0845020191  -0.5461214821
0.0817944088  -0.0829990984  -0.5475673530
0.0803459371  -0.0815046086  -0.5490057899
0.0789049128  -0.0800185275  -0.5504368491
0.0774712832  -0.0785408419  -0.5518605907
0.0760449957  -0.0770714284  -0.5532770639
0.0746259974  -0.0756101461  -0.5546863084
0.0732142364  -0.0741569804  -0.5560883710
0.0718096618  -0.0727119269  -0.5574833031
0.0704122230  -0.0712749373  -0.5588711540
0.0690218693  -0.0698459627  -0.5602519728
0.0676385508  -0.0684249538  -0.5616258086
0.0662622176  -0.0670118613  -0.5629927102
0.0648928205  -0.0656066351  -0.5643527266
0.0635303103  -0.0642092250  -0.5657059067
0.0621746385  -0.0628195804  -0.5670522993
0.0608257568  -0.0614376504  -0.5683919532
0.0594836173  -0.0600633837  -0.5697249172
0.0581481723  -0.0586967287  -0.5710512402
0.0568193748  -0.0573376338  -0.5723709710
0.0554971778  -0.0559860468  -0.5736841584
0.0541815348  -0.0546419156  -0.5749908511
0.0528723997  -0.0533051879  -0.5762910978
0.0515697266  -0.0519758113  -0.5775849471
0.0502734700  -0.0506537332  -0.5788724477
0.0489835848  -0.0493389012  -0.5801536477
0.0477000262  -0.0480312628  -0.5814285956
0.0464227496  -0.0467307658  -0.5826973391
0.0451517111  -0.0454373577  -0.5839599261
0.0438868667  -0.0441509866  -0.5852164039
0.0426281731  -0.0428716006  -0.5864668196
0.0413755871  -0.0415991479  -0.5877112195
0.0401290659  -0.0403335772  -0.5889496498
0.0388885670  -0.0390748374  -0.5901821559
0.0376540484  -0.0378228777  -0.5914087824
0.0364256856  -0.0365776690  -0.5926469708
0.0352035786  -0.0353391721  -0.5939053793
0.0339871227  -0.0341072808  -0.5951543350
0.0327761119  -0.0328819325  -0.5964015461
0.0315707978  -0.0316631083  -0.5976465213
0.0303711354  -0.0304507603  -0.5988886966
0.0291770815  -0.0292448409  -0.6001274355
0.0279885942  -0.0280453031  -0.6013620291
0.0268056333  -0.0268521003  -0.6025916957
0.0256281601  -0.0256651863  -0.6038155812
0.0244561380  -0.0244845154  -0.6050327591
0.0232895317  -0.0233100423  -0.6062422301
0.0221283083  -0.0221417219  -0.6074429225
0.0209724364  -0.0209795094  -0.6086336921
0.0198218867  -0.0198233605  -0.6098133221
0.0186766319  -0.0186732308  -0.6109805232
0.0175366467  -0.0175290765  -0.6121339334
0.0164019077  -0.0163908537  -0.6132721183
0.0152723937  -0.0152585189  -0.6143935711
0.0141480854  -0.0141320284  -0.6154967122
0.0130289652  -0.0130113391  -0.6165798896
0.0119150179  -0.0118964078  -0.6176413787
0.0108062296  -0.0107871912  -0.6186793823
0.0097025885  -0.0096836467  -0.6196920310
0.0086040843  -0.0085857313  -0.6206773824
0.0075107082  -0.0074934025  -0.6216334219
0.0064224526  -0.0064066179  -0.6225580622
0.0053393112  -0.0053253354  -0.6234491434
0.0042612785  -0.0042495130  -0.6243044332
0.0031883497  -0.0031791094  -0.6251216268
0.0021205203  -0.0021140832  -0.6258983467
0.0010577860  -0.0010543939  -0.6266321430
0.0010574866  -0.0010543919  -0.6266321430
