0.119214
1.7675975252  -2.0308340904   0.0000693382
1.7675975252  -2.0308340904   0.0000693382
1.7676034117  -2.0308308665   0.0000573150
1.7675991538  -2.0307956156   0.0000267824
1.7675796140  -2.0307252097  -0.0000227878
1.7675409101  -2.0306136491  -0.0000919176
1.7674815967  -2.0304589744  -0.0001811232
1.7674008531  -2.0302602268  -0.0002909148
1.7672980947  -2.0300168172  -0.0004217966
1.7671728432  -2.0297283179  -0.0005742668
1.7670246753  -2.0293943777  -0.0007488177
1.7668531972  -2.0290146819  -0.0009459356
1.7666580328  -2.0285889323  -0.0011661007
1.7664388163  -2.0281168355  -0.0014097874
1.7661951884  -2.0275980966  -0.0016774640
1.7659267937  -2.0270324153  -0.0019695928
1.7656332792  -2.0264194837  -0.0022866304
1.7653142934  -2.0257589851  -0.0026290269
1.7649694854  -2.0250505929  -0.0029972270
1.7645985048  -2.0242939707  -0.0033916689
1.7642010015  -2.0234887718  -0.0038127853
1.7637766251  -2.0226346400  -0.0042610026
1.7633250251  -2.0217312091  -0.0047367413
1.7628458512  -2.0207781040  -0.0052404159
1.7623387526  -2.0197749407  -0.0057724351
1.7618033787  -2.0187213272  -0.0063332013
1.7612393789  -2.0176168636  -0.0069231112
1.7606464025  -2.0164611434  -0.0075425555
1.7600240994  -2.0152537537  -0.0081919187
1.7593721193  -2.0139942761  -0.0088715795
1.7586901128  -2.0126822873  -0.0095819107
1.7579777309  -2.0113173600  -0.0103232789
1.7572346161  -2.0098982353  -0.0110971237
1.7564604330  -2.0084252471  -0.0119028422
1.7556548469  -2.0068989969  -0.0127404498
1.7548175009  -2.0053184352  -0.0136102364
1.7539480461  -2.0036828916  -0.0145125085
1.7530461383  -2.0019918515  -0.0154476003
1.7521114350  -2.0002448305  -0.0164158438
1.7511435962  -1.9984413674  -0.0174175709
1.7501422844  -1.9965810138  -0.0184531134
1.7491071648  -1.9946633311  -0.0195228018
1.7480379046  -1.9926878905  -0.0206269649
1.7469341741  -1.9906542731  -0.0217659294
1.7457956461  -1.9885620706  -0.0229400193
1.7446219967  -1.9864108858  -0.0241495560
1.7434129050  -1.9842003327  -0.0253948578
1.7421680534  -1.9819300376  -0.0266762388
1.7408871279  -1.9795996399  -0.0279940088
1.7395698180  -1.9772087932  -0.0293484719
1.7382158172  -1.9747571661  -0.0307399276
1.7368248230  -1.9722444433  -0.0321686698
1.7353965368  -1.9696703260  -0.0336349870
1.7339306646  -1.9670345332  -0.0351391624
1.7324269168  -1.9643368026  -0.0366814736
1.7308850085  -1.9615768912  -0.0382621926
1.7293046596  -1.9587545765  -0.0398815860
1.7276855951  -1.9558696574  -0.0415399147
1.7260275450  -1.9529219543  -0.0432374349
1.7243302448  -1.9499113104  -0.0449744002
1.7225934357  -1.9468375916  -0.0467510625
1.7208168593  -1.9437006839  -0.0485676698
1.7190002469  -1.9405004838  -0.0504244652
1.7171433400  -1.9372366994  -0.0523216870
1.7152459017  -1.9339092165  -0.0542595687
1.7133077047  -1.9305184623  -0.0562383386
1.7113285316  -1.9270646660  -0.0582582201
1.7093081722  -1.9235477458  -0.0603194322
1.7072464225  -1.9199677299  -0.0624221887
1.7051430862  -1.9163247143  -0.0645666985
1.7029979752  -1.9126188239  -0.0667531647
1.7008109093  -1.9088502046  -0.0689817850
1.6985817157  -1.9050190218  -0.0712527510
1.6963102297  -1.9011254660  -0.0735662482
1.6939962944  -1.8971697562  -0.0759224560
1.6916397607  -1.8931521409  -0.0783215478
1.6892404870  -1.8890728986  -0.0807636908
1.6867983434  -1.8849323434  -0.0832490461
1.6843132033  -1.8807308216  -0.0857777691
1.6817849176  -1.8764686778  -0.0883500089
1.6792133190  -1.8721462491  -0.0909659092
1.6765982394  -1.8677638827  -0.0936256069
1.6739395107  -1.8633219381  -0.0963292326
1.6712369654  -1.8588207882  -0.0990769104
1.6684904362  -1.8542608189  -0.1018687576
1.6656997567  -1.8496424287  -0.1047048846
1.6628647616  -1.8449660282  -0.1075853952
1.6599852870  -1.8402320393  -0.1105103862
1.6570611706  -1.8354408948  -0.1134799473
1.6540922525  -1.8305930391  -0.1164941615
1.6510784121  -1.8256889678  -0.1195531040
1.6480196503  -1.8207293165  -0.1226568430
1.6449159847  -1.8157147455  -0.1258054389
1.6417673669  -1.8106458468  -0.1289989453
1.6385737510  -1.8055232095  -0.1322374024
1.6353350978  -1.8003474222  -0.1355208291
1.6320513766  -1.7951191008  -0.1388492365
1.6287225697  -1.7898389027  -0.1422226527
1.6253486729  -1.7845075051  -0.1456411252
1.6219296920  -1.7791255955  -0.1491047136
1.6184656408  -1.7736938813  -0.1526134870
1.6149565394  -1.7682131242  -0.1561675080
1.6114024094  -1.7626841546  -0.1597668042
1.6078032717  -1.7571076811  -0.1634113555
1.6041591499  -1.7514840628  -0.1671011060
1.6004700742  -1.7458135340  -0.1708359688
1.5967360822  -1.7400966541  -0.1746158257
1.5929572210  -1.7343343406  -0.1784405267
1.5891335481  -1.7285276058  -0.1823098966
1.5852651342  -1.7226774299  -0.1862237582
1.5813520671  -1.7167847680  -0.1901819515
1.5773944518  -1.7108505630  -0.1941843196
1.5733923984  -1.7048757317  -0.1982306975
1.5693460175  -1.6988611566  -0.2023209149
1.5652554267  -1.6928076926  -0.2064547982
1.5611207511  -1.6867161686  -0.2106321712
1.5569421239  -1.6805873897  -0.2148528575
1.5527196863  -1.6744221385  -0.2191166801
1.5484535869  -1.6682211788  -0.2234234619
1.5441439869  -1.6619852651  -0.2277730255
1.5397910573  -1.6557151418  -0.2321651942
1.5353949740  -1.6494115366  -0.2365997925
1.5309559182  -1.6430751660  -0.2410766449
1.5264740779  -1.6367067456  -0.2455955746
1.5219496474  -1.6303069939  -0.2501564049
1.5173828283  -1.6238766319  -0.2547589594
1.5127734736  -1.6174160401  -0.2594030621
1.5081211231  -1.6109252884  -0.2640885383
1.5034261386  -1.6044052449  -0.2688152154
1.4986897196  -1.5978576238  -0.2735829200
1.4939131638  -1.5912842701  -0.2783914763
1.4890978406  -1.5846871158  -0.2832407067
1.4842451812  -1.5780681706  -0.2881304309
1.4793559496  -1.5714288225  -0.2930604446
1.4744297272  -1.5647692981  -0.2980305206
1.4694658152  -1.5580894986  -0.3030405227
1.4644637081  -1.5513894757  -0.3080904627
1.4594228233  -1.5446692832  -0.3131803330
1.4543424446  -1.5379290042  -0.3183099805
1.4492217500  -1.5311686387  -0.3234791785
1.4440600581  -1.5243882684  -0.3286877072
1.4388578064  -1.5175892060  -0.3339353568
1.4336158504  -1.5107732583  -0.3392219163
1.4283344295  -1.5039415573  -0.3445471749
1.4230136758  -1.4970951197  -0.3499109263
1.4176537277  -1.4902349871  -0.3553129683
1.4122547305  -1.4833622276  -0.3607531021
1.4068168595  -1.4764779857  -0.3662311332
1.4013403377  -1.4695835164  -0.3717468679
1.3958253756  -1.4626800447  -0.3773001147
1.3902721517  -1.4557687194  -0.3828906865
1.3846808501  -1.4488506939  -0.3885184032
1.3790516557  -1.4419271193  -0.3941830679
1.3733847716  -1.4349991918  -0.3998844328
1.3676804538  -1.4280682005  -0.4056222620
1.3619389699  -1.4211353945  -0.4113963914
1.3561605616  -1.4142019278  -0.4172066722
1.3503454554  -1.4072689196  -0.4230529354
1.3444938854  -1.4003374831  -0.4289350111
1.3386061517  -1.3934088335  -0.4348527138
1.3326825348  -1.3864841165  -0.4408057965
1.3267232235  -1.3795642592  -0.4467939102
1.3207283649  -1.3726500675  -0.4528165466
1.3146980827  -1.3657422678  -0.4588729039
1.3086324435  -1.3588413735  -0.4649615170
1.3025302006  -1.3519464669  -0.4710754393
1.2963907566  -1.3450572737  -0.4772118241
1.2902192531  -1.3381791823  -0.4833849102
1.2840214871  -1.3313191086  -0.4896071564
1.2777961194  -1.3244778349  -0.4958780162
1.2715391094  -1.3176526134  -0.5021948235
1.2652489958  -1.3108420077  -0.5085561832
1.2589258522  -1.3040457546  -0.5149607824
1.2525698361  -1.2972635169  -0.5214071918
1.2461809718  -1.2904945936  -0.5278938813
1.2397594263  -1.2837383618  -0.5344192390
1.2333054760  -1.2769941871  -0.5409815761
1.2268193340  -1.2702611529  -0.5475791331
1.2203012884  -1.2635383686  -0.5542100867
1.2137515991  -1.2568248224  -0.5608725549
1.2071703912  -1.2501191945  -0.5675646037
1.2005579297  -1.2434202927  -0.5742842539
1.1939144983  -1.2367268413  -0.5810294882
1.1872406014  -1.2300377205  -0.5877982568
1.1805352079  -1.2233502434  -0.5945884838
1.1737961512  -1.2166605072  -0.6013980718
1.1670247773  -1.2099681593  -0.6082249064
1.1602233789  -1.2032738467  -0.6150668609
1.1533919762  -1.1965759116  -0.6219218032
1.1465300248  -1.1898720732  -0.6287876014
1.1396368104  -1.1831599188  -0.6356621283
1.1327111035  -1.1764365720  -0.6425432656
1.1257506034  -1.1696981319  -0.6494289124
1.1187512920  -1.1629390504  -0.6563169926
1.1117057292  -1.1561504731  -0.6632054624
1.1045988730  -1.1493160893  -0.6700923220
1.0973937023  -1.1423971978  -0.6769756812
1.0897640467  -1.1350687416  -0.6838537805
1.0820921471  -1.1277207088  -0.6907247182
1.0750114399  -1.1209857357  -0.6975862485
1.0682470262  -1.1145781904  -0.7044361113
1.0615311184  -1.1082226259  -0.7112723593
1.0548338273  -1.1018841216  -0.7180932639
1.0481545753  -1.0955592128  -0.7248971694
1.0414931708  -1.0892457671  -0.7316824878
1.0348494332  -1.0829418675  -0.7384477223
1.0282232089  -1.0766457539  -0.7451914732
1.0216143698  -1.0703558289  -0.7519124395
1.0150228122  -1.0640706592  -0.7586094242
1.0084484566  -1.0577889762  -0.7652813400
1.0018912471  -1.0515096758  -0.7719272127
0.9953511505  -1.0452318183  -0.7785461903
0.9888281554  -1.0389546262  -0.7851375471
0.9823222692  -1.0326774814  -0.7917006853
0.9758335142  -1.0263999216  -0.7982351368
0.9693619347  -1.0201216379  -0.8047405934
0.9629076137  -1.0138424738  -0.8112169588
0.9564706511  -1.0075624146  -0.8176642994
0.9500511176  -1.0012815702  -0.8240827793
0.9436490697  -0.9950001668  -0.8304727091
0.9372645892  -0.9887185446  -0.8368345946
0.9308977803  -0.9824371503  -0.8431691418
0.9245487576  -0.9761565278  -0.8494772746
0.9182176489  -0.9698773113  -0.8557601712
0.9119046073  -0.9636002216  -0.8620193217
0.9056098326  -0.9573260683  -0.8682566309
0.8993336227  -0.9510557674  -0.8744746318
0.8930765255  -0.9447904852  -0.8806770481
0.8868411394  -0.9385319658  -0.8868747542
0.8806296587  -0.9322818135  -0.8930766965
0.8744363676  -0.9260398447  -0.8992735810
0.8682530635  -0.9198046906  -0.9054538602
0.8620796228  -0.9135758547  -0.9116167920
0.8559198301  -0.9073537802  -0.9177637745
0.8497751508  -0.9011389267  -0.9238950991
0.8436456074  -0.8949315764  -0.9300109038
0.8375310790  -0.8887319443  -0.9361113304
0.8314314455  -0.8825402145  -0.9421965257
0.8253465884  -0.8763565427  -0.9482666414
0.8192763904  -0.8701810558  -0.9543218333
0.8132207357  -0.8640138522  -0.9603622609
0.8071795091  -0.8578550015  -0.9663880862
0.8011525969  -0.8517045459  -0.9723994733
0.7951398859  -0.8455625010  -0.9783965876
0.7891412639  -0.8394288565  -0.9843795946
0.7831566195  -0.8333035771  -0.9903486591
0.7771858424  -0.8271866046  -0.9963039444
0.7712288228  -0.8210778613  -1.0022456105
0.7652854516  -0.8149772513  -1.0081738125
0.7593556209  -0.8088846588  -1.0140887004
0.7534392242  -0.8027999489  -1.0199904193
0.7475361565  -0.7967229723  -1.0258791074
0.7416463141  -0.7906535703  -1.0317548950
0.7357695941  -0.7845915759  -1.0376179027
0.7299058950  -0.7785368161  -1.0434682402
0.7240551163  -0.7724891151  -1.0493060048
0.7182171586  -0.7664482979  -1.0551312785
0.7123919227  -0.7604141957  -1.0609441245
0.7065793085  -0.7543866552  -1.0667445796
0.7007792038  -0.7483656093  -1.0725326092
0.6949914763  -0.7423510560  -1.0783080807
0.6892160253  -0.7363427464  -1.0840709233
0.6834528454  -0.7303401421  -1.0898212881
0.6777019683  -0.7243428756  -1.0955594100
0.6719633536  -0.7183508902  -1.1012854227
0.6662368981  -0.7123641645  -1.1069993867
0.6605225058  -0.7063826076  -1.1127013607
0.6548201043  -0.7004061203  -1.1183914081
0.6491296308  -0.6944346213  -1.1240695904
0.6434510250  -0.6884680469  -1.1297359671
0.6377842289  -0.6825063514  -1.1353905950
0.6321291867  -0.6765495063  -1.1410335285
0.6264858445  -0.6705975009  -1.1466648199
0.6208541506  -0.6646503409  -1.1522845187
0.6152340556  -0.6587080484  -1.1578926723
0.6096255119  -0.6527706610  -1.1634893256
0.6040284743  -0.6468382308  -1.1690745212
0.5984428996  -0.6409108226  -1.1746482993
0.5928687465  -0.6349885128  -1.1802106981
0.5873059762  -0.6290713868  -1.1857617533
0.5817545516  -0.6231595379  -1.1913014984
0.5762144380  -0.6172530666  -1.1968299650
0.5706856025  -0.6113520786  -1.2023471825
0.5651680144  -0.6054566835  -1.2078531781
0.5596616451  -0.5995669919  -1.2133479771
0.5541664678  -0.5936831134  -1.2188316031
0.5486824581  -0.5878051546  -1.2243040773
0.5432095934  -0.5819332159  -1.2297654198
0.5377478529  -0.5760673883  -1.2352156484
0.5322972182  -0.5702077473  -1.2406547798
0.5268576727  -0.5643543300  -1.2460828293
0.5214292019  -0.5585071046  -1.2514998119
0.5160117934  -0.5526660209  -1.2569057420
0.5106054363  -0.5468311366  -1.2623006311
0.5052101209  -0.5410026330  -1.2676844864
0.4998258385  -0.5351807007  -1.2730573113
0.4944525831  -0.5293654818  -1.2784191082
0.4890903511  -0.5235571010  -1.2837698787
0.4837391409  -0.5177556898  -1.2891096229
0.4783989525  -0.5119613867  -1.2944383389
0.4730697878  -0.5061743350  -1.2997560232
0.4677516499  -0.5003946836  -1.3050626705
0.4624445442  -0.4946225860  -1.3103582738
0.4571484774  -0.4888582011  -1.3156428245
0.4518634580  -0.4831016069  -1.3209163124
0.4465894960  -0.4773527178  -1.3261787261
0.4413266033  -0.4716116394  -1.3314300525
0.4360747933  -0.4658789536  -1.3366702758
0.4308340811  -0.4601552128  -1.3418993785
0.4256044832  -0.4544406133  -1.3471173417
0.4203860177  -0.4487352778  -1.3523241462
0.4151787043  -0.4430393778  -1.3575197710
0.4099825639  -0.4373530826  -1.3627041942
0.4047976189  -0.4316765586  -1.3678773921
0.3996238930  -0.4260099711  -1.3730393402
0.3944614111  -0.4203534853  -1.3781900124
0.3893101996  -0.4147072682  -1.3833293817
0.3841702858  -0.4090714891  -1.3884574198
0.3790416986  -0.4034463218  -1.3935740971
0.3739244676  -0.3978319449  -1.3986793830
0.3688186240  -0.3922285434  -1.4037732458
0.3637241996  -0.3866363094  -1.4088556528
0.3586412275  -0.3810554426  -1.4139265699
0.3535697417  -0.3754861517  -1.4189859625
0.3485097771  -0.3699286537  -1.4240337945
0.3434613695  -0.3643831749  -1.4290700294
0.3384245555  -0.3588499509  -1.4340946295
0.3333993725  -0.3533292263  -1.4391075566
0.3283858586  -0.3478212552  -1.4441087715
0.3233840526  -0.3423263007  -1.4490982346
0.3183939939  -0.3368446345  -1.4540759055
0.3134157224  -0.3313765362  -1.4590417435
0.3084492785  -0.3259222931  -1.4639957072
0.3034947030  -0.3204821990  -1.4689377550
0.2985520371  -0.3150565536  -1.4738678450
0.2936213222  -0.3096456615  -1.4787859350
0.2887026081  -0.3042509769  -1.4836920387
0.2837959545  -0.2988743435  -1.4885862343
0.2789013926  -0.2935133573  -1.4934684384
0.2740189203  -0.2881648014  -1.4983384193
0.2691485665  -0.2828303228  -1.5031960688
0.2642903948  -0.2775120695  -1.5080413535
0.2594444596  -0.2722104873  -1.5128742138
0.2546108053  -0.2669260055  -1.5176945943
0.2497894760  -0.2616590406  -1.5225024448
0.2449805159  -0.2564099937  -1.5272977200
0.2401839682  -0.2511792480  -1.5320803804
0.2353998759  -0.2459671673  -1.5368503923
0.2306282808  -0.2407740940  -1.5416077283
0.2258692236  -0.2356003485  -1.5463523671
0.2211227440  -0.2304462282  -1.5510842939
0.2163888802  -0.2253120072  -1.5558035004
0.2116676688  -0.2201979365  -1.5605099843
0.2069591449  -0.2151042437  -1.5652037500
0.2022633420  -0.2100311341  -1.5698848076
0.1975802917  -0.2049787910  -1.5745531730
0.1929100240  -0.1999473770  -1.5792088677
0.1882525669  -0.1949370349  -1.5838519181
0.1836079469  -0.1899478892  -1.5884823549
0.1789761883  -0.1849800472  -1.5931002128
0.1743573141  -0.1800336011  -1.5977055298
0.1697513453  -0.1751086287  -1.6022983465
0.1651583009  -0.1702051959  -1.6068787048
0.1605781986  -0.1653233578  -1.6114466480
0.1560110540  -0.1604631602  -1.6160022188
0.1514568811  -0.1556246417  -1.6205454591
0.1469156921  -0.1508078347  -1.6250764085
0.1423874972  -0.1460127702  -1.6295951033
0.1378757065  -0.1412405434  -1.6341689116
0.1333825273  -0.1364917563  -1.6388312391
0.1288991379  -0.1317635959  -1.6434669608
0.1244229688  -0.1270553700  -1.6481057627
0.1199585972  -0.1223686073  -1.6527455666
0.1155059545  -0.1177033472  -1.6573840120
0.1110649884  -0.1130596380  -1.6620184562
0.1066356634  -0.1084375347  -1.6666459735
0.1022179621  -0.1038370983  -1.6712633561
0.0978118861  -0.0992583939  -1.6758671137
0.0934174568  -0.0947014894  -1.6804534735
0.0890347161  -0.0901664533  -1.6850183801
0.0846637274  -0.0856533527  -1.6895574960
0.0803045756  -0.0811622508  -1.6940662007
0.0759573683  -0.0766932051  -1.6985395918
0.0716222356  -0.0722462640  -1.7029724840
0.0672993306  -0.0678214653  -1.7073594099
0.0629888291  -0.0634188334  -1.7116946192
0.0586909300  -0.0590383770  -1.7159720796
0.0544058545  -0.0546800874  -1.7201854761
0.0501338458  -0.0503439370  -1.7243282112
0.0458751686  -0.0460298777  -1.7283934050
0.0416301076  -0.0417378403  -1.7323738952
0.0373989667  -0.0374677346  -1.7362622369
0.0331820672  -0.0332194495  -1.7400507029
0.0289797462  -0.0289928542  -1.7437312834
0.0247923542  -0.0247878001  -1.7472956862
0.0206202529  -0.0206041232  -1.7507353366
0.0164638120  -0.0164416473  -1.7540413775
0.0123234061  -0.0123001877  -1.7572046692
0.0081994112  -0.0081795551  -1.7602157899
0.0040922000  -0.0040795606  -1.7630650348
0.0040876991  -0.0040795246  -1.7630650348
