0.0543892
2.7650627020  -2.9116966828   0.0001212704
2.7650627020  -2.9116966828   0.0001212704
2.7650683408  -2.9116655138   0.0000951790
2.7650550731  -2.9115696262   0.0000338689
2.7650143253  -2.9114106735  -0.0000637439
2.7649372909  -2.9111741463  -0.0001987213
2.7648208943  -2.9108560415  -0.0003721028
2.7646634450  -2.9104547434  -0.0005849055
2.7644637713  -2.9099694949  -0.0008381244
2.7642209387  -2.9093999079  -0.0011327321
2.7639341365  -2.9087457645  -0.0014696788
2.7636026248  -2.9080069251  -0.0018498925
2.7632257078  -2.9071832818  -0.0022742790
2.7628027184  -2.9062747334  -0.0027437215
2.7623330105  -2.9052811711  -0.0032590813
2.7618159535  -2.9042024715  -0.0038211971
2.7612509292  -2.9030384920  -0.0044308853
2.7606373304  -2.9017890689  -0.0050889403
2.7599745592  -2.9004540172  -0.0057961338
2.7592620266  -2.8990331303  -0.0065532154
2.7584991524  -2.8975261820  -0.0073609125
2.7576853650  -2.8959329269  -0.0082199300
2.7568201013  -2.8942531031  -0.0091309506
2.7559028071  -2.8924864334  -0.0100946348
2.7549329374  -2.8906326279  -0.0111116205
2.7539099567  -2.8886913858  -0.0121825236
2.7528333392  -2.8866623983  -0.0133079375
2.7517025695  -2.8845453503  -0.0144884335
2.7505171428  -2.8823399233  -0.0157245605
2.7492765655  -2.8800457977  -0.0170168449
2.7479803557  -2.8776626553  -0.0183657912
2.7466280434  -2.8751901816  -0.0197718812
2.7452191726  -2.8726262420  -0.0212375143
2.7437533109  -2.8699723120  -0.0227614407
2.7422300251  -2.8672303207  -0.0243435107
2.7406488797  -2.8643985832  -0.0259839559
2.7390094661  -2.8614764043  -0.0276830658
2.7373113983  -2.8584633598  -0.0294411965
2.7355543061  -2.8553591066  -0.0312586842
2.7337378343  -2.8521633766  -0.0331358538
2.7318616440  -2.8488759440  -0.0350730174
2.7299254124  -2.8454966175  -0.0370704728
2.7279288287  -2.8420252340  -0.0391285022
2.7258715986  -2.8384616654  -0.0412473713
2.7237534501  -2.8348058270  -0.0434273290
2.7215741306  -2.8310576766  -0.0456686065
2.7193334063  -2.8272172167  -0.0479714162
2.7170310622  -2.8232844972  -0.0503359514
2.7146669025  -2.8192596156  -0.0527623868
2.7122407510  -2.8151427140  -0.0552508791
2.7097524511  -2.8109339787  -0.0578015664
2.7072018658  -2.8066336411  -0.0604145680
2.7045888778  -2.8022419774  -0.0630899845
2.7019133899  -2.7977593086  -0.0658278973
2.6991753245  -2.7931860010  -0.0686283684
2.6963746240  -2.7885224665  -0.0714914391
2.6935112467  -2.7837691584  -0.0744171304
2.6905851562  -2.7789265586  -0.0774054445
2.6875963373  -2.7739951954  -0.0804563655
2.6845448076  -2.7689756594  -0.0835698585
2.6814306066  -2.7638685900  -0.0867458704
2.6782537936  -2.7586746736  -0.0899843295
2.6750144475  -2.7533946424  -0.0932851446
2.6717126656  -2.7480288303  -0.0966482026
2.6683485618  -2.7425779178  -0.1000733707
2.6649222730  -2.7370436552  -0.1035605015
2.6614339613  -2.7314273257  -0.1071094345
2.6578838024  -2.7257295863  -0.1107199951
2.6542719613  -2.7199512919  -0.1143919944
2.6505986111  -2.7140933954  -0.1181252289
2.6468639647  -2.7081569294  -0.1219194801
2.6430682616  -2.7021429826  -0.1257745118
2.6392117569  -2.6960526771  -0.1296900643
2.6352947209  -2.6898871675  -0.1336658539
2.6313174391  -2.6836476466  -0.1377015755
2.6272802124  -2.6773353438  -0.1417969044
2.6231833564  -2.6709515163  -0.1459514975
2.6190271924  -2.6644974301  -0.1501649973
2.6148120162  -2.6579743224  -0.1544370401
2.6105381416  -2.6513834484  -0.1587672611
2.6062059339  -2.6447261270  -0.1631552887
2.6018157755  -2.6380037113  -0.1676007418
2.5973680606  -2.6312175812  -0.1721032317
2.5928631949  -2.6243691443  -0.1766623636
2.5883015950  -2.6174598354  -0.1812777368
2.5836836876  -2.6104911134  -0.1859489457
2.5790098777  -2.6034644235  -0.1906755801
2.5742805351  -2.5963811804  -0.1954572251
2.5694960660  -2.5892428360  -0.2002934622
2.5646569260  -2.5820508946  -0.2051838700
2.5597635796  -2.5748068740  -0.2101280238
2.5548164980  -2.5675123016  -0.2151254965
2.5498161585  -2.5601687105  -0.2201758587
2.5447630433  -2.5527776365  -0.2252786792
2.5396575566  -2.5453405184  -0.2304335247
2.5345000084  -2.5378586712  -0.2356399606
2.5292908397  -2.5303335584  -0.2408975506
2.5240306450  -2.5227668468  -0.2462058574
2.5187200317  -2.5151602205  -0.2515644426
2.5133596151  -2.5075153451  -0.2569728676
2.5079500152  -2.4998338830  -0.2624306940
2.5024918573  -2.4921175259  -0.2679374835
2.4969857584  -2.4843680255  -0.2734927958
2.4914321436  -2.4765868492  -0.2790961743
2.4858312093  -2.4687748870  -0.2847471522
2.4801830974  -2.4609327842  -0.2904452942
2.4744879457  -2.4530614292  -0.2961902137
2.4687458850  -2.4451620504  -0.3019815595
2.4629570315  -2.4372359716  -0.3078189956
2.4571216111  -2.4292845860  -0.3137021588
2.4512402278  -2.4213096373  -0.3196306305
2.4453135349  -2.4133128717  -0.3256039478
2.4393419709  -2.4052957356  -0.3316216159
2.4333259656  -2.3972595943  -0.3376831092
2.4272659547  -2.3892057574  -0.3437878826
2.4211623874  -2.3811354936  -0.3499354025
2.4150157309  -2.3730500445  -0.3561251659
2.4088264583  -2.3649506160  -0.3623566801
2.4025950346  -2.3568383566  -0.3686294530
2.3963219197  -2.3487143588  -0.3749429970
2.3900075736  -2.3405796715  -0.3812968295
2.3836524572  -2.3324353040  -0.3876904732
2.3772570319  -2.3242822332  -0.3941234556
2.3708217690  -2.3161214198  -0.4005953082
2.3643471429  -2.3079537967  -0.4071055665
2.3578336183  -2.2997802524  -0.4136537728
2.3512816568  -2.2916016531  -0.4202394806
2.3446917204  -2.2834188558  -0.4268622519
2.3380642682  -2.2752327067  -0.4335216516
2.3313997623  -2.2670440511  -0.4402172449
2.3246986694  -2.2588537405  -0.4469485985
2.3179614513  -2.2506626284  -0.4537152802
2.3111885641  -2.2424715894  -0.4605168548
2.3043804570  -2.2342817524  -0.4673528664
2.2975374723  -2.2260942778  -0.4742228389
2.2906591533  -2.2179082607  -0.4811263697
2.2837457069  -2.2097220222  -0.4880631932
2.2767990492  -2.2015371065  -0.4950330598
2.2698214727  -2.1933581027  -0.5020356133
2.2628152876  -2.1851897854  -0.5090704380
2.2557820919  -2.1770349900  -0.5161371321
2.2487216077  -2.1688940424  -0.5232353097
2.2416326965  -2.1607661751  -0.5303645915
2.2345144631  -2.1526507589  -0.5375246090
2.2273659438  -2.1445471011  -0.5447150044
2.2201861014  -2.1364544399  -0.5519354315
2.2129742467  -2.1283724276  -0.5591855584
2.2057311002  -2.1203023207  -0.5664650658
2.1984577051  -2.1122457561  -0.5737736463
2.1911543654  -2.1042035333  -0.5811110030
2.1838213263  -2.0961763642  -0.5884768494
2.1764588326  -2.0881649575  -0.5958709103
2.1690671688  -2.0801701096  -0.6032929255
2.1616466506  -2.0721926828  -0.6107426317
2.1541975441  -2.0642334302  -0.6182197341
2.1467200837  -2.0562930210  -0.6257239538
2.1392145300  -2.0483721493  -0.6332550760
2.1316811798  -2.0404715760  -0.6408129025
2.1241203579  -2.0325921303  -0.6483972197
2.1165323522  -2.0247345437  -0.6560078040
2.1089173986  -2.0168994057  -0.6636444140
2.1012757207  -2.0090872528  -0.6713067713
2.0936075754  -2.0012986642  -0.6789945258
2.0859132046  -1.9935341600  -0.6867071772
2.0781926886  -1.9857938195  -0.6944438602
2.0704450904  -1.9780762472  -0.7022003695
2.0626697574  -1.9703805564  -0.7099740277
2.0548704905  -1.9627117862  -0.7177732233
2.0470524459  -1.9550773318  -0.7256075751
2.0392152043  -1.9474781503  -0.7334778001
2.0313552541  -1.9399106970  -0.7413817362
2.0234709824  -1.9323727017  -0.7493181597
2.0155622632  -1.9248632652  -0.7572859709
2.0076291849  -1.9173816331  -0.7652840319
1.9996719594  -1.9099271370  -0.7733111710
1.9916907594  -1.9024989304  -0.7813661849
1.9836856456  -1.8950958711  -0.7894478529
1.9756568138  -1.8877169223  -0.7975549401
1.9676045211  -1.8803610072  -0.8056861743
1.9595289657  -1.8730268453  -0.8138402281
1.9514303850  -1.8657131757  -0.8220157386
1.9433089203  -1.8584185313  -0.8302113237
1.9351647320  -1.8511414064  -0.8384255828
1.9269980229  -1.8438803004  -0.8466571002
1.9188091995  -1.8366338579  -0.8549044481
1.9105975172  -1.8293995461  -0.8631661913
1.9023612088  -1.8221737602  -0.8714408930
1.8941013156  -1.8149557547  -0.8797271173
1.8858195601  -1.8077455339  -0.8880234311
1.8775157742  -1.8005412031  -0.8963284072
1.8691894207  -1.7933404590  -0.9046406285
1.8608396994  -1.7861407527  -0.9129586931
1.8524651829  -1.7789389556  -0.9212812191
1.8440633453  -1.7717308946  -0.9296068471
1.8356295367  -1.7645103126  -0.9379342454
1.8271544761  -1.7572663294  -0.9462621185
1.8186163493  -1.7499744822  -0.9545892572
1.8098152807  -1.7424327065  -0.9629145637
1.8009252777  -1.7348217765  -0.9712368590
1.7923998486  -1.7276016696  -0.9795546937
1.7841439601  -1.7206731109  -0.9878665600
1.7759311798  -1.7138010237  -0.9961711839
1.7677287846  -1.7069448196  -1.0044674907
1.7595361722  -1.7000997717  -1.0127544755
1.7513530549  -1.6932634400  -1.0210311848
1.7431791441  -1.6864337369  -1.0292967306
1.7350141684  -1.6796087290  -1.0375502955
1.7268578756  -1.6727866339  -1.0457911391
1.7187100333  -1.6659658228  -1.0540186009
1.7105704259  -1.6591448167  -1.0622320995
1.7024388530  -1.6523222751  -1.0704311371
1.6943151306  -1.6454969957  -1.0786153029
1.6861990895  -1.6386679265  -1.0867842769
1.6780905752  -1.6318341720  -1.0949378340
1.6699894460  -1.6249949886  -1.1030758460
1.6618955689  -1.6181497787  -1.1111982797
1.6538088252  -1.6112980904  -1.1193052193
1.6457291255  -1.6044396199  -1.1273969070
1.6376563928  -1.5975742015  -1.1354737057
1.6295905224  -1.5907017847  -1.1435360459
1.6215313958  -1.5838224277  -1.1515844670
1.6134789154  -1.5769363009  -1.1596196543
1.6054330018  -1.5700436823  -1.1676424438
1.5973935857  -1.5631449499  -1.1756538420
1.5893606146  -1.5562405783  -1.1836550620
1.5813340685  -1.5493311416  -1.1916475878
1.5733139955  -1.5424173336  -1.1996333049
1.5653006101  -1.5355001257  -1.2076148266
1.5572955365  -1.5285812026  -1.2155991478
1.5493005359  -1.5216622717  -1.2235932615
1.5413119156  -1.5147428999  -1.2315926835
1.5333229583  -1.5078208286  -1.2395890199
1.5253323631  -1.5008947800  -1.2475808978
1.5173428292  -1.4939649730  -1.2555696234
1.5093556769  -1.4870317714  -1.2635556551
1.5013708106  -1.4800952453  -1.2715392817
1.4933879555  -1.4731553504  -1.2795207961
1.4854068361  -1.4662120053  -1.2875004967
1.4774271767  -1.4592651030  -1.2954786871
1.4694487013  -1.4523145113  -1.3034556756
1.4614711330  -1.4453600716  -1.3114317745
1.4534941944  -1.4384015990  -1.3194073000
1.4455176072  -1.4314388836  -1.3273825715
1.4375410919  -1.4244716931  -1.3353579110
1.4295643682  -1.4174997732  -1.3433336425
1.4215871543  -1.4105228487  -1.3513100911
1.4136091676  -1.4035406224  -1.3592875827
1.4056301241  -1.3965527783  -1.3672664429
1.3976497384  -1.3895589899  -1.3752469960
1.3896677236  -1.3825589234  -1.3832295637
1.3816837915  -1.3755522228  -1.3912144651
1.3736976531  -1.3685385037  -1.3992020164
1.3657090186  -1.3615173696  -1.4071925301
1.3577175967  -1.3544884246  -1.4151863136
1.3497230947  -1.3474512735  -1.4231836681
1.3417252182  -1.3404055245  -1.4311848873
1.3337236712  -1.3333507992  -1.4391902556
1.3257181555  -1.3262867505  -1.4472000456
1.3177083693  -1.3192131051  -1.4552145127
1.3096939980  -1.3121300453  -1.4632338642
1.3016747042  -1.3050382410  -1.4712582330
1.2936501689  -1.2979370162  -1.4792877809
1.2856201575  -1.2908233741  -1.4873228349
1.2775844827  -1.2836947064  -1.4953638139
1.2695428970  -1.2765506954  -1.5034110744
1.2614950816  -1.2693917552  -1.5114649084
1.2534407122  -1.2622177063  -1.5195256034
1.2453794856  -1.2550280270  -1.5275934538
1.2373111071  -1.2478221711  -1.5356687563
1.2292352818  -1.2405996072  -1.5437518078
1.2211517142  -1.2333598187  -1.5518429062
1.2130601073  -1.2261023038  -1.5599423503
1.2049601636  -1.2188265740  -1.5680504394
1.1968515842  -1.2115321501  -1.5761674739
1.1887340692  -1.2042185646  -1.5842937553
1.1806073178  -1.1968853781  -1.5924295856
1.1724710275  -1.1895321822  -1.6005752675
1.1643248950  -1.1821585745  -1.6087311047
1.1561686155  -1.1747641407  -1.6168974019
1.1480018837  -1.1673484618  -1.6250744654
1.1398243928  -1.1599111211  -1.6332626025
1.1316358347  -1.1524517021  -1.6414621218
1.1234359001  -1.1449697865  -1.6496733331
1.1152242784  -1.1374649522  -1.6578965478
1.1070006578  -1.1299367697  -1.6661320786
1.0987647249  -1.1223847980  -1.6743802394
1.0905161652  -1.1148085808  -1.6826413459
1.0822546630  -1.1072076414  -1.6909157153
1.0739799010  -1.0995814761  -1.6992036664
1.0656915607  -1.0919295431  -1.7075055201
1.0573893226  -1.0842512229  -1.7158215989
1.0490728659  -1.0765457535  -1.7241522286
1.0407418691  -1.0688122975  -1.7324977375
1.0323960084  -1.0610501807  -1.7408584549
1.0240349571  -1.0532589735  -1.7492347092
1.0156583863  -1.0454382878  -1.7576268282
1.0072659660  -1.0375876233  -1.7660351414
0.9988573663  -1.0297064116  -1.7744599809
0.9904322562  -1.0217940813  -1.7829016805
0.9819903033  -1.0138500637  -1.7913605752
0.9735311735  -1.0058737867  -1.7998370014
0.9650545314  -0.9978646727  -1.8083312969
0.9565600405  -0.9898221380  -1.8168438008
0.9480473631  -0.9817455927  -1.8253748532
0.9395161615  -0.9736337234  -1.8339247973
0.9309661001  -0.9654837477  -1.8424939820
0.9223968409  -0.9572943794  -1.8510827572
0.9138080348  -0.9490684062  -1.8596914604
0.9051993270  -0.9408084665  -1.8683204199
0.8965703707  -0.9325140720  -1.8769699728
0.8879208263  -0.9241839963  -1.8856404668
0.8792503541  -0.9158174240  -1.8943322519
0.8705586115  -0.9074134975  -1.9030456791
0.8618452543  -0.8989712792  -1.9117811010
0.8531099382  -0.8904897616  -1.9205388715
0.8443523189  -0.8819678789  -1.9293193457
0.8355720519  -0.8734045183  -1.9381228791
0.8267687926  -0.8647985314  -1.9469498270
0.8179421970  -0.8561487471  -1.9558005446
0.8090919211  -0.8474539832  -1.9646753857
0.8002176217  -0.8387130586  -1.9735747025
0.7913189563  -0.8299248054  -1.9824988448
0.7823955837  -0.8210880808  -1.9914481597
0.7734471639  -0.8122017782  -2.0004229908
0.7644733586  -0.8032648372  -2.0094236776
0.7554738318  -0.7942762522  -2.0184505553
0.7464482497  -0.7852350810  -2.0275039543
0.7373962819  -0.7761404538  -2.0365841997
0.7283176008  -0.7669915816  -2.0456916109
0.7192118831  -0.7577877621  -2.0548265012
0.7100788096  -0.7485283850  -2.0639891776
0.7009180661  -0.7392129356  -2.0731799404
0.6917293440  -0.7298409981  -2.0823990826
0.6825123405  -0.7204122572  -2.0916468902
0.6732667598  -0.7109264986  -2.1009236408
0.6639923133  -0.7013836094  -2.1102296043
0.6546888115  -0.6917955168  -2.1195654596
0.6453562291  -0.6821790817  -2.1289323618
0.6359942271  -0.6725072458  -2.1383302555
0.6266019350  -0.6627423245  -2.1477579567
0.6171788360  -0.6528967124  -2.1572151851
0.6077249944  -0.6429894384  -2.1667022016
0.5982403979  -0.6330223182  -2.1762190552
0.5887248892  -0.6229972270  -2.1857658093
0.5791783330  -0.6129161030  -2.1953425438
0.5696006145  -0.6027809111  -2.2049493572
0.5599916383  -0.5925936112  -2.2145863675
0.5503513262  -0.5823561274  -2.2242537127
0.5406796167  -0.5720703208  -2.2339515508
0.5309764634  -0.5617379646  -2.2436800593
0.5212418344  -0.5513607235  -2.2534394334
0.5114757112  -0.5409401349  -2.2632298844
0.5016780894  -0.5304775947  -2.2730516367
0.4918489785  -0.5199743466  -2.2829049246
0.4819884030  -0.5094314751  -2.2927899879
0.4720964038  -0.4988499022  -2.3027070674
0.4621730401  -0.4882303882  -2.3126563994
0.4522183915  -0.4775735365  -2.3226382100
0.4422325611  -0.4668798026  -2.3326527083
0.4322156780  -0.4561495060  -2.3427000799
0.4221679012  -0.4453828478  -2.3527804794
0.4120894222  -0.4345799300  -2.3628940234
0.4019804689  -0.4237407805  -2.3730407824
0.3918413085  -0.4128653800  -2.3832207736
0.3816722506  -0.4019536932  -2.3934339535
0.3714736500  -0.3910057030  -2.4036802102
0.3612459085  -0.3800214463  -2.4139593573
0.3509894755  -0.3690011341  -2.4242711254
0.3407302498  -0.3579642690  -2.4347900419
0.3304855206  -0.3469236650  -2.4456025507
0.3201900740  -0.3358286672  -2.4564092277
0.3098250376  -0.3246654475  -2.4672863660
0.2994251001  -0.3134622017  -2.4782278047
0.2889904004  -0.3022202790  -2.4892265861
0.2785212929  -0.2909416562  -2.5002749569
0.2680183304  -0.2796288695  -2.5113643671
0.2574822706  -0.2682850303  -2.5224854708
0.2469140825  -0.2569138288  -2.5336281257
0.2363149501  -0.2455195231  -2.5447813933
0.2256862743  -0.2341069145  -2.5559335389
0.2150296728  -0.2226813050  -2.5670720317
0.2043469776  -0.2112484390  -2.5781835446
0.1936402299  -0.1998144276  -2.5892539541
0.1829116724  -0.1883856559  -2.6002683408
0.1721637393  -0.1769686752  -2.6112109889
0.1613990429  -0.1655700819  -2.6220653864
0.1506203589  -0.1541963862  -2.6328142251
0.1398306077  -0.1428538731  -2.6434394006
0.1290328354  -0.1315484639  -2.6539220122
0.1182301912  -0.1202855794  -2.6642423630
0.1074259049  -0.1090700146  -2.6743799601
0.0966232631  -0.0979058306  -2.6843135140
0.0858255847  -0.0867962697  -2.6940209394
0.0750361971  -0.0757437020  -2.7034793544
0.0642584140  -0.0647496092  -2.7126650811
0.0534955140  -0.0538146103  -2.7215536453
0.0427507225  -0.0429385339  -2.7301197767
0.0320271962  -0.0321205366  -2.7383374086
0.0213280124  -0.0213592668  -2.7461796783
0.0106561622  -0.0106530673  -2.7536189266
0.0106255620  -0.0106526944  -2.7536189266
