0.276644
0.7309547601  -0.6657568103   0.0000192348
0.7309547601  -0.6657568103   0.0000192348
0.7309568290  -0.6657569757   0.0000166481
0.7309563206  -0.6657527363   0.0000093599
0.7309517975  -0.6657436705  -0.0000027461
0.7309424157  -0.6657292944  -0.0000197859
0.7309278440  -0.6657094277  -0.0000418760
0.7309078893  -0.6656839697  -0.0000691331
0.7308824104  -0.6656528488  -0.0001016738
0.7308512894  -0.6656160055  -0.0001396153
0.7308144202  -0.6655733858  -0.0001830747
0.7307717025  -0.6655249381  -0.0002321694
0.7307230393  -0.6654706109  -0.0002870169
0.7306683353  -0.6654103523  -0.0003477351
0.7306074955  -0.6653441094  -0.0004144418
0.7305404253  -0.6652718278  -0.0004872553
0.7304670297  -0.6651934515  -0.0005662938
0.7303872130  -0.6651089227  -0.0006516759
0.7303008788  -0.6650181816  -0.0007435203
0.7302079298  -0.6649211665  -0.0008419460
0.7301082678  -0.6648178138  -0.0009470720
0.7300017933  -0.6647080576  -0.0010590176
0.7298884059  -0.6645918302  -0.0011779024
0.7297680038  -0.6644690616  -0.0013038460
0.7296404842  -0.6643396799  -0.0014369683
0.7295057428  -0.6642036110  -0.0015773893
0.7293636743  -0.6640607786  -0.0017252294
0.7292141718  -0.6639111046  -0.0018806089
0.7290571273  -0.6637545085  -0.0020436486
0.7288924312  -0.6635909080  -0.0022144692
0.7287199729  -0.6634202186  -0.0023931917
0.7285396399  -0.6632423536  -0.0025799375
0.7283513149  -0.6630571043  -0.0027751061
0.7281548869  -0.6628644912  -0.0029785620
0.7279502449  -0.6626645837  -0.0031903331
0.7277372674  -0.6624572024  -0.0034105310
0.7275158330  -0.6622422080  -0.0036392701
0.7272858203  -0.6620194879  -0.0038766707
0.7270471067  -0.6617889323  -0.0041228546
0.7267995680  -0.6615504324  -0.0043779454
0.7265430785  -0.6613038781  -0.0046420690
0.7262775110  -0.6610491580  -0.0049153529
0.7260027369  -0.6607861592  -0.0051979261
0.7257186260  -0.6605147673  -0.0054899197
0.7254250463  -0.6602348662  -0.0057914661
0.7251218645  -0.6599463385  -0.0061026996
0.7248089457  -0.6596490654  -0.0064237561
0.7244861532  -0.6593429266  -0.0067547730
0.7241533488  -0.6590278006  -0.0070958895
0.7238103927  -0.6587035644  -0.0074472465
0.7234571434  -0.6583700941  -0.0078089864
0.7230934578  -0.6580272645  -0.0081812534
0.7227191911  -0.6576749495  -0.0085641934
0.7223341970  -0.6573130217  -0.0089579538
0.7219383272  -0.6569413529  -0.0093626841
0.7215314319  -0.6565598140  -0.0097785351
0.7211133594  -0.6561682749  -0.0102056596
0.7206839566  -0.6557666049  -0.0106442120
0.7202430683  -0.6553546723  -0.0110943485
0.7197905378  -0.6549323451  -0.0115562270
0.7193262067  -0.6544994904  -0.0120300071
0.7188499144  -0.6540559748  -0.0125158505
0.7183614992  -0.6536016647  -0.0130139202
0.7178607970  -0.6531363895  -0.0135243814
0.7173476420  -0.6526600014  -0.0140474010
0.7168218667  -0.6521724402  -0.0145831476
0.7162833023  -0.6516736083  -0.0151317915
0.7157317779  -0.6511633451  -0.0156935049
0.7151671207  -0.6506415013  -0.0162684621
0.7145891560  -0.6501079360  -0.0168568388
0.7139977073  -0.6495625094  -0.0174588129
0.7133925964  -0.6490050824  -0.0180745638
0.7127736430  -0.6484355157  -0.0187042729
0.7121406652  -0.6478536696  -0.0193481235
0.7114934791  -0.6472594041  -0.0200063008
0.7108318990  -0.6466525787  -0.0206789916
0.7101557372  -0.6460330522  -0.0213663848
0.7094648044  -0.6454006827  -0.0220686713
0.7087589093  -0.6447553273  -0.0227860434
0.7080378587  -0.6440968428  -0.0235186958
0.7073014575  -0.6434250848  -0.0242668247
0.7065495090  -0.6427399084  -0.0250306282
0.7057818144  -0.6420411679  -0.0258103064
0.7049981730  -0.6413287164  -0.0266060612
0.7041983825  -0.6406024068  -0.0274180961
0.7033822385  -0.6398620907  -0.0282466168
0.7025495349  -0.6391076195  -0.0290918308
0.7017000637  -0.6383388438  -0.0299539473
0.7008336152  -0.6375556142  -0.0308331775
0.6999499776  -0.6367577804  -0.0317297344
0.6990489376  -0.6359451912  -0.0326438326
0.6981302800  -0.6351176944  -0.0335756885
0.6971937876  -0.6342751377  -0.0345255205
0.6962392418  -0.6334173687  -0.0354935483
0.6952664218  -0.6325442351  -0.0364799937
0.6942751062  -0.6316555867  -0.0374850800
0.6932650723  -0.6307512874  -0.0385090322
0.6922360948  -0.6298312341  -0.0395520769
0.6911879467  -0.6288953311  -0.0406144422
0.6901203994  -0.6279433917  -0.0416963580
0.6890332227  -0.6269750942  -0.0427980573
0.6879261842  -0.6259900941  -0.0439197754
0.6867990494  -0.6249881592  -0.0450617492
0.6856515823  -0.6239691823  -0.0462242157
0.6844835456  -0.6229331250  -0.0474074125
0.6832947010  -0.6218799704  -0.0486115780
0.6820848088  -0.6208096971  -0.0498369520
0.6808536282  -0.6197222686  -0.0510837754
0.6796009169  -0.6186176323  -0.0523522907
0.6783264314  -0.6174957195  -0.0536427415
0.6770299267  -0.6163564439  -0.0549553733
0.6757111567  -0.6151997021  -0.0562904331
0.6743698738  -0.6140253729  -0.0576481697
0.6730058294  -0.6128333185  -0.0590288331
0.6716187733  -0.6116233848  -0.0604326747
0.6702084545  -0.6103954024  -0.0618599468
0.6687746208  -0.6091491886  -0.0633109029
0.6673170220  -0.6078845533  -0.0647857975
0.6658354082  -0.6066012966  -0.0662848862
0.6643295262  -0.6052992051  -0.0678084270
0.6627991216  -0.6039780556  -0.0693566799
0.6612439388  -0.6026376192  -0.0709299037
0.6596637215  -0.6012776622  -0.0725283546
0.6580582125  -0.5998979477  -0.0741522863
0.6564271542  -0.5984982362  -0.0758019496
0.6547702884  -0.5970782851  -0.0774775929
0.6530873569  -0.5956378463  -0.0791794639
0.6513781015  -0.5941766557  -0.0809078127
0.6496422621  -0.5926941462  -0.0826628883
0.6478795718  -0.5911892635  -0.0844449299
0.6460897667  -0.5896618885  -0.0862541845
0.6442726132  -0.5881142477  -0.0880909446
0.6424279100  -0.5865488648  -0.0899555429
0.6405554395  -0.5849657409  -0.0918482994
0.6386549384  -0.5833629221  -0.0937694936
0.6367261204  -0.5817384446  -0.0957193743
0.6347687012  -0.5800910402  -0.0976981749
0.6327824080  -0.5784200869  -0.0997061219
0.6307669789  -0.5767253841  -0.1017434368
0.6287221593  -0.5750069027  -0.1038103369
0.6266476995  -0.5732646830  -0.1059070360
0.6245433539  -0.5714988230  -0.1080337443
0.6224088900  -0.5697094875  -0.1101906668
0.6202440898  -0.5678969063  -0.1123780045
0.6180487332  -0.5660613444  -0.1145959546
0.6158225965  -0.5642030968  -0.1168447079
0.6135654603  -0.5623224978  -0.1191244498
0.6112771100  -0.5604199174  -0.1214353617
0.6089573355  -0.5584957571  -0.1237776192
0.6066059312  -0.5565504459  -0.1261513918
0.6042227205  -0.5545844635  -0.1285568419
0.6018075986  -0.5525983853  -0.1309941223
0.5993604107  -0.5505927459  -0.1334633737
0.5968808931  -0.5485679666  -0.1359647221
0.5943687581  -0.5465244430  -0.1384982732
0.5918236992  -0.5444625470  -0.1410641023
0.5892453888  -0.5423826178  -0.1436622400
0.5866335013  -0.5402849839  -0.1462926428
0.5839878236  -0.5381700684  -0.1489551349
0.5813082693  -0.5360383506  -0.1516492851
0.5785944433  -0.5338900379  -0.1543710111
0.5758456565  -0.5317250666  -0.1571141392
0.5730625044  -0.5295441160  -0.1598820989
0.5702470809  -0.5273490813  -0.1626871307
0.5674006289  -0.5251418842  -0.1655379388
0.5645226311  -0.5229234632  -0.1684376078
0.5616119995  -0.5206939590  -0.1713867801
0.5586678808  -0.5184532065  -0.1743846468
0.5556897480  -0.5162009465  -0.1774300803
0.5526773090  -0.5139368191  -0.1805220793
0.5496303366  -0.5116603151  -0.1836595301
0.5465486553  -0.5093708516  -0.1868412026
0.5434321463  -0.5070677816  -0.1900657593
0.5402806485  -0.5047502631  -0.1933317605
0.5370939675  -0.5024172837  -0.1966376704
0.5338719795  -0.5000678096  -0.1999818637
0.5306145037  -0.4977006260  -0.2033626326
0.5273212683  -0.4953143003  -0.2067781929
0.5239920939  -0.4929074207  -0.2102266911
0.5206267486  -0.4904784180  -0.2137062098
0.5172249694  -0.4880256129  -0.2172147746
0.5137864430  -0.4855472095  -0.2207503596
0.5103107654  -0.4830412555  -0.2243108920
0.5067973829  -0.4805056028  -0.2278942578
0.5032455537  -0.4779378793  -0.2314983106
0.4996543431  -0.4753354980  -0.2351208798
0.4960223520  -0.4726953928  -0.2387597772
0.4923475515  -0.4700138874  -0.2424128039
0.4886268987  -0.4672863204  -0.2460777581
0.4848554266  -0.4645061676  -0.2497524395
0.4810245743  -0.4616634223  -0.2534346541
0.4771183516  -0.4587411738  -0.2571222372
0.4728986713  -0.4555012691  -0.2608130943
0.4683627482  -0.4519430710  -0.2645051542
0.4639853575  -0.4485402620  -0.2681962285
0.4599697548  -0.4454887617  -0.2718839932
0.4561975922  -0.4426638981  -0.2755661391
0.4525703991  -0.4399644615  -0.2792404763
0.4490125973  -0.4373137922  -0.2829049288
0.4454754832  -0.4346625042  -0.2865575099
0.4419552658  -0.4320060323  -0.2901963095
0.4384511082  -0.4293425993  -0.2938194928
0.4349626195  -0.4266709181  -0.2974253067
0.4314897130  -0.4239901276  -0.3010120871
0.4280323698  -0.4212995624  -0.3045782650
0.4245905931  -0.4185987075  -0.3081223755
0.4211644080  -0.4158871972  -0.3116430636
0.4177538591  -0.4131648112  -0.3151390910
0.4143590109  -0.4104314712  -0.3186093455
0.4109799459  -0.4076872354  -0.3220528481
0.4076167621  -0.4049322920  -0.3254687594
0.4042695717  -0.4021669525  -0.3288563879
0.4009384992  -0.3993916441  -0.3322151995
0.3976236797  -0.3966069015  -0.3355448262
0.3943252573  -0.3938133586  -0.3388450786
0.3910433836  -0.3910117390  -0.3421159591
0.3877782158  -0.3882028471  -0.3453576766
0.3845299163  -0.3853875579  -0.3485706665
0.3812986526  -0.3825668097  -0.3517556198
0.3780846007  -0.3797415976  -0.3549135217
0.3748879501  -0.3769129701  -0.3580457154
0.3717089207  -0.3740820352  -0.3611540151
0.3685477965  -0.3712500078  -0.3642409219
0.3654058261  -0.3684188811  -0.3673137316
0.3622852977  -0.3655914349  -0.3703841207
0.3591858352  -0.3627684983  -0.3734554985
0.3561030134  -0.3599478468  -0.3765208000
0.3530332134  -0.3571275498  -0.3795735871
0.3499762135  -0.3543078860  -0.3826111734
0.3469330783  -0.3514900349  -0.3856324879
0.3439047057  -0.3486751102  -0.3886375945
0.3408916301  -0.3458639995  -0.3916267907
0.3378939823  -0.3430573133  -0.3946001660
0.3349117139  -0.3402555154  -0.3975578075
0.3319447612  -0.3374590271  -0.4004998095
0.3289930569  -0.3346682343  -0.4034262709
0.3260565317  -0.3318834892  -0.4063372956
0.3231351156  -0.3291051106  -0.4092329923
0.3202287376  -0.3263333854  -0.4121134738
0.3173373258  -0.3235685688  -0.4149788562
0.3144608077  -0.3208108860  -0.4178292580
0.3115991099  -0.3180605327  -0.4206647994
0.3087521583  -0.3153176775  -0.4234856015
0.3059198782  -0.3125824624  -0.4262917851
0.3031021942  -0.3098550056  -0.4290834700
0.3002990307  -0.3071354021  -0.4318607739
0.2975103115  -0.3044237263  -0.4346238115
0.2947359604  -0.3017200334  -0.4373726937
0.2919759008  -0.2990243613  -0.4401075261
0.2892300560  -0.2963367325  -0.4428284083
0.2864983493  -0.2936571549  -0.4455354327
0.2837807039  -0.2909856234  -0.4482286830
0.2810770429  -0.2883221189  -0.4509082324
0.2783872890  -0.2856666051  -0.4535741409
0.2757113625  -0.2830189403  -0.4562264366
0.2730491752  -0.2803787806  -0.4588650813
0.2704006366  -0.2777459170  -0.4614899944
0.2677656756  -0.2751207709  -0.4641011649
0.2651442505  -0.2725041102  -0.4666986980
0.2625363239  -0.2698963701  -0.4692827385
0.2599418385  -0.2672975722  -0.4718534040
0.2573607207  -0.2647076211  -0.4744107838
0.2547928941  -0.2621264540  -0.4769549523
0.2522382847  -0.2595540692  -0.4794859782
0.2496968217  -0.2569905156  -0.4820039304
0.2471684365  -0.2544358613  -0.4845088782
0.2446530610  -0.2518901788  -0.4870008907
0.2421506276  -0.2493535437  -0.4894800365
0.2396610688  -0.2468260338  -0.4919463838
0.2371843173  -0.2443077294  -0.4944000004
0.2347203062  -0.2417987123  -0.4968409538
0.2322689686  -0.2392990660  -0.4992693111
0.2298302380  -0.2368088749  -0.5016851389
0.2274040480  -0.2343282237  -0.5040885038
0.2249903324  -0.2318571972  -0.5064794718
0.2225890252  -0.2293958795  -0.5088581087
0.2202000605  -0.2269443534  -0.5112244801
0.2178233729  -0.2245027000  -0.5135786514
0.2154588967  -0.2220709975  -0.5159206877
0.2131065668  -0.2196493211  -0.5182506540
0.2107663180  -0.2172377420  -0.5205686151
0.2084380853  -0.2148363267  -0.5228746357
0.2061218040  -0.2124451366  -0.5251687802
0.2038174093  -0.2100642267  -0.5274511134
0.2015248368  -0.2076936449  -0.5297216995
0.1992440220  -0.2053334283  -0.5319806032
0.1969749006  -0.2029835944  -0.5342278891
0.1947174083  -0.2006441395  -0.5364636226
0.1924714810  -0.1983150581  -0.5386878690
0.1902370548  -0.1959963675  -0.5409006933
0.1880140661  -0.1936881048  -0.5431021595
0.1858024512  -0.1913903091  -0.5452923306
0.1836021468  -0.1891030122  -0.5474712700
0.1814130895  -0.1868262391  -0.5496390406
0.1792352165  -0.1845600100  -0.5517957057
0.1770684648  -0.1823043423  -0.5539413283
0.1749127717  -0.1800592511  -0.5560759713
0.1727680746  -0.1778247494  -0.5581996973
0.1706343112  -0.1756008482  -0.5603125690
0.1685114191  -0.1733875566  -0.5624146487
0.1663993363  -0.1711848814  -0.5645059986
0.1642980009  -0.1689928276  -0.5665866809
0.1622073512  -0.1668113985  -0.5686567574
0.1601273254  -0.1646405950  -0.5707162898
0.1580578622  -0.1624804109  -0.5727653397
0.1559989003  -0.1603308279  -0.5748039684
0.1539503785  -0.1581918377  -0.5768322371
0.1519122362  -0.1560634603  -0.5788502069
0.1498844127  -0.1539457106  -0.5808579384
0.1478668475  -0.1518385793  -0.5828554922
0.1458594802  -0.1497420508  -0.5848429288
0.1438622507  -0.1476561103  -0.5868203084
0.1418750990  -0.1455807415  -0.5887876911
0.1398979653  -0.1435159257  -0.5907451366
0.1379307899  -0.1414616429  -0.5926927045
0.1359735134  -0.1394178714  -0.5946304545
0.1340260767  -0.1373845880  -0.5965584455
0.1320884207  -0.1353617682  -0.5984767367
0.1301604865  -0.1333493864  -0.6003853869
0.1282422156  -0.1313474157  -0.6022844547
0.1263335495  -0.1293558284  -0.6041739984
0.1244344300  -0.1273745957  -0.6060540763
0.1225447991  -0.1254036877  -0.6079247462
0.1206645992  -0.1234430739  -0.6097860659
0.1187937725  -0.1214927230  -0.6116380929
0.1169322617  -0.1195526029  -0.6134808845
0.1150800098  -0.1176226807  -0.6153144977
0.1132369597  -0.1157029231  -0.6171389894
0.1114030549  -0.1137932959  -0.6189544161
0.1095782389  -0.1118937644  -0.6207608341
0.1077624555  -0.1100042933  -0.6225582996
0.1059556486  -0.1081248464  -0.6243468684
0.1041577625  -0.1062553873  -0.6261265962
0.1023687416  -0.1043958786  -0.6278975383
0.1005885308  -0.1025462825  -0.6296597500
0.0988170749  -0.1007065604  -0.6314132860
0.0970543196  -0.0988767365  -0.6331582065
0.0953002110  -0.0970568531  -0.6348945775
0.0935546940  -0.0952467170  -0.6366224493
0.0918177126  -0.0934460962  -0.6383418575
0.0900892128  -0.0916550273  -0.6400528494
0.0883691419  -0.0898735692  -0.6417554792
0.0866574471  -0.0881016859  -0.6434497984
0.0849540753  -0.0863393396  -0.6451358584
0.0832589738  -0.0845864912  -0.6468137110
0.0815720902  -0.0828431002  -0.6484834080
0.0798933721  -0.0811091246  -0.6501450014
0.0782227676  -0.0793845212  -0.6517985437
0.0765602250  -0.0776692451  -0.6534440874
0.0749056926  -0.0759632502  -0.6550816854
0.0732591193  -0.0742664890  -0.6567113907
0.0716204539  -0.0725789128  -0.6583332569
0.0699896458  -0.0709004716  -0.6599473375
0.0683666443  -0.0692311144  -0.6615536864
0.0667513990  -0.0675707890  -0.6631523577
0.0651438599  -0.0659194424  -0.6647434057
0.0635439772  -0.0642770207  -0.6663268849
0.0619517013  -0.0626434693  -0.6679028497
0.0603669827  -0.0610187329  -0.6694713547
0.0587897724  -0.0594027555  -0.6710324543
0.0572200216  -0.0577954810  -0.6725862032
0.0556576817  -0.0561968527  -0.6741326554
0.0541027044  -0.0546068137  -0.6756718649
0.0525550416  -0.0530253068  -0.6772038855
0.0510146455  -0.0514522750  -0.6787287703
0.0494814686  -0.0498876609  -0.6802465718
0.0479554637  -0.0483314075  -0.6817573422
0.0464365838  -0.0467834578  -0.6832611324
0.0449251154  -0.0452438011  -0.6847793982
0.0434212284  -0.0437124034  -0.6863227894
0.0419240125  -0.0421890874  -0.6878547901
0.0404331695  -0.0406737685  -0.6893848801
0.0389491016  -0.0391664558  -0.6909124500
0.0374717564  -0.0376670950  -0.6924368011
0.0360010838  -0.0361756324  -0.6939571455
0.0345370356  -0.0346920148  -0.6954726061
0.0330795660  -0.0332161895  -0.6969822166
0.0316286314  -0.0317481044  -0.6984849213
0.0301841908  -0.0302877074  -0.6999795753
0.0287462056  -0.0288349471  -0.7014649446
0.0273146399  -0.0273897720  -0.7029397058
0.0258894606  -0.0259521310  -0.7044024463
0.0244706371  -0.0245219729  -0.7058516644
0.0230581419  -0.0230992469  -0.7072857689
0.0216519501  -0.0216839017  -0.7087030796
0.0202520398  -0.0202758862  -0.7101018268
0.0188583918  -0.0188751492  -0.7114801519
0.0174709900  -0.0174816392  -0.7128361067
0.0160898208  -0.0160953047  -0.7141676541
0.0147148733  -0.0147160937  -0.7154726674
0.0133461395  -0.0133439543  -0.7167489309
0.0119836134  -0.0119788342  -0.7179941397
0.0106272917  -0.0106206812  -0.7192058995
0.0092771730  -0.0092694428  -0.7203817268
0.0079332577  -0.0079250666  -0.7215190488
0.0065955478  -0.0065875002  -0.7226152037
0.0052640467  -0.0052566914  -0.7236674402
0.0039387583  -0.0039325883  -0.7246729179
0.0026196874  -0.0026151394  -0.7256287070
0.0013068383  -0.0013042936  -0.7265317887
0.0013063849  -0.0013042925  -0.7265317887
