0.110645
1.9269015500  -2.0145824512   0.0000630602
1.9269015500  -2.0145824512   0.0000630602
1.9269058413  -2.0145750535   0.0000516995
1.9269009914  -2.0145409332   0.0000233138
1.9268825461  -2.0144793209  -0.0000225675
1.9268466714  -2.0143850596  -0.0000864109
1.9267919748  -2.0142565300  -0.0001686789
1.9267176753  -2.0140929590  -0.0002698301
1.9266232213  -2.0138938840  -0.0003903191
1.9265081646  -2.0136589780  -0.0005305967
1.9263721099  -2.0133879780  -0.0006911096
1.9262146905  -2.0130806514  -0.0008723004
1.9260355562  -2.0127367791  -0.0010746081
1.9258343664  -2.0123561455  -0.0012984674
1.9256107865  -2.0119385329  -0.0015443092
1.9253644846  -2.0114837187  -0.0018125605
1.9250951309  -2.0109914730  -0.0021036442
1.9248023963  -2.0104615575  -0.0024179793
1.9244859513  -2.0098937247  -0.0027559809
1.9241454665  -2.0092877176  -0.0031180600
1.9237806113  -2.0086432697  -0.0035046237
1.9233910547  -2.0079601049  -0.0039160753
1.9229764641  -2.0072379376  -0.0043528140
1.9225365063  -2.0064764730  -0.0048152349
1.9220708466  -2.0056754074  -0.0053037294
1.9215791495  -2.0048344286  -0.0058186847
1.9210610780  -2.0039532162  -0.0063604844
1.9205162942  -2.0030314423  -0.0069295077
1.9199444594  -2.0020687716  -0.0075261302
1.9193452334  -2.0010648620  -0.0081507233
1.9187182756  -2.0000193654  -0.0088036545
1.9180632444  -1.9989319278  -0.0094852874
1.9173797868  -1.9978014276  -0.0101969476
1.9166675733  -1.9966281915  -0.0109381365
1.9159262746  -1.9954128014  -0.0117089117
1.9151555336  -1.9941543426  -0.0125095572
1.9143549997  -1.9928522357  -0.0133403815
1.9135243264  -1.9915060287  -0.0142017263
1.9126631672  -1.9901152949  -0.0150939316
1.9117711758  -1.9886796262  -0.0160173400
1.9108480060  -1.9871986214  -0.0169722956
1.9098933116  -1.9856718834  -0.0179591431
1.9089067465  -1.9840990199  -0.0189782279
1.9078879650  -1.9824796432  -0.0200298951
1.9068366218  -1.9808133711  -0.0211144896
1.9057523720  -1.9790998278  -0.0222323559
1.9046348711  -1.9773386442  -0.0233838375
1.9034837755  -1.9755294588  -0.0245692771
1.9022987423  -1.9736719183  -0.0257890163
1.9010794292  -1.9717656785  -0.0270433952
1.8998254953  -1.9698104051  -0.0283327526
1.8985366003  -1.9678057741  -0.0296574256
1.8972124054  -1.9657514721  -0.0310177494
1.8958525731  -1.9636471961  -0.0324140573
1.8944567669  -1.9614926550  -0.0338466801
1.8930246524  -1.9592875740  -0.0353159467
1.8915558964  -1.9570316961  -0.0368221832
1.8900501679  -1.9547247804  -0.0383657133
1.8885071375  -1.9523665999  -0.0399468579
1.8869264780  -1.9499569414  -0.0415659348
1.8853078646  -1.9474956050  -0.0432232588
1.8836509745  -1.9449824029  -0.0449191412
1.8819554874  -1.9424171568  -0.0466538897
1.8802210873  -1.9397994994  -0.0484278084
1.8784474802  -1.9371292299  -0.0502411972
1.8766343851  -1.9344066514  -0.0520943516
1.8747815139  -1.9316318584  -0.0539875628
1.8728885770  -1.9288046418  -0.0559211180
1.8709552873  -1.9259248847  -0.0578952997
1.8689813623  -1.9229925279  -0.0599103858
1.8669665242  -1.9200075428  -0.0619666496
1.8649105001  -1.9169699289  -0.0640643595
1.8628130218  -1.9138797059  -0.0662037791
1.8606738263  -1.9107369066  -0.0683851668
1.8584926555  -1.9075415773  -0.0706087759
1.8562692569  -1.9042937807  -0.0728748540
1.8540033829  -1.9009935968  -0.0751836436
1.8516947917  -1.8976411210  -0.0775353815
1.8493432471  -1.8942364628  -0.0799302987
1.8469485186  -1.8907797451  -0.0823686204
1.8445103819  -1.8872711041  -0.0848505658
1.8420286183  -1.8837106883  -0.0873763481
1.8395030157  -1.8800986593  -0.0899461740
1.8369333679  -1.8764351909  -0.0925602438
1.8343194743  -1.8727204679  -0.0952187451
1.8316611392  -1.8689546861  -0.0979218491
1.8289581741  -1.8651380523  -0.1006697237
1.8262103993  -1.8612707845  -0.1034625453
1.8234176437  -1.8573531139  -0.1063004978
1.8205797434  -1.8533852866  -0.1091837694
1.8176965415  -1.8493675611  -0.1121125514
1.8147678879  -1.8453002082  -0.1150870369
1.8117936390  -1.8411835101  -0.1181074149
1.8087736556  -1.8370177602  -0.1211738536
1.8057078020  -1.8328032521  -0.1242864885
1.8025959483  -1.8285402761  -0.1274454277
1.7994379744  -1.8242291458  -0.1306507573
1.7962337674  -1.8198702044  -0.1339025410
1.7929832197  -1.8154638028  -0.1372008213
1.7896862311  -1.8110102962  -0.1405456203
1.7863427095  -1.8065100551  -0.1439369412
1.7829525713  -1.8019635074  -0.1473747740
1.7795157443  -1.7973711510  -0.1508591130
1.7760321689  -1.7927333425  -0.1543899643
1.7725017944  -1.7880500879  -0.1579673344
1.7689245744  -1.7833213428  -0.1615912226
1.7653004694  -1.7785474621  -0.1652616229
1.7616294531  -1.7737291577  -0.1689785232
1.7579115094  -1.7688672144  -0.1727419063
1.7541466300  -1.7639623864  -0.1765517516
1.7503348153  -1.7590154100  -0.1804080367
1.7464760742  -1.7540270058  -0.1843107368
1.7425704244  -1.7489978767  -0.1882598246
1.7386178914  -1.7439287065  -0.1922552698
1.7346185091  -1.7388201597  -0.1962970400
1.7305723119  -1.7336728753  -0.2003851004
1.7264789730  -1.7284871178  -0.2045194151
1.7223381374  -1.7232630921  -0.2086999479
1.7181500619  -1.7180015734  -0.2129266616
1.7139153266  -1.7127036420  -0.2171995170
1.7096345712  -1.7073704223  -0.2215184723
1.7053084881  -1.7020030790  -0.2258834835
1.7009378185  -1.6966028233  -0.2302945063
1.6965233498  -1.6911709078  -0.2347514962
1.6920656670  -1.6857083924  -0.2392544082
1.6875645954  -1.6802155975  -0.2438031950
1.6830196219  -1.6746924628  -0.2483978073
1.6784304106  -1.6691390623  -0.2530381938
1.6737965904  -1.6635554445  -0.2577243030
1.6691177444  -1.6579416201  -0.2624560831
1.6643934097  -1.6522975644  -0.2672334800
1.6596230770  -1.6466232169  -0.2720564348
1.6548061912  -1.6409184743  -0.2769248823
1.6499424255  -1.6351833988  -0.2818387275
1.6450322310  -1.6294189762  -0.2867978563
1.6400761637  -1.6236268738  -0.2918022637
1.6350743613  -1.6178085558  -0.2968520871
1.6300269193  -1.6119648444  -0.3019474079
1.6249338659  -1.6060960601  -0.3070881467
1.6197952082  -1.6002026896  -0.3122741592
1.6146109865  -1.5942854888  -0.3175053048
1.6093812939  -1.5883453737  -0.3227814472
1.6041062693  -1.5823833782  -0.3281024494
1.5987860436  -1.5764005353  -0.3334681717
1.5934207288  -1.5703978510  -0.3388784726
1.5880104441  -1.5643763621  -0.3443332091
1.5825553165  -1.5583371345  -0.3498322335
1.5770554818  -1.5522812624  -0.3553754029
1.5715111197  -1.5462099391  -0.3609625872
1.5659224483  -1.5401244408  -0.3665936604
1.5602896602  -1.5340259844  -0.3722684794
1.5546129138  -1.5279157142  -0.3779868426
1.5488923597  -1.5217947549  -0.3837484967
1.5431281693  -1.5156642417  -0.3895532137
1.5373205790  -1.5095254052  -0.3954007930
1.5314698624  -1.5033795389  -0.4012909976
1.5255762451  -1.4972278242  -0.4072235571
1.5196399190  -1.4910713372  -0.4131981922
1.5136610826  -1.4849111265  -0.4192146077
1.5076399528  -1.4787482377  -0.4252724795
1.5015768155  -1.4725838047  -0.4313714383
1.4954719470  -1.4664188845  -0.4375110398
1.4893255380  -1.4602543096  -0.4436906986
1.4831377111  -1.4540907297  -0.4499095292
1.4769084546  -1.4479284009  -0.4561658822
1.4706363909  -1.4417658565  -0.4624521634
1.4643213754  -1.4356032683  -0.4687671834
1.4579695584  -1.4294486112  -0.4751278742
1.4515863766  -1.4233099674  -0.4815453779
1.4451693408  -1.4171864607  -0.4880175132
1.4387143945  -1.4110741249  -0.4945418571
1.4322203476  -1.4049712139  -0.5011170000
1.4256871731  -1.3988771158  -0.5077415283
1.4191150903  -1.3927914178  -0.5144139265
1.4125043294  -1.3867135084  -0.5211325830
1.4058550668  -1.3806425029  -0.5278957982
1.3991675801  -1.3745775535  -0.5347017928
1.3924420986  -1.3685176085  -0.5415487148
1.3856787339  -1.3624612910  -0.5484346467
1.3788777540  -1.3564073474  -0.5553576120
1.3720394188  -1.3503543913  -0.5623155804
1.3651642176  -1.3443011336  -0.5693064751
1.3582521152  -1.3382457335  -0.5763281805
1.3513012021  -1.3321843425  -0.5833785499
1.3443107614  -1.3261142537  -0.5904554109
1.3372832057  -1.3200359449  -0.5975565694
1.3302199937  -1.3139489197  -0.6046798132
1.3231208911  -1.3078509312  -0.6118229198
1.3159856542  -1.3017396728  -0.6189836637
1.3088138304  -1.2956126486  -0.6261598222
1.3016046720  -1.2894671210  -0.6333491805
1.2943566276  -1.2832995832  -0.6405495363
1.2870670342  -1.2771054799  -0.6477587047
1.2797310947  -1.2708782038  -0.6549745270
1.2723398216  -1.2646070740  -0.6621948803
1.2648746051  -1.2582719162  -0.6694176925
1.2572900641  -1.2518252258  -0.6766410164
1.2492331941  -1.2449163015  -0.6838630280
1.2412347557  -1.2380824057  -0.6910816980
1.2338982916  -1.2319251869  -0.6982946283
1.2268025004  -1.2260141180  -0.7054994768
1.2197389117  -1.2201324988  -0.7126942592
1.2126901199  -1.2142573544  -0.7198771929
1.2056555950  -1.2083851750  -0.7270465644
1.1986351302  -1.2025136323  -0.7342007367
1.1916285321  -1.1966406085  -0.7413381654
1.1846356347  -1.1907641590  -0.7484574064
1.1776563004  -1.1848825167  -0.7555571211
1.1706904187  -1.1789940967  -0.7626360807
1.1637379064  -1.1730974982  -0.7696931753
1.1567987071  -1.1671915056  -0.7767274178
1.1498727875  -1.1612750879  -0.7837379468
1.1429601348  -1.1553473964  -0.7907240285
1.1360607576  -1.1494077652  -0.7976850679
1.1291747009  -1.1434557156  -0.8046206594
1.1223020490  -1.1374909540  -0.8115305961
1.1154428820  -1.1315133524  -0.8184147945
1.1085972518  -1.1255229323  -0.8252732787
1.1017652185  -1.1195198652  -0.8321062424
1.0949468735  -1.1135044735  -0.8389140706
1.0881423250  -1.1074772199  -0.8456973415
1.0813516892  -1.1014386950  -0.8524568421
1.0745750937  -1.0953896097  -0.8591935948
1.0678126850  -1.0893307875  -0.8659088994
1.0610646413  -1.0832631630  -0.8726043991
1.0543312017  -1.0771877886  -0.8792822064
1.0476127365  -1.0711058706  -0.8859451691
1.0409099474  -1.0650189820  -0.8925975593
1.0342259245  -1.0589296027  -0.8992514700
1.0275625179  -1.0528396962  -0.9059146496
1.0209121178  -1.0467480492  -0.9125748731
1.0142661356  -1.0406522495  -0.9192213722
1.0076259058  -1.0345520826  -0.9258548871
1.0009956079  -1.0284485759  -0.9324765942
0.9943763560  -1.0223423922  -0.9390867404
0.9877680949  -1.0162338977  -0.9456854882
0.9811706821  -1.0101233786  -0.9522730054
0.9745839755  -1.0040110836  -0.9588494658
0.9680078340  -0.9978972266  -0.9654150491
0.9614421175  -0.9917819869  -0.9719699401
0.9548866865  -0.9856655088  -0.9785143278
0.9483414022  -0.9795479020  -0.9850484047
0.9418061260  -0.9734292419  -0.9915723660
0.9352807197  -0.9673095701  -0.9980864085
0.9287650456  -0.9611888952  -1.0045907298
0.9222589661  -0.9550671969  -1.0110855268
0.9157623440  -0.9489444290  -1.0175709942
0.9092750418  -0.9428205179  -1.0240473229
0.9027969231  -0.9366953578  -1.0305147004
0.8963278526  -0.9305688147  -1.0369733098
0.8898676958  -0.9244407344  -1.0434233284
0.8834163189  -0.9183109465  -1.0498649257
0.8769735887  -0.9121792648  -1.0562982623
0.8705393726  -0.9060454907  -1.0627234887
0.8641135391  -0.8999094163  -1.0691407430
0.8576959573  -0.8937708301  -1.0755501496
0.8512864967  -0.8876295232  -1.0819518154
0.8448850263  -0.8814853003  -1.0883458258
0.8384914126  -0.8753380031  -1.0947322340
0.8321055052  -0.8691876801  -1.1011110084
0.8257271310  -0.8630344860  -1.1074820167
0.8193561665  -0.8568778688  -1.1138452279
0.8129926081  -0.8507165695  -1.1202008649
0.8066364781  -0.8445498636  -1.1265492057
0.8002876974  -0.8383778057  -1.1328903993
0.7939461207  -0.8322004583  -1.1392245299
0.7876116211  -0.8260176741  -1.1455516866
0.7812840989  -0.8198292657  -1.1518719619
0.7749634629  -0.8136350636  -1.1581854462
0.7686496245  -0.8074349191  -1.1644922275
0.7623424973  -0.8012287043  -1.1707923910
0.7560419973  -0.7950163126  -1.1770860193
0.7497480426  -0.7887976582  -1.1833731924
0.7434605538  -0.7825726751  -1.1896539875
0.7371794537  -0.7763413173  -1.1959284791
0.7309046677  -0.7701035588  -1.2021967392
0.7246361234  -0.7638593924  -1.2084588368
0.7183737508  -0.7576088258  -1.2147148384
0.7121174824  -0.7513518780  -1.2209648078
0.7058672534  -0.7450885791  -1.2272088060
0.6996230010  -0.7388189699  -1.2334468917
0.6933846655  -0.7325430997  -1.2396791205
0.6871521893  -0.7262610237  -1.2459055456
0.6809255177  -0.7199727996  -1.2521262178
0.6747045983  -0.7136784855  -1.2583411850
0.6684893815  -0.7073781360  -1.2645504928
0.6622798204  -0.7010717996  -1.2707541841
0.6560758708  -0.6947595135  -1.2769522997
0.6498774909  -0.6884412981  -1.2831448777
0.6436846422  -0.6821171469  -1.2893319544
0.6374972886  -0.6757869888  -1.2955135640
0.6313153972  -0.6694506463  -1.3016897401
0.6251389383  -0.6631079327  -1.3078605146
0.6189678839  -0.6567588449  -1.3140259155
0.6128022076  -0.6504035541  -1.3201859640
0.6066418853  -0.6440422183  -1.3263406772
0.6004868968  -0.6376749182  -1.3324900701
0.5943372257  -0.6313017164  -1.3386341559
0.5881928588  -0.6249226885  -1.3447729453
0.5820537853  -0.6185379201  -1.3509064456
0.5759199977  -0.6121475048  -1.3570346610
0.5697914911  -0.6057515442  -1.3631575929
0.5636682639  -0.5993501482  -1.3692752393
0.5575503175  -0.5929434350  -1.3753875954
0.5514376564  -0.5865313662  -1.3814946534
0.5453302882  -0.5801135839  -1.3875964028
0.5392282239  -0.5736900935  -1.3936928302
0.5331314775  -0.5672618257  -1.3997839165
0.5270400654  -0.5608296648  -1.4058696383
0.5209540079  -0.5543938066  -1.4119499700
0.5148733293  -0.5479543029  -1.4180248845
0.5087980571  -0.5415113011  -1.4240943511
0.5027282217  -0.5350649451  -1.4301583363
0.4966638570  -0.5286153742  -1.4362168032
0.4906049998  -0.5221627257  -1.4422697115
0.4845516906  -0.5157071381  -1.4483170179
0.4785039729  -0.5092487540  -1.4543586758
0.4724618937  -0.5027877234  -1.4603946350
0.4664255033  -0.4963242059  -1.4664248422
0.4603948554  -0.4898583744  -1.4724492404
0.4543700069  -0.4833904167  -1.4784677692
0.4483510183  -0.4769205387  -1.4844803647
0.4423379531  -0.4704489661  -1.4904869594
0.4363308785  -0.4639759468  -1.4964874822
0.4303298647  -0.4575017517  -1.5024818587
0.4243349855  -0.4510266759  -1.5084700106
0.4183463180  -0.4445510396  -1.5144518564
0.4123639424  -0.4380751893  -1.5204273111
0.4063879425  -0.4315994987  -1.5263962862
0.4004184050  -0.4251243684  -1.5323586900
0.3944554200  -0.4186502262  -1.5383144273
0.3884990808  -0.4121775260  -1.5442634000
0.3825494838  -0.4057067478  -1.5502055066
0.3766067284  -0.3992383962  -1.5561406427
0.3706709170  -0.3927729997  -1.5620687010
0.3647421552  -0.3863111085  -1.5679895714
0.3588205674  -0.3798556936  -1.5739032353
0.3529063026  -0.3734105939  -1.5798097791
0.3469994541  -0.3669707663  -1.5857090160
0.3411000444  -0.3605293721  -1.5916005073
0.3352081622  -0.3540897626  -1.5974840197
0.3293239748  -0.3476564135  -1.6033594430
0.3234476337  -0.3412302586  -1.6092266205
0.3175792712  -0.3348122172  -1.6150854004
0.3117190221  -0.3284031993  -1.6209356368
0.3058670238  -0.3220040983  -1.6267771901
0.3000234150  -0.3156157856  -1.6326099278
0.2941883361  -0.3092391056  -1.6384337248
0.2883619281  -0.3028748717  -1.6442484642
0.2825443325  -0.2965238627  -1.6500540370
0.2767356911  -0.2901868203  -1.6558503429
0.2709361450  -0.2838644472  -1.6616372899
0.2651458350  -0.2775574063  -1.6674147945
0.2593649009  -0.2712663197  -1.6731827812
0.2535934815  -0.2649917696  -1.6789411829
0.2478317143  -0.2587342983  -1.6846899396
0.2420797354  -0.2524944101  -1.6904289987
0.2363376797  -0.2462725729  -1.6961583137
0.2306056803  -0.2400692205  -1.7018778439
0.2248838689  -0.2338847550  -1.7075875533
0.2191723757  -0.2277195497  -1.7132874099
0.2134713291  -0.2215739526  -1.7189773842
0.2077808562  -0.2154482890  -1.7246574483
0.2021010821  -0.2093428655  -1.7303275746
0.1964321301  -0.2032579733  -1.7359877343
0.1907741220  -0.1971938912  -1.7416378960
0.1851271772  -0.1911508896  -1.7472780244
0.1794914129  -0.1851292416  -1.7529080778
0.1738726577  -0.1791317959  -1.7586135988
0.1682747077  -0.1731602599  -1.7644369744
0.1626828445  -0.1672080486  -1.7702317316
0.1570928635  -0.1612736621  -1.7760355150
0.1515125581  -0.1553610077  -1.7818455815
0.1459419181  -0.1494703990  -1.7876588278
0.1403809608  -0.1436021787  -1.7934717897
0.1348297320  -0.1377567131  -1.7992806425
0.1292883075  -0.1319343898  -1.8050812005
0.1237567938  -0.1261356134  -1.8108689179
0.1182353298  -0.1203608018  -1.8166388877
0.1127240871  -0.1146103808  -1.8223858425
0.1072232709  -0.1088847782  -1.8281041543
0.1017331209  -0.1031844179  -1.8337878343
0.0962539112  -0.0975097125  -1.8394305331
0.0907859508  -0.0918610568  -1.8450255405
0.0853295835  -0.0862388203  -1.8505657860
0.0798851873  -0.0806433404  -1.8560438381
0.0744531744  -0.0750749153  -1.8614519048
0.0690339899  -0.0695337979  -1.8667818333
0.0636281108  -0.0640201904  -1.8720251103
0.0582360449  -0.0585342395  -1.8771728618
0.0528583286  -0.0530760340  -1.8822158531
0.0474955247  -0.0476456023  -1.8871444888
0.0421482205  -0.0422429131  -1.8919488130
0.0368170244  -0.0368678772  -1.8966185091
0.0315025624  -0.0315203515  -1.9011428996
0.0262054748  -0.0262001452  -1.9055109466
0.0209264115  -0.0209070278  -1.9097112515
0.0156660276  -0.0156407389  -1.9137320550
0.0104249776  -0.0104009996  -1.9175612371
0.0052039097  -0.0051875254  -1.9211863173
0.0051966289  -0.0051874550  -1.9211863173
