0.0866856
2.2165943536  -2.3492739717   0.0000802197
2.2165943536  -2.3492739717   0.0000802197
2.2165993491  -2.3492610777   0.0000646912
2.2165923291  -2.3492102471   0.0000268747
2.2165675814  -2.3491209469  -0.0000338753
2.2165199143  -2.3489854093  -0.0001181963
2.2164474662  -2.3488013073  -0.0002267171
2.2163492003  -2.3485675941  -0.0003600586
2.2162243883  -2.3482836889  -0.0005188332
2.2160724424  -2.3479492137  -0.0007036449
2.2158928462  -2.3475638849  -0.0009150897
2.2156851231  -2.3471274637  -0.0011537551
2.2154488197  -2.3466397294  -0.0014202203
2.2151834971  -2.3461004665  -0.0017150562
2.2148887253  -2.3455094552  -0.0020388255
2.2145640802  -2.3448664680  -0.0023920826
2.2142091415  -2.3441712658  -0.0027753733
2.2138234914  -2.3434235969  -0.0031892356
2.2134067141  -2.3426231963  -0.0036341988
2.2129583948  -2.3417697849  -0.0041107840
2.2124781198  -2.3408630700  -0.0046195041
2.2119654762  -2.3399027453  -0.0051608637
2.2114200516  -2.3388884914  -0.0057353590
2.2108414344  -2.3378199766  -0.0063434779
2.2102292138  -2.3366968573  -0.0069857001
2.2095829795  -2.3355187791  -0.0076624970
2.2089023225  -2.3342853771  -0.0083743315
2.2081868344  -2.3329962774  -0.0091216584
2.2074361084  -2.3316510978  -0.0099049241
2.2066497387  -2.3302494484  -0.0107245669
2.2058273212  -2.3287909332  -0.0115810165
2.2049684534  -2.3272751508  -0.0124746946
2.2040727241  -2.3257006106  -0.0134072777
2.2031397496  -2.3240679050  -0.0143780663
2.2021691479  -2.3223779576  -0.0153870817
2.2011605101  -2.3206295628  -0.0164346243
2.2001134392  -2.3188220294  -0.0175210270
2.1990275464  -2.3169548390  -0.0186466648
2.1979024468  -2.3150275127  -0.0198119080
2.1967377590  -2.3130396053  -0.0210171262
2.1955331056  -2.3109906883  -0.0222626879
2.1942881132  -2.3088803463  -0.0235489591
2.1930024124  -2.3067081768  -0.0248763027
2.1916756387  -2.3044737899  -0.0262450779
2.1903074319  -2.3021768095  -0.0276556402
2.1888974370  -2.2998168732  -0.0291083401
2.1874453041  -2.2973936336  -0.0306035238
2.1859506884  -2.2949067581  -0.0321415319
2.1844132485  -2.2923559285  -0.0337226998
2.1828326459  -2.2897408412  -0.0353473572
2.1812085497  -2.2870612132  -0.0370158270
2.1795406375  -2.2843167841  -0.0387284238
2.1778285932  -2.2815073146  -0.0404854539
2.1760721074  -2.2786325870  -0.0422872148
2.1742708777  -2.2756924064  -0.0441339956
2.1724246084  -2.2726866015  -0.0460260767
2.1705330114  -2.2696150253  -0.0479637296
2.1685958058  -2.2664775561  -0.0499472175
2.1666127185  -2.2632740986  -0.0519767948
2.1645834839  -2.2600045842  -0.0540527073
2.1625078448  -2.2566689722  -0.0561751934
2.1603855519  -2.2532672495  -0.0583444869
2.1582163650  -2.2497994314  -0.0605608184
2.1560000517  -2.2462652802  -0.0628244124
2.1537363865  -2.2426647652  -0.0651354858
2.1514251538  -2.2389985441  -0.0674942478
2.1490661463  -2.2352670115  -0.0699009011
2.1466591365  -2.2314701410  -0.0723556417
2.1442039027  -2.2276080403  -0.0748586587
2.1417002629  -2.2236809199  -0.0774101340
2.1391480530  -2.2196890321  -0.0800102420
2.1365471201  -2.2156326550  -0.0826591495
2.1338973227  -2.2115120893  -0.0853570153
2.1311985302  -2.2073276635  -0.0881039901
2.1284506236  -2.2030797394  -0.0909002164
2.1256534946  -2.1987687132  -0.0937458291
2.1228070460  -2.1943950152  -0.0966409547
2.1199111912  -2.1899591102  -0.0995857122
2.1169658546  -2.1854614989  -0.1025802127
2.1139709706  -2.1809027145  -0.1056245598
2.1109264875  -2.1762833198  -0.1087188498
2.1078323602  -2.1716039014  -0.1118631711
2.1046885103  -2.1668650233  -0.1150576042
2.1014948259  -2.1620672212  -0.1183022217
2.0982511920  -2.1572110374  -0.1215970878
2.0949574925  -2.1522970233  -0.1249422588
2.0916136113  -2.1473257395  -0.1283377827
2.0882194326  -2.1422977542  -0.1317836992
2.0847748407  -2.1372136433  -0.1352800399
2.0812797215  -2.1320739906  -0.1388268281
2.0777339624  -2.1268793886  -0.1424240790
2.0741374531  -2.1216304360  -0.1460717988
2.0704901360  -2.1163277905  -0.1497699856
2.0667921095  -2.1109722812  -0.1535186284
2.0630434909  -2.1055647509  -0.1573177044
2.0592443115  -2.1001059325  -0.1611671676
2.0553946056  -2.0945965776  -0.1650669566
2.0514944215  -2.0890374860  -0.1690170243
2.0475438253  -2.0834294796  -0.1730173467
2.0435428954  -2.0777733893  -0.1770679151
2.0394917199  -2.0720700640  -0.1811687316
2.0353903935  -2.0663204040  -0.1853197948
2.0312390129  -2.0605253728  -0.1895210680
2.0270376741  -2.0546858013  -0.1937724639
2.0227864745  -2.0488021516  -0.1980738552
2.0184855174  -2.0428747539  -0.2024250826
2.0141349143  -2.0369042733  -0.2068259531
2.0097347873  -2.0308917366  -0.2112762410
2.0052852699  -2.0248382626  -0.2157756948
2.0007865106  -2.0187449358  -0.2203240623
1.9962386757  -2.0126128129  -0.2249211085
1.9916419459  -2.0064429300  -0.2295665994
1.9869965130  -2.0002362988  -0.2342602899
1.9823025720  -1.9939938940  -0.2390019285
1.9775603206  -1.9877166499  -0.2437912593
1.9727699642  -1.9814054688  -0.2486280239
1.9679317167  -1.9750612235  -0.2535119628
1.9630457996  -1.9686847592  -0.2584428163
1.9581124422  -1.9622768962  -0.2634203233
1.9531318831  -1.9558384365  -0.2684442229
1.9481043741  -1.9493701713  -0.2735142550
1.9430301740  -1.9428728752  -0.2786301616
1.9379095460  -1.9363473059  -0.2837916884
1.9327427597  -1.9297942154  -0.2889985855
1.9275300909  -1.9232143524  -0.2942506028
1.9222718201  -1.9166084622  -0.2995474881
1.9169680339  -1.9099770972  -0.3048889896
1.9116182631  -1.9033202640  -0.3102748584
1.9062226708  -1.8966385757  -0.3157048482
1.9007825368  -1.8899337620  -0.3211787124
1.8952993200  -1.8832077736  -0.3266962031
1.8897745482  -1.8764626505  -0.3322570713
1.8842098091  -1.8697005167  -0.3378610664
1.8786060978  -1.8629230270  -0.3435079136
1.8729631023  -1.8561305713  -0.3491973168
1.8672800833  -1.8493226265  -0.3549290746
1.8615565415  -1.8424985025  -0.3607031349
1.8557919019  -1.8356580610  -0.3665194237
1.8499854546  -1.8288018621  -0.3723777203
1.8441363862  -1.8219303088  -0.3782777336
1.8382440718  -1.8150436065  -0.3842191812
1.8323090597  -1.8081431282  -0.3902017911
1.8263322781  -1.8012306843  -0.3962252920
1.8203140090  -1.7943073704  -0.4022894146
1.8142544433  -1.7873741783  -0.4083938962
1.8081537778  -1.7804321200  -0.4145384788
1.8020122151  -1.7734822302  -0.4207229098
1.7958299952  -1.7665256345  -0.4269469416
1.7896073985  -1.7595635509  -0.4332103293
1.7833446824  -1.7525971437  -0.4395128320
1.7770420781  -1.7456275133  -0.4458542154
1.7706998216  -1.7386557641  -0.4522342526
1.7643181470  -1.7316829938  -0.4586526970
1.7578973176  -1.7247103667  -0.4651092588
1.7514376414  -1.7177391180  -0.4716036728
1.7449394251  -1.7107704253  -0.4781357408
1.7384029546  -1.7038053936  -0.4847052716
1.7318284978  -1.6968450850  -0.4913120550
1.7252163420  -1.6898905790  -0.4979558837
1.7185668348  -1.6829430440  -0.5046365444
1.7118802845  -1.6760035359  -0.5113537701
1.7051569102  -1.6690728931  -0.5181071969
1.6983968909  -1.6621518297  -0.5248963104
1.6916004003  -1.6552409950  -0.5317203211
1.6847675298  -1.6483407183  -0.5385778190
1.6778970210  -1.6414494556  -0.5454623860
1.6709883463  -1.6345666756  -0.5523715446
1.6640468006  -1.6276993188  -0.5593184032
1.6570781808  -1.6208558608  -0.5663140911
1.6500810216  -1.6140364382  -0.5733579055
1.6430512685  -1.6072369709  -0.5804473738
1.6359875282  -1.6004554637  -0.5875811563
1.6288898907  -1.5936914165  -0.5947579873
1.6217584976  -1.5869442429  -0.6019764958
1.6145934041  -1.5802130647  -0.6092352218
1.6073948257  -1.5734970988  -0.6165326352
1.6001630512  -1.5667954852  -0.6238671393
1.5928983047  -1.5601070887  -0.6312370777
1.5856008955  -1.5534308187  -0.6386407392
1.5782710726  -1.5467654035  -0.6460763635
1.5709089911  -1.5401093194  -0.6535421470
1.5635149420  -1.5334611621  -0.6610362498
1.5560892514  -1.5268194472  -0.6685568015
1.5486323479  -1.5201827428  -0.6761019069
1.5411430302  -1.5135479341  -0.6836696517
1.5336195683  -1.5069113001  -0.6912581062
1.5260636652  -1.5002726139  -0.6988653296
1.5184772741  -1.4936319406  -0.7064893747
1.5108602900  -1.4869872565  -0.7141282937
1.5032122968  -1.4803361720  -0.7217801438
1.4955326735  -1.4736761216  -0.7294429904
1.4878203261  -1.4670041220  -0.7371149115
1.4800731768  -1.4603162410  -0.7447940060
1.4722875826  -1.4536070327  -0.7524783998
1.4644567291  -1.4468679543  -0.7601662535
1.4565667772  -1.4400834946  -0.7678557728
1.4485834207  -1.4332167504  -0.7755452755
1.4402089818  -1.4259697538  -0.7832332093
1.4318038375  -1.4187107406  -0.7909178741
1.4239395354  -1.4120141626  -0.7985972239
1.4163536264  -1.4056095088  -0.8062692038
1.4088078214  -1.3992493398  -0.8139320737
1.4012753313  -1.3929000225  -0.8215843074
1.3937555761  -1.3865574417  -0.8292244477
1.3862483173  -1.3802191783  -0.8368511026
1.3787533253  -1.3738830634  -0.8444629678
1.3712703959  -1.3675470893  -0.8520588310
1.3637993484  -1.3612094176  -0.8596375729
1.3563400258  -1.3548683823  -0.8671981729
1.3488922941  -1.3485224910  -0.8747397134
1.3414560418  -1.3421704266  -0.8822613837
1.3340311794  -1.3358110481  -0.8897624878
1.3266176385  -1.3294433903  -0.8972424470
1.3192153678  -1.3230666616  -0.9047008013
1.3118243311  -1.3166802415  -0.9121372118
1.3044445160  -1.3102836817  -0.9195514949
1.2970759487  -1.3038767065  -0.9269436621
1.2897186658  -1.2974591984  -0.9343138628
1.2823726721  -1.2910311769  -0.9416623350
1.2750379640  -1.2845927937  -0.9489894582
1.2677145654  -1.2781443348  -0.9562957909
1.2604025203  -1.2716862125  -0.9635820732
1.2531018821  -1.2652189543  -0.9708492444
1.2458127182  -1.2587431968  -0.9780984755
1.2385351216  -1.2522596848  -0.9853312222
1.2312692326  -1.2457692774  -0.9925493186
1.2240152912  -1.2392729754  -0.9997551745
1.2167737935  -1.2327721169  -1.0069522975
1.2095472948  -1.2262688705  -1.0141507280
1.2023378772  -1.2197651828  -1.0213585231
1.1951396507  -1.2132603502  -1.0285670391
1.1879443849  -1.2067520899  -1.0357659219
1.1807520132  -1.2002396417  -1.0429546871
1.1735662590  -1.1937236329  -1.0501346594
1.1663884871  -1.1872046085  -1.0573061810
1.1592186502  -1.1806828192  -1.0644694582
1.1520565601  -1.1741584191  -1.0716247015
1.1449020287  -1.1676315254  -1.0787721275
1.1377548688  -1.1611022247  -1.0859119579
1.1306148938  -1.1545705721  -1.0930444193
1.1234819175  -1.1480365908  -1.1001697424
1.1163557540  -1.1415002728  -1.1072881613
1.1092362177  -1.1349615796  -1.1143999129
1.1021231230  -1.1284204431  -1.1215052357
1.0950162843  -1.1218767660  -1.1286043695
1.0879155160  -1.1153304226  -1.1356975538
1.0808206328  -1.1087812616  -1.1427850275
1.0737314490  -1.1022291129  -1.1498670265
1.0666477788  -1.0956737873  -1.1569437830
1.0595694365  -1.0891150678  -1.1640155248
1.0524962374  -1.0825527081  -1.1710824755
1.0454279973  -1.0759864452  -1.1781448528
1.0383645322  -1.0694160069  -1.1852028668
1.0313056584  -1.0628411124  -1.1922567189
1.0242511924  -1.0562614742  -1.1993066004
1.0172009510  -1.0496768038  -1.2063526904
1.0101547508  -1.0430868203  -1.2133951540
1.0031124079  -1.0364912645  -1.2204341377
0.9960737359  -1.0298899328  -1.2274697621
0.9890385330  -1.0232829610  -1.2345020762
0.9820065730  -1.0166707475  -1.2415310327
0.9749776659  -1.0100525965  -1.2485566493
0.9679517332  -1.0034263997  -1.2555791672
0.9609287376  -0.9967906819  -1.2625989087
0.9539085560  -0.9901454330  -1.2696160940
0.9468909916  -0.9834908666  -1.2766308720
0.9398758553  -0.9768268004  -1.2836433905
0.9328629848  -0.9701529051  -1.2906538024
0.9258522281  -0.9634688576  -1.2976622592
0.9188434355  -0.9567743544  -1.3046689107
0.9118364588  -0.9500691120  -1.3116739044
0.9048311518  -0.9433528671  -1.3186773861
0.8978273698  -0.9366253765  -1.3256794991
0.8908249699  -0.9298864155  -1.3326803848
0.8838238112  -0.9231357783  -1.3396801826
0.8768237543  -0.9163732805  -1.3466790296
0.8698246620  -0.9095987586  -1.3536770605
0.8628263987  -0.9028120634  -1.3606744081
0.8558288309  -0.8960130547  -1.3676712029
0.8488318271  -0.8892016004  -1.3746675732
0.8418352578  -0.8823775767  -1.3816636455
0.8348389956  -0.8755408672  -1.3886595436
0.8278429151  -0.8686913607  -1.3956553896
0.8208468931  -0.8618289477  -1.4026513031
0.8138508085  -0.8549535171  -1.4096474017
0.8068545426  -0.8480649528  -1.4166438007
0.7998579789  -0.8411631302  -1.4236406133
0.7928610032  -0.8342479110  -1.4306379508
0.7858635036  -0.8273191371  -1.4376359220
0.7788653711  -0.8203766204  -1.4446346342
0.7718664988  -0.8134201016  -1.4516341926
0.7648667831  -0.8064491962  -1.4586347020
0.7578661231  -0.7994634822  -1.4656362659
0.7508644198  -0.7924627236  -1.4726389841
0.7438615752  -0.7854468984  -1.4796429503
0.7368574935  -0.7784159955  -1.4866482538
0.7298520825  -0.7713699109  -1.4936549813
0.7228452541  -0.7643085051  -1.5006632181
0.7158369234  -0.7572316490  -1.5076730465
0.7088270083  -0.7501392239  -1.5146845455
0.7018154296  -0.7430311184  -1.5216977910
0.6948021113  -0.7359072277  -1.5287128555
0.6877869809  -0.7287674544  -1.5357298081
0.6807699689  -0.7216117078  -1.5427487144
0.6737510099  -0.7144396147  -1.5497696367
0.6667300423  -0.7072502265  -1.5567926355
0.6597070081  -0.7000432204  -1.5638177670
0.6526818515  -0.6928199088  -1.5708450791
0.6456545192  -0.6855815304  -1.5778746131
0.6386249638  -0.6783280949  -1.5849064086
0.6315931438  -0.6710593430  -1.5919405041
0.6245590221  -0.6637751820  -1.5989769338
0.6175225650  -0.6564755089  -1.6060157279
0.6104837433  -0.6491602039  -1.6130569119
0.6034425321  -0.6418291355  -1.6201005071
0.5963989111  -0.6344821661  -1.6271465301
0.5893528651  -0.6271191572  -1.6341949926
0.5823043833  -0.6197399748  -1.6412459012
0.5752534602  -0.6123444951  -1.6482992572
0.5682000953  -0.6049326093  -1.6553550563
0.5611442936  -0.5975042293  -1.6624132885
0.5540860650  -0.5900592924  -1.6694739376
0.5470254254  -0.5825977662  -1.6765369813
0.5399623962  -0.5751196529  -1.6836023909
0.5328970045  -0.5676249926  -1.6906701311
0.5258292836  -0.5601138664  -1.6977401596
0.5187592728  -0.5525863992  -1.7048124275
0.5116870177  -0.5450427629  -1.7118868789
0.5046125704  -0.5374831788  -1.7189634508
0.4975359895  -0.5299079196  -1.7260420728
0.4904573403  -0.5223173099  -1.7331226675
0.4833766949  -0.5147117272  -1.7402051499
0.4762941323  -0.5070916018  -1.7472894279
0.4692097389  -0.4994574165  -1.7543754017
0.4621236080  -0.4918097057  -1.7614629643
0.4550358404  -0.4841490542  -1.7685520012
0.4479465759  -0.4764805789  -1.7756425512
0.4408560071  -0.4688111108  -1.7827348298
0.4337642212  -0.4611309214  -1.7898285825
0.4266711573  -0.4534267183  -1.7969231211
0.4195768848  -0.4457042069  -1.8040181044
0.4124816431  -0.4379713427  -1.8111133971
0.4053856452  -0.4302295163  -1.8182087807
0.3982890665  -0.4224801214  -1.8253040408
0.3911920919  -0.4147245607  -1.8323989685
0.3840949148  -0.4069642333  -1.8394933613
0.3769977364  -0.3992005230  -1.8465870238
0.3699007653  -0.3914347879  -1.8536797689
0.3628042166  -0.3836683518  -1.8607714176
0.3557083110  -0.3759024963  -1.8678618001
0.3486132745  -0.3681384549  -1.8749507553
0.3415193375  -0.3603774077  -1.8820381312
0.3344267346  -0.3526204784  -1.8891237841
0.3273357043  -0.3448687317  -1.8962075791
0.3202464881  -0.3371231730  -1.9032893884
0.3131593311  -0.3293847481  -1.9103690914
0.3060744813  -0.3216543450  -1.9174465733
0.2989921899  -0.3139327964  -1.9245217237
0.2919127110  -0.3062208835  -1.9315944360
0.2848363020  -0.2985193403  -1.9386646053
0.2777632235  -0.2908288587  -1.9457321268
0.2706937393  -0.2831500948  -1.9527968944
0.2636281163  -0.2754836750  -1.9598587985
0.2565666248  -0.2678302034  -1.9669177239
0.2495095381  -0.2601902685  -1.9739735479
0.2424571325  -0.2525644510  -1.9810261381
0.2354096865  -0.2449533307  -1.9880753497
0.2283674808  -0.2373575140  -1.9951210229
0.2213405518  -0.2297831652  -2.0022731333
0.2143354850  -0.2222341444  -2.0095861380
0.2073272499  -0.2146963378  -2.0168713719
0.2003087553  -0.2071664823  -2.0241771499
0.1932934059  -0.1996530931  -2.0314997977
0.1862812903  -0.1921569565  -2.0388351711
0.1792725508  -0.1846789534  -2.0461786551
0.1722673829  -0.1772200448  -2.0535251645
0.1652660372  -0.1697812671  -2.0608691436
0.1582688209  -0.1623637248  -2.0682045662
0.1512760987  -0.1549685806  -2.0755249359
0.1442882941  -0.1475970434  -2.0828232857
0.1373058895  -0.1402503546  -2.0900921782
0.1303294265  -0.1329297719  -2.0973237056
0.1233595056  -0.1256365518  -2.1045094897
0.1163967856  -0.1183719302  -2.1116406819
0.1094419821  -0.1111371031  -2.1187079632
0.1024958666  -0.1039332059  -2.1257015440
0.0955592638  -0.0967612935  -2.1326111644
0.0886330500  -0.0896223210  -2.1394260942
0.0817181494  -0.0825171263  -2.1461351327
0.0748155312  -0.0754464145  -2.1527266086
0.0679262057  -0.0684107461  -2.1591883804
0.0610512202  -0.0614105285  -2.1655078361
0.0541916537  -0.0544460125  -2.1716718934
0.0473486125  -0.0475172937  -2.1776669992
0.0405232237  -0.0406243198  -2.1834791305
0.0337166298  -0.0337669038  -2.1890937936
0.0269299813  -0.0269447431  -2.1944960243
0.0201644303  -0.0201574443  -2.1996703881
0.0134211225  -0.0134045530  -2.2046009801
0.0067011894  -0.0066855870  -2.2092714250
0.0066891130  -0.0066854572  -2.2092714250
