0.0524624
2.8071585760  -2.9508598774   0.0001247610
2.8071585760  -2.9508598774   0.0001247610
2.8071642064  -2.9508268650   0.0000977425
2.8071503478  -2.9507268780   0.0000343891
2.8071081924  -2.9505618437  -0.0000664216
2.8070286048  -2.9503166452  -0.0002057881
2.8069084004  -2.9499871355  -0.0003847853
2.8067458310  -2.9495716536  -0.0006044643
2.8065396857  -2.9490694320  -0.0008658527
2.8062889999  -2.9484800865  -0.0011699541
2.8059929379  -2.9478034101  -0.0015177487
2.8056507373  -2.9470392767  -0.0019101928
2.8052616819  -2.9461875935  -0.0023482190
2.8048250864  -2.9452482745  -0.0028327362
2.8043402870  -2.9442212260  -0.0033646296
2.8038066368  -2.9431063392  -0.0039447607
2.8032235024  -2.9419034856  -0.0045739674
2.8025902619  -2.9406125150  -0.0052530638
2.8019063041  -2.9392332554  -0.0059828401
2.8011710274  -2.9377655133  -0.0067640632
2.8003838397  -2.9362090745  -0.0075974759
2.7995441588  -2.9345637064  -0.0084837975
2.7986514115  -2.9328291592  -0.0094237236
2.7977050347  -2.9310051682  -0.0104179260
2.7967044749  -2.9290914553  -0.0114670528
2.7956491880  -2.9270877312  -0.0125717285
2.7945386416  -2.9249936996  -0.0137325538
2.7933723146  -2.9228090593  -0.0149501057
2.7921496980  -2.9205335066  -0.0162249375
2.7908702949  -2.9181667374  -0.0175575788
2.7895336211  -2.9157084504  -0.0189485355
2.7881392056  -2.9131583493  -0.0203982897
2.7866865944  -2.9105142642  -0.0219092939
2.7851753558  -2.9077777595  -0.0234802470
2.7836050566  -2.9049508545  -0.0251109789
2.7819752652  -2.9020318348  -0.0268017082
2.7802855782  -2.8990200185  -0.0285527139
2.7785356161  -2.8959150022  -0.0303643452
2.7767250168  -2.8927164673  -0.0322369292
2.7748534341  -2.8894241751  -0.0341707796
2.7729205396  -2.8860379327  -0.0361661961
2.7709260227  -2.8825575846  -0.0382234627
2.7688695915  -2.8789830117  -0.0403428471
2.7667509730  -2.8753141323  -0.0425245992
2.7645699133  -2.8715509045  -0.0447689509
2.7623261760  -2.8676933261  -0.0470761154
2.7600195372  -2.8637414304  -0.0494462868
2.7576497933  -2.8596953002  -0.0518796392
2.7552167674  -2.8555550772  -0.0543763262
2.7527203038  -2.8513209531  -0.0569364807
2.7501602680  -2.8469931665  -0.0595602164
2.7475365464  -2.8425720026  -0.0622476272
2.7448490465  -2.8380577935  -0.0649987873
2.7420976968  -2.8334509182  -0.0678137508
2.7392824472  -2.8287518026  -0.0706925517
2.7364032684  -2.8239609203  -0.0736352038
2.7334601521  -2.8190787924  -0.0766416992
2.7304531106  -2.8141059879  -0.0797120088
2.7273821768  -2.8090431228  -0.0828460838
2.7242473894  -2.8038908420  -0.0860438563
2.7210487990  -2.7986498268  -0.0893052395
2.7177864896  -2.7933208210  -0.0926301274
2.7144605739  -2.7879046259  -0.0960183952
2.7110711839  -2.7824016335  -0.0994698977
2.7076184688  -2.7768125948  -0.1029844670
2.7041026012  -2.7711393591  -0.1065619160
2.7005237800  -2.7653832906  -0.1102020439
2.6968822194  -2.7595451111  -0.1139046367
2.6931781483  -2.7536257750  -0.1176694660
2.6894118102  -2.7476263443  -0.1214962893
2.6855834358  -2.7415479026  -0.1253848495
2.6816932696  -2.7353915732  -0.1293348747
2.6777415997  -2.7291585433  -0.1333460733
2.6737287356  -2.7228500385  -0.1374181298
2.6696550018  -2.7164673209  -0.1415507048
2.6655207380  -2.7100116896  -0.1457434380
2.6613262991  -2.7034844733  -0.1499959499
2.6570720542  -2.6968870196  -0.1543078437
2.6527583859  -2.6902206873  -0.1586787110
2.6483856539  -2.6834868092  -0.1631081418
2.6439542123  -2.6766867173  -0.1675957234
2.6394644625  -2.6698218051  -0.1721410354
2.6349168365  -2.6628935131  -0.1767436499
2.6303117780  -2.6559033080  -0.1814031326
2.6256497415  -2.6488526827  -0.1861190439
2.6209311914  -2.6417431534  -0.1908909402
2.6161566012  -2.6345762524  -0.1957183736
2.6113264277  -2.6273534996  -0.2006008925
2.6064410820  -2.6200763733  -0.2055380417
2.6015010024  -2.6127463790  -0.2105293631
2.5965066852  -2.6053650803  -0.2155743964
2.5914586359  -2.5979340537  -0.2206726798
2.5863573659  -2.5904548808  -0.2258237506
2.5812033911  -2.5829291446  -0.2310271448
2.5759972313  -2.5753584045  -0.2362823977
2.5707393071  -2.5677440918  -0.2415890438
2.5654299579  -2.5600875893  -0.2469466172
2.5600696787  -2.5523904802  -0.2523546514
2.5546591065  -2.5446544845  -0.2578126802
2.5491988886  -2.5368813099  -0.2633202375
2.5436896779  -2.5290726599  -0.2688768573
2.5381321300  -2.5212302628  -0.2744820748
2.5325269096  -2.5133559060  -0.2801354264
2.5268746307  -2.5054512552  -0.2858364381
2.5211756705  -2.4975174180  -0.2915846209
2.5154302055  -2.4895550904  -0.2973795046
2.5096383866  -2.4815651734  -0.3032206672
2.5038003588  -2.4735489055  -0.3091077287
2.4979162530  -2.4655076232  -0.3150403340
2.4919861803  -2.4574425925  -0.3210181139
2.4860105269  -2.4493553130  -0.3270406465
2.4799899819  -2.4412475625  -0.3331074624
2.4739251222  -2.4331209406  -0.3392180599
2.4678163924  -2.4249768325  -0.3453719071
2.4616642400  -2.4168165584  -0.3515684477
2.4554691234  -2.4086413927  -0.3578071310
2.4492315189  -2.4004525801  -0.3640874366
2.4429519128  -2.3922513342  -0.3704088603
2.4366307848  -2.3840388159  -0.3767708980
2.4302686061  -2.3758161264  -0.3831730505
2.4238658474  -2.3675843199  -0.3896148253
2.4174229792  -2.3593444106  -0.3960957361
2.4109404720  -2.3510973781  -0.4026153028
2.4044187997  -2.3428441771  -0.4091730493
2.3978584452  -2.3345857415  -0.4157685047
2.3912598859  -2.3263229666  -0.4224012036
2.3846235894  -2.3180567145  -0.4290706891
2.3779500232  -2.3097878377  -0.4357765155
2.3712396536  -2.3015171801  -0.4425182452
2.3644929460  -2.2932455793  -0.4492954423
2.3577103712  -2.2849738804  -0.4561076725
2.3508923981  -2.2767029344  -0.4629545033
2.3440394873  -2.2684336099  -0.4698355008
2.3371520918  -2.2601670356  -0.4767502107
2.3302306551  -2.2519044732  -0.4836981565
2.3232749332  -2.2436451930  -0.4906789283
2.3162847495  -2.2353870540  -0.4976922502
2.3092615300  -2.2271310437  -0.5047378636
2.3022075699  -2.2188817613  -0.5118154057
2.2951251889  -2.2106440381  -0.5189244537
2.2880164029  -2.2024211199  -0.5260646004
2.2808814262  -2.1942138298  -0.5332354608
2.2737191588  -2.1860214641  -0.5404366585
2.2665286624  -2.1778433324  -0.5476678249
2.2593089783  -2.1696787170  -0.5549286014
2.2520590763  -2.1615268319  -0.5622186417
2.2447780419  -2.1533870421  -0.5695376142
2.2374663178  -2.1452602591  -0.5768852005
2.2301250092  -2.1371481596  -0.5842610944
2.2227545319  -2.1290516432  -0.5916650007
2.2153551297  -2.1209713944  -0.5990966345
2.2079270443  -2.1129080891  -0.6065557224
2.2004705439  -2.1048624615  -0.6140420063
2.1929859394  -2.0968353398  -0.6215552271
2.1854735061  -2.0888274737  -0.6290950948
2.1779334748  -2.0808395024  -0.6366613328
2.1703661007  -2.0728720861  -0.6442537272
2.1627716665  -2.0649259315  -0.6518720838
2.1551504893  -2.0570018288  -0.6595161934
2.1475028606  -2.0491005004  -0.6671858372
2.1398290146  -2.0412225151  -0.6748807792
2.1321291690  -2.0333683814  -0.6826007480
2.1244035646  -2.0255386286  -0.6903454024
2.1166524405  -2.0177337560  -0.6981142551
2.1088758866  -2.0099538499  -0.7059064641
2.1010729854  -2.0021975241  -0.7137179379
2.0932430714  -1.9944638487  -0.7215460172
2.0853898490  -1.9867577272  -0.7293988435
2.0775184181  -1.9790864715  -0.7372858938
2.0696284118  -1.9714510732  -0.7452079438
2.0617163595  -1.9638480114  -0.7531628848
2.0537806510  -1.9562750144  -0.7611495252
2.0458211588  -1.9487311896  -0.7691667849
2.0378379518  -1.9412157573  -0.7772135421
2.0298312279  -1.9337280312  -0.7852886438
2.0218011636  -1.9262671743  -0.7933909071
2.0137478154  -1.9188320420  -0.8015191305
2.0056713615  -1.9114215792  -0.8096721028
1.9975720559  -1.9040347164  -0.8178485840
1.9894500933  -1.8966701774  -0.8260472814
1.9813057051  -1.8893267039  -0.8342668637
1.9731390328  -1.8820028452  -0.8425059798
1.9649502226  -1.8746970903  -0.8507632615
1.9567394665  -1.8674079430  -0.8590373263
1.9485071626  -1.8601340531  -0.8673267803
1.9402526576  -1.8528729938  -0.8756302225
1.9319741689  -1.8456211620  -0.8839462501
1.9236725846  -1.8383776683  -0.8922734619
1.9153496515  -1.8311425567  -0.9006104598
1.9070052557  -1.8239140051  -0.9089558515
1.8986388520  -1.8166897178  -0.9173082551
1.8902496542  -1.8094671751  -0.9256663037
1.8818362662  -1.8022432944  -0.9340286500
1.8733962172  -1.7950139703  -0.9423939694
1.8649249680  -1.7877730673  -0.9507609646
1.8564134655  -1.7805099413  -0.9591283739
1.8478404671  -1.7732007085  -0.9674950200
1.8390116082  -1.7656487550  -0.9758598352
1.8300930882  -1.7580269195  -0.9842216746
1.8215295274  -1.7507863947  -0.9925791276
1.8132323846  -1.7438346538  -1.0009307238
1.8049780578  -1.7369395483  -1.0092752216
1.7967338992  -1.7300605596  -1.0176115766
1.7884993068  -1.7231929505  -1.0259388134
1.7802739891  -1.7163342837  -1.0342560071
1.7720576540  -1.7094824766  -1.0425622978
1.7638500255  -1.7026356034  -1.0508568943
1.7556508468  -1.6957918887  -1.0591390814
1.7474598802  -1.6889497100  -1.0674082223
1.7392769046  -1.6821075950  -1.0756637580
1.7311017137  -1.6752642102  -1.0839052116
1.7229341171  -1.6684183570  -1.0921321911
1.7147739389  -1.6615689821  -1.1003443939
1.7066210175  -1.6547151868  -1.1085416104
1.6984752038  -1.6478562231  -1.1167237262
1.6903363573  -1.6409914876  -1.1248907202
1.6822043509  -1.6341205207  -1.1330426844
1.6740790859  -1.6272430091  -1.1411798659
1.6659604770  -1.6203587765  -1.1493026331
1.6578484128  -1.6134677612  -1.1574114212
1.6497427664  -1.6065700086  -1.1655067697
1.6416434307  -1.5996656746  -1.1735893610
1.6335503170  -1.5927550219  -1.1816600257
1.6254633469  -1.5858384122  -1.1897197608
1.6173824579  -1.5789163029  -1.1977697659
1.6093076194  -1.5719892499  -1.2058115048
1.6012388672  -1.5650579280  -1.2138468340
1.5931763992  -1.5581232860  -1.2218783192
1.5851217852  -1.5511869802  -1.2299127883
1.5770767485  -1.5442506991  -1.2379571267
1.5690377015  -1.5373140109  -1.2460070377
1.5609980429  -1.5303746523  -1.2540542876
1.5529564387  -1.5234313241  -1.2620974940
1.5449155188  -1.5164842281  -1.2701379539
1.5368765826  -1.5095337172  -1.2781761315
1.5288395283  -1.5025798490  -1.2862123216
1.5208040747  -1.4956225668  -1.2942468230
1.5127699400  -1.4886617774  -1.3022799403
1.5047368420  -1.4816973622  -1.3103119831
1.4967044982  -1.4747291780  -1.3183432654
1.4886726252  -1.4677570559  -1.3263741059
1.4806409387  -1.4607808004  -1.3344048269
1.4726091536  -1.4538001918  -1.3424357538
1.4645769835  -1.4468149880  -1.3504672149
1.4565441409  -1.4398249255  -1.3584995405
1.4485103372  -1.4328297203  -1.3665330622
1.4404752823  -1.4258290672  -1.3745681124
1.4324386849  -1.4188226419  -1.3826050234
1.4244002520  -1.4118101100  -1.3906441265
1.4163596893  -1.4047911307  -1.3986857506
1.4083167008  -1.3977653418  -1.4067302219
1.4002709895  -1.3907323526  -1.4147778641
1.3922222576  -1.3836917599  -1.4228289976
1.3841702056  -1.3766431614  -1.4308839379
1.3761145325  -1.3695861560  -1.4389429943
1.3680549355  -1.3625203465  -1.4470064693
1.3599911099  -1.3554453491  -1.4550746565
1.3519227487  -1.3483608122  -1.4631478379
1.3438495412  -1.3412664586  -1.4712262790
1.3357711638  -1.3341624715  -1.4793101984
1.3276872707  -1.3270495329  -1.4873997425
1.3195975333  -1.3199269707  -1.4954950848
1.3115017054  -1.3127917480  -1.5035965606
1.3033995879  -1.3056411960  -1.5117045968
1.2952909228  -1.2984749765  -1.5198195597
1.2871753813  -1.2912935127  -1.5279417526
1.2790526287  -1.2840966261  -1.5360714737
1.2709223508  -1.2768837841  -1.5442090291
1.2627842416  -1.2696544283  -1.5523547267
1.2546379946  -1.2624080142  -1.5605088754
1.2464833023  -1.2551440118  -1.5686717851
1.2383198559  -1.2478619052  -1.5768437668
1.2301473453  -1.2405611918  -1.5850251326
1.2219654591  -1.2332413764  -1.5932161957
1.2137738845  -1.2259019753  -1.6014172708
1.2055723075  -1.2185425342  -1.6096286732
1.1973604121  -1.2111626310  -1.6178507197
1.1891378810  -1.2037618492  -1.6260837278
1.1809043956  -1.1963397578  -1.6343280168
1.1726596359  -1.1888959189  -1.6425839076
1.1644032803  -1.1814298968  -1.6508517226
1.1561350059  -1.1739412556  -1.6591317860
1.1478544878  -1.1664295568  -1.6674244234
1.1395613995  -1.1588943576  -1.6757299623
1.1312554131  -1.1513352074  -1.6840487320
1.1229361986  -1.1437516436  -1.6923810634
1.1146034247  -1.1361431878  -1.7007272895
1.1062567581  -1.1285093409  -1.7090877454
1.0978958640  -1.1208495761  -1.7174627680
1.0895204056  -1.1131633284  -1.7258526967
1.0811300447  -1.1054499543  -1.7342578733
1.0727244416  -1.0977086674  -1.7426786427
1.0643032552  -1.0899386046  -1.7511153533
1.0558661418  -1.0821390636  -1.7595683549
1.0474127544  -1.0743095875  -1.7680379968
1.0389427428  -1.0664497624  -1.7765246281
1.0304557558  -1.0585590608  -1.7850286005
1.0219514415  -1.0506368853  -1.7935502684
1.0134294464  -1.0426826344  -1.8020899888
1.0048894149  -1.0346957086  -1.8106481203
0.9963309894  -1.0266755038  -1.8192250235
0.9877538103  -1.0186214092  -1.8278210610
0.9791575163  -1.0105328070  -1.8364365971
0.9705417442  -1.0024090714  -1.8450719984
0.9619061306  -0.9942488053  -1.8537276346
0.9532503136  -0.9860490456  -1.8624038826
0.9445739282  -0.9778084187  -1.8711011209
0.9358765965  -0.9695298924  -1.8798197153
0.9271579340  -0.9612162788  -1.8885600221
0.9184175637  -0.9528670537  -1.8973224078
0.9096551167  -0.9444809023  -1.9061072511
0.9008702228  -0.9360569484  -1.9149149340
0.8920625079  -0.9275942710  -1.9237458404
0.8832315956  -0.9190918619  -1.9326003567
0.8743771086  -0.9105486369  -1.9414788715
0.8654986687  -0.9019634471  -1.9503817757
0.8565958966  -0.8933350912  -1.9593094614
0.8476684122  -0.8846623282  -1.9682623219
0.8387158348  -0.8759438898  -1.9772407506
0.8297377831  -0.8671784933  -1.9862451411
0.8207338755  -0.8583648548  -1.9952758860
0.8117037302  -0.8495017015  -2.0043333766
0.8026469655  -0.8405877843  -2.0134180023
0.7935632002  -0.8316218899  -2.0225301498
0.7844520537  -0.8226028511  -2.0316702029
0.7753131463  -0.8135295562  -2.0408385420
0.7661461003  -0.8044009581  -2.0500355433
0.7569505393  -0.7952160839  -2.0592615790
0.7477260895  -0.7859740433  -2.0685170164
0.7384723800  -0.7766740356  -2.0778022180
0.7291890429  -0.7673153550  -2.0871175408
0.7198757144  -0.7578973942  -2.0964633360
0.7105320350  -0.7484196483  -2.1058399493
0.7011576502  -0.7388817162  -2.1152477196
0.6917522112  -0.7292833012  -2.1246869797
0.6823153757  -0.7196242113  -2.1341580548
0.6728469059  -0.7099171114  -2.1436617116
0.6633467412  -0.7001799617  -2.1531992296
0.6538144824  -0.6903838306  -2.1627705927
0.6442491485  -0.6804883474  -2.1723745756
0.6346501362  -0.6705065739  -2.1820109228
0.6250174744  -0.6604587048  -2.1916799613
0.6153511079  -0.6503465746  -2.2013817925
0.6056508217  -0.6401720813  -2.2111165353
0.5959164231  -0.6299371888  -2.2208843282
0.5861477392  -0.6196438881  -2.2306853315
0.5763446163  -0.6092941623  -2.2405197283
0.5665069176  -0.5988899539  -2.2503877250
0.5566345220  -0.5884331352  -2.2602895516
0.5467273230  -0.5779254808  -2.2702254604
0.5367852273  -0.5673686450  -2.2801957250
0.5268081545  -0.5567641411  -2.2902006373
0.5167960371  -0.5461133260  -2.3002405051
0.5067488207  -0.5354173872  -2.3103156477
0.4966664653  -0.5246773355  -2.3204263918
0.4865489467  -0.5138940001  -2.3305730656
0.4763962588  -0.5030680298  -2.3407559929
0.4662084162  -0.4921998967  -2.3509754865
0.4559854574  -0.4812899056  -2.3612318409
0.4457274483  -0.4703382071  -2.3715253242
0.4354344859  -0.4593448155  -2.3818561706
0.4251067024  -0.4483096300  -2.3922245709
0.4147442688  -0.4372324614  -2.4026306650
0.4043473993  -0.4261130619  -2.4130745326
0.3939163545  -0.4149511594  -2.4235561851
0.3834514450  -0.4037464946  -2.4340755575
0.3729530342  -0.3924988620  -2.4446325007
0.3624215387  -0.3812082429  -2.4552267725
0.3518846738  -0.3698955744  -2.4660392131
0.3413609705  -0.3585746420  -2.4771594128
0.3307804453  -0.3471901366  -2.4882772298
0.3201227631  -0.3357266902  -2.4994716820
0.3094250588  -0.3242147100  -2.5107363806
0.2986874262  -0.3126554123  -2.5220641057
0.2879101985  -0.3010507200  -2.5334468068
0.2770939277  -0.2894031885  -2.5448756023
0.2662393929  -0.2777160282  -2.5563407800
0.2553476075  -0.2659931131  -2.5678317968
0.2444198242  -0.2542389755  -2.5793372787
0.2334575376  -0.2424587820  -2.5908450209
0.2224624842  -0.2306582923  -2.6023419879
0.2114366402  -0.2188437972  -2.6138143130
0.2003822161  -0.2070220377  -2.6252472991
0.1893016484  -0.1952001032  -2.6366254179
0.1781975876  -0.1833853119  -2.6479323106
0.1670728841  -0.1715850747  -2.6591507872
0.1559305705  -0.1598067450  -2.6702628273
0.1447738406  -0.1480574609  -2.6812495791
0.1336060272  -0.1363439830  -2.6920913606
0.1224305764  -0.1246725352  -2.7027676584
0.1112510209  -0.1130486569  -2.7132571287
0.1000709528  -0.1014770726  -2.7235375965
0.0888939951  -0.0899615885  -2.7335860563
0.0777237745  -0.0785050242  -2.7433786715
0.0665638955  -0.0671091873  -2.7528907747
0.0554179164  -0.0557748962  -2.7620968679
0.0442893291  -0.0445020569  -2.7709706221
0.0331815421  -0.0332897948  -2.7794848773
0.0220978698  -0.0221366396  -2.7876116428
0.0110415265  -0.0110407564  -2.7953220973
0.0110086593  -0.0110403713  -2.7953220973
