0.120957
1.6608108579  -2.1979594738   0.0000988103
1.6608108579  -2.1979594738   0.0000988103
1.6608208993  -2.1979633826   0.0000819823
1.6608161700  -2.1979146834   0.0000388111
1.6607889206  -2.1978044978  -0.0000315120
1.6607339796  -2.1976231663  -0.0001297802
1.6606493734  -2.1973674518  -0.0002567707
1.6605339687  -2.1970357601  -0.0004132450
1.6603869513  -2.1966271077  -0.0005999488
1.6602076544  -2.1961407801  -0.0008176121
1.6599954872  -2.1955761927  -0.0010669491
1.6597499030  -2.1949328251  -0.0013486581
1.6594703820  -2.1942101890  -0.0016634218
1.6591564223  -2.1934078096  -0.0020119069
1.6588075347  -2.1925252163  -0.0023947646
1.6584232396  -2.1915619364  -0.0028126302
1.6580030652  -2.1905174930  -0.0032661232
1.6575465462  -2.1893914026  -0.0037558473
1.6570532233  -2.1881831751  -0.0042823905
1.6565226429  -2.1868923139  -0.0048463249
1.6559543569  -2.1855183166  -0.0054482071
1.6553479225  -2.1840606757  -0.0060885775
1.6547029028  -2.1825188800  -0.0067679612
1.6540188665  -2.1808924158  -0.0074868672
1.6532953882  -2.1791807687  -0.0082457887
1.6525320488  -2.1773834244  -0.0090452034
1.6517284350  -2.1754998701  -0.0098855730
1.6508841401  -2.1735295968  -0.0107673435
1.6499987652  -2.1714721018  -0.0116909451
1.6490719190  -2.1693268902  -0.0126567922
1.6481032180  -2.1670934762  -0.0136652835
1.6470922871  -2.1647713854  -0.0147168019
1.6460387601  -2.1623589383  -0.0158132790
1.6449422862  -2.1598568385  -0.0169536703
1.6438025159  -2.1572661801  -0.0181378203
1.6426191004  -2.1545856157  -0.0193659968
1.6413917081  -2.1518144017  -0.0206384726
1.6401200217  -2.1489520640  -0.0219555434
1.6388037345  -2.1459981941  -0.0233174933
1.6374425511  -2.1429524346  -0.0247245981
1.6360361870  -2.1398144655  -0.0261771241
1.6345843701  -2.1365840018  -0.0276753260
1.6330868402  -2.1332607933  -0.0292194473
1.6315433494  -2.1298446252  -0.0308097198
1.6299536628  -2.1263353175  -0.0324463630
1.6283175583  -2.1227327267  -0.0341295843
1.6266348272  -2.1190367478  -0.0358595781
1.6249052728  -2.1152473152  -0.0376365258
1.6231287059  -2.1113643983  -0.0394605957
1.6213049503  -2.1073880119  -0.0413319419
1.6194338498  -2.1033182254  -0.0432507044
1.6175152631  -2.0991551571  -0.0452170083
1.6155490635  -2.0948989700  -0.0472309649
1.6135351394  -2.0905498714  -0.0492926719
1.6114733936  -2.0861081128  -0.0514022134
1.6093637439  -2.0815739901  -0.0535596594
1.6072061230  -2.0769478436  -0.0557650659
1.6050004783  -2.0722300589  -0.0580184750
1.6027467720  -2.0674210667  -0.0603199135
1.6004449813  -2.0625213429  -0.0626693927
1.5980950976  -2.0575314086  -0.0650669095
1.5956971194  -2.0524518194  -0.0675124474
1.5932510471  -2.0472831603  -0.0700059767
1.5907569017  -2.0420257793  -0.0725474540
1.5882147290  -2.0366802737  -0.0751368226
1.5856245917  -2.0312479624  -0.0777740117
1.5829865704  -2.0257298790  -0.0804589345
1.5803007573  -2.0201266402  -0.0831914885
1.5775672569  -2.0144390265  -0.0859715606
1.5747861884  -2.0086679224  -0.0887990290
1.5719576853  -2.0028142618  -0.0916737625
1.5690818943  -1.9968790203  -0.0945956202
1.5661589538  -1.9908631880  -0.0975644514
1.5631889997  -1.9847677707  -0.1005800953
1.5601721982  -1.9785938265  -0.1036423776
1.5571087413  -1.9723424642  -0.1067511059
1.5539988319  -1.9660148315  -0.1099060675
1.5508426847  -1.9596121126  -0.1131070321
1.5476405255  -1.9531355200  -0.1163537531
1.5443925914  -1.9465862865  -0.1196459689
1.5410991301  -1.9399656598  -0.1229834065
1.5377603846  -1.9332748875  -0.1263657909
1.5343765733  -1.9265152030  -0.1297928486
1.5309479374  -1.9196878789  -0.1332643024
1.5274747608  -1.9127942508  -0.1367798685
1.5239573376  -1.9058356845  -0.1403392591
1.5203959711  -1.8988135742  -0.1439421829
1.5167909729  -1.8917293383  -0.1475883456
1.5131426620  -1.8845844125  -0.1512774502
1.5094513587  -1.8773802418  -0.1550091968
1.5057173361  -1.8701182346  -0.1587832833
1.5019408631  -1.8627998014  -0.1625994055
1.4981222651  -1.8554264127  -0.1664572575
1.4942618873  -1.8479995628  -0.1703565323
1.4903600806  -1.8405207401  -0.1742969226
1.4864172005  -1.8329914194  -0.1782781207
1.4824336063  -1.8254131024  -0.1822998180
1.4784096256  -1.8177873015  -0.1863617052
1.4743454516  -1.8101154059  -0.1904634723
1.4702413430  -1.8023988465  -0.1946048095
1.4660977465  -1.7946392290  -0.1987854064
1.4619151409  -1.7868382191  -0.2030049529
1.4576940138  -1.7789975402  -0.2072631385
1.4534348585  -1.7711188517  -0.2115596531
1.4491381730  -1.7632035392  -0.2158941877
1.4448044536  -1.7552528261  -0.2202664209
1.4404340200  -1.7472679683  -0.2246760152
1.4360269615  -1.7392502835  -0.2291226559
1.4315833044  -1.7312011199  -0.2336060802
1.4271030619  -1.7231217725  -0.2381260690
1.4225862265  -1.7150134672  -0.2426824254
1.4180327626  -1.7068773616  -0.2472749269
1.4134427687  -1.6987147200  -0.2519032901
1.4088167237  -1.6905271791  -0.2565671819
1.4041551351  -1.6823163623  -0.2612662338
1.3994583096  -1.6740836163  -0.2660000426
1.3947265531  -1.6658302267  -0.2707681844
1.3899601854  -1.6575574395  -0.2755702507
1.3851595429  -1.6492664688  -0.2804058632
1.3803249691  -1.6409584991  -0.2852746508
1.3754568023  -1.6326346794  -0.2901762395
1.3705553762  -1.6242961171  -0.2951102584
1.3656210255  -1.6159438848  -0.3000763421
1.3606540873  -1.6075790288  -0.3050741301
1.3556549004  -1.5992025706  -0.3101032656
1.3506238086  -1.5908155145  -0.3151633947
1.3455611680  -1.5824188634  -0.3202541669
1.3404673336  -1.5740136056  -0.3253752356
1.3353426517  -1.5656007051  -0.3305262595
1.3301874695  -1.5571811185  -0.3357069042
1.3250021355  -1.5487558007  -0.3409168415
1.3197870016  -1.5403257123  -0.3461557447
1.3145424285  -1.5318918369  -0.3514232858
1.3092687752  -1.5234552574  -0.3567191195
1.3039663898  -1.5150171132  -0.3620428745
1.2986356314  -1.5065780509  -0.3673942327
1.2932768729  -1.4981380940  -0.3727730005
1.2878896689  -1.4896970544  -0.3781790031
1.2824737974  -1.4812561249  -0.3836119544
1.2770308109  -1.4728183697  -0.3890714937
1.2715630762  -1.4643871182  -0.3945572676
1.2660730665  -1.4559655234  -0.4000689453
1.2605626212  -1.4475561120  -0.4056062114
1.2550315105  -1.4391593611  -0.4111687664
1.2494784048  -1.4307745155  -0.4167563198
1.2439022104  -1.4224009509  -0.4223685816
1.2383017431  -1.4140379598  -0.4280052700
1.2326757198  -1.4056847378  -0.4336661173
1.2270234211  -1.3973411293  -0.4393508677
1.2213456421  -1.3890086792  -0.4450592757
1.2156433314  -1.3806890996  -0.4507911032
1.2099166833  -1.3723832413  -0.4565461196
1.2041658714  -1.3640919077  -0.4623241059
1.1983910763  -1.3558159067  -0.4681248507
1.1925925291  -1.3475561623  -0.4739481105
1.1867704676  -1.3393136103  -0.4797936179
1.1809250952  -1.3310890539  -0.4856611637
1.1750566235  -1.3228832536  -0.4915505890
1.1691652595  -1.3146969592  -0.4974617184
1.1632512536  -1.3065310258  -0.5033943535
1.1573148677  -1.2983863072  -0.5093482725
1.1513563000  -1.2902634835  -0.5153232063
1.1453757118  -1.2821631383  -0.5213187969
1.1393732582  -1.2740858442  -0.5273345061
1.1333490643  -1.2660321161  -0.5333693645
1.1273022906  -1.2580017823  -0.5394185380
1.1212320780  -1.2499945750  -0.5454782006
1.1151417958  -1.2420125646  -0.5515577383
1.1090368618  -1.2340595414  -0.5576697543
1.1029174337  -1.2261371709  -0.5638160241
1.0967799203  -1.2182446431  -0.5699939976
1.0906224822  -1.2103811844  -0.5762023983
1.0844450228  -1.2025465920  -0.5824400758
1.0782476157  -1.1947405580  -0.5887057359
1.0720303256  -1.1869626066  -0.5949979850
1.0657933547  -1.1792123619  -0.6013153805
1.0595368546  -1.1714892504  -0.6076564384
1.0532608669  -1.1637924188  -0.6140196378
1.0469656103  -1.1561211895  -0.6204034350
1.0406513571  -1.1484748276  -0.6268062654
1.0343183572  -1.1408524892  -0.6332265157
1.0279668499  -1.1332533195  -0.6396625096
1.0215969360  -1.1256762184  -0.6461125311
1.0152087993  -1.1181201545  -0.6525748397
1.0088027638  -1.1105841819  -0.6590476721
1.0023788469  -1.1030670210  -0.6655292461
0.9959349573  -1.0955652757  -0.6720177648
0.9894703695  -1.0880768923  -0.6785114221
0.9829873994  -1.0806029541  -0.6850084071
0.9764867220  -1.0731428858  -0.6915069078
0.9699674827  -1.0656945455  -0.6980051160
0.9634286811  -1.0582556891  -0.7045012312
0.9568685657  -1.0508233698  -0.7109934663
0.9502840189  -1.0433933459  -0.7174800545
0.9436694324  -1.0359589948  -0.7239592544
0.9370137289  -1.0285083806  -0.7304293582
0.9302912198  -1.0210148611  -0.7368887369
0.9232707627  -1.0132476893  -0.7433358743
0.9161085229  -1.0053703474  -0.7497691964
0.9093777861  -0.9979559913  -0.7561868684
0.9030229038  -0.9909380755  -0.7625869726
0.8967372836  -0.9840032904  -0.7689678156
0.8904756666  -0.9771026386  -0.7753279186
0.8842374241  -0.9702330616  -0.7816658823
0.8780223659  -0.9633927562  -0.7879803637
0.8718303060  -0.9565801155  -0.7942700957
0.8656610788  -0.9497936626  -0.8005338922
0.8595145398  -0.9430320554  -0.8067706518
0.8533905657  -0.9362940833  -0.8129793656
0.8472890542  -0.9295786647  -0.8191591201
0.8412099199  -0.9228848453  -0.8253090972
0.8351530941  -0.9162117937  -0.8314285799
0.8291185238  -0.9095587956  -0.8375169562
0.8231061722  -0.9029252514  -0.8435737261
0.8171160169  -0.8963106757  -0.8495985064
0.8111480469  -0.8897146940  -0.8555910300
0.8052022612  -0.8831370380  -0.8615511546
0.7992786818  -0.8765775403  -0.8674789122
0.7933773568  -0.8700361297  -0.8733745192
0.7874983230  -0.8635128227  -0.8792382979
0.7816415900  -0.8570077143  -0.8850706751
0.7758071757  -0.8505209701  -0.8908722505
0.7699951222  -0.8440528207  -0.8966438163
0.7642054851  -0.8376035566  -0.9023863740
0.7584383352  -0.8311735233  -0.9081011807
0.7526937743  -0.8247631184  -0.9137898263
0.7469719670  -0.8183727950  -0.9194543889
0.7412732298  -0.8120031243  -0.9250978175
0.7355991541  -0.8056548885  -0.9307281531
0.7299516710  -0.7993289078  -0.9363543238
0.7243277717  -0.7930255272  -0.9419717758
0.7187210101  -0.7867444204  -0.9475695697
0.7131297782  -0.7804850889  -0.9531451755
0.7075567929  -0.7742473441  -0.9587001078
0.7020036249  -0.7680312323  -0.9642347437
0.6964703429  -0.7618368139  -0.9697492211
0.6909568219  -0.7556641183  -0.9752436796
0.6854629378  -0.7495131571  -0.9807182625
0.6799885684  -0.7433839250  -0.9861731161
0.6745335931  -0.7372763993  -0.9916083897
0.6690978926  -0.7311905399  -0.9970242348
0.6636813492  -0.7251262893  -1.0024208043
0.6582838464  -0.7190835730  -1.0077982527
0.6529052691  -0.7130623003  -1.0131567345
0.6475455032  -0.7070623663  -1.0184964045
0.6422044360  -0.7010836522  -1.0238174163
0.6368819557  -0.6951260270  -1.0291199220
0.6315779521  -0.6891893481  -1.0344040714
0.6262923158  -0.6832734629  -1.0396700110
0.6210249386  -0.6773782105  -1.0449178825
0.6157757132  -0.6715034227  -1.0501478223
0.6105445339  -0.6656489243  -1.0553599616
0.6053312967  -0.6598145353  -1.0605544257
0.6001358987  -0.6540000731  -1.0657313329
0.5949582385  -0.6482053539  -1.0708907929
0.5897982155  -0.6424301942  -1.0760329059
0.5846557304  -0.6366744118  -1.0811577610
0.5795306846  -0.6309378280  -1.0862654335
0.5744229797  -0.6252202686  -1.0913559800
0.5693325114  -0.6195215659  -1.0964294107
0.5642591635  -0.6138415555  -1.1014856612
0.5592028313  -0.6081800832  -1.1065246827
0.5541634660  -0.6025370397  -1.1115465792
0.5491410545  -0.5969123481  -1.1165515527
0.5441355497  -0.5913058989  -1.1215397488
0.5391468581  -0.5857175498  -1.1265112439
0.5341748827  -0.5801471754  -1.1314661051
0.5292195424  -0.5745946800  -1.1364044046
0.5242807644  -0.5690599843  -1.1413262143
0.5193584779  -0.5635430208  -1.1462316044
0.5144526137  -0.5580437332  -1.1511206432
0.5095631042  -0.5525620758  -1.1559933978
0.5046898829  -0.5470980134  -1.1608499334
0.4998328850  -0.5416515210  -1.1656903139
0.4949920467  -0.5362225829  -1.1705146013
0.4901673060  -0.5308111923  -1.1753228566
0.4853586019  -0.5254173501  -1.1801151390
0.4805658749  -0.5200410646  -1.1848915064
0.4757890665  -0.5146823508  -1.1896520154
0.4710281197  -0.5093412291  -1.1943967211
0.4662829786  -0.5040177242  -1.1991256775
0.4615535885  -0.4987118639  -1.2038389375
0.4568398959  -0.4934236781  -1.2085365525
0.4521418484  -0.4881531986  -1.2132185731
0.4474593947  -0.4829004579  -1.2178850488
0.4427924845  -0.4776654876  -1.2225360280
0.4381410687  -0.4724483175  -1.2271715582
0.4335050991  -0.4672489742  -1.2317916861
0.4288845285  -0.4620674794  -1.2363964577
0.4242793106  -0.4569038476  -1.2409859182
0.4196894002  -0.4517580768  -1.2455601124
0.4151147530  -0.4466301337  -1.2501190851
0.4105553255  -0.4415199686  -1.2546628812
0.4060110751  -0.4364275721  -1.2591915445
0.4014819595  -0.4313529966  -1.2637051165
0.3969679369  -0.4262963102  -1.2682036367
0.3924689665  -0.4212575586  -1.2726871440
0.3879850085  -0.4162367741  -1.2771556771
0.3835160241  -0.4112339898  -1.2816092747
0.3790619748  -0.4062492414  -1.2860479745
0.3746228230  -0.4012825656  -1.2904718136
0.3701985314  -0.3963340005  -1.2948808288
0.3657890634  -0.3914035851  -1.2992750559
0.3613943832  -0.3864913594  -1.3036545306
0.3570144551  -0.3815973295  -1.3080192879
0.3526492440  -0.3767214352  -1.3123693624
0.3482987154  -0.3718636931  -1.3167047886
0.3439628355  -0.3670243094  -1.3210255996
0.3396415707  -0.3622034747  -1.3253318284
0.3353348879  -0.3574012344  -1.3296235076
0.3310427542  -0.3526176036  -1.3339006698
0.3267651372  -0.3478526151  -1.3381633472
0.3225020046  -0.3431062996  -1.3424115720
0.3182533247  -0.3383786852  -1.3466453759
0.3140190657  -0.3336697979  -1.3508647904
0.3097991963  -0.3289796624  -1.3550698468
0.3055936853  -0.3243083023  -1.3592605765
0.3014025017  -0.3196557410  -1.3634370102
0.2972256146  -0.3150220016  -1.3675991790
0.2930629936  -0.3104071075  -1.3717471135
0.2889146078  -0.3058110831  -1.3758808444
0.2847804270  -0.3012339533  -1.3800004020
0.2806604208  -0.2966757446  -1.3841058168
0.2765545587  -0.2921364844  -1.3881971192
0.2724628106  -0.2876162020  -1.3922743395
0.2683851461  -0.2831149278  -1.3963375079
0.2643215350  -0.2786326937  -1.4003866547
0.2602719469  -0.2741695334  -1.4044218102
0.2562363514  -0.2697254815  -1.4084430047
0.2522147182  -0.2653005742  -1.4124502688
0.2482070167  -0.2608948484  -1.4164436328
0.2442132161  -0.2565083421  -1.4204231274
0.2402332858  -0.2521410937  -1.4243887833
0.2362671948  -0.2477931419  -1.4283406315
0.2323149120  -0.2434645253  -1.4322787030
0.2283764060  -0.2391552822  -1.4362030291
0.2244516486  -0.2348658763  -1.4401136728
0.2205406154  -0.2305969078  -1.4440107334
0.2166432697  -0.2263473952  -1.4478942202
0.2127595616  -0.2221160687  -1.4517640593
0.2088894533  -0.2179034662  -1.4556202461
0.2050329207  -0.2137103011  -1.4594628183
0.2011899361  -0.2095366507  -1.4632917987
0.1973604669  -0.2053825833  -1.4671072130
0.1935444807  -0.2012481600  -1.4709090894
0.1897419446  -0.1971334343  -1.4746974593
0.1859528253  -0.1930384515  -1.4784723574
0.1821770890  -0.1889632481  -1.4822338214
0.1784147016  -0.1849078514  -1.4859818928
0.1746656284  -0.1808722797  -1.4897166165
0.1709298340  -0.1768565419  -1.4934380410
0.1672072825  -0.1728606376  -1.4971462183
0.1634979371  -0.1688845573  -1.5008412040
0.1598017608  -0.1649282830  -1.5045230572
0.1561187154  -0.1609917879  -1.5081918401
0.1524487623  -0.1570750374  -1.5118476182
0.1487918621  -0.1531779890  -1.5154904599
0.1451479747  -0.1493005936  -1.5191204362
0.1415170595  -0.1454427951  -1.5227376203
0.1378990749  -0.1416045320  -1.5263420875
0.1342939789  -0.1377857371  -1.5299339147
0.1307017289  -0.1339863387  -1.5335131797
0.1271222813  -0.1302062608  -1.5370799611
0.1235555924  -0.1264454243  -1.5406343374
0.1200016176  -0.1227037469  -1.5441763869
0.1164603118  -0.1189811439  -1.5477061865
0.1129316293  -0.1152775290  -1.5512238113
0.1094155238  -0.1115928155  -1.5547293341
0.1059138556  -0.1079272510  -1.5582742037
0.1024278185  -0.1042809238  -1.5618839466
0.0989524175  -0.1006528535  -1.5654707955
0.0954861555  -0.0970427320  -1.5690574471
0.0920315478  -0.0934509465  -1.5726423681
0.0885885050  -0.0898774159  -1.5762238097
0.0851569479  -0.0863220620  -1.5797998080
0.0817368071  -0.0827848086  -1.5833681836
0.0783280242  -0.0792655817  -1.5869265420
0.0749305524  -0.0757643085  -1.5904722736
0.0715443570  -0.0722809174  -1.5940025531
0.0681694157  -0.0688153369  -1.5975143403
0.0648057197  -0.0653674956  -1.6010043796
0.0614532735  -0.0619373210  -1.6044692000
0.0581120956  -0.0585247391  -1.6079051156
0.0547822189  -0.0551296735  -1.6113082248
0.0514636903  -0.0517520453  -1.6146744110
0.0481565715  -0.0483917718  -1.6179993423
0.0448609388  -0.0450487662  -1.6212784714
0.0415768824  -0.0417229374  -1.6245070359
0.0383045071  -0.0384141893  -1.6276800579
0.0350439310  -0.0351224205  -1.6307923446
0.0317952856  -0.0318475245  -1.6338384876
0.0285587146  -0.0285893895  -1.6368128634
0.0253343733  -0.0253478987  -1.6397096331
0.0221224274  -0.0221229308  -1.6425227426
0.0189230515  -0.0189143606  -1.6452459226
0.0157364278  -0.0157220597  -1.6478726885
0.0125627441  -0.0125458973  -1.6503963404
0.0094021919  -0.0093857418  -1.6528099630
0.0062549641  -0.0062414616  -1.6551064260
0.0031212520  -0.0031129266  -1.6572783837
0.0031186345  -0.0031129100  -1.6572783837
