0.131339
1.5525436972  -2.0425396745   0.0000831146
1.5525436972  -2.0425396745   0.0000831146
1.5525527311  -2.0425463837   0.0000697536
1.5525495908  -2.0425111053   0.0000346945
1.5525277128  -2.0424255228  -0.0000227111
1.5524830208  -2.0422821927  -0.0001031013
1.5524139368  -2.0420785218  -0.0002071034
1.5523195471  -2.0418131792  -0.0003353345
1.5521991906  -2.0414853055  -0.0004884009
1.5520523217  -2.0410942494  -0.0006668986
1.5518784544  -2.0406394598  -0.0008714129
1.5516771360  -2.0401204358  -0.0011025186
1.5514479342  -2.0395367010  -0.0013607802
1.5511904293  -2.0388877893  -0.0016467514
1.5509042104  -2.0381732375  -0.0019609755
1.5505888724  -2.0373925802  -0.0023039853
1.5502440152  -2.0365453479  -0.0026763031
1.5498692419  -2.0356310651  -0.0030784405
1.5494641589  -2.0346492498  -0.0035108989
1.5490283753  -2.0335994137  -0.0039741690
1.5485615026  -2.0324810620  -0.0044687308
1.5480631551  -2.0312936944  -0.0049950541
1.5475329494  -2.0300368055  -0.0055535981
1.5469705049  -2.0287098856  -0.0061448113
1.5463754436  -2.0273124219  -0.0067691318
1.5457473904  -2.0258438991  -0.0074269872
1.5450859736  -2.0243038009  -0.0081187946
1.5443908245  -2.0226916110  -0.0088449606
1.5436615780  -2.0210068140  -0.0096058811
1.5428978728  -2.0192488971  -0.0104019417
1.5420993515  -2.0174173510  -0.0112335173
1.5412656609  -2.0155116712  -0.0121009725
1.5403964491  -2.0135304076  -0.0130059696
1.5394913799  -2.0114739473  -0.0139476833
1.5385501186  -2.0093430038  -0.0149260326
1.5375723220  -2.0071363905  -0.0159413052
1.5365576581  -2.0048533655  -0.0169937906
1.5355058024  -2.0024933979  -0.0180837965
1.5344164365  -2.0000560027  -0.0192116232
1.5332892500  -1.9975407303  -0.0203775666
1.5321239389  -1.9949471558  -0.0215819172
1.5309202064  -1.9922748776  -0.0228249600
1.5296777631  -1.9895235174  -0.0241069734
1.5283963269  -1.9866927209  -0.0254282290
1.5270756235  -1.9837821601  -0.0267889911
1.5257153865  -1.9807915351  -0.0281895165
1.5243153579  -1.9777205753  -0.0296300539
1.5228752880  -1.9745690400  -0.0311108441
1.5213949357  -1.9713367180  -0.0326321193
1.5198740686  -1.9680234296  -0.0341941022
1.5183124635  -1.9646290258  -0.0357970060
1.5167099062  -1.9611533894  -0.0374410347
1.5150661920  -1.9575964342  -0.0391263836
1.5133811256  -1.9539581055  -0.0408532389
1.5116545215  -1.9502383807  -0.0426217772
1.5098862040  -1.9464372708  -0.0444321660
1.5080760010  -1.9425548134  -0.0462845630
1.5062237455  -1.9385910751  -0.0481791161
1.5043292856  -1.9345461630  -0.0501159621
1.5023924841  -1.9304202250  -0.0520952254
1.5004132143  -1.9262134450  -0.0541170198
1.4983913606  -1.9219260427  -0.0561814509
1.4963268181  -1.9175582742  -0.0582886163
1.4942194928  -1.9131102009  -0.0604386052
1.4920693003  -1.9085820708  -0.0626314978
1.4898761680  -1.9039747134  -0.0648673652
1.4876400371  -1.8992887384  -0.0671462695
1.4853608579  -1.8945244212  -0.0694682634
1.4830385894  -1.8896821685  -0.0718333882
1.4806731965  -1.8847624712  -0.0742416699
1.4782646362  -1.8797658443  -0.0766931182
1.4758128776  -1.8746928392  -0.0791877277
1.4733179164  -1.8695440560  -0.0817254783
1.4707797608  -1.8643201331  -0.0843063361
1.4681984302  -1.8590217487  -0.0869302547
1.4655739548  -1.8536496175  -0.0895971779
1.4629063761  -1.8482044841  -0.0923070470
1.4601957469  -1.8426871169  -0.0950598022
1.4574421300  -1.8370983049  -0.0978553771
1.4546455972  -1.8314388605  -0.1006936976
1.4518062211  -1.8257096176  -0.1035746825
1.4489240532  -1.8199114129  -0.1064982443
1.4459991590  -1.8140451179  -0.1094642895
1.4430316407  -1.8081116631  -0.1124727188
1.4400216132  -1.8021120168  -0.1155234275
1.4369692001  -1.7960471786  -0.1186163061
1.4338745343  -1.7899181729  -0.1217512398
1.4307377568  -1.7837260454  -0.1249281088
1.4275590167  -1.7774718636  -0.1281467891
1.4243384704  -1.7711567160  -0.1314071518
1.4210762080  -1.7647816443  -0.1347090642
1.4177722843  -1.7583476692  -0.1380523892
1.4144268573  -1.7518559167  -0.1414369858
1.4110401635  -1.7453075956  -0.1448627087
1.4076124526  -1.7387039254  -0.1483294083
1.4041439859  -1.7320461294  -0.1518369310
1.4006350351  -1.7253354633  -0.1553851194
1.3970858808  -1.7185732269  -0.1589738122
1.3934968143  -1.7117607357  -0.1626028443
1.3898681314  -1.7048993186  -0.1662720468
1.3862000142  -1.6979901990  -0.1699812471
1.3824925021  -1.6910344717  -0.1737302693
1.3787455932  -1.6840332347  -0.1775189279
1.3749592680  -1.6769874902  -0.1813470163
1.3711334931  -1.6698979418  -0.1852143266
1.3672682306  -1.6627651323  -0.1891206881
1.3633634420  -1.6555898348  -0.1930659702
1.3594192316  -1.6483733018  -0.1970500694
1.3554359847  -1.6411172054  -0.2010728853
1.3514140673  -1.6338231698  -0.2051342766
1.3473536855  -1.6264925994  -0.2092340438
1.3432550421  -1.6191268488  -0.2133719429
1.3391183467  -1.6117272326  -0.2175476941
1.3349438163  -1.6042950252  -0.2217609839
1.3307316762  -1.5968314615  -0.2260114753
1.3264821647  -1.5893377465  -0.2302988401
1.3221955341  -1.5818150546  -0.2346227767
1.3178720417  -1.5742645240  -0.2389829891
1.3135119443  -1.5666872591  -0.2433791754
1.3091155008  -1.5590843340  -0.2478110324
1.3046829744  -1.5514567957  -0.2522782564
1.3002146340  -1.5438056678  -0.2567805469
1.2957107623  -1.5361319661  -0.2613176069
1.2911716499  -1.5284366945  -0.2658891414
1.2865975813  -1.5207208308  -0.2704948541
1.2819888408  -1.5129853347  -0.2751344489
1.2773457162  -1.5052311564  -0.2798076301
1.2726684985  -1.4974592389  -0.2845141020
1.2679574848  -1.4896705276  -0.2892535670
1.2632129832  -1.4818659806  -0.2940257239
1.2584353052  -1.4740465601  -0.2988302688
1.2536247611  -1.4662132278  -0.3036668974
1.2487816650  -1.4583669587  -0.3085353067
1.2439063318  -1.4505087887  -0.3134351779
1.2389986834  -1.4426394099  -0.3183661750
1.2340581762  -1.4347587687  -0.3233280363
1.2290854721  -1.4268676531  -0.3283206419
1.2240825850  -1.4189685938  -0.3333438864
1.2190516293  -1.4110649317  -0.3383975463
1.2139947530  -1.4031600796  -0.3434813210
1.2089130610  -1.3952561262  -0.3485949083
1.2038059228  -1.3873532460  -0.3537380185
1.1986722349  -1.3794509924  -0.3589103708
1.1935110501  -1.3715490260  -0.3641116935
1.1883213272  -1.3636469247  -0.3693417195
1.1831019253  -1.3557441761  -0.3746001877
1.1778520824  -1.3478407127  -0.3798868474
1.1725724849  -1.3399380977  -0.3852014566
1.1672641060  -1.3320382187  -0.3905437816
1.1619271582  -1.3241420999  -0.3959135960
1.1565618064  -1.3162506934  -0.4013106792
1.1511682183  -1.3083649506  -0.4067348174
1.1457466015  -1.3004859019  -0.4121858091
1.1402972086  -1.2926146662  -0.4176634453
1.1348202507  -1.2847522709  -0.4231674691
1.1293158998  -1.2768996364  -0.4286976289
1.1237843558  -1.2690576779  -0.4342537482
1.1182258548  -1.2612273488  -0.4398356720
1.1126406785  -1.2534097079  -0.4454432191
1.1070290841  -1.2456057447  -0.4510761875
1.1013912694  -1.2378162833  -0.4567343448
1.0957274191  -1.2300420921  -0.4624174033
1.0900377465  -1.2222839810  -0.4681249723
1.0843224755  -1.2145427828  -0.4738564528
1.0785816736  -1.2068190134  -0.4796107459
1.0728143150  -1.1991124137  -0.4853821970
1.0670196384  -1.1914229286  -0.4911671396
1.0612016009  -1.1837531536  -0.4969769238
1.0553656694  -1.1761070149  -0.5028246659
1.0495114432  -1.1684859272  -0.5087114293
1.0436352350  -1.1608891623  -0.5146344224
1.0377353903  -1.1533161815  -0.5205921753
1.0318118239  -1.1457667886  -0.5265833746
1.0258646160  -1.1382406734  -0.5326066376
1.0198939885  -1.1307376387  -0.5386605139
1.0139001466  -1.1232573573  -0.5447434934
1.0078831382  -1.1157991381  -0.5508540218
1.0018431421  -1.1083623980  -0.5569905053
0.9957804457  -1.1009465918  -0.5631512875
0.9896952722  -1.0935509582  -0.5693346332
0.9835879014  -1.0861747973  -0.5755387506
0.9774585088  -1.0788172043  -0.5817618091
0.9713072544  -1.0714771864  -0.5880019411
0.9651343602  -1.0641537911  -0.5942572469
0.9589403156  -1.0568462683  -0.6005257991
0.9527243352  -1.0495525883  -0.6068056485
0.9464840095  -1.0422690627  -0.6130948313
0.9402202730  -1.0349953673  -0.6193913736
0.9339354159  -1.0277325887  -0.6256932944
0.9276293082  -1.0204793819  -0.6319986099
0.9213011495  -1.0132336982  -0.6383053392
0.9149498102  -1.0059931940  -0.6446115105
0.9085733153  -0.9987547456  -0.6509151678
0.9021681957  -0.9915138221  -0.6572143753
0.8957281095  -0.9842631316  -0.6635072229
0.8892404371  -0.9769892802  -0.6697918371
0.8826755625  -0.9696618452  -0.6760664338
0.8757608086  -0.9620092310  -0.6823293473
0.8687282424  -0.9542712431  -0.6885788325
0.8621958024  -0.9470644612  -0.6948128663
0.8560367573  -0.9402502090  -0.7010293694
0.8499438063  -0.9335146190  -0.7072265117
0.8438753358  -0.9268126281  -0.7134026763
0.8378307148  -0.9201413468  -0.7195563265
0.8318097569  -0.9134990267  -0.7256859892
0.8258122822  -0.9068841067  -0.7317902718
0.8198381319  -0.9002951577  -0.7378678677
0.8138871703  -0.8937308815  -0.7439175654
0.8079592846  -0.8871901113  -0.7499382529
0.8020543822  -0.8806718090  -0.7559289185
0.7961723884  -0.8741750620  -0.7618886558
0.7903132467  -0.8676990800  -0.7678166687
0.7844769179  -0.8612431958  -0.7737122766
0.7786633788  -0.8548068627  -0.7795749215
0.7728726210  -0.8483896496  -0.7854041706
0.7671046460  -0.8419912364  -0.7911997154
0.7613594699  -0.8356114090  -0.7969613966
0.7556371382  -0.8292500552  -0.8026892605
0.7499377128  -0.8229071583  -0.8083835215
0.7442612295  -0.8165827873  -0.8140444892
0.7386077066  -0.8102770875  -0.8196726139
0.7329771825  -0.8039902741  -0.8252685414
0.7273697152  -0.7977226263  -0.8308331226
0.7217853733  -0.7914744816  -0.8363674397
0.7162242423  -0.7852462306  -0.8418728561
0.7106864401  -0.7790383145  -0.8473511049
0.7051721537  -0.7728512290  -0.8528044659
0.6996817392  -0.7666855933  -0.8582362099
0.6942170043  -0.7605422576  -0.8636555857
0.6887799059  -0.7544220865  -0.8690719448
0.6833668039  -0.7483253602  -0.8744790808
0.6779709613  -0.7422516636  -0.8798654030
0.6725912120  -0.7362005307  -0.8852288463
0.6672304765  -0.7301718672  -0.8905709520
0.6618902418  -0.7241657733  -0.8958920771
0.6565705545  -0.7181823345  -0.9011923604
0.6512712900  -0.7122216020  -0.9064719425
0.6459923243  -0.7062836069  -0.9117309683
0.6407335347  -0.7003683609  -0.9169695863
0.6354948002  -0.6944758568  -0.9221879482
0.6302760010  -0.6886060678  -0.9273862081
0.6250770186  -0.6827589491  -0.9325645224
0.6198977354  -0.6769344381  -0.9377230487
0.6147380352  -0.6711324562  -0.9428619455
0.6095978025  -0.6653529088  -0.9479813711
0.6044769231  -0.6595956869  -0.9530814832
0.5993752836  -0.6538606678  -0.9581624380
0.5942927718  -0.6481477167  -0.9632243895
0.5892292763  -0.6424566878  -0.9682674878
0.5841846867  -0.6367874261  -0.9732918786
0.5791588933  -0.6311397683  -0.9782977022
0.5741517883  -0.6255135442  -0.9832850938
0.5691632649  -0.6199085787  -0.9882541827
0.5641932178  -0.6143246933  -0.9932050905
0.5592415423  -0.6087617074  -0.9981379303
0.5543081351  -0.6032194398  -1.0030528051
0.5493928937  -0.5976977102  -1.0079498065
0.5444957161  -0.5921963398  -1.0128290117
0.5396165005  -0.5867151516  -1.0176904779
0.5347551385  -0.5812539587  -1.0225342111
0.5299115091  -0.5758125596  -1.0273601387
0.5250855063  -0.5703908147  -1.0321682152
0.5202770810  -0.5649887137  -1.0369585626
0.5154862161  -0.5596062580  -1.0417313942
0.5107128558  -0.5542433283  -1.0464868570
0.5059569004  -0.5488997489  -1.0512250299
0.5012182490  -0.5435753854  -1.0559459852
0.4964968165  -0.5382701441  -1.0606498005
0.4917925251  -0.5329839479  -1.0653365530
0.4871052989  -0.5277167302  -1.0700063180
0.4824350632  -0.5224684348  -1.0746591699
0.4777817446  -0.5172390148  -1.0792951812
0.4731452712  -0.5120284330  -1.0839144232
0.4685255719  -0.5068366610  -1.0885169659
0.4639225772  -0.5016636791  -1.0931028777
0.4593362184  -0.4965094747  -1.0976722258
0.4547664283  -0.4913740426  -1.1022250763
0.4502131405  -0.4862573834  -1.1067614939
0.4456762900  -0.4811595036  -1.1112815420
0.4411558126  -0.4760804138  -1.1157852832
0.4366516452  -0.4710201280  -1.1202727786
0.4321637259  -0.4659786621  -1.1247440887
0.4276919936  -0.4609560341  -1.1291992726
0.4232363881  -0.4559522624  -1.1336383889
0.4187968503  -0.4509673655  -1.1380614950
0.4143733220  -0.4460013603  -1.1424686475
0.4099657456  -0.4410542612  -1.1468599025
0.4055740647  -0.4361260787  -1.1512353152
0.4011982234  -0.4312168184  -1.1555949403
0.3968381670  -0.4263264777  -1.1599388319
0.3924938410  -0.4214550378  -1.1642670438
0.3881651922  -0.4166024491  -1.1685796303
0.3838521680  -0.4117686482  -1.1728766455
0.3795547162  -0.4069536127  -1.1771581427
0.3752727851  -0.4021573765  -1.1814241730
0.3710063232  -0.3973799834  -1.1856747856
0.3667552801  -0.3926214552  -1.1899100294
0.3625196059  -0.3878818019  -1.1941299533
0.3582992517  -0.3831610340  -1.1983346062
0.3540941689  -0.3784591635  -1.2025240360
0.3499043093  -0.3737762032  -1.2066982907
0.3457296254  -0.3691121661  -1.2108574172
0.3415700698  -0.3644670659  -1.2150014624
0.3374255959  -0.3598409164  -1.2191304727
0.3332961573  -0.3552337046  -1.2232444941
0.3291817079  -0.3506453651  -1.2273435722
0.3250822021  -0.3460758927  -1.2314277526
0.3209975948  -0.3415254294  -1.2354970798
0.3169278414  -0.3369941045  -1.2395515983
0.3128728971  -0.3324819332  -1.2435913521
0.3088327176  -0.3279889068  -1.2476163853
0.3048072591  -0.3235150300  -1.2516267419
0.3007964776  -0.3190603054  -1.2556224656
0.2968003295  -0.3146247332  -1.2596035997
0.2928187715  -0.3102083115  -1.2635701877
0.2888517604  -0.3058110372  -1.2675222728
0.2848992531  -0.3014329058  -1.2714598979
0.2809612067  -0.2970739123  -1.2753831060
0.2770375783  -0.2927340512  -1.2792919400
0.2731283255  -0.2884133170  -1.2831864424
0.2692334054  -0.2841117042  -1.2870666559
0.2653527758  -0.2798292078  -1.2909326230
0.2614863940  -0.2755658232  -1.2947843863
0.2576342177  -0.2713215468  -1.2986219880
0.2537962046  -0.2670963753  -1.3024454706
0.2499723122  -0.2628903066  -1.3062548764
0.2461624981  -0.2587033391  -1.3100502478
0.2423667201  -0.2545354722  -1.3138316270
0.2385849357  -0.2503867058  -1.3175990565
0.2348171023  -0.2462570407  -1.3213525787
0.2310631776  -0.2421464778  -1.3250922361
0.2273231189  -0.2380550185  -1.3288180712
0.2235968835  -0.2339826644  -1.3325301265
0.2198844286  -0.2299294168  -1.3362284449
0.2161857113  -0.2258952768  -1.3399130691
0.2125006887  -0.2218802450  -1.3435840421
0.2088293201  -0.2178846496  -1.3472414339
0.2051715679  -0.2139089231  -1.3508853454
0.2015273851  -0.2099522778  -1.3545158007
0.1978967140  -0.2060137060  -1.3581327527
0.1942795069  -0.2020935941  -1.3617362135
0.1906757266  -0.1981924623  -1.3653262311
0.1870853330  -0.1943103399  -1.3689028407
0.1835082826  -0.1904472485  -1.3724660801
0.1799445318  -0.1866032045  -1.3760159889
0.1763940366  -0.1827782178  -1.3795526096
0.1728567530  -0.1789722923  -1.3830759870
0.1693326366  -0.1751854246  -1.3865861688
0.1658216428  -0.1714176047  -1.3900832058
0.1623237264  -0.1676688151  -1.3935671514
0.1588388420  -0.1639390316  -1.3970380621
0.1553669438  -0.1602282226  -1.4004959972
0.1519079855  -0.1565363498  -1.4039410192
0.1484619202  -0.1528633682  -1.4073731931
0.1450287010  -0.1492092266  -1.4107925869
0.1416082800  -0.1455738674  -1.4141992709
0.1382006092  -0.1419572277  -1.4175933179
0.1348056400  -0.1383592392  -1.4209748030
0.1314233234  -0.1347798290  -1.4243438028
0.1280536100  -0.1312189196  -1.4277003956
0.1246964500  -0.1276764298  -1.4310446611
0.1213517930  -0.1241522750  -1.4343766795
0.1180195884  -0.1206463677  -1.4376965316
0.1146997852  -0.1171586179  -1.4410042980
0.1113923320  -0.1136889336  -1.4443000588
0.1080971772  -0.1102372212  -1.4475838929
0.1048142685  -0.1068033860  -1.4508558777
0.1015435537  -0.1033873331  -1.4541160880
0.0982866084  -0.0999892170  -1.4574122011
0.0950444402  -0.0966090729  -1.4607678740
0.0918127719  -0.0932461406  -1.4641018019
0.0885903121  -0.0899001615  -1.4674350225
0.0853791958  -0.0865713955  -1.4707661246
0.0821793346  -0.0832597532  -1.4740934975
0.0789906486  -0.0799651476  -1.4774153313
0.0758130666  -0.0766874933  -1.4807296167
0.0726465270  -0.0734267067  -1.4840341449
0.0694909782  -0.0701827055  -1.4873265079
0.0663463790  -0.0669554082  -1.4906040980
0.0632126993  -0.0637447335  -1.4938641085
0.0600899207  -0.0605506005  -1.4971035330
0.0569780361  -0.0573729276  -1.5003191659
0.0538770509  -0.0542116324  -1.5035076021
0.0507869829  -0.0510666309  -1.5066652373
0.0477078623  -0.0479378372  -1.5097882676
0.0446397321  -0.0448251632  -1.5128726898
0.0415826477  -0.0417285179  -1.5159143014
0.0385366772  -0.0386478074  -1.5189087004
0.0355019012  -0.0355829342  -1.5218512855
0.0324784119  -0.0325337976  -1.5247372558
0.0294663132  -0.0295002932  -1.5275616114
0.0264657197  -0.0264823130  -1.5303191527
0.0234767563  -0.0234797458  -1.5330044808
0.0204995567  -0.0204924774  -1.5356119975
0.0175342627  -0.0175203910  -1.5381359051
0.0145810225  -0.0145633680  -1.5405702066
0.0116399896  -0.0116212883  -1.5429087055
0.0087113206  -0.0086940316  -1.5451450061
0.0057951732  -0.0057814780  -1.5472725132
0.0028917042  -0.0028835089  -1.5492844322
0.0028894577  -0.0028834941  -1.5492844322
