0.277119
0.5185876356  -0.5391115814   0.0000159029
0.5185876356  -0.5391115814   0.0000159029
0.5185899969  -0.5391139364   0.0000143340
0.5185903746  -0.5391130481   0.0000091772
0.5185874572  -0.5391076449   0.0000003449
0.5185807650  -0.5390973234  -0.0000122510
0.5185700939  -0.5390819090  -0.0000286984
0.5185553181  -0.5390612918  -0.0000490857
0.5185363417  -0.5390353853  -0.0000735013
0.5185130816  -0.5390041133  -0.0001020338
0.5184854612  -0.5389674039  -0.0001347721
0.5184534070  -0.5389251871  -0.0001718052
0.5184168472  -0.5388773934  -0.0002132222
0.5183757104  -0.5388239530  -0.0002591125
0.5183299254  -0.5387647956  -0.0003095658
0.5182794209  -0.5386998499  -0.0003646718
0.5182241251  -0.5386290434  -0.0004245203
0.5181639653  -0.5385523025  -0.0004892016
0.5180988687  -0.5384695524  -0.0005588059
0.5180287612  -0.5383807168  -0.0006334238
0.5179535682  -0.5382857182  -0.0007131458
0.5178732141  -0.5381844775  -0.0007980630
0.5177876223  -0.5380769143  -0.0008882662
0.5176967156  -0.5379629467  -0.0009838469
0.5176004154  -0.5378424915  -0.0010848962
0.5174986426  -0.5377154636  -0.0011915060
0.5173913167  -0.5375817770  -0.0013037680
0.5172783564  -0.5374413437  -0.0014217741
0.5171596792  -0.5372940745  -0.0015456166
0.5170352019  -0.5371398787  -0.0016753877
0.5169048397  -0.5369786639  -0.0018111800
0.5167685072  -0.5368103364  -0.0019530862
0.5166261163  -0.5366347481  -0.0021014275
0.5164775807  -0.5364518512  -0.0022560827
0.5163228136  -0.5362616201  -0.0024170629
0.5161617236  -0.5360639166  -0.0025844617
0.5159942188  -0.5358586185  -0.0027583705
0.5158202067  -0.5356456175  -0.0029388820
0.5156395939  -0.5354248060  -0.0031260898
0.5154522855  -0.5351960757  -0.0033200891
0.5152581858  -0.5349593172  -0.0035209766
0.5150571975  -0.5347144196  -0.0037288501
0.5148492225  -0.5344612707  -0.0039438090
0.5146341613  -0.5341997571  -0.0041659538
0.5144119131  -0.5339297639  -0.0043953864
0.5141823760  -0.5336511750  -0.0046322098
0.5139454468  -0.5333638728  -0.0048765285
0.5137010210  -0.5330677387  -0.0051284481
0.5134489929  -0.5327626526  -0.0053880757
0.5131892554  -0.5324484934  -0.0056555196
0.5129217002  -0.5321251386  -0.0059308893
0.5126462177  -0.5317924645  -0.0062142959
0.5123626971  -0.5314503466  -0.0065058515
0.5120710260  -0.5310986590  -0.0068056699
0.5117710909  -0.5307372747  -0.0071138659
0.5114627768  -0.5303660656  -0.0074305560
0.5111459675  -0.5299849028  -0.0077558577
0.5108205452  -0.5295936559  -0.0080898903
0.5104863909  -0.5291921939  -0.0084327741
0.5101433841  -0.5287803847  -0.0087846311
0.5097914031  -0.5283580952  -0.0091455845
0.5094303245  -0.5279251914  -0.0095157590
0.5090600236  -0.5274815386  -0.0098952809
0.5086803745  -0.5270269851  -0.0102842776
0.5082912494  -0.5265613884  -0.0106828782
0.5078925193  -0.5260846449  -0.0110912132
0.5074840539  -0.5255966331  -0.0115094146
0.5070657214  -0.5250972019  -0.0119376157
0.5066373883  -0.5245862050  -0.0123759514
0.5061989200  -0.5240635000  -0.0128245583
0.5057501800  -0.5235289448  -0.0132835741
0.5052910306  -0.5229823964  -0.0137531382
0.5048213324  -0.5224237114  -0.0142333915
0.5043409447  -0.5218527456  -0.0147244764
0.5038497252  -0.5212693539  -0.0152265366
0.5033475299  -0.5206733902  -0.0157397176
0.5028342136  -0.5200647078  -0.0162641663
0.5023096294  -0.5194431588  -0.0168000310
0.5017736289  -0.5188085948  -0.0173474618
0.5012260621  -0.5181608661  -0.0179066100
0.5006667776  -0.5174998225  -0.0184776288
0.5000956225  -0.5168253129  -0.0190606726
0.4995124421  -0.5161371854  -0.0196558976
0.4989170804  -0.5154352872  -0.0202634613
0.4983093798  -0.5147194647  -0.0208835228
0.4976891811  -0.5139895638  -0.0215162429
0.4970563238  -0.5132454294  -0.0221617839
0.4964106455  -0.5124869061  -0.0228203096
0.4957519825  -0.5117138377  -0.0234919854
0.4950801696  -0.5109260677  -0.0241769783
0.4943950400  -0.5101234388  -0.0248754567
0.4936964254  -0.5093057930  -0.0255875906
0.4929841559  -0.5084729719  -0.0263135514
0.4922580602  -0.5076248167  -0.0270535121
0.4915179655  -0.5067611684  -0.0278076469
0.4907636976  -0.5058818682  -0.0285761317
0.4899950811  -0.5049867672  -0.0293591439
0.4892119398  -0.5040757379  -0.0301568620
0.4884140956  -0.5031486441  -0.0309694661
0.4876013689  -0.5022052819  -0.0317971379
0.4867735788  -0.5012453889  -0.0326400611
0.4859305426  -0.5002687258  -0.0334984210
0.4850720758  -0.4992751210  -0.0343724041
0.4841979924  -0.4982644527  -0.0352621975
0.4833081050  -0.4972366214  -0.0361679896
0.4824022251  -0.4961915329  -0.0370899696
0.4814801630  -0.4951290883  -0.0380283280
0.4805417275  -0.4940491803  -0.0389832565
0.4795867266  -0.4929516933  -0.0399549479
0.4786149667  -0.4918365035  -0.0409435964
0.4776262533  -0.4907034789  -0.0419493970
0.4766203905  -0.4895524788  -0.0429725465
0.4755971814  -0.4883833544  -0.0440132429
0.4745564281  -0.4871959490  -0.0450716854
0.4734979315  -0.4859900986  -0.0461480744
0.4724214913  -0.4847656323  -0.0472426109
0.4713269063  -0.4835223734  -0.0483554970
0.4702139749  -0.4822601406  -0.0494869354
0.4690824970  -0.4809787529  -0.0506371298
0.4679322726  -0.4796780264  -0.0518062853
0.4667630986  -0.4783577710  -0.0529946091
0.4655747709  -0.4770177939  -0.0542023090
0.4643670846  -0.4756579023  -0.0554295906
0.4631398341  -0.4742779032  -0.0566766574
0.4618928130  -0.4728776041  -0.0579437104
0.4606258147  -0.4714568130  -0.0592309485
0.4593386320  -0.4700153365  -0.0605385690
0.4580310578  -0.4685529777  -0.0618667706
0.4567028833  -0.4670693481  -0.0632157503
0.4553538969  -0.4655638542  -0.0645856992
0.4539838911  -0.4640366255  -0.0659768250
0.4525926733  -0.4624888775  -0.0673893770
0.4511800602  -0.4609214406  -0.0688236187
0.4497458581  -0.4593338480  -0.0702797903
0.4482898552  -0.4577251045  -0.0717581067
0.4468118327  -0.4560944010  -0.0732587685
0.4453115752  -0.4544412148  -0.0747819684
0.4437888712  -0.4527652694  -0.0763278960
0.4422435136  -0.4510664500  -0.0778967381
0.4406752976  -0.4493447098  -0.0794886780
0.4390840208  -0.4476000340  -0.0811038970
0.4374694829  -0.4458324365  -0.0827425747
0.4358314869  -0.4440419592  -0.0844048873
0.4341698495  -0.4422286875  -0.0860910083
0.4324843937  -0.4403927347  -0.0878011090
0.4307749351  -0.4385342204  -0.0895353560
0.4290412890  -0.4366532792  -0.0912939118
0.4272832731  -0.4347500636  -0.0930769360
0.4255007076  -0.4328247425  -0.0948845837
0.4236934157  -0.4308774987  -0.0967170048
0.4218612230  -0.4289085275  -0.0985743427
0.4200040123  -0.4269180956  -0.1004567319
0.4181216894  -0.4249065034  -0.1023642951
0.4162140731  -0.4228739618  -0.1042971410
0.4142809200  -0.4208206146  -0.1062553585
0.4123219697  -0.4187465864  -0.1082390052
0.4103369429  -0.4166519792  -0.1102480933
0.4083255398  -0.4145368683  -0.1122825582
0.4062875032  -0.4124013721  -0.1143421987
0.4042227012  -0.4102456981  -0.1164266092
0.4021307543  -0.4080700250  -0.1185307647
0.4000112152  -0.4058745111  -0.1206496816
0.3978649348  -0.4036596318  -0.1227903021
0.3956934976  -0.4014262173  -0.1249637022
0.3934972467  -0.3991749708  -0.1271751998
0.3912755127  -0.3969062752  -0.1294267129
0.3890276246  -0.3946202993  -0.1317185284
0.3867530660  -0.3923170623  -0.1340498403
0.3844515288  -0.3899965527  -0.1364196255
0.3821228474  -0.3876586882  -0.1388269391
0.3797668565  -0.3853032488  -0.1412707270
0.3773834050  -0.3829299672  -0.1437498324
0.3749724134  -0.3805386038  -0.1462630033
0.3725337916  -0.3781288366  -0.1488088976
0.3700673975  -0.3757002137  -0.1513860891
0.3675731604  -0.3732523264  -0.1539930732
0.3650509760  -0.3707846783  -0.1566282730
0.3625006468  -0.3682966115  -0.1592900458
0.3599220587  -0.3657875346  -0.1619766888
0.3573150579  -0.3632567679  -0.1646864451
0.3546794634  -0.3607035751  -0.1674175095
0.3520150391  -0.3581271420  -0.1701680344
0.3493214717  -0.3555265565  -0.1729361343
0.3465982951  -0.3529007431  -0.1757198908
0.3438448568  -0.3502484323  -0.1785173597
0.3410603564  -0.3475682194  -0.1813265787
0.3382434910  -0.3448581995  -0.1841455750
0.3353923466  -0.3421158859  -0.1869723712
0.3325039897  -0.3393378130  -0.1898049924
0.3295735088  -0.3365185958  -0.1926414724
0.3265923558  -0.3336493079  -0.1954798573
0.3235479390  -0.3307173638  -0.1983182262
0.3201586006  -0.3274420543  -0.2011547141
0.3165559739  -0.3239574041  -0.2039874548
0.3132209030  -0.3207435216  -0.2068145021
0.3101787523  -0.3178210541  -0.2096338774
0.3073234662  -0.3150805865  -0.2124436686
0.3045832359  -0.3124489189  -0.2152420535
0.3018999305  -0.3098673375  -0.2180272883
0.2992376263  -0.3072996807  -0.2207977023
0.2965942331  -0.3047436366  -0.2235516957
0.2939690010  -0.3021981802  -0.2262877422
0.2913615406  -0.2996626804  -0.2290043962
0.2887716984  -0.2971368014  -0.2317002977
0.2861993692  -0.2946203142  -0.2343741772
0.2836444601  -0.2921130582  -0.2370248635
0.2811068892  -0.2896149381  -0.2396512887
0.2785865847  -0.2871259202  -0.2422524933
0.2760834840  -0.2846460277  -0.2448276350
0.2735975332  -0.2821753370  -0.2473759941
0.2711286848  -0.2797139721  -0.2498969785
0.2686768975  -0.2772621002  -0.2523901317
0.2662421343  -0.2748199262  -0.2548551394
0.2638243622  -0.2723876881  -0.2572918389
0.2614235511  -0.2699656520  -0.2597002282
0.2590396729  -0.2675541069  -0.2620804794
0.2566727008  -0.2651533601  -0.2644329503
0.2543226090  -0.2627637325  -0.2667582040
0.2519893737  -0.2603855549  -0.2690570362
0.2496729743  -0.2580191655  -0.2713305131
0.2473733980  -0.2556649089  -0.2735800358
0.2450906490  -0.2533231387  -0.2758074538
0.2428247602  -0.2509942384  -0.2780152160
0.2405764513  -0.2486789913  -0.2802116525
0.2383468012  -0.2463783618  -0.2824072809
0.2361347865  -0.2440921051  -0.2846011955
0.2339377191  -0.2418189872  -0.2867861282
0.2317542930  -0.2395584390  -0.2889581960
0.2295847037  -0.2373106659  -0.2911156836
0.2274293317  -0.2350759792  -0.2932579093
0.2252884450  -0.2328546360  -0.2953850358
0.2231621600  -0.2306468115  -0.2974973625
0.2210504244  -0.2284525855  -0.2995950264
0.2189531163  -0.2262719885  -0.3016781674
0.2168701106  -0.2241050351  -0.3037469278
0.2148012818  -0.2219517260  -0.3058014505
0.2127465047  -0.2198120493  -0.3078418798
0.2107056549  -0.2176859807  -0.3098683610
0.2086786087  -0.2155734849  -0.3118810400
0.2066652434  -0.2134745160  -0.3138800627
0.2046654369  -0.2113890182  -0.3158655749
0.2026790684  -0.2093169266  -0.3178377217
0.2007060175  -0.2072581680  -0.3197966470
0.1987461650  -0.2052126620  -0.3217424928
0.1967993928  -0.2031803212  -0.3236753994
0.1948655834  -0.2011610523  -0.3255955043
0.1929446206  -0.1991547569  -0.3275029419
0.1910363892  -0.1971613320  -0.3293978433
0.1891407750  -0.1951806710  -0.3312803355
0.1872576649  -0.1932126640  -0.3331505410
0.1853869468  -0.1912571984  -0.3350085776
0.1835285098  -0.1893141590  -0.3368545569
0.1816822438  -0.1873834279  -0.3386885843
0.1798480400  -0.1854648833  -0.3405107571
0.1780257891  -0.1835583565  -0.3423211503
0.1762153806  -0.1816636088  -0.3441197983
0.1744167052  -0.1797805109  -0.3459067302
0.1726296632  -0.1779091786  -0.3476820318
0.1708541621  -0.1760497626  -0.3494458370
0.1690901076  -0.1742022467  -0.3511982782
0.1673374006  -0.1723665106  -0.3529394708
0.1655959403  -0.1705424261  -0.3546695199
0.1638656271  -0.1687298787  -0.3563885243
0.1621463626  -0.1669287721  -0.3580965797
0.1604380504  -0.1651390251  -0.3597937813
0.1587405952  -0.1633605621  -0.3614802233
0.1570539029  -0.1615933090  -0.3631559992
0.1553778802  -0.1598371934  -0.3648212015
0.1537124348  -0.1580921440  -0.3664759215
0.1520574755  -0.1563580907  -0.3681202496
0.1504129117  -0.1546349644  -0.3697542756
0.1487786539  -0.1529226968  -0.3713780878
0.1471546134  -0.1512212206  -0.3729917739
0.1455407025  -0.1495304691  -0.3745954207
0.1439368343  -0.1478503758  -0.3761891141
0.1423429227  -0.1461808750  -0.3777729390
0.1407588827  -0.1445219008  -0.3793469795
0.1391846297  -0.1428733875  -0.3809113189
0.1376200804  -0.1412352695  -0.3824660398
0.1360651521  -0.1396074805  -0.3840112236
0.1345197630  -0.1379899542  -0.3855469513
0.1329838320  -0.1363826235  -0.3870733029
0.1314572788  -0.1347854206  -0.3885903577
0.1299400241  -0.1331982770  -0.3900981942
0.1284319892  -0.1316211228  -0.3915968903
0.1269330961  -0.1300538859  -0.3930865229
0.1254432678  -0.1284964892  -0.3945671687
0.1239624278  -0.1269488520  -0.3960389034
0.1224905006  -0.1254108972  -0.3975018024
0.1210274112  -0.1238825550  -0.3989559398
0.1195730856  -0.1223637598  -0.4004013890
0.1181274503  -0.1208544455  -0.4018382225
0.1166904326  -0.1193545446  -0.4032665122
0.1152619605  -0.1178639894  -0.4046863292
0.1138419629  -0.1163827115  -0.4060977440
0.1124303692  -0.1149106430  -0.4075008266
0.1110271094  -0.1134477164  -0.4088956460
0.1096321144  -0.1119938641  -0.4102822707
0.1082453158  -0.1105490190  -0.4116607686
0.1068666456  -0.1091131145  -0.4130312069
0.1054960367  -0.1076860839  -0.4143936519
0.1041334226  -0.1062678612  -0.4157481695
0.1027787375  -0.1048583804  -0.4170948250
0.1014319161  -0.1034575761  -0.4184336828
0.1000928938  -0.1020653820  -0.4197648070
0.0987616066  -0.1006817309  -0.4210882608
0.0974379914  -0.0993065575  -0.4224041070
0.0961219853  -0.0979398018  -0.4237124075
0.0948135262  -0.0965814037  -0.4250132240
0.0935125527  -0.0952312996  -0.4263066171
0.0922190039  -0.0938894256  -0.4275926473
0.0909328195  -0.0925557187  -0.4288713743
0.0896539398  -0.0912301160  -0.4301428571
0.0883823055  -0.0899125551  -0.4314071543
0.0871178582  -0.0886029737  -0.4326643239
0.0858605399  -0.0873013103  -0.4339144233
0.0846102931  -0.0860075033  -0.4351575094
0.0833670609  -0.0847214918  -0.4363936385
0.0821307871  -0.0834432151  -0.4376228663
0.0809014157  -0.0821726131  -0.4388452481
0.0796788917  -0.0809096260  -0.4400608385
0.0784631603  -0.0796541945  -0.4412696919
0.0772541672  -0.0784062596  -0.4424718617
0.0760518589  -0.0771657630  -0.4436674012
0.0748561822  -0.0759326467  -0.4448563629
0.0736670844  -0.0747068530  -0.4460387989
0.0724845134  -0.0734883250  -0.4472147609
0.0713084177  -0.0722770059  -0.4483843001
0.0701387460  -0.0710728396  -0.4495474669
0.0689754478  -0.0698757703  -0.4507043116
0.0678184729  -0.0686857427  -0.4518548838
0.0666677715  -0.0675027020  -0.4529992326
0.0655232946  -0.0663265936  -0.4541374069
0.0643849933  -0.0651573637  -0.4552694549
0.0632528194  -0.0639949586  -0.4563954243
0.0621267252  -0.0628393252  -0.4575153624
0.0610066633  -0.0616904204  -0.4586293183
0.0598925869  -0.0605482045  -0.4597373430
0.0587844496  -0.0594126020  -0.4608394808
0.0576822049  -0.0582835322  -0.4619357703
0.0565858073  -0.0571609560  -0.4630262541
0.0554952117  -0.0560448383  -0.4641109772
0.0544103735  -0.0549351297  -0.4651899831
0.0533312486  -0.0538317812  -0.4662633152
0.0522577929  -0.0527347439  -0.4673310165
0.0511899631  -0.0516439693  -0.4683931299
0.0501277161  -0.0505594090  -0.4694496978
0.0490710094  -0.0494810150  -0.4705007627
0.0480198006  -0.0484087394  -0.4715463669
0.0469740481  -0.0473425347  -0.4725865522
0.0459337103  -0.0462823534  -0.4736213605
0.0448987462  -0.0452281484  -0.4746508336
0.0438691151  -0.0441798730  -0.4756750128
0.0428447767  -0.0431374805  -0.4766939395
0.0418256912  -0.0421009246  -0.4777076548
0.0408118189  -0.0410701593  -0.4787161995
0.0398031207  -0.0400451389  -0.4797196146
0.0387995577  -0.0390258180  -0.4807179404
0.0378010916  -0.0380121513  -0.4817112173
0.0368076842  -0.0370040942  -0.4826994852
0.0358192976  -0.0360016021  -0.4836827839
0.0348358946  -0.0350046310  -0.4846611529
0.0338574381  -0.0340131371  -0.4856346312
0.0328838913  -0.0330270769  -0.4866032576
0.0319152178  -0.0320464075  -0.4875670704
0.0309513817  -0.0310710861  -0.4885261074
0.0299923471  -0.0301010704  -0.4894804061
0.0290380787  -0.0291363186  -0.4904300033
0.0280886691  -0.0281767958  -0.4913883522
0.0271441669  -0.0272224639  -0.4923621317
0.0262042068  -0.0262732651  -0.4933284627
0.0252686573  -0.0253291549  -0.4942932924
0.0243376562  -0.0243901025  -0.4952562448
0.0234111671  -0.0234560686  -0.4962168880
0.0224891548  -0.0225270142  -0.4971747342
0.0215715850  -0.0216029007  -0.4981292395
0.0206584244  -0.0206836899  -0.4990798043
0.0197496410  -0.0197693439  -0.5000257730
0.0188452038  -0.0188598254  -0.5009664338
0.0179450830  -0.0179550973  -0.5019010193
0.0170492501  -0.0170551228  -0.5028287060
0.0161576776  -0.0161598656  -0.5037486145
0.0152703397  -0.0152692896  -0.5046598094
0.0143872116  -0.0143833591  -0.5055612995
0.0135082696  -0.0135020385  -0.5064520376
0.0126334918  -0.0126252928  -0.5073309203
0.0117628572  -0.0117530870  -0.5081967888
0.0108963462  -0.0108853865  -0.5090484278
0.0100339404  -0.0100221570  -0.5098845666
0.0091756229  -0.0091633644  -0.5107038780
0.0083213777  -0.0083089748  -0.5115049793
0.0074711899  -0.0074589548  -0.5122864317
0.0066250458  -0.0066132710  -0.5130467405
0.0057829327  -0.0057718904  -0.5137843549
0.0049448387  -0.0049347802  -0.5144976684
0.0041107525  -0.0041019080  -0.5151850185
0.0032806638  -0.0032732415  -0.5158446866
0.0024545623  -0.0024487489  -0.5164748983
0.0016324384  -0.0016283987  -0.5170738233
0.0008142824  -0.0008121595  -0.5176395753
0.0008141044  -0.0008121585  -0.5176395753
