0.135464
1.5122267459  -1.9823916739   0.0000778525
1.5122267459  -1.9823916739   0.0000778525
1.5122353893  -1.9823989979   0.0000656176
1.5122327237  -1.9823678815   0.0000332211
1.5122125913  -1.9822903028  -0.0000199330
1.5121712640  -1.9821595307  -0.0000944318
1.5121072913  -1.9819731869  -0.0001908532
1.5120198309  -1.9817300327  -0.0003097666
1.5119082717  -1.9814292561  -0.0004517322
1.5117721079  -1.9810702328  -0.0006173011
1.5116108883  -1.9806524296  -0.0008070158
1.5114241916  -1.9801753586  -0.0010214097
1.5112116147  -1.9796385539  -0.0012610071
1.5109727660  -1.9790415590  -0.0015263237
1.5107072609  -1.9783839197  -0.0018178658
1.5104147203  -1.9776651800  -0.0021361313
1.5100947685  -1.9768848794  -0.0024816087
1.5097470326  -1.9760425519  -0.0028547779
1.5093711422  -1.9751377254  -0.0032561094
1.5089667285  -1.9741699212  -0.0036860653
1.5085334247  -1.9731386546  -0.0041450985
1.5080708656  -1.9720434351  -0.0046336528
1.5075786877  -1.9708837669  -0.0051521633
1.5070565292  -1.9696591496  -0.0057010560
1.5065040304  -1.9683690791  -0.0062807482
1.5059208333  -1.9670130483  -0.0068916479
1.5053065822  -1.9655905481  -0.0075341544
1.5046609237  -1.9641010683  -0.0082086581
1.5039835068  -1.9625440988  -0.0089155402
1.5032739834  -1.9609191304  -0.0096551732
1.5025320080  -1.9592256559  -0.0104279206
1.5017572385  -1.9574631713  -0.0112341368
1.5009493316  -1.9556303193  -0.0120753897
1.5001079599  -1.9537273960  -0.0129509225
1.4992327972  -1.9517549941  -0.0138606746
1.4983235067  -1.9497119889  -0.0148049341
1.4973797614  -1.9475976503  -0.0157839904
1.4964012422  -1.9454114430  -0.0167981496
1.4953876349  -1.9431528732  -0.0178477127
1.4943386303  -1.9408214762  -0.0189329776
1.4932539243  -1.9384168087  -0.0200542386
1.4921332185  -1.9359384467  -0.0212117854
1.4909762200  -1.9333859867  -0.0224059028
1.4897826420  -1.9307590464  -0.0236368698
1.4885522038  -1.9280572655  -0.0249049592
1.4872846301  -1.9252803055  -0.0262104370
1.4859796489  -1.9224278483  -0.0275535628
1.4846369950  -1.9194996009  -0.0289345895
1.4832564131  -1.9164952991  -0.0303537635
1.4818376552  -1.9134147048  -0.0318113240
1.4803804809  -1.9102576069  -0.0333075033
1.4788846576  -1.9070238208  -0.0348425261
1.4773499602  -1.9037131888  -0.0364166095
1.4757761718  -1.9003255809  -0.0380299630
1.4741630835  -1.8968608960  -0.0396827874
1.4725104948  -1.8933190627  -0.0413752733
1.4708182133  -1.8897000399  -0.0431076024
1.4690860554  -1.8860038170  -0.0448799493
1.4673138463  -1.8822304143  -0.0466924819
1.4655014202  -1.8783798842  -0.0485453607
1.4636486200  -1.8744523114  -0.0504387389
1.4617552976  -1.8704478140  -0.0523727618
1.4598213127  -1.8663665420  -0.0543475668
1.4578465229  -1.8622084565  -0.0563632833
1.4558307921  -1.8579736865  -0.0584200321
1.4537740039  -1.8536629024  -0.0605179234
1.4516760559  -1.8492765788  -0.0626570541
1.4495368540  -1.8448148834  -0.0648375075
1.4473563119  -1.8402781037  -0.0670593534
1.4451343532  -1.8356666086  -0.0693226491
1.4428709111  -1.8309808055  -0.0716274393
1.4405659288  -1.8262211364  -0.0739737567
1.4382193587  -1.8213880807  -0.0763616235
1.4358311636  -1.8164821550  -0.0787910562
1.4334013164  -1.8115039097  -0.0812620707
1.4309297937  -1.8064539186  -0.0837746787
1.4284165590  -1.8013327594  -0.0863288846
1.4258615875  -1.7961410329  -0.0889246858
1.4232648832  -1.7908793826  -0.0915620730
1.4206264616  -1.7855484843  -0.0942410305
1.4179463474  -1.7801490461  -0.0969615363
1.4152245747  -1.7746818082  -0.0997235623
1.4124611865  -1.7691475436  -0.1025270746
1.4096562347  -1.7635470606  -0.1053720338
1.4068097797  -1.7578811991  -0.1082583949
1.4039218901  -1.7521508249  -0.1111861080
1.4009925961  -1.7463567837  -0.1141551174
1.3980218859  -1.7404998981  -0.1171653625
1.3950098178  -1.7345810695  -0.1202167774
1.3919565262  -1.7286012856  -0.1233092915
1.3888621594  -1.7225615630  -0.1264428290
1.3857268778  -1.7164629423  -0.1296173092
1.3825508530  -1.7103064860  -0.1328326463
1.3793342667  -1.7040932749  -0.1360887493
1.3760773104  -1.6978243974  -0.1393855229
1.3727801871  -1.6915009500  -0.1427228670
1.3694431022  -1.6851240664  -0.1461006773
1.3660661674  -1.6786948220  -0.1495188449
1.3626493881  -1.6722141765  -0.1529772562
1.3591927432  -1.6656830527  -0.1564757930
1.3556961997  -1.6591023667  -0.1600143323
1.3521597128  -1.6524730567  -0.1635927358
1.3485832261  -1.6457961055  -0.1672108440
1.3449666780  -1.6390724083  -0.1708685044
1.3413100353  -1.6323026037  -0.1745656013
1.3376135193  -1.6254874670  -0.1783020529
1.3338774775  -1.6186281632  -0.1820778000
1.3301021217  -1.6117260329  -0.1858927811
1.3262876190  -1.6047824664  -0.1897468914
1.3224341321  -1.5977988117  -0.1936399702
1.3185418254  -1.5907763716  -0.1975718150
1.3146108710  -1.5837164135  -0.2015421878
1.3106414485  -1.5766201694  -0.2055508164
1.3066337454  -1.5694888384  -0.2095974027
1.3025879594  -1.5623235864  -0.2136816539
1.2985043013  -1.5551255449  -0.2178033018
1.2943829904  -1.5478958166  -0.2219620846
1.2902242482  -1.5406354747  -0.2261577340
1.2860282993  -1.5333455650  -0.2303899818
1.2817953737  -1.5260271073  -0.2346585603
1.2775257126  -1.5186811074  -0.2389632013
1.2732195680  -1.5113085590  -0.2433036363
1.2688771903  -1.5039104300  -0.2476795941
1.2644988283  -1.4964876654  -0.2520908011
1.2600847352  -1.4890411992  -0.2565369814
1.2556351683  -1.4815719571  -0.2610178585
1.2511503903  -1.4740808587  -0.2655331550
1.2466306745  -1.4665688303  -0.2700825912
1.2420763029  -1.4590368067  -0.2746658847
1.2374875589  -1.4514857222  -0.2792827553
1.2328647291  -1.4439165156  -0.2839329272
1.2282081057  -1.4363301357  -0.2886161298
1.2235179837  -1.4287275460  -0.2933320951
1.2187940233  -1.4211091371  -0.2980805393
1.2140358275  -1.4134752576  -0.3028611640
1.2092444084  -1.4058274411  -0.3076737504
1.2044216871  -1.3981679416  -0.3125182158
1.1995696791  -1.3904994248  -0.3173944745
1.1946903970  -1.3828250333  -0.3223023140
1.1897846955  -1.3751468238  -0.3272414501
1.1848518540  -1.3674650031  -0.3322116022
1.1798908676  -1.3597792559  -0.3372125029
1.1749008535  -1.3520893458  -0.3422438927
1.1698808386  -1.3443949595  -0.3473055189
1.1648297532  -1.3366956980  -0.3523971319
1.1597467793  -1.3289914684  -0.3575184883
1.1546324936  -1.3212837519  -0.3626693537
1.1494878801  -1.3135744923  -0.3678495014
1.1443131755  -1.3058647894  -0.3730587120
1.1391085361  -1.2981556370  -0.3782967717
1.1338741204  -1.2904480307  -0.3835634719
1.1286101108  -1.2827430127  -0.3888586108
1.1233167493  -1.2750417442  -0.3941819971
1.1179942645  -1.2673453452  -0.3995334227
1.1126428249  -1.2596548028  -0.4049126307
1.1072626017  -1.2519710827  -0.4103193869
1.1018538020  -1.2442951615  -0.4157535322
1.0964167032  -1.2366281378  -0.4212149141
1.0909515822  -1.2289711101  -0.4267033527
1.0854586518  -1.2213250137  -0.4322186478
1.0799381039  -1.2136907071  -0.4377605661
1.0743901354  -1.2060690319  -0.4433288147
1.0688149980  -1.1984609246  -0.4489229918
1.0632128950  -1.1908672237  -0.4545424749
1.0575838467  -1.1832883920  -0.4601861224
1.0519267885  -1.1757241954  -0.4658479678
1.0462410472  -1.1681747418  -0.4715244611
1.0405307627  -1.1606427563  -0.4772277337
1.0348013232  -1.1531320983  -0.4829709667
1.0290521153  -1.1456441189  -0.4887548587
1.0232794790  -1.1381781822  -0.4945765537
1.0174818450  -1.1307337991  -0.5004345667
1.0116591217  -1.1233107315  -0.5063275771
1.0058114396  -1.1159087703  -0.5122541872
0.9999390407  -1.1085277847  -0.5182129281
0.9940420816  -1.1011673964  -0.5242022751
0.9881206151  -1.0938269497  -0.5302206549
0.9821748705  -1.0865059646  -0.5362664256
0.9762051195  -1.0792038913  -0.5423378590
0.9702115902  -1.0719200090  -0.5484331607
0.9641945636  -1.0646536448  -0.5545504896
0.9581541837  -1.0574038599  -0.5606879602
0.9520906494  -1.0501697367  -0.5668436483
0.9460042125  -1.0429503641  -0.5730155953
0.9398953405  -1.0357449943  -0.5792018134
0.9337627815  -1.0285511522  -0.5854002935
0.9276043406  -1.0213653735  -0.5916090113
0.9214216689  -1.0141880924  -0.5978259311
0.9152167752  -1.0070201269  -0.6040490088
0.9089892360  -0.9998598459  -0.6102761969
0.9027383005  -0.9927052765  -0.6165054513
0.8964627946  -0.9855540516  -0.6227347381
0.8901606445  -0.9784029708  -0.6289620387
0.8838282174  -0.9712473653  -0.6351853543
0.8774588475  -0.9640796476  -0.6414027122
0.8710392455  -0.9568857936  -0.6476121788
0.8645380184  -0.9496336733  -0.6538119131
0.8576655886  -0.9420351220  -0.6600001931
0.8506887851  -0.9343647672  -0.6661752079
0.8442405425  -0.9272535834  -0.6723348654
0.8381610344  -0.9205294819  -0.6784770298
0.8321457582  -0.9138815308  -0.6845998222
0.8261551078  -0.9072668153  -0.6907015748
0.8201884543  -0.9006825330  -0.6967806999
0.8142456126  -0.8941269654  -0.7028356758
0.8083264048  -0.8875985724  -0.7088650625
0.8024306748  -0.8810959449  -0.7148675098
0.7965582904  -0.8746178056  -0.7208417656
0.7907091427  -0.8681630075  -0.7267866795
0.7848831422  -0.8617305314  -0.7327012039
0.7790802184  -0.8553194838  -0.7385844000
0.7733003194  -0.8489290968  -0.7444354429
0.7675434105  -0.8425587268  -0.7502536271
0.7618094735  -0.8362078504  -0.7560383734
0.7560985045  -0.8298760598  -0.7617892307
0.7504105097  -0.8235630574  -0.7675058760
0.7447455123  -0.8172686522  -0.7731881497
0.7391035670  -0.8109927550  -0.7788361050
0.7334847371  -0.8047353710  -0.7844499502
0.7278890561  -0.7984965897  -0.7900299898
0.7223165473  -0.7922765761  -0.7955766862
0.7167672568  -0.7860755644  -0.8010907042
0.7112412477  -0.7798938523  -0.8065729177
0.7057385927  -0.7737317951  -0.8120244406
0.7002593820  -0.7675898000  -0.8174466789
0.6948037395  -0.7614683239  -0.8228414228
0.6893718605  -0.7553678781  -0.8282110349
0.6839641169  -0.7492890993  -0.8335589203
0.6785824011  -0.7432328655  -0.8388948254
0.6732286606  -0.7372000563  -0.8442282048
0.6678989869  -0.7311909130  -0.8495521112
0.6625865605  -0.7252049751  -0.8548547573
0.6572904269  -0.7192417960  -0.8601343216
0.6520135766  -0.7133013260  -0.8653923432
0.6467574462  -0.7073836866  -0.8706291685
0.6415220715  -0.7014889715  -0.8758449365
0.6363073278  -0.6956172389  -0.8810397888
0.6311130905  -0.6897685260  -0.8862138712
0.6259392368  -0.6839428505  -0.8913673331
0.6207856451  -0.6781402100  -0.8965003274
0.6156521950  -0.6723605827  -0.9016130096
0.6105387675  -0.6666039286  -0.9067055374
0.6054452444  -0.6608701896  -0.9117780701
0.6003715086  -0.6551592912  -0.9168307675
0.5953174439  -0.6494711423  -0.9218637897
0.5902829352  -0.6438056373  -0.9268772962
0.5852678682  -0.6381626563  -0.9318714449
0.5802721296  -0.6325420673  -0.9368463912
0.5752956070  -0.6269437269  -0.9418022873
0.5703381888  -0.6213674820  -0.9467392801
0.5653997643  -0.6158131711  -0.9516575118
0.5604802245  -0.6102806258  -0.9565571193
0.5555794615  -0.6047696728  -0.9614382336
0.5506973683  -0.5992801348  -0.9663009777
0.5458338393  -0.5938118325  -0.9711454662
0.5409887695  -0.5883645854  -0.9759718035
0.5361620551  -0.5829382136  -0.9807800822
0.5313535925  -0.5775325382  -0.9855703802
0.5265632783  -0.5721473808  -0.9903427556
0.5217910023  -0.5667825464  -0.9950972126
0.5170366418  -0.5614378195  -0.9998336761
0.5123000900  -0.5561130691  -1.0045521030
0.5075812975  -0.5508083239  -1.0092526232
0.5028802451  -0.5455236107  -1.0139354544
0.4981968732  -0.5402588027  -1.0186007433
0.4935310794  -0.5350137124  -1.0232485702
0.4888827612  -0.5297882026  -1.0278790095
0.4842518320  -0.5245821800  -1.0324921412
0.4796382116  -0.5193955679  -1.0370880445
0.4750418220  -0.5142282996  -1.0416667973
0.4704625862  -0.5090803179  -1.0462284760
0.4659004286  -0.5039515754  -1.0507731558
0.4613552747  -0.4988420331  -1.0553009102
0.4568270511  -0.4937516609  -1.0598118119
0.4523156857  -0.4886804366  -1.0643059318
0.4478211072  -0.4836283451  -1.0687833398
0.4433432458  -0.4785953780  -1.0732441046
0.4388820325  -0.4735815325  -1.0776882936
0.4344373994  -0.4685868109  -1.0821159732
0.4300092796  -0.4636112197  -1.0865272086
0.4255976071  -0.4586547680  -1.0909220641
0.4212023171  -0.4537174668  -1.0953006029
0.4168233454  -0.4487993287  -1.0996628875
0.4124606290  -0.4439003667  -1.1040089792
0.4081141056  -0.4390205934  -1.1083389387
0.4037837138  -0.4341600195  -1.1126528259
0.3994693929  -0.4293186532  -1.1169507001
0.3951710833  -0.4244964986  -1.1212326196
0.3908887257  -0.4196935545  -1.1254986426
0.3866222620  -0.4149098120  -1.1297488266
0.3823716346  -0.4101452452  -1.1339832289
0.3781367866  -0.4053997981  -1.1382019071
0.3739176619  -0.4006734026  -1.1424049191
0.3697142048  -0.3959660311  -1.1465923216
0.3655263602  -0.3912777103  -1.1507641692
0.3613540729  -0.3866084748  -1.1549205147
0.3571972888  -0.3819583372  -1.1590614108
0.3530559545  -0.3773272991  -1.1631869103
0.3489300171  -0.3727153625  -1.1672970655
0.3448194244  -0.3681225306  -1.1713919284
0.3407241245  -0.3635488073  -1.1754715506
0.3366440659  -0.3589941964  -1.1795359830
0.3325791974  -0.3544587023  -1.1835852764
0.3285294685  -0.3499423291  -1.1876194810
0.3244948289  -0.3454450568  -1.1916386467
0.3204752286  -0.3409668173  -1.1956428233
0.3164706179  -0.3365075971  -1.1996320601
0.3124809480  -0.3320675168  -1.2036064059
0.3085061698  -0.3276466844  -1.2075659089
0.3045462350  -0.3232451046  -1.2115106174
0.3006010950  -0.3188627603  -1.2154405796
0.2966707018  -0.3144996463  -1.2193558434
0.2927550075  -0.3101557550  -1.2232564566
0.2888539645  -0.3058310771  -1.2271424667
0.2849675252  -0.3015256008  -1.2310139212
0.2810956424  -0.2972393133  -1.2348708673
0.2772382688  -0.2929722005  -1.2387133522
0.2733953576  -0.2887242476  -1.2425414228
0.2695668617  -0.2844954391  -1.2463551262
0.2657527344  -0.2802857595  -1.2501545089
0.2619529291  -0.2760951934  -1.2539396178
0.2581673991  -0.2719237255  -1.2577104995
0.2543960978  -0.2677713410  -1.2614672004
0.2506389789  -0.2636380253  -1.2652097671
0.2468959958  -0.2595237649  -1.2689382459
0.2431671021  -0.2554285464  -1.2726526833
0.2394522515  -0.2513523573  -1.2763531255
0.2357513974  -0.2472951857  -1.2800396190
0.2320644936  -0.2432570202  -1.2837122102
0.2283914936  -0.2392378499  -1.2873709453
0.2247323508  -0.2352376641  -1.2910158708
0.2210870187  -0.2312564523  -1.2946470331
0.2174554509  -0.2272942043  -1.2982644788
0.2138376006  -0.2233509094  -1.3018682544
0.2102334210  -0.2194265566  -1.3054584065
0.2066428654  -0.2155211345  -1.3090349819
0.2030658892  -0.2116349281  -1.3125980527
0.1995024504  -0.2077683164  -1.3161477202
0.1959524989  -0.2039205741  -1.3196840133
0.1924159743  -0.2000907774  -1.3232068938
0.1888928258  -0.1962792645  -1.3267163793
0.1853830121  -0.1924864939  -1.3302125209
0.1818864890  -0.1887124798  -1.3336953581
0.1784032097  -0.1849572294  -1.3371649323
0.1749331269  -0.1812207451  -1.3406212869
0.1714761933  -0.1775030236  -1.3440644676
0.1680323614  -0.1738040556  -1.3474945228
0.1646015835  -0.1701238259  -1.3509115031
0.1611838116  -0.1664623128  -1.3543154620
0.1577789975  -0.1628194884  -1.3577064557
0.1543870926  -0.1591953180  -1.3610845430
0.1510080479  -0.1555897610  -1.3644497855
0.1476418143  -0.1520027705  -1.3678022476
0.1442883420  -0.1484342935  -1.3711419961
0.1409475811  -0.1448842715  -1.3744691004
0.1376194812  -0.1413526405  -1.3777836324
0.1343039914  -0.1378393317  -1.3810856659
0.1310010608  -0.1343442713  -1.3843752769
0.1277106378  -0.1308673817  -1.3876525430
0.1244326705  -0.1274085811  -1.3909175433
0.1211671068  -0.1239677845  -1.3941703577
0.1179138942  -0.1205449039  -1.3974110671
0.1146729798  -0.1171398487  -1.4006397526
0.1114443107  -0.1137525263  -1.4038564953
0.1082278334  -0.1103828423  -1.4070613754
0.1050234942  -0.1070307009  -1.4102544722
0.1018312392  -0.1036960054  -1.4134358634
0.0986510142  -0.1003786591  -1.4166056243
0.0954842973  -0.0970787883  -1.4198100488
0.0923320322  -0.0937964124  -1.4230721081
0.0891901892  -0.0905308400  -1.4263128664
0.0860575483  -0.0872818290  -1.4295527525
0.0829361139  -0.0840495999  -1.4327903996
0.0798257982  -0.0808340617  -1.4360242473
0.0767265214  -0.0776351251  -1.4392525416
0.0736382120  -0.0744527028  -1.4424733351
0.0705608076  -0.0712867089  -1.4456844865
0.0674942554  -0.0681370585  -1.4488836614
0.0644385122  -0.0650036678  -1.4520683315
0.0613935457  -0.0618864535  -1.4552357749
0.0583593341  -0.0587853322  -1.4583830765
0.0553358670  -0.0557002202  -1.4615071272
0.0523231454  -0.0526310332  -1.4646046247
0.0493211821  -0.0495776855  -1.4676720729
0.0463300018  -0.0465400900  -1.4707057822
0.0433496412  -0.0435181573  -1.4737018696
0.0403801490  -0.0405117959  -1.4766562582
0.0374215857  -0.0375209118  -1.4795646780
0.0344740236  -0.0345454078  -1.4824226649
0.0315375463  -0.0315851839  -1.4852255616
0.0286122483  -0.0286401370  -1.4879685173
0.0256982344  -0.0257101610  -1.4906464873
0.0227956188  -0.0227951472  -1.4932542336
0.0199045246  -0.0198949839  -1.4957863246
0.0170250821  -0.0170095578  -1.4982371350
0.0141574282  -0.0141387537  -1.5006008462
0.0113017043  -0.0112824555  -1.5028714458
0.0084580550  -0.0084405468  -1.5050427278
0.0056266261  -0.0056129119  -1.5071082930
0.0028075624  -0.0027994363  -1.5090615482
0.0028054449  -0.0027994222  -1.5090615482
