0.108052
1.7722326929  -1.9157056111   0.0000706002
1.7722326929  -1.9157056111   0.0000706002
1.7722384189  -1.9157006903   0.0000582192
1.7722338243  -1.9156659576   0.0000269267
1.7722137297  -1.9155994330  -0.0000238134
1.7721741002  -1.9154957350  -0.0000945316
1.7721134421  -1.9153531374  -0.0001857527
1.7720309102  -1.9151708097  -0.0002979961
1.7719259030  -1.9149482511  -0.0004317754
1.7717979296  -1.9146851049  -0.0005875987
1.7716465554  -1.9143810816  -0.0007659685
1.7714713766  -1.9140359242  -0.0009673818
1.7712720071  -1.9136493889  -0.0011923298
1.7710480713  -1.9132212357  -0.0014412981
1.7707992003  -1.9127512222  -0.0017147670
1.7705250287  -1.9122391005  -0.0020132110
1.7702251934  -1.9116846145  -0.0023370988
1.7698993323  -1.9110874996  -0.0026868938
1.7695470840  -1.9104474810  -0.0030630538
1.7691680869  -1.9097642745  -0.0034660307
1.7687619794  -1.9090375855  -0.0038962712
1.7683283993  -1.9082671096  -0.0043542161
1.7678669840  -1.9074525329  -0.0048403008
1.7673773701  -1.9065935321  -0.0053549549
1.7668591939  -1.9056897750  -0.0058986025
1.7663120912  -1.9047409212  -0.0064716622
1.7657356971  -1.9037466224  -0.0070745469
1.7651296465  -1.9027065229  -0.0077076638
1.7644935739  -1.9016202606  -0.0083714148
1.7638271136  -1.9004874671  -0.0090661959
1.7631299000  -1.8993077689  -0.0097923975
1.7624015672  -1.8980807878  -0.0105504048
1.7616417400  -1.8968053268  -0.0113416948
1.7608500659  -1.8954817425  -0.0121656691
1.7600261928  -1.8941106641  -0.0130223584
1.7591697442  -1.8926911114  -0.0139120669
1.7582803513  -1.8912224658  -0.0148351182
1.7573576503  -1.8897042574  -0.0157918661
1.7564012796  -1.8881360467  -0.0167826620
1.7554108787  -1.8865174156  -0.0178078580
1.7543860885  -1.8848479565  -0.0188678065
1.7533265519  -1.8831272698  -0.0199628589
1.7522319135  -1.8813549641  -0.0210933656
1.7511018200  -1.8795306568  -0.0222596751
1.7499359203  -1.8776539746  -0.0234621342
1.7487338655  -1.8757245538  -0.0247010871
1.7474953093  -1.8737420410  -0.0259768758
1.7462199083  -1.8717060941  -0.0272898396
1.7449073217  -1.8696163832  -0.0286403146
1.7435572144  -1.8674725970  -0.0300286341
1.7421692570  -1.8652744429  -0.0314551279
1.7407431214  -1.8630216394  -0.0329201226
1.7392784810  -1.8607139161  -0.0344239410
1.7377750129  -1.8583510184  -0.0359669020
1.7362323977  -1.8559327087  -0.0375493208
1.7346503201  -1.8534587665  -0.0391715083
1.7330284687  -1.8509289893  -0.0408337711
1.7313665367  -1.8483431932  -0.0425364115
1.7296642212  -1.8457012132  -0.0442797271
1.7279212242  -1.8430029040  -0.0460640109
1.7261372524  -1.8402481403  -0.0478895510
1.7243120172  -1.8374368173  -0.0497566302
1.7224452351  -1.8345688510  -0.0516655266
1.7205366277  -1.8316439639  -0.0536165128
1.7185859207  -1.8286620358  -0.0556098562
1.7165928460  -1.8256234727  -0.0576458179
1.7145571437  -1.8225284746  -0.0597246537
1.7124785588  -1.8193769228  -0.0618466137
1.7103568406  -1.8161687987  -0.0640119423
1.7081917443  -1.8129041475  -0.0662208777
1.7059830317  -1.8095830445  -0.0684736520
1.7037304705  -1.8062055893  -0.0707704913
1.7014338348  -1.8027719021  -0.0731116151
1.6990929054  -1.7992821217  -0.0754972369
1.6967074694  -1.7957364065  -0.0779275658
1.6942773211  -1.7921349349  -0.0804028063
1.6918022612  -1.7884779055  -0.0829231565
1.6892820972  -1.7847655365  -0.0854888066
1.6867166434  -1.7809980647  -0.0880999393
1.6841057211  -1.7771757451  -0.0907567297
1.6814491585  -1.7732988504  -0.0934593450
1.6787467912  -1.7693676708  -0.0962079442
1.6759984621  -1.7653825139  -0.0990026780
1.6732040213  -1.7613437038  -0.1018436889
1.6703633265  -1.7572515816  -0.1047311107
1.6674762429  -1.7531065041  -0.1076650688
1.6645426432  -1.7489088441  -0.1106456796
1.6615624081  -1.7446589905  -0.1136730509
1.6585354259  -1.7403573480  -0.1167472814
1.6554615928  -1.7360043372  -0.1198684608
1.6523408130  -1.7316003939  -0.1230366696
1.6491729987  -1.7271459690  -0.1262519794
1.6459580704  -1.7226415278  -0.1295144523
1.6426959567  -1.7180875497  -0.1328241412
1.6393865945  -1.7134845188  -0.1361810897
1.6360299292  -1.7088329212  -0.1395853319
1.6326259144  -1.7041332691  -0.1430368926
1.6291745127  -1.6993861126  -0.1465357871
1.6256756951  -1.6945920169  -0.1500820213
1.6221294417  -1.6897515546  -0.1536755916
1.6185357415  -1.6848653158  -0.1573164851
1.6148945923  -1.6799339287  -0.1610046793
1.6112060014  -1.6749580482  -0.1647401427
1.6074699855  -1.6699382274  -0.1685228355
1.6036865704  -1.6648748345  -0.1723527109
1.5998558144  -1.6597682954  -0.1762297136
1.5959778691  -1.6546194328  -0.1801537788
1.5920528887  -1.6494292543  -0.1841248313
1.5880809652  -1.6441986724  -0.1881427865
1.5840621920  -1.6389285571  -0.1922075504
1.5799966707  -1.6336197552  -0.1963190204
1.5758845105  -1.6282730920  -0.2004770846
1.5717258283  -1.6228893703  -0.2046816222
1.5675207490  -1.6174693700  -0.2089325036
1.5632694049  -1.6120138475  -0.2132295899
1.5589719358  -1.6065235363  -0.2175727338
1.5546284891  -1.6009991489  -0.2219617788
1.5502392197  -1.5954413774  -0.2263965598
1.5458042899  -1.5898508936  -0.2308769033
1.5413238693  -1.5842283498  -0.2354026265
1.5367981348  -1.5785743813  -0.2399735379
1.5322272706  -1.5728896097  -0.2445894373
1.5276114685  -1.5671746460  -0.2492501168
1.5229509282  -1.5614300942  -0.2539553630
1.5182458573  -1.5556565529  -0.2587049553
1.5134964693  -1.5498546155  -0.2634986611
1.5087029839  -1.5440248719  -0.2683362352
1.5038656276  -1.5381679136  -0.2732174204
1.4989846345  -1.5322843382  -0.2781419486
1.4940602462  -1.5263747505  -0.2831095409
1.4890927120  -1.5204397623  -0.2881199074
1.4840822886  -1.5144799954  -0.2931727468
1.4790292398  -1.5084960762  -0.2982677439
1.4739338338  -1.5024886144  -0.3034045579
1.4687963573  -1.4964583135  -0.3085828404
1.4636171636  -1.4904061959  -0.3138023140
1.4583966423  -1.4843333291  -0.3190627724
1.4531351482  -1.4782405143  -0.3243639568
1.4478329988  -1.4721284555  -0.3297055120
1.4424905081  -1.4659978997  -0.3350870479
1.4371080144  -1.4598496491  -0.3405081732
1.4316858760  -1.4536845402  -0.3459684920
1.4262244625  -1.4475034328  -0.3514676022
1.4207241521  -1.4413072063  -0.3570050958
1.4151853313  -1.4350967583  -0.3625805595
1.4096083943  -1.4288730032  -0.3681935756
1.4039937436  -1.4226368698  -0.3738437224
1.3983417905  -1.4163893019  -0.3795305811
1.3926529579  -1.4101312577  -0.3852537453
1.3869276777  -1.4038637075  -0.3910128157
1.3811663853  -1.3975876267  -0.3968073866
1.3753695174  -1.3913039909  -0.4026370442
1.3695375151  -1.3850137737  -0.4085013682
1.3636708252  -1.3787179451  -0.4143999321
1.3577699718  -1.3724176264  -0.4203323176
1.3518355735  -1.3661141527  -0.4262981254
1.3458681349  -1.3598086326  -0.4322969483
1.3398680107  -1.3535018548  -0.4383283436
1.3338355343  -1.3471945490  -0.4443918391
1.3277710383  -1.3408874061  -0.4504869652
1.3216748539  -1.3345810756  -0.4566132357
1.3155472884  -1.3282761424  -0.4627700868
1.3093886156  -1.3219731071  -0.4689568535
1.3031990642  -1.3156723498  -0.4751726757
1.2969786686  -1.3093739184  -0.4814159045
1.2907267662  -1.3030771449  -0.4876822356
1.2844439707  -1.2967827221  -0.4939725009
1.2781345097  -1.2904950154  -0.5002972216
1.2718013714  -1.2842176731  -0.5066623059
1.2654430181  -1.2779503430  -0.5130657984
1.2590575831  -1.2716917252  -0.5195056670
1.2526448055  -1.2654411872  -0.5259805202
1.2462049158  -1.2591982772  -0.5324889440
1.2397381946  -1.2529624920  -0.5390294574
1.2332449252  -1.2467332198  -0.5456005167
1.2267253907  -1.2405097436  -0.5522005225
1.2201798731  -1.2342912483  -0.5588278250
1.2136086507  -1.2280768276  -0.5654807298
1.2070119954  -1.2218654927  -0.5721575035
1.2003905511  -1.2156567466  -0.5788563788
1.1937453220  -1.2094505274  -0.5855755593
1.1870769613  -1.2032461356  -0.5923132246
1.1803857618  -1.1970422791  -0.5990675358
1.1736719699  -1.1908375795  -0.6058366398
1.1669357792  -1.1846305868  -0.6126186748
1.1601773430  -1.1784198200  -0.6194117722
1.1533976276  -1.1722049293  -0.6262140589
1.1465977569  -1.1659857729  -0.6330236615
1.1397775771  -1.1597605236  -0.6398387163
1.1329360649  -1.1535263573  -0.6466573751
1.1260723888  -1.1472808963  -0.6534778098
1.1191868757  -1.1410233156  -0.6602982163
1.1122778907  -1.1347505566  -0.6671168195
1.1053415684  -1.1284572738  -0.6739318804
1.0983724685  -1.1221369195  -0.6807417025
1.0913585045  -1.1157763236  -0.6875446460
1.0842530278  -1.1093276960  -0.6943391680
1.0769083129  -1.1026452312  -0.7011237957
1.0696764575  -1.0960834824  -0.7078969341
1.0628651592  -1.0899461226  -0.7146568166
1.0562090957  -1.0839612834  -0.7214017657
1.0495799454  -1.0779961446  -0.7281303379
1.0429690737  -1.0720390897  -0.7348412246
1.0363761312  -1.0660879699  -0.7415331844
1.0298009556  -1.0601412549  -0.7482050529
1.0232433998  -1.0541975656  -0.7548557528
1.0167033386  -1.0482556606  -0.7614842988
1.0101806675  -1.0423144378  -0.7680898019
1.0036753022  -1.0363729346  -0.7746714738
0.9971871777  -1.0304303270  -0.7812286311
0.9907162440  -1.0244859274  -0.7877606926
0.9842624607  -1.0185391812  -0.7942671701
0.9778257965  -1.0125896627  -0.8007476746
0.9714062355  -1.0066370725  -0.8072019315
0.9650037795  -1.0006812336  -0.8136297874
0.9586184433  -0.9947220869  -0.8200312141
0.9522502513  -0.9887596850  -0.8264063131
0.9458992307  -0.9827941834  -0.8327553047
0.9395654026  -0.9768258317  -0.8390785156
0.9332487902  -0.9708549675  -0.8453764066
0.9269494366  -0.9648820130  -0.8516496102
0.9206674024  -0.9589074685  -0.8578989388
0.9144027445  -0.9529319011  -0.8641253630
0.9081555150  -0.9469559363  -0.8703300399
0.9019257919  -0.9409802571  -0.8765143969
0.8957136980  -0.9350056067  -0.8826801979
0.8895194287  -0.9290328087  -0.8888297041
0.8833434789  -0.9230628802  -0.8949664654
0.8771874234  -0.9170971604  -0.9010978373
0.8710514303  -0.9111365146  -0.9072269276
0.8649306487  -0.9051802993  -0.9133456051
0.8588205809  -0.8992274595  -0.9194476341
0.8527223316  -0.8932780014  -0.9255335901
0.8466382891  -0.8873324790  -0.9316042512
0.8405690357  -0.8813912611  -0.9376597975
0.8345144906  -0.8754545696  -0.9437003687
0.8284745337  -0.8695225829  -0.9497261070
0.8224490462  -0.8635954532  -0.9557371576
0.8164379106  -0.8576733077  -0.9617336685
0.8104410110  -0.8517562487  -0.9677157894
0.8044582328  -0.8458443537  -0.9736836713
0.7984894625  -0.8399376763  -0.9796374660
0.7925345881  -0.8340362461  -0.9855773253
0.7865934987  -0.8281400698  -0.9915034006
0.7806660847  -0.8222491325  -0.9974158424
0.7747522378  -0.8163633999  -1.0033147989
0.7688518507  -0.8104828200  -1.0092004154
0.7629648175  -0.8046073238  -1.0150728335
0.7570910334  -0.7987368273  -1.0209321903
0.7512303953  -0.7928712322  -1.0267786177
0.7453828014  -0.7870104285  -1.0326122423
0.7395481516  -0.7811542971  -1.0384331836
0.7337263469  -0.7753027131  -1.0442415531
0.7279172899  -0.7694555461  -1.0500374535
0.7221208845  -0.7636126622  -1.0558209778
0.7163370365  -0.7577739266  -1.0615922080
0.7105656528  -0.7519392075  -1.0673512132
0.7048066409  -0.7461083790  -1.0730980464
0.6990599077  -0.7402813302  -1.0788327367
0.6933253526  -0.7344579935  -1.0845552624
0.6876028702  -0.7286383020  -1.0902655606
0.6818923896  -0.7228220517  -1.0959636443
0.6761938995  -0.7170089548  -1.1016496663
0.6705073929  -0.7111988574  -1.1073237959
0.6648328084  -0.7053917344  -1.1129861249
0.6591700544  -0.6995875539  -1.1186367090
0.6535190519  -0.6937862611  -1.1242756065
0.6478797372  -0.6879878106  -1.1299028766
0.6422520518  -0.6821921723  -1.1355185764
0.6366359395  -0.6763993309  -1.1411227608
0.6310313462  -0.6706092853  -1.1467154823
0.6254382201  -0.6648220486  -1.1522967911
0.6198565111  -0.6590376478  -1.1578667351
0.6142861715  -0.6532561227  -1.1634253599
0.6087271556  -0.6474775259  -1.1689727088
0.6031794198  -0.6417019223  -1.1745088228
0.5976429226  -0.6359293880  -1.1800337407
0.5921176247  -0.6301600088  -1.1855474993
0.5866034885  -0.6243938786  -1.1910501327
0.5811004788  -0.6186310983  -1.1965416735
0.5756085625  -0.6128717749  -1.2020221516
0.5701277082  -0.6071160205  -1.2074915953
0.5646578868  -0.6013639508  -1.2129500306
0.5591990713  -0.5956156831  -1.2183974816
0.5537512364  -0.5898713348  -1.2238339704
0.5483143592  -0.5841310219  -1.2292595174
0.5428884185  -0.5783948576  -1.2346741409
0.5374733951  -0.5726629498  -1.2400778577
0.5320692721  -0.5669353984  -1.2454706828
0.5266760341  -0.5612122900  -1.2508526295
0.5212936679  -0.5554936825  -1.2562237102
0.5159221624  -0.5497795970  -1.2615839360
0.5105615083  -0.5440700680  -1.2669333169
0.5052116979  -0.5383652171  -1.2722718597
0.4998727245  -0.5326652354  -1.2775995678
0.4945445835  -0.5269703044  -1.2829164421
0.4892272724  -0.5212805753  -1.2882224821
0.4839207909  -0.5155961948  -1.2935176864
0.4786251406  -0.5099173164  -1.2988020516
0.4733403247  -0.5042440996  -1.3040755728
0.4680663481  -0.4985767087  -1.3093382431
0.4628032175  -0.4929153129  -1.3145900542
0.4575509410  -0.4872600866  -1.3198309959
0.4523095289  -0.4816112088  -1.3250610564
0.4470789926  -0.4759687779  -1.3302802225
0.4418593452  -0.4703327290  -1.3354884796
0.4366506017  -0.4647031877  -1.3406858116
0.4314527788  -0.4590807544  -1.3458721998
0.4262658945  -0.4534660000  -1.3510476233
0.4210899682  -0.4478591407  -1.3562120607
0.4159250212  -0.4422603195  -1.3613654895
0.4107710760  -0.4366697274  -1.3665078859
0.4056281567  -0.4310875531  -1.3716392250
0.4004962883  -0.4255139820  -1.3767594803
0.3953754976  -0.4199491984  -1.3818686243
0.3902658123  -0.4143933864  -1.3869666282
0.3851672616  -0.4088467313  -1.3920534621
0.3800798758  -0.4033094213  -1.3971290949
0.3750036863  -0.3977816480  -1.4021934942
0.3699387258  -0.3922636086  -1.4072466269
0.3648850278  -0.3867555057  -1.4122884584
0.3598426271  -0.3812575493  -1.4173189533
0.3548115593  -0.3757699568  -1.4223380752
0.3497918611  -0.3702929541  -1.4273457865
0.3447835699  -0.3648267754  -1.4323420489
0.3397867242  -0.3593716641  -1.4373268232
0.3348013629  -0.3539278726  -1.4423000694
0.3298275261  -0.3484956624  -1.4472617468
0.3248652542  -0.3430753042  -1.4522118138
0.3199145883  -0.3376670774  -1.4571502286
0.3149755703  -0.3322712700  -1.4620769484
0.3100482423  -0.3268881778  -1.4669919303
0.3051326471  -0.3215181038  -1.4718951306
0.3002288276  -0.3161613576  -1.4767865057
0.2953368272  -0.3108182544  -1.4816660115
0.2904566896  -0.3054891141  -1.4865336038
0.2855884663  -0.3001754108  -1.4913892932
0.2807322187  -0.2948790093  -1.4962331535
0.2758879804  -0.2895975083  -1.5010651004
0.2710557519  -0.2843276912  -1.5058849037
0.2662355643  -0.2790712261  -1.5106924548
0.2614274827  -0.2738302825  -1.5154877185
0.2566315630  -0.2686053203  -1.5202706336
0.2518478512  -0.2633967824  -1.5250411437
0.2470763932  -0.2582050992  -1.5297991969
0.2423172346  -0.2530306847  -1.5345447467
0.2375704204  -0.2478739354  -1.5392777520
0.2328359948  -0.2427352274  -1.5439981776
0.2281140011  -0.2376149156  -1.5487059945
0.2234044816  -0.2325133323  -1.5534011798
0.2187074769  -0.2274307867  -1.5580837169
0.2140230268  -0.2223675642  -1.5627535956
0.2093511689  -0.2173239268  -1.5674108121
0.2046919397  -0.2123001131  -1.5720553685
0.2000453737  -0.2072963388  -1.5766872731
0.1954115036  -0.2023127976  -1.5813065398
0.1907903604  -0.1973496618  -1.5859131880
0.1861819732  -0.1924070842  -1.5905072418
0.1815863694  -0.1874851987  -1.5950887299
0.1770035745  -0.1825841219  -1.5996576848
0.1724336120  -0.1777039548  -1.6042141425
0.1678765039  -0.1728447843  -1.6087581411
0.1633322703  -0.1680066846  -1.6132897207
0.1588009293  -0.1631897193  -1.6178089223
0.1542824976  -0.1583939424  -1.6223157868
0.1497769897  -0.1536194003  -1.6268103541
0.1452844186  -0.1488661332  -1.6312926621
0.1408047951  -0.1441341798  -1.6357627455
0.1363414645  -0.1394246593  -1.6402872018
0.1318965906  -0.1347381901  -1.6448990536
0.1274615225  -0.1300719229  -1.6494844926
0.1230337420  -0.1254251612  -1.6540728649
0.1186177391  -0.1207994627  -1.6586621160
0.1142134472  -0.1161948733  -1.6632499126
0.1098208158  -0.1116114472  -1.6678336421
0.1054398106  -0.1070492454  -1.6724104128
0.1010704151  -0.1025083348  -1.6769770538
0.0967126313  -0.0979887861  -1.6815301152
0.0923664803  -0.0934906726  -1.6860658680
0.0880320036  -0.0890140684  -1.6905803041
0.0837092629  -0.0845590456  -1.6950691362
0.0793983418  -0.0801256727  -1.6995277980
0.0750993451  -0.0757140117  -1.7039514440
0.0708123999  -0.0713241162  -1.7083349495
0.0665376556  -0.0669560286  -1.7126729110
0.0622752838  -0.0626097777  -1.7169596456
0.0580254784  -0.0582853769  -1.7211891913
0.0537884549  -0.0539828218  -1.7253553072
0.0495644505  -0.0497020892  -1.7294514731
0.0453537228  -0.0454431352  -1.7334708899
0.0411565494  -0.0412058951  -1.7374064790
0.0369732260  -0.0369902827  -1.7412508831
0.0328040657  -0.0327961913  -1.7449964655
0.0286493965  -0.0286234943  -1.7486353107
0.0245095596  -0.0244720473  -1.7521592237
0.0203849071  -0.0203416904  -1.7555597307
0.0162757988  -0.0162322517  -1.7588280786
0.0121825991  -0.0121435504  -1.7619552354
0.0081056738  -0.0080754015  -1.7649318897
0.0040453854  -0.0040276198  -1.7677484513
0.0040409868  -0.0040275732  -1.7677484513
