0.0778172
2.1598797021  -2.3733655716   0.0000997616
2.1598797021  -2.3733655716   0.0000997616
2.1598864397  -2.3733513570   0.0000804079
2.1598780517  -2.3732880835   0.0000332593
2.1598472868  -2.3731741265  -0.0000425134
2.1597877844  -2.3729996163  -0.0001477259
2.1596972480  -2.3727615950  -0.0002831802
2.1595743947  -2.3724587468  -0.0004496646
2.1594183228  -2.3720903554  -0.0006479535
2.1592283041  -2.3716559649  -0.0008788078
2.1590037004  -2.3711552420  -0.0011429744
2.1587439238  -2.3705879116  -0.0014411868
2.1584484171  -2.3699537238  -0.0017741645
2.1581166428  -2.3692524365  -0.0021426134
2.1577480762  -2.3684838048  -0.0025472257
2.1573422021  -2.3676475757  -0.0029886797
2.1568985125  -2.3667434843  -0.0034676403
2.1564165044  -2.3657712529  -0.0039847584
2.1558956800  -2.3647305896  -0.0045406713
2.1553355452  -2.3636211885  -0.0051360025
2.1547356098  -2.3624427301  -0.0057713617
2.1540953872  -2.3611948820  -0.0064473452
2.1534143945  -2.3598772999  -0.0071645352
2.1526921527  -2.3584896285  -0.0079235004
2.1519281863  -2.3570315029  -0.0087247957
2.1511220242  -2.3555025497  -0.0095689623
2.1502731994  -2.3539023889  -0.0104565276
2.1493812492  -2.3522306345  -0.0113880054
2.1484457161  -2.3504868968  -0.0123638956
2.1474661474  -2.3486707837  -0.0133846847
2.1464420956  -2.3467819020  -0.0144508451
2.1453731191  -2.3448198594  -0.0155628356
2.1442587762  -2.3427829117  -0.0167226850
2.1430986508  -2.3406719348  -0.0179294375
2.1418923269  -2.3384882079  -0.0191830379
2.1406393727  -2.3362303467  -0.0204837896
2.1393393732  -2.3338976365  -0.0218320292
2.1379919270  -2.3314895944  -0.0232281401
2.1365966375  -2.3290057938  -0.0246724952
2.1351531120  -2.3264458554  -0.0261654621
2.1336609688  -2.3238094301  -0.0277074027
2.1321198382  -2.3210961958  -0.0292986711
2.1305293594  -2.3183058556  -0.0309396134
2.1288891815  -2.3154381381  -0.0326305666
2.1271989633  -2.3124927985  -0.0343718586
2.1254583739  -2.3094696199  -0.0361638070
2.1236670925  -2.3063684141  -0.0380067196
2.1218248095  -2.3031890232  -0.0399008934
2.1199312256  -2.2999313200  -0.0418466147
2.1179860529  -2.2965952096  -0.0438441586
2.1159890151  -2.2931806299  -0.0458937890
2.1139398471  -2.2896875527  -0.0479957582
2.1118382956  -2.2861159843  -0.0501503067
2.1096841195  -2.2824659666  -0.0523576630
2.1074770897  -2.2787375772  -0.0546180436
2.1052169894  -2.2749309303  -0.0569316525
2.1029036142  -2.2710461771  -0.0592986816
2.1005367724  -2.2670835064  -0.0617193098
2.0981162849  -2.2630431453  -0.0641937040
2.0956419858  -2.2589253587  -0.0667220199
2.0931137220  -2.2547304483  -0.0693044016
2.0905313532  -2.2504587528  -0.0719409798
2.0878947523  -2.2461106486  -0.0746318710
2.0852038046  -2.2416862120  -0.0773771782
2.0824584066  -2.2371857760  -0.0801769902
2.0796584701  -2.2326104949  -0.0830313815
2.0768039241  -2.2279611873  -0.0859404131
2.0738947091  -2.2232381874  -0.0889041326
2.0709307752  -2.2184419964  -0.0919225737
2.0679120865  -2.2135732110  -0.0949957565
2.0648386202  -2.2086324734  -0.0981236879
2.0617103664  -2.2036204642  -0.1013063614
2.0585273285  -2.1985378954  -0.1045437574
2.0552895221  -2.1933855074  -0.1078358433
2.0519969761  -2.1881640693  -0.1111825738
2.0486497314  -2.1828743786  -0.1145838907
2.0452478417  -2.1775172611  -0.1180397237
2.0417913728  -2.1720935680  -0.1215499903
2.0382804028  -2.1666041751  -0.1251145963
2.0347150217  -2.1610499815  -0.1287334357
2.0310953316  -2.1554319095  -0.1324063915
2.0274214460  -2.1497509042  -0.1361333352
2.0236934901  -2.1440079325  -0.1399141280
2.0199116004  -2.1382039817  -0.1437486204
2.0160759244  -2.1323400593  -0.1476366526
2.0121866208  -2.1264171921  -0.1515780551
2.0082438587  -2.1204364250  -0.1555726488
2.0042478179  -2.1143988204  -0.1596202453
2.0001986888  -2.1083054569  -0.1637206476
1.9960966718  -2.1021574299  -0.1678736536
1.9919420040  -2.0959559025  -0.1720790585
1.9877349876  -2.0897021715  -0.1763366502
1.9834759095  -2.0833975048  -0.1806462069
1.9791650069  -2.0770430649  -0.1850074980
1.9748025199  -2.0706399970  -0.1894202843
1.9703886939  -2.0641894288  -0.1938843182
1.9659237797  -2.0576925153  -0.1983993441
1.9614080338  -2.0511504565  -0.2029650980
1.9568417178  -2.0445644568  -0.2075813083
1.9522250988  -2.0379357072  -0.2122476953
1.9475584484  -2.0312653980  -0.2169639722
1.9428420434  -2.0245547404  -0.2217298444
1.9380761654  -2.0178049734  -0.2265450102
1.9332611009  -2.0110172550  -0.2314091613
1.9283971402  -2.0041925376  -0.2363219831
1.9234845774  -1.9973317119  -0.2412831552
1.9185237108  -1.9904358753  -0.2462923505
1.9135148444  -1.9835063395  -0.2513492352
1.9084582882  -1.9765444610  -0.2564534687
1.9033543569  -1.9695515598  -0.2616047052
1.8982033701  -1.9625289186  -0.2668025937
1.8930056518  -1.9554777853  -0.2720467792
1.8877615308  -1.9483993715  -0.2773369038
1.8824713404  -1.9412948524  -0.2826726051
1.8771354179  -1.9341653678  -0.2880535165
1.8717541049  -1.9270120221  -0.2934792667
1.8663277472  -1.9198358844  -0.2989494797
1.8608566953  -1.9126379899  -0.3044637755
1.8553413046  -1.9054193412  -0.3100217696
1.8497819350  -1.8981809106  -0.3156230732
1.8441789766  -1.8909236845  -0.3212672932
1.8385330062  -1.8836489301  -0.3269540314
1.8328446340  -1.8763579327  -0.3326828829
1.8271143141  -1.8690516731  -0.3384534357
1.8213424671  -1.8617310399  -0.3442652726
1.8155295149  -1.8543968946  -0.3501179717
1.8096758808  -1.8470500779  -0.3560111064
1.8037819898  -1.8396914134  -0.3619442457
1.7978482688  -1.8323217102  -0.3679169572
1.7918751464  -1.8249417634  -0.3739288044
1.7858630508  -1.8175523590  -0.3799793420
1.7798124094  -1.8101542789  -0.3860681143
1.7737236498  -1.8027483080  -0.3921946555
1.7675971988  -1.7953353158  -0.3983584785
1.7614334825  -1.7879161705  -0.4045590794
1.7552329414  -1.7804912077  -0.4107960066
1.7489960405  -1.7730603753  -0.4170688881
1.7427232395  -1.7656244046  -0.4233773253
1.7364149635  -1.7581849272  -0.4297208198
1.7300716218  -1.7507434188  -0.4360988241
1.7236936401  -1.7433008519  -0.4425107978
1.7172814655  -1.7358580215  -0.4489562209
1.7108355612  -1.7284157382  -0.4554345860
1.7043564431  -1.7209750082  -0.4619453855
1.6978446478  -1.7135368619  -0.4684881106
1.6913006805  -1.7061021457  -0.4750622536
1.6847250391  -1.6986716592  -0.4816673093
1.6781182235  -1.6912461960  -0.4883027750
1.6714807355  -1.6838265447  -0.4949681516
1.6648130802  -1.6764134897  -0.5016629492
1.6581157685  -1.6690078136  -0.5083866976
1.6513893149  -1.6616102951  -0.5151389407
1.6446342297  -1.6542217015  -0.5219192191
1.6378510151  -1.6468427825  -0.5287270641
1.6310401700  -1.6394742703  -0.5355620018
1.6242021963  -1.6321168822  -0.5424235633
1.6173376033  -1.6247713249  -0.5493112989
1.6104469034  -1.6174382896  -0.5562247663
1.6035305970  -1.6101184363  -0.5631634948
1.5965892435  -1.6028125541  -0.5701269853
1.5896234948  -1.5955216482  -0.5771147388
1.5826338631  -1.5882464399  -0.5841262290
1.5756206715  -1.5809872441  -0.5911608540
1.5685841908  -1.5737442588  -0.5982178853
1.5615246141  -1.5665174698  -0.6052963272
1.5544414083  -1.5593060607  -0.6123926153
1.5473345650  -1.5521098534  -0.6195056215
1.5402074861  -1.5449322341  -0.6266429904
1.5330636355  -1.5377770727  -0.6338109848
1.5259019391  -1.5306440027  -0.6410087836
1.5187197970  -1.5235305735  -0.6482344460
1.5115162942  -1.5164353105  -0.6554867329
1.5042917989  -1.5093579611  -0.6627644495
1.4970471896  -1.5022988614  -0.6700663527
1.4897830690  -1.4952578076  -0.6773911542
1.4824997108  -1.4882340076  -0.6847375250
1.4751973799  -1.4812265654  -0.6921041005
1.4678763361  -1.4742345005  -0.6994894860
1.4605368320  -1.4672567566  -0.7068922609
1.4531791098  -1.4602922076  -0.7143109827
1.4458033968  -1.4533396647  -0.7217441916
1.4384102411  -1.4463983899  -0.7291904140
1.4310005765  -1.4394681506  -0.7366481659
1.4235750090  -1.4325481369  -0.7441159570
1.4161337299  -1.4256368916  -0.7515922944
1.4086768634  -1.4187328746  -0.7590756868
1.4012044548  -1.4118344762  -0.7665646475
1.3937169280  -1.4049406630  -0.7740576974
1.3862153126  -1.3980512506  -0.7815533676
1.3786997641  -1.3911649165  -0.7890502033
1.3711691068  -1.3842787177  -0.7965467661
1.3636223898  -1.3773902187  -0.8040416342
1.3560594601  -1.3704981198  -0.8115334063
1.3484778778  -1.3635985633  -0.8190207109
1.3408736410  -1.3566862560  -0.8265022130
1.3332389437  -1.3497522890  -0.8339766208
1.3255578459  -1.3427791265  -0.8414427209
1.3176756564  -1.3356120776  -0.8488993839
1.3098041869  -1.3284665712  -0.8563454065
1.3022691310  -1.3216682765  -0.8637794100
1.2949132284  -1.3150543554  -0.8712000436
1.2875890013  -1.3084718776  -0.8786061743
1.2802807536  -1.3019011323  -0.8859968252
1.2729880967  -1.2953395076  -0.8933710828
1.2657108224  -1.2887853538  -0.9007280812
1.2584487234  -1.2822371936  -0.9080670142
1.2512016114  -1.2756936717  -0.9153871503
1.2439693204  -1.2691535577  -0.9226878380
1.2367517032  -1.2626157477  -0.9299685076
1.2295486290  -1.2560792647  -0.9372286743
1.2223599821  -1.2495432578  -0.9444679419
1.2151856610  -1.2430070007  -0.9516860056
1.2080255754  -1.2364698887  -0.9588826494
1.2008796396  -1.2299314345  -0.9660577363
1.1937477721  -1.2233912636  -0.9732112121
1.1866299026  -1.2168491107  -0.9803431207
1.1795259754  -1.2103048165  -0.9874536110
1.1724359445  -1.2037583228  -0.9945429407
1.1653597679  -1.1972096656  -1.0016114722
1.1582973991  -1.1906589668  -1.0086596579
1.1512487877  -1.1841064268  -1.0156880517
1.1442138979  -1.1775523206  -1.0226973504
1.1371927147  -1.1709969930  -1.0296884090
1.1301852238  -1.1644408501  -1.0366622216
1.1231914132  -1.1578843544  -1.0436199616
1.1162113023  -1.1513280261  -1.0505630567
1.1092449685  -1.1447724537  -1.0574932869
1.1022926031  -1.1382183741  -1.0644130139
1.0953554105  -1.1316668566  -1.0713280039
1.0884342089  -1.1251187964  -1.0782425654
1.0815254735  -1.1185738369  -1.0851514227
1.0746245428  -1.1120308553  -1.0920484349
1.0677314107  -1.1054893975  -1.0989333554
1.0608482131  -1.0989496830  -1.1058070697
1.0539756991  -1.0924119269  -1.1126698434
1.0471137780  -1.0858762046  -1.1195218617
1.0402622805  -1.0793425355  -1.1263633118
1.0334210390  -1.0728109133  -1.1331943838
1.0265898871  -1.0662813115  -1.1400152699
1.0197686599  -1.0597536833  -1.1468261638
1.0129571935  -1.0532279617  -1.1536272603
1.0061553255  -1.0467040587  -1.1604187548
0.9993628943  -1.0401818671  -1.1672008425
0.9925797398  -1.0336612597  -1.1739737181
0.9858057027  -1.0271420904  -1.1807375748
0.9790406252  -1.0206241932  -1.1874926047
0.9722843506  -1.0141073859  -1.1942389972
0.9655367234  -1.0075914720  -1.2009769389
0.9587975892  -1.0010762434  -1.2077066124
0.9520667948  -0.9945614800  -1.2144281957
0.9453441881  -0.9880469502  -1.2211418620
0.9386296188  -0.9815324117  -1.2278477786
0.9319229377  -0.9750176159  -1.2345461067
0.9252239971  -0.9685023131  -1.2412369999
0.9185326503  -0.9619862526  -1.2479206031
0.9118487519  -0.9554691835  -1.2545970523
0.9051721581  -0.9489508593  -1.2612664724
0.8985027256  -0.9424310463  -1.2679289757
0.8918403115  -0.9359095345  -1.2745846572
0.8851847668  -0.9293862411  -1.2812335728
0.8785359334  -0.9228611667  -1.2878757295
0.8718936759  -0.9163338575  -1.2945111756
0.8652579193  -0.9098033151  -1.3011400839
0.8586286092  -0.9032688404  -1.3077626698
0.8520056442  -0.8967303494  -1.3143790872
0.8453888839  -0.8901878458  -1.3209894474
0.8387781942  -0.8836411689  -1.3275938598
0.8321734572  -0.8770901031  -1.3341924354
0.8255745623  -0.8705344434  -1.3407852836
0.8189814012  -0.8639739998  -1.3473725110
0.8123938679  -0.8574085973  -1.3539542222
0.8058118588  -0.8508380758  -1.3605305189
0.7992352721  -0.8442622891  -1.3671015007
0.7926640088  -0.8376811049  -1.3736672645
0.7860979717  -0.8310944036  -1.3802279048
0.7795370664  -0.8245020799  -1.3867835135
0.7729812005  -0.8179040419  -1.3933341801
0.7664302841  -0.8113002079  -1.3998799912
0.7598842297  -0.8046905047  -1.4064210314
0.7533429522  -0.7980748661  -1.4129573822
0.7468063691  -0.7914532328  -1.4194891230
0.7402744001  -0.7848255511  -1.4260163304
0.7337469677  -0.7781917712  -1.4325390785
0.7272239969  -0.7715518465  -1.4390574388
0.7207054152  -0.7649057308  -1.4455714803
0.7141911528  -0.7582533767  -1.4520812694
0.7076811424  -0.7515947337  -1.4585868700
0.7011753196  -0.7449297459  -1.4650883433
0.6946736226  -0.7382583488  -1.4715857482
0.6881759924  -0.7315804650  -1.4780791409
0.6816823729  -0.7248959869  -1.4845685756
0.6751927108  -0.7182047558  -1.4910541042
0.6687069559  -0.7115066075  -1.4975357766
0.6622250605  -0.7048014756  -1.5040136392
0.6557469790  -0.6980893995  -1.5104877335
0.6492726684  -0.6913704261  -1.5169580969
0.6428020894  -0.6846445616  -1.5234247644
0.6363352061  -0.6779117997  -1.5298877683
0.6298719859  -0.6711721439  -1.5363471381
0.6234123993  -0.6644256076  -1.5428029000
0.6169564196  -0.6576722125  -1.5492550768
0.6105040238  -0.6509119889  -1.5557036881
0.6040551916  -0.6441449753  -1.5621487502
0.5976099066  -0.6373712193  -1.5685902759
0.5911681555  -0.6305905804  -1.5750282750
0.5847299285  -0.6238025346  -1.5814627546
0.5782952195  -0.6170069897  -1.5878937182
0.5718640252  -0.6102049592  -1.5943211630
0.5654363455  -0.6033974034  -1.6007450808
0.5590121843  -0.5965844562  -1.6071654616
0.5525915504  -0.5897660764  -1.6135822933
0.5461744561  -0.5829423379  -1.6199955603
0.5397609172  -0.5761133109  -1.6264052431
0.5333509530  -0.5692790589  -1.6328113188
0.5269445870  -0.5624396419  -1.6392137605
0.5205418460  -0.5555951204  -1.6456125375
0.5141427611  -0.5487455590  -1.6520076155
0.5077473671  -0.5418910295  -1.6583989558
0.5013557028  -0.5350316152  -1.6647865158
0.4949678112  -0.5281674136  -1.6711702487
0.4885837391  -0.5212985397  -1.6775501034
0.4822035373  -0.5144251294  -1.6839260245
0.4758272610  -0.5075473419  -1.6902979522
0.4694549693  -0.5006653623  -1.6966658221
0.4630867255  -0.4937794035  -1.7030295654
0.4567225972  -0.4868897082  -1.7093891090
0.4503626561  -0.4799965496  -1.7157443749
0.4440069781  -0.4731002336  -1.7220952809
0.4376556436  -0.4662010993  -1.7284417401
0.4313087370  -0.4592995197  -1.7347836614
0.4249663471  -0.4523959015  -1.7411209490
0.4186285667  -0.4454906852  -1.7474535028
0.4122954932  -0.4385843441  -1.7537812186
0.4059672279  -0.4316773838  -1.7601039877
0.3996438766  -0.4247703410  -1.7664216975
0.3933255490  -0.4178637815  -1.7727342311
0.3870123792  -0.4109611897  -1.7790415799
0.3807045328  -0.4040671137  -1.7853438594
0.3744021069  -0.3971754114  -1.7916408595
0.3681051094  -0.3902777390  -1.7979320693
0.3618136305  -0.3833780193  -1.8042172214
0.3555278615  -0.3764815601  -1.8104961940
0.3492479750  -0.3695894145  -1.8167688087
0.3429741198  -0.3627026242  -1.8230348924
0.3367064492  -0.3558222253  -1.8292942776
0.3304451200  -0.3489492401  -1.8355468034
0.3241902925  -0.3420846699  -1.8417923164
0.3179421293  -0.3352294889  -1.8480306709
0.3117007954  -0.3283846385  -1.8542617297
0.3054664574  -0.3215510236  -1.8604853642
0.2992392831  -0.3147295088  -1.8667014547
0.2930194409  -0.3079209159  -1.8729098905
0.2868070996  -0.3011260221  -1.8791105697
0.2806024282  -0.2943455597  -1.8853033989
0.2744055955  -0.2875802155  -1.8914882933
0.2682167698  -0.2808306318  -1.8976651756
0.2620361190  -0.2740974076  -1.9038339759
0.2558638103  -0.2673811008  -1.9099946306
0.2497000103  -0.2606822305  -1.9161470817
0.2435448848  -0.2540012802  -1.9222912757
0.2373985988  -0.2473387013  -1.9284271624
0.2312613168  -0.2406949163  -1.9345546938
0.2251332020  -0.2340703237  -1.9406738225
0.2190144172  -0.2274653011  -1.9467845006
0.2129051239  -0.2208802104  -1.9528866774
0.2068054824  -0.2143154014  -1.9589802984
0.2007156517  -0.2077712164  -1.9650653034
0.1946357892  -0.2012480048  -1.9711416238
0.1885728445  -0.1947493432  -1.9773023111
0.1825313563  -0.1882774059  -1.9835934662
0.1764938423  -0.1818239629  -1.9898556719
0.1704553194  -0.1753871336  -1.9961298599
0.1644250766  -0.1689718329  -2.0024130131
0.1584031236  -0.1625784777  -2.0087017204
0.1523895040  -0.1562075262  -2.0149921771
0.1463842963  -0.1498594716  -2.0212801845
0.1403876149  -0.1435348381  -2.0275611504
0.1343996119  -0.1372341770  -2.0338300887
0.1284204780  -0.1309580608  -2.0400816193
0.1224504436  -0.1247070765  -2.0463099686
0.1164897794  -0.1184818184  -2.0525089692
0.1105387972  -0.1122828796  -2.0586720598
0.1045978498  -0.1061108426  -2.0647922853
0.0986673315  -0.0999662704  -2.0708622969
0.0927476777  -0.0938496964  -2.0768743520
0.0868393642  -0.0877616148  -2.0828203142
0.0809429069  -0.0817024711  -2.0886916533
0.0750588599  -0.0756726535  -2.0944794454
0.0691878149  -0.0696724850  -2.1001743728
0.0633303986  -0.0637022169  -2.1057667239
0.0574872710  -0.0577620240  -2.1112463934
0.0516591225  -0.0518520020  -2.1166028823
0.0458466709  -0.0459721670  -2.1218252976
0.0400506579  -0.0401224574  -2.1269023528
0.0342718452  -0.0343027389  -2.1318223673
0.0285110099  -0.0285128124  -2.1365732670
0.0227689395  -0.0227524239  -2.1411425839
0.0170464266  -0.0170212781  -2.1455174561
0.0113442623  -0.0113190533  -2.1496846282
0.0056632301  -0.0056454180  -2.1536304508
0.0056546065  -0.0056453293  -2.1536304508
