0.272692
0.5768751040  -0.5491333218   0.0000179575
0.5768751040  -0.5491333218   0.0000179575
0.5768773764  -0.5491344620   0.0000158200
0.5768773100  -0.5491318257   0.0000094368
0.5768735014  -0.5491246466  -0.0000012974
0.5768652779  -0.5491125244  -0.0000164882
0.5768523659  -0.5490952981  -0.0000362412
0.5768346021  -0.5490728721  -0.0000606620
0.5768118650  -0.5490451746  -0.0000898566
0.5767840517  -0.5490121439  -0.0001239308
0.5767510688  -0.5489737228  -0.0001629908
0.5767128272  -0.5489298555  -0.0002071427
0.5766692406  -0.5488804868  -0.0002564929
0.5766202239  -0.5488255610  -0.0003111478
0.5765656921  -0.5487650212  -0.0003712139
0.5765055605  -0.5486988095  -0.0004367979
0.5764397439  -0.5486268667  -0.0005080067
0.5763681565  -0.5485491319  -0.0005849471
0.5762907118  -0.5484655427  -0.0006677261
0.5762073226  -0.5483760349  -0.0007564509
0.5761179006  -0.5482805428  -0.0008512288
0.5760223568  -0.5481789988  -0.0009521672
0.5759206011  -0.5480713339  -0.0010593735
0.5758125422  -0.5479574769  -0.0011729553
0.5756980880  -0.5478373550  -0.0012930205
0.5755771452  -0.5477108939  -0.0014196768
0.5754496193  -0.5475780171  -0.0015530323
0.5753154148  -0.5474386467  -0.0016931950
0.5751744349  -0.5472927027  -0.0018402732
0.5750265817  -0.5471401035  -0.0019943751
0.5748717562  -0.5469807659  -0.0021556094
0.5747098581  -0.5468146047  -0.0023240844
0.5745407833  -0.5466414428  -0.0025001688
0.5743644317  -0.5464612742  -0.0026837300
0.5741807033  -0.5462741306  -0.0028747869
0.5739894902  -0.5460798562  -0.0030734437
0.5737906849  -0.5458783240  -0.0032798044
0.5735841792  -0.5456694284  -0.0034939769
0.5733698639  -0.5454530663  -0.0037160700
0.5731476287  -0.5452291344  -0.0039461947
0.5729173616  -0.5449975284  -0.0041844630
0.5726789499  -0.5447581425  -0.0044309890
0.5724322790  -0.5445108699  -0.0046858880
0.5721772335  -0.5442556022  -0.0049492765
0.5719136963  -0.5439922297  -0.0052212728
0.5716415491  -0.5437206413  -0.0055019963
0.5713606723  -0.5434407248  -0.0057915680
0.5710709449  -0.5431523666  -0.0060901103
0.5707722446  -0.5428554520  -0.0063977468
0.5704644476  -0.5425498649  -0.0067146028
0.5701474288  -0.5422354886  -0.0070408049
0.5698210618  -0.5419122048  -0.0073764809
0.5694852186  -0.5415798945  -0.0077217602
0.5691397701  -0.5412384376  -0.0080767736
0.5687845855  -0.5408877131  -0.0084416531
0.5684195327  -0.5405275991  -0.0088165323
0.5680444783  -0.5401579728  -0.0092015462
0.5676592874  -0.5397787107  -0.0095968311
0.5672638235  -0.5393896884  -0.0100025248
0.5668579490  -0.5389907807  -0.0104187664
0.5664415246  -0.5385818621  -0.0108456966
0.5660144098  -0.5381628059  -0.0112834574
0.5655764623  -0.5377334852  -0.0117321923
0.5651275389  -0.5372937453  -0.0121920461
0.5646674943  -0.5368434481  -0.0126631651
0.5641961819  -0.5363825212  -0.0131456971
0.5637134543  -0.5359108641  -0.0136397909
0.5632191623  -0.5354283278  -0.0141455973
0.5627131552  -0.5349347718  -0.0146632681
0.5621952809  -0.5344300627  -0.0151929569
0.5616653857  -0.5339140678  -0.0157348183
0.5611233147  -0.5333866544  -0.0162890086
0.5605689114  -0.5328476897  -0.0168556854
0.5600020179  -0.5322970402  -0.0174350078
0.5594224750  -0.5317345718  -0.0180271363
0.5588301219  -0.5311601499  -0.0186322326
0.5582247964  -0.5305736393  -0.0192504602
0.5576063351  -0.5299749037  -0.0198819836
0.5569745739  -0.5293638075  -0.0205269689
0.5563293485  -0.5287402158  -0.0211855836
0.5556704929  -0.5281039923  -0.0218579964
0.5549978386  -0.5274549981  -0.0225443776
0.5543112155  -0.5267930938  -0.0232448986
0.5536104524  -0.5261181395  -0.0239597323
0.5528953766  -0.5254299946  -0.0246890528
0.5521658142  -0.5247285182  -0.0254330354
0.5514215896  -0.5240135688  -0.0261918571
0.5506625265  -0.5232850046  -0.0269656956
0.5498884468  -0.5225426829  -0.0277547304
0.5490991714  -0.5217864609  -0.0285591417
0.5482945199  -0.5210161956  -0.0293791113
0.5474743106  -0.5202317442  -0.0302148221
0.5466383607  -0.5194329637  -0.0310664579
0.5457864861  -0.5186197112  -0.0319342041
0.5449185017  -0.5177918432  -0.0328182469
0.5440342212  -0.5169492205  -0.0337187736
0.5431334570  -0.5160917206  -0.0346359726
0.5422160208  -0.5152192265  -0.0355700330
0.5412817231  -0.5143315743  -0.0365211455
0.5403303740  -0.5134285332  -0.0374895021
0.5393617823  -0.5125098650  -0.0384752962
0.5383757552  -0.5115753892  -0.0394787221
0.5373720992  -0.5106249875  -0.0404999741
0.5363506198  -0.5096585778  -0.0415392469
0.5353111219  -0.5086760922  -0.0425967357
0.5342534102  -0.5076774630  -0.0436726363
0.5331772883  -0.5066626147  -0.0447671456
0.5320825598  -0.5056314617  -0.0458804622
0.5309690273  -0.5045839081  -0.0470127860
0.5298364932  -0.5035198480  -0.0481643173
0.5286847592  -0.5024391651  -0.0493352569
0.5275136266  -0.5013417340  -0.0505258055
0.5263228964  -0.5002274206  -0.0517361647
0.5251123691  -0.4990960813  -0.0529665357
0.5238818450  -0.4979475615  -0.0542171201
0.5226311243  -0.4967816972  -0.0554881194
0.5213600068  -0.4955983168  -0.0567797348
0.5200682924  -0.4943972436  -0.0580921674
0.5187557808  -0.4931782967  -0.0594256175
0.5174222722  -0.4919412949  -0.0607802852
0.5160675667  -0.4906860558  -0.0621563698
0.5146914648  -0.4894123934  -0.0635540698
0.5132937674  -0.4881201165  -0.0649735826
0.5118742758  -0.4868090346  -0.0664151042
0.5104327921  -0.4854789626  -0.0678788293
0.5089691191  -0.4841297209  -0.0693649510
0.5074830603  -0.4827611256  -0.0708736605
0.5059744190  -0.4813728491  -0.0724051434
0.5044429954  -0.4799643251  -0.0739595743
0.5028885930  -0.4785354153  -0.0755371303
0.5013110329  -0.4770871417  -0.0771380181
0.4997101526  -0.4756207535  -0.0787624706
0.4980857818  -0.4741362777  -0.0804107102
0.4964377288  -0.4726327125  -0.0820829315
0.4947657908  -0.4711090001  -0.0837793075
0.4930697683  -0.4695643982  -0.0854999971
0.4913494696  -0.4679984738  -0.0872451495
0.4896047114  -0.4664110450  -0.0890149077
0.4878353408  -0.4648021075  -0.0908094092
0.4860412316  -0.4631717489  -0.0926287861
0.4842222438  -0.4615200649  -0.0944731646
0.4823782244  -0.4598471583  -0.0963426654
0.4805090254  -0.4581531622  -0.0982374064
0.4786145043  -0.4564382386  -0.1001575106
0.4766945245  -0.4547025760  -0.1021031032
0.4747489536  -0.4529463867  -0.1040743012
0.4727776631  -0.4511699042  -0.1060712101
0.4707805289  -0.4493733798  -0.1080939253
0.4687574322  -0.4475570797  -0.1101425317
0.4667082590  -0.4457212825  -0.1122171030
0.4646329016  -0.4438662765  -0.1143177122
0.4625312595  -0.4419923570  -0.1164444408
0.4604032376  -0.4400998230  -0.1185973599
0.4582487423  -0.4381889730  -0.1207765059
0.4560676823  -0.4362600998  -0.1229818793
0.4538599720  -0.4343134885  -0.1252134631
0.4516255320  -0.4323494128  -0.1274712072
0.4493642868  -0.4303681304  -0.1297550235
0.4470761524  -0.4283698529  -0.1320646430
0.4447608409  -0.4263546278  -0.1343976647
0.4424178652  -0.4243223477  -0.1367502560
0.4400475162  -0.4222733549  -0.1391242461
0.4376512203  -0.4202088191  -0.1415274266
0.4352299920  -0.4181298988  -0.1439657444
0.4327836425  -0.4160370782  -0.1464414879
0.4303115761  -0.4139304019  -0.1489553186
0.4278132880  -0.4118097098  -0.1515067882
0.4252883989  -0.4096747163  -0.1540948932
0.4227366774  -0.4075250712  -0.1567185755
0.4201579997  -0.4053603769  -0.1593767586
0.4175522718  -0.4031801644  -0.1620682697
0.4149193973  -0.4009838811  -0.1647918504
0.4122592757  -0.3987708917  -0.1675461634
0.4095718000  -0.3965404809  -0.1703297979
0.4068570534  -0.3942920985  -0.1731412746
0.4041154420  -0.3920255145  -0.1759790522
0.4013471859  -0.3897401950  -0.1788415320
0.3985521629  -0.3874351326  -0.1817270645
0.3957301991  -0.3851092211  -0.1846339544
0.3928810746  -0.3827612712  -0.1875604665
0.3900045123  -0.3803900092  -0.1905048307
0.3871001709  -0.3779940805  -0.1934652476
0.3841682661  -0.3755727747  -0.1964398936
0.3812092199  -0.3731256049  -0.1994269262
0.3782224650  -0.3706509506  -0.2024244890
0.3752066300  -0.3681463425  -0.2054307180
0.3721601430  -0.3656091931  -0.2084437463
0.3690820598  -0.3630377133  -0.2114617095
0.3659697597  -0.3604284052  -0.2144827508
0.3628211977  -0.3577782963  -0.2175050274
0.3596242633  -0.3550748377  -0.2205267266
0.3562533646  -0.3521924877  -0.2235460897
0.3526751606  -0.3490987963  -0.2265613863
0.3491695219  -0.3460730481  -0.2295708385
0.3459088998  -0.3432839069  -0.2325726153
0.3428290194  -0.3406634761  -0.2355649163
0.3398678260  -0.3381480159  -0.2385460270
0.3369773541  -0.3356888263  -0.2415143173
0.3341199661  -0.3332478961  -0.2444682353
0.3312805988  -0.3308099303  -0.2474063053
0.3284585219  -0.3283738990  -0.2503271269
0.3256532364  -0.3259389971  -0.2532293787
0.3228645236  -0.3235047659  -0.2561118245
0.3200923181  -0.3210709805  -0.2589733197
0.3173365811  -0.3186375208  -0.2618128169
0.3145972848  -0.3162043545  -0.2646293683
0.3118744098  -0.3137715311  -0.2674221221
0.3091679437  -0.3113391769  -0.2701903271
0.3064778834  -0.3089074921  -0.2729333477
0.3038042360  -0.3064767469  -0.2756506737
0.3011470163  -0.3040472746  -0.2783419257
0.2985062444  -0.3016194646  -0.2810068627
0.2958819443  -0.2991937559  -0.2836453901
0.2932741403  -0.2967706283  -0.2862575558
0.2906828522  -0.2943505931  -0.2888435442
0.2881080979  -0.2919341892  -0.2914036989
0.2855499006  -0.2895219827  -0.2939385591
0.2830082896  -0.2871145623  -0.2964488781
0.2804832913  -0.2847125273  -0.2989356202
0.2779749282  -0.2823164818  -0.3013999946
0.2754832229  -0.2799270328  -0.3038434829
0.2730082246  -0.2775448175  -0.3062680325
0.2705504033  -0.2751707899  -0.3086784276
0.2681107093  -0.2728062379  -0.3110822900
0.2656889463  -0.2704516011  -0.3134824614
0.2632829926  -0.2681058945  -0.3158748073
0.2608909541  -0.2657681777  -0.3182551038
0.2585125290  -0.2634385259  -0.3206214377
0.2561480821  -0.2611174558  -0.3229728333
0.2537979373  -0.2588054628  -0.3253090718
0.2514623135  -0.2565029703  -0.3276303498
0.2491412719  -0.2542102885  -0.3299368468
0.2468347495  -0.2519276291  -0.3322286772
0.2445426468  -0.2496551597  -0.3345059621
0.2422648625  -0.2473930258  -0.3367688254
0.2400012943  -0.2451413524  -0.3390173921
0.2377518394  -0.2429002447  -0.3412517892
0.2355163953  -0.2406697900  -0.3434721450
0.2332948596  -0.2384500585  -0.3456785885
0.2310871302  -0.2362411042  -0.3478712495
0.2288931049  -0.2340429652  -0.3500502574
0.2267126822  -0.2318556650  -0.3522157408
0.2245457604  -0.2296792133  -0.3543678270
0.2223922386  -0.2275136078  -0.3565066415
0.2202520159  -0.2253588352  -0.3586323072
0.2181249922  -0.2232148731  -0.3607449444
0.2160110679  -0.2210816912  -0.3628446701
0.2139101436  -0.2189592514  -0.3649315973
0.2118221210  -0.2168475079  -0.3670058346
0.2097469019  -0.2147464090  -0.3690674854
0.2076843889  -0.2126558988  -0.3711166476
0.2056344853  -0.2105759179  -0.3731534128
0.2035970949  -0.2085064021  -0.3751778654
0.2015721212  -0.2064472463  -0.3771900735
0.1995594657  -0.2043982651  -0.3791900721
0.1975590298  -0.2023593238  -0.3811778776
0.1955707224  -0.2003305465  -0.3831535415
0.1935944626  -0.1983122157  -0.3851171700
0.1916301712  -0.1963044853  -0.3870688869
0.1896777626  -0.1943073316  -0.3890088041
0.1877371471  -0.1923206750  -0.3909370213
0.1858082342  -0.1903444423  -0.3928536308
0.1838909346  -0.1883785779  -0.3947587203
0.1819851604  -0.1864230466  -0.3966523760
0.1800908249  -0.1844778263  -0.3985346838
0.1782078423  -0.1825428983  -0.4004057290
0.1763361276  -0.1806182450  -0.4022655962
0.1744755963  -0.1787038494  -0.4041143694
0.1726261646  -0.1767996950  -0.4059521319
0.1707877493  -0.1749057659  -0.4077789661
0.1689602678  -0.1730220461  -0.4095949542
0.1671436379  -0.1711485196  -0.4114001772
0.1653377784  -0.1692851704  -0.4131947159
0.1635426084  -0.1674319817  -0.4149786503
0.1617580477  -0.1655889362  -0.4167520598
0.1599840165  -0.1637560156  -0.4185150232
0.1582204358  -0.1619332004  -0.4202676186
0.1564672271  -0.1601204698  -0.4220099238
0.1547243125  -0.1583178014  -0.4237420159
0.1529916146  -0.1565251709  -0.4254639713
0.1512690567  -0.1547425521  -0.4271758660
0.1495565625  -0.1529699162  -0.4288777755
0.1478540563  -0.1512072322  -0.4305697748
0.1461614630  -0.1494544663  -0.4322519382
0.1444787080  -0.1477115808  -0.4339243399
0.1428057174  -0.1459785313  -0.4355870532
0.1411424176  -0.1442552664  -0.4372401516
0.1394887356  -0.1425417348  -0.4388837078
0.1378445992  -0.1408378930  -0.4405177939
0.1362099363  -0.1391437038  -0.4421424813
0.1345846758  -0.1374591309  -0.4437578404
0.1329687467  -0.1357841359  -0.4453639415
0.1313620790  -0.1341186782  -0.4469608541
0.1297646027  -0.1324627158  -0.4485486474
0.1281762489  -0.1308162055  -0.4501273899
0.1265969487  -0.1291791036  -0.4516971498
0.1250266342  -0.1275513659  -0.4532579946
0.1234652376  -0.1259329474  -0.4548099915
0.1219126919  -0.1243238030  -0.4563532069
0.1203689304  -0.1227238867  -0.4578877071
0.1188338872  -0.1211331525  -0.4594135574
0.1173074966  -0.1195515535  -0.4609308230
0.1157896935  -0.1179790428  -0.4624395684
0.1142804134  -0.1164155728  -0.4639398577
0.1127795923  -0.1148610940  -0.4654317543
0.1112871664  -0.1133155527  -0.4669153215
0.1098030729  -0.1117788995  -0.4683906216
0.1083272490  -0.1102510940  -0.4698577168
0.1068596328  -0.1087320948  -0.4713166687
0.1054001626  -0.1072218526  -0.4727675384
0.1039487773  -0.1057203163  -0.4742103865
0.1025054163  -0.1042274354  -0.4756452732
0.1010700193  -0.1027431593  -0.4770722581
0.0996425267  -0.1012674368  -0.4784914004
0.0982228793  -0.0998002167  -0.4799027589
0.0968110182  -0.0983414476  -0.4813063919
0.0954068853  -0.0968910779  -0.4827023572
0.0940104227  -0.0954490560  -0.4840907120
0.0926215729  -0.0940153300  -0.4854715134
0.0912402792  -0.0925898484  -0.4868448177
0.0898664850  -0.0911725593  -0.4882106809
0.0885001344  -0.0897634110  -0.4895691586
0.0871411718  -0.0883623520  -0.4909203059
0.0857895421  -0.0869693306  -0.4922641773
0.0844451906  -0.0855842954  -0.4936008272
0.0831080632  -0.0842071950  -0.4949303093
0.0817781059  -0.0828379784  -0.4962526768
0.0804552656  -0.0814765943  -0.4975679828
0.0791394892  -0.0801229919  -0.4988762796
0.0778307243  -0.0787771204  -0.5001776194
0.0765289187  -0.0774389292  -0.5014720537
0.0752340210  -0.0761083679  -0.5027596337
0.0739459798  -0.0747853861  -0.5040404102
0.0726647444  -0.0734699337  -0.5053144336
0.0713902644  -0.0721619607  -0.5065817539
0.0701224897  -0.0708614173  -0.5078424205
0.0688613710  -0.0695682740  -0.5090964854
0.0676068593  -0.0682825078  -0.5103440030
0.0663589056  -0.0670040199  -0.5115850199
0.0651174612  -0.0657326997  -0.5128195747
0.0638824779  -0.0644685236  -0.5140477118
0.0626539084  -0.0632114751  -0.5152694787
0.0614317057  -0.0619615078  -0.5164849213
0.0602158230  -0.0607185748  -0.5176940852
0.0590062140  -0.0594826292  -0.5188970160
0.0578028328  -0.0582536240  -0.5200937590
0.0566056336  -0.0570315120  -0.5212843594
0.0554145713  -0.0558162461  -0.5224688623
0.0542296010  -0.0546077789  -0.5236473126
0.0530506783  -0.0534060629  -0.5248197552
0.0518777590  -0.0522110506  -0.5259862349
0.0507107994  -0.0510226945  -0.5271467963
0.0495497560  -0.0498409468  -0.5283014840
0.0483945859  -0.0486657599  -0.5294503426
0.0472452462  -0.0474970861  -0.5305934164
0.0461016947  -0.0463348779  -0.5317307496
0.0449638894  -0.0451790876  -0.5328623863
0.0438317885  -0.0440296677  -0.5339883704
0.0427053508  -0.0428865710  -0.5351087458
0.0415845354  -0.0417497501  -0.5362235559
0.0404693014  -0.0406191580  -0.5373328441
0.0393596088  -0.0394947480  -0.5384366533
0.0382554174  -0.0383764733  -0.5395350261
0.0371566877  -0.0372642875  -0.5406280050
0.0360633804  -0.0361581447  -0.5417156318
0.0349754564  -0.0350579990  -0.5427979479
0.0338928772  -0.0339638049  -0.5438749941
0.0328156043  -0.0328755172  -0.5449468107
0.0317437648  -0.0317931065  -0.5460286071
0.0306774284  -0.0307165359  -0.5471279337
0.0296161301  -0.0296457213  -0.5482189199
0.0285597073  -0.0285806093  -0.5493082885
0.0275083450  -0.0275211780  -0.5503956127
0.0264620032  -0.0264673848  -0.5514804024
0.0254206431  -0.0254191875  -0.5525621045
0.0243842271  -0.0243765443  -0.5536401024
0.0233527189  -0.0233394139  -0.5547137165
0.0223260835  -0.0223077552  -0.5557822038
0.0213042875  -0.0212815278  -0.5568447581
0.0202872986  -0.0202606914  -0.5579005101
0.0192750862  -0.0192452061  -0.5589485269
0.0182676211  -0.0182350324  -0.5599878128
0.0172648757  -0.0172301308  -0.5610173086
0.0162668241  -0.0162304625  -0.5620358919
0.0152734417  -0.0152359886  -0.5630423771
0.0142847056  -0.0142466705  -0.5640355154
0.0133005945  -0.0132624700  -0.5650139946
0.0123210888  -0.0122833488  -0.5659764395
0.0113461702  -0.0113092690  -0.5669214114
0.0103758220  -0.0103401929  -0.5678474086
0.0094100289  -0.0093760829  -0.5687528660
0.0084487771  -0.0084169015  -0.5696361554
0.0074920540  -0.0074626117  -0.5704955852
0.0065398481  -0.0065131763  -0.5713294006
0.0055921491  -0.0055685586  -0.5721357837
0.0046489474  -0.0046287222  -0.5729128532
0.0037102343  -0.0036936307  -0.5736586648
0.0027760017  -0.0027632483  -0.5743712105
0.0018462417  -0.0018375393  -0.5750484196
0.0009209464  -0.0009164685  -0.5756881578
0.0009207188  -0.0009164662  -0.5756881578
