0.162763
1.2799513442  -1.3200055102   0.0000442436
1.2799513442  -1.3200055102   0.0000442436
1.2799556782  -1.3200053686   0.0000375402
1.2799538582  -1.3199909416   0.0000195843
1.2799425923  -1.3199607356  -0.0000099233
1.2799197114  -1.3199126347  -0.0000512802
1.2798843845  -1.3198459007  -0.0001047827
1.2798361325  -1.3197601468  -0.0001707257
1.2797746092  -1.3196551167  -0.0002494028
1.2796995284  -1.3195306103  -0.0003411064
1.2796106339  -1.3193864537  -0.0004461272
1.2795076858  -1.3192224848  -0.0005647549
1.2793904528  -1.3190385464  -0.0006972777
1.2792587087  -1.3188344813  -0.0008439825
1.2791122297  -1.3186101306  -0.0010051548
1.2789507933  -1.3183653320  -0.0011810789
1.2787741770  -1.3180999186  -0.0013720375
1.2785821577  -1.3178137188  -0.0015783122
1.2783745116  -1.3175065558  -0.0018001831
1.2781510137  -1.3171782470  -0.0020379290
1.2779114376  -1.3168286045  -0.0022918275
1.2776555553  -1.3164574346  -0.0025621546
1.2773831373  -1.3160645381  -0.0028491852
1.2770939524  -1.3156497099  -0.0031531926
1.2767877675  -1.3152127398  -0.0034744490
1.2764643479  -1.3147534117  -0.0038132251
1.2761234570  -1.3142715044  -0.0041697903
1.2757648564  -1.3137667915  -0.0045444127
1.2753883060  -1.3132390415  -0.0049373590
1.2749935637  -1.3126880180  -0.0053488946
1.2745803859  -1.3121134796  -0.0057792834
1.2741485268  -1.3115151808  -0.0062287882
1.2736977318  -1.3108924912  -0.0066983353
1.2732277602  -1.3102455005  -0.0071875843
1.2727383715  -1.3095744410  -0.0076965793
1.2722293056  -1.3088787803  -0.0082255504
1.2717003047  -1.3081581329  -0.0087747352
1.2711511123  -1.3074121905  -0.0093443875
1.2705814705  -1.3066406560  -0.0099347617
1.2699911203  -1.3058432385  -0.0105461155
1.2693798010  -1.3050196473  -0.0111787086
1.2687472506  -1.3041695916  -0.0118328029
1.2680932060  -1.3032927798  -0.0125086620
1.2674174024  -1.3023889201  -0.0132065511
1.2667195739  -1.3014577206  -0.0139267368
1.2659994535  -1.3004988893  -0.0146694872
1.2652567728  -1.2995121345  -0.0154350712
1.2644912624  -1.2984971657  -0.0162237594
1.2637026519  -1.2974536929  -0.0170358231
1.2628906696  -1.2963814279  -0.0178715348
1.2620550432  -1.2952800840  -0.0187311677
1.2611954992  -1.2941493765  -0.0196149962
1.2603117634  -1.2929890230  -0.0205232952
1.2594035608  -1.2917987438  -0.0214563404
1.2584706158  -1.2905782622  -0.0224144083
1.2575126519  -1.2893273047  -0.0233977758
1.2565293922  -1.2880456011  -0.0244067204
1.2555205593  -1.2867328855  -0.0254415199
1.2544858754  -1.2853888958  -0.0265024526
1.2534250622  -1.2840133745  -0.0275897970
1.2523378412  -1.2826060686  -0.0287038319
1.2512239337  -1.2811667303  -0.0298448359
1.2500830610  -1.2796951168  -0.0310130879
1.2489149442  -1.2781908842  -0.0322088670
1.2477193039  -1.2766537613  -0.0334324518
1.2464958610  -1.2750837383  -0.0346841204
1.2452443379  -1.2734807004  -0.0359641508
1.2439644575  -1.2718443625  -0.0372728206
1.2426559417  -1.2701744825  -0.0386104070
1.2413185134  -1.2684708491  -0.0399771866
1.2399518960  -1.2667332622  -0.0413734354
1.2385558135  -1.2649615294  -0.0427994283
1.2371299908  -1.2631554642  -0.0442554400
1.2356741537  -1.2613148863  -0.0457417438
1.2341880288  -1.2594396226  -0.0472586123
1.2326713440  -1.2575295076  -0.0488063169
1.2311238283  -1.2555843831  -0.0503851277
1.2295452119  -1.2536040969  -0.0519953133
1.2279352265  -1.2515885026  -0.0536371409
1.2262936052  -1.2495374594  -0.0553108760
1.2246200829  -1.2474508327  -0.0570167823
1.2229143961  -1.2453284943  -0.0587551217
1.2211762830  -1.2431703227  -0.0605261540
1.2194054842  -1.2409762035  -0.0623301369
1.2176017418  -1.2387460291  -0.0641673257
1.2157648006  -1.2364796991  -0.0660379734
1.2138944075  -1.2341771202  -0.0679423303
1.2119903117  -1.2318382063  -0.0698806441
1.2100522653  -1.2294628783  -0.0718531597
1.2080800227  -1.2270510645  -0.0738601190
1.2060733415  -1.2246027011  -0.0759017609
1.2040319820  -1.2221177327  -0.0779783209
1.2019557076  -1.2195961121  -0.0800900313
1.1998442850  -1.2170378001  -0.0822371207
1.1976974840  -1.2144427615  -0.0844198144
1.1955150783  -1.2118109643  -0.0866383337
1.1932968447  -1.2091423920  -0.0888928962
1.1910425641  -1.2064370490  -0.0911837153
1.1887520211  -1.2036949508  -0.0935110005
1.1864250046  -1.2009161208  -0.0958749569
1.1840613074  -1.1981006097  -0.0982757851
1.1816607267  -1.1952484998  -0.1007136808
1.1792230643  -1.1923598072  -0.1031888353
1.1767481272  -1.1894343832  -0.1057014360
1.1742357323  -1.1864720659  -0.1082516661
1.1716857031  -1.1834728878  -0.1108397030
1.1690978647  -1.1804370548  -0.1134657181
1.1664720465  -1.1773648289  -0.1161298774
1.1638080840  -1.1742564655  -0.1188323427
1.1611058186  -1.1711122064  -0.1215732696
1.1583650970  -1.1679322821  -0.1243528065
1.1555857713  -1.1647169108  -0.1271710953
1.1527676999  -1.1614662959  -0.1300282707
1.1499107467  -1.1581806243  -0.1329244606
1.1470147817  -1.1548600670  -0.1358597856
1.1440796812  -1.1515047816  -0.1388343593
1.1411053274  -1.1481149140  -0.1418482879
1.1380916091  -1.1446905996  -0.1449016705
1.1350384216  -1.1412319662  -0.1479945986
1.1319456668  -1.1377391371  -0.1511271570
1.1288132535  -1.1342122331  -0.1542994228
1.1256410972  -1.1306513705  -0.1575114662
1.1224291206  -1.1270566611  -0.1607633496
1.1191772534  -1.1234282166  -0.1640551279
1.1158854328  -1.1197661557  -0.1673868484
1.1125536033  -1.1160706107  -0.1707585514
1.1091817175  -1.1123417266  -0.1741702697
1.1057697357  -1.1085796556  -0.1776220295
1.1023176271  -1.1047845611  -0.1811138561
1.0988253707  -1.1009566246  -0.1846457768
1.0952929534  -1.0970960400  -0.1882178131
1.0917203684  -1.0932029852  -0.1918299732
1.0881076118  -1.0892774493  -0.1954822405
1.0844546854  -1.0853194978  -0.1991745806
1.0807616200  -1.0813303430  -0.2029070135
1.0770284871  -1.0773119427  -0.2066796380
1.0732553564  -1.0732649058  -0.2104925237
1.0694422543  -1.0691883515  -0.2143456364
1.0655892054  -1.0650816090  -0.2182388818
1.0616963141  -1.0609449028  -0.2221721534
1.0577636935  -1.0567788027  -0.2261453402
1.0537914055  -1.0525838452  -0.2301583267
1.0497795140  -1.0483605943  -0.2342109995
1.0457280898  -1.0441096529  -0.2383032453
1.0416372082  -1.0398316584  -0.2424349410
1.0375069480  -1.0355272784  -0.2466059515
1.0333373928  -1.0311972081  -0.2508161318
1.0291286317  -1.0268421664  -0.2550653269
1.0248807596  -1.0224628928  -0.2593533719
1.0205938772  -1.0180601440  -0.2636800926
1.0162680921  -1.0136346910  -0.2680453140
1.0119035220  -1.0091873178  -0.2724488734
1.0075002911  -1.0047188156  -0.2768906064
1.0030585230  -1.0002299736  -0.2813703240
0.9985783393  -0.9957215717  -0.2858878085
0.9940598631  -0.9911943773  -0.2904428148
0.9895032265  -0.9866491468  -0.2950350952
0.9849085743  -0.9820866252  -0.2996644135
0.9802760517  -0.9775075330  -0.3043304922
0.9756058412  -0.9729126226  -0.3090329803
0.9708984576  -0.9683030799  -0.3137714800
0.9661544683  -0.9636800978  -0.3185454922
0.9613741257  -0.9590443512  -0.3233542835
0.9565575032  -0.9543961828  -0.3281964610
0.9517039410  -0.9497352058  -0.3330669525
0.9468135012  -0.9450617230  -0.3379648702
0.9418897641  -0.9403792741  -0.3429016474
0.9369363085  -0.9356918434  -0.3478865527
0.9319522723  -0.9309997462  -0.3529194570
0.9269351856  -0.9263013303  -0.3579982166
0.9218840124  -0.9215955536  -0.3631211711
0.9167986849  -0.9168819534  -0.3682868480
0.9116793535  -0.9121601349  -0.3734936809
0.9065264018  -0.9074299280  -0.3787400121
0.9013405394  -0.9026915073  -0.3840240991
0.8961223031  -0.8979446364  -0.3893441218
0.8908719449  -0.8931885322  -0.3946981901
0.8855897055  -0.8884222989  -0.4000843512
0.8802758211  -0.8836449508  -0.4055005962
0.8749305201  -0.8788554198  -0.4109448674
0.8695540183  -0.8740525621  -0.4164150649
0.8641465135  -0.8692351656  -0.4219090529
0.8587087596  -0.8644027353  -0.4274246664
0.8532419281  -0.8595552823  -0.4329597166
0.8477464709  -0.8546918022  -0.4385119983
0.8422221616  -0.8498104036  -0.4440792961
0.8366685471  -0.8449089730  -0.4496593909
0.8310850066  -0.8399852911  -0.4552500663
0.8254722399  -0.8350388429  -0.4608491131
0.8198308262  -0.8300689757  -0.4664543363
0.8141588383  -0.8250721145  -0.4720635603
0.8084536306  -0.8200441529  -0.4776746285
0.8027130548  -0.8149819117  -0.4832854037
0.7969305407  -0.8098776603  -0.4888937802
0.7910932991  -0.8047176118  -0.4944977016
0.7851627069  -0.7994625936  -0.5000952015
0.7789247126  -0.7939001898  -0.5056844025
0.7727117681  -0.7883649767  -0.5112633378
0.7669626196  -0.7832908730  -0.5168298486
0.7614709889  -0.7784638750  -0.5223818071
0.7560496815  -0.7736930762  -0.5279173188
0.7506497873  -0.7689278281  -0.5334346685
0.7452699547  -0.7641654206  -0.5389322357
0.7399099478  -0.7594044359  -0.5444084854
0.7345696638  -0.7546437295  -0.5498619769
0.7292490176  -0.7498822988  -0.5552913616
0.7239479427  -0.7451192828  -0.5606953877
0.7186663952  -0.7403539635  -0.5660729141
0.7134043552  -0.7355857645  -0.5714229186
0.7081618242  -0.7308142485  -0.5767445012
0.7029388216  -0.7260391140  -0.5820368905
0.6977353838  -0.7212601905  -0.5872994487
0.6925515621  -0.7164774342  -0.5925316776
0.6873874182  -0.7116909198  -0.5977332136
0.6822430157  -0.7069008327  -0.6029038160
0.6771184223  -0.7021074620  -0.6080433801
0.6720137200  -0.6973111968  -0.6131519657
0.6669290074  -0.6925125212  -0.6182298123
0.6618643939  -0.6877120046  -0.6232773484
0.6568199869  -0.6829102895  -0.6282951758
0.6517958804  -0.6781080789  -0.6332840577
0.6467921718  -0.6733061327  -0.6382449799
0.6418089838  -0.6685052674  -0.6431792071
0.6368464530  -0.6637063469  -0.6480882840
0.6319047333  -0.6589102787  -0.6529741259
0.6269840489  -0.6541180344  -0.6578392263
0.6220848447  -0.6493307503  -0.6626872626
0.6172087789  -0.6445500471  -0.6675269188
0.6123567771  -0.6397772064  -0.6723641221
0.6075246443  -0.6350115311  -0.6771912616
0.6027071234  -0.6302515872  -0.6819996754
0.5979041925  -0.6254974434  -0.6867882954
0.5931182441  -0.6207500806  -0.6915579056
0.5883503664  -0.6160102223  -0.6963088654
0.5836006812  -0.6112783059  -0.7010412878
0.5788691026  -0.6065546748  -0.7057552855
0.5741555409  -0.6018396400  -0.7104509749
0.5694599066  -0.5971334843  -0.7151284767
0.5647821111  -0.5924364614  -0.7197879153
0.5601220663  -0.5877487974  -0.7244294178
0.5554796847  -0.5830706901  -0.7290531135
0.5508548791  -0.5784023109  -0.7336591330
0.5462475626  -0.5737438055  -0.7382476077
0.5416576489  -0.5690952952  -0.7428186685
0.5370850521  -0.5644568783  -0.7473724453
0.5325296869  -0.5598286321  -0.7519090665
0.5279914684  -0.5552106147  -0.7564286578
0.5234703127  -0.5506028660  -0.7609313420
0.5189661361  -0.5460054092  -0.7654172373
0.5144788557  -0.5414182526  -0.7698864563
0.5100083890  -0.5368413918  -0.7743391053
0.5055546546  -0.5322748125  -0.7787752835
0.5011175718  -0.5277184928  -0.7831950828
0.4966970608  -0.5231724029  -0.7875985857
0.4922930424  -0.5186365073  -0.7919858642
0.4879054381  -0.5141107662  -0.7963569780
0.4835341696  -0.5095951354  -0.8007119725
0.4791791582  -0.5050895589  -0.8050508716
0.4748403190  -0.5005939199  -0.8093736503
0.4705175597  -0.4961080782  -0.8136802280
0.4662108086  -0.4916321528  -0.8179705787
0.4619200432  -0.4871665694  -0.8222448235
0.4576452554  -0.4827116177  -0.8265031345
0.4533863987  -0.4782672572  -0.8307456195
0.4491433946  -0.4738333787  -0.8349723386
0.4449161674  -0.4694099687  -0.8391833471
0.4407046532  -0.4649970750  -0.8433787030
0.4365087933  -0.4605947649  -0.8475584642
0.4323285309  -0.4562031145  -0.8517226874
0.4281638100  -0.4518222082  -0.8558714286
0.4240145757  -0.4474521377  -0.8600047424
0.4198807737  -0.4430930025  -0.8641226823
0.4157623508  -0.4387449084  -0.8682253010
0.4116592544  -0.4344079674  -0.8723126501
0.4075714329  -0.4300822967  -0.8763847802
0.4034988353  -0.4257680182  -0.8804417412
0.3994414116  -0.4214652576  -0.8844835820
0.3953991123  -0.4171741435  -0.8885103506
0.3913718887  -0.4128948066  -0.8925220945
0.3873596928  -0.4086273785  -0.8965188602
0.3833624773  -0.4043719908  -0.9005006937
0.3793801954  -0.4001287737  -0.9044676404
0.3754128010  -0.3958978553  -0.9084197450
0.3714602485  -0.3916793608  -0.9123570518
0.3675224930  -0.3874734110  -0.9162796047
0.3635994900  -0.3832801217  -0.9201874472
0.3596911955  -0.3790996017  -0.9240806223
0.3557975661  -0.3749319520  -0.9279591730
0.3519185588  -0.3707772627  -0.9318231420
0.3480541309  -0.3666356049  -0.9356725722
0.3442042402  -0.3625070214  -0.9395075067
0.3403688452  -0.3583915513  -0.9433279890
0.3365479041  -0.3542892753  -0.9471340616
0.3327413756  -0.3502003175  -0.9509257653
0.3289492184  -0.3461248027  -0.9547031398
0.3251713917  -0.3420628351  -0.9584662247
0.3214078551  -0.3380145090  -0.9622150599
0.3176585688  -0.3339799171  -0.9659496854
0.3139234929  -0.3299591514  -0.9696701408
0.3102025878  -0.3259523030  -0.9733764656
0.3064958141  -0.3219594615  -0.9770686991
0.3028031326  -0.3179807154  -0.9807468803
0.2991245041  -0.3140161517  -0.9844110482
0.2954598896  -0.3100658561  -0.9880612418
0.2918092503  -0.3061298893  -0.9916974998
0.2881725473  -0.3022082650  -0.9953198611
0.2845497420  -0.2983010473  -0.9989283643
0.2809407958  -0.2944084259  -1.0025230479
0.2773456704  -0.2905305776  -1.0061039502
0.2737643273  -0.2866675795  -1.0096711096
0.2701967280  -0.2828194865  -1.0132245646
0.2666428339  -0.2789863634  -1.0167643539
0.2631026066  -0.2751682714  -1.0202905160
0.2595760076  -0.2713652678  -1.0238030896
0.2560629981  -0.2675774069  -1.0273021135
0.2525635396  -0.2638047403  -1.0307876265
0.2490775933  -0.2600473169  -1.0342596676
0.2456051204  -0.2563051838  -1.0377182756
0.2421460820  -0.2525783862  -1.0411634898
0.2387004390  -0.2488669677  -1.0445953494
0.2352681522  -0.2451709709  -1.0480138937
0.2318491825  -0.2414904370  -1.0514191621
0.2284434904  -0.2378254066  -1.0548111944
0.2250510363  -0.2341759194  -1.0581900301
0.2216717804  -0.2305420145  -1.0615557093
0.2183056828  -0.2269237299  -1.0649082720
0.2149527035  -0.2233211035  -1.0682477584
0.2116128022  -0.2197341723  -1.0715742091
0.2082859383  -0.2161629726  -1.0748876645
0.2049720712  -0.2126075400  -1.0781881655
0.2016711600  -0.2090679094  -1.0814757532
0.1983831636  -0.2055441145  -1.0847504688
0.1951080405  -0.2020361880  -1.0880123538
0.1918457493  -0.1985441614  -1.0912614497
0.1885962480  -0.1950680646  -1.0944977987
0.1853594946  -0.1916079258  -1.0977214429
0.1821354487  -0.1881640587  -1.1009324452
0.1789240716  -0.1847368650  -1.1041308922
0.1757253179  -0.1813256801  -1.1073168121
0.1725391345  -0.1779296505  -1.1104901791
0.1693654752  -0.1745491396  -1.1136510126
0.1662043014  -0.1711846229  -1.1167993596
0.1630555719  -0.1678361459  -1.1199352574
0.1599192433  -0.1645037467  -1.1230587452
0.1567952715  -0.1611874580  -1.1261698640
0.1536836127  -0.1578873063  -1.1292686570
0.1505842223  -0.1546033112  -1.1323551692
0.1474970557  -0.1513354860  -1.1354294479
0.1444220677  -0.1480838368  -1.1384915429
0.1413592131  -0.1448483631  -1.1415415059
0.1383084459  -0.1416290572  -1.1445793913
0.1352697199  -0.1384259050  -1.1476052556
0.1322429885  -0.1352388855  -1.1506191575
0.1292282047  -0.1320679717  -1.1536211581
0.1262253208  -0.1289131305  -1.1566113205
0.1232342891  -0.1257743229  -1.1595897098
0.1202550613  -0.1226515047  -1.1625563929
0.1172875887  -0.1195446270  -1.1655114384
0.1143318221  -0.1164536359  -1.1684549163
0.1113877122  -0.1133784736  -1.1713868979
0.1084552091  -0.1103190788  -1.1743074553
0.1055342628  -0.1072753866  -1.1772166613
0.1026248228  -0.1042473294  -1.1801145891
0.0997268384  -0.1012348371  -1.1830013118
0.0968402585  -0.0982378377  -1.1858769019
0.0939650318  -0.0952562574  -1.1887414314
0.0911011068  -0.0922900210  -1.1915949708
0.0882484317  -0.0893390530  -1.1944375890
0.0854081937  -0.0864035086  -1.1973106141
0.0825811453  -0.0834834315  -1.2002345527
0.0797640192  -0.0805781314  -1.2031389506
0.0769558234  -0.0776873815  -1.2060420475
0.0741581708  -0.0748114310  -1.2089426283
0.0713709829  -0.0719502075  -1.2118393053
0.0685941873  -0.0691036400  -1.2147305184
0.0658277185  -0.0662716588  -1.2176145352
0.0630715179  -0.0634541953  -1.2204894505
0.0603255347  -0.0606511818  -1.2233531869
0.0575897260  -0.0578625510  -1.2262034944
0.0548640570  -0.0550882358  -1.2290379506
0.0521485018  -0.0523281689  -1.2318539605
0.0494430432  -0.0495822824  -1.2346487569
0.0467476730  -0.0468505073  -1.2374193999
0.0440623925  -0.0441327734  -1.2401627771
0.0413872125  -0.0414290087  -1.2428756037
0.0387221529  -0.0387391389  -1.2455544226
0.0360672433  -0.0360630877  -1.2481956040
0.0334225229  -0.0334007757  -1.2507953456
0.0307880396  -0.0307521210  -1.2533496729
0.0281638508  -0.0281170385  -1.2558544386
0.0255500221  -0.0254954403  -1.2583053232
0.0229466273  -0.0228872353  -1.2606978346
0.0203537479  -0.0202923298  -1.2630273082
0.0177714720  -0.0177106275  -1.2652889071
0.0151998936  -0.0151420302  -1.2674776216
0.0126391119  -0.0125864377  -1.2695882700
0.0100892295  -0.0100437489  -1.2716154977
0.0075503517  -0.0075138625  -1.2735537778
0.0050225846  -0.0049966770  -1.2753974110
0.0025060334  -0.0024920924  -1.2771405254
0.0025043464  -0.0024920724  -1.2771405254
