0.120469
1.6433795892  -1.7583290961   0.0000628018
1.6433795892  -1.7583290961   0.0000628018
1.6433849225  -1.7583259250   0.0000522052
1.6433812118  -1.7582979244   0.0000250261
1.6433638482  -1.7582432216  -0.0000191957
1.6433293750  -1.7581575218  -0.0000809167
1.6432765022  -1.7580394155  -0.0001605896
1.6432044964  -1.7578882071  -0.0002586629
1.6431128341  -1.7577034647  -0.0003755813
1.6430010864  -1.7574848715  -0.0005117857
1.6428688727  -1.7572321644  -0.0006677129
1.6427158383  -1.7569451062  -0.0008437959
1.6425416437  -1.7566234702  -0.0010404635
1.6423459578  -1.7562670325  -0.0012581410
1.6421284547  -1.7558755671  -0.0014972494
1.6418888112  -1.7554488431  -0.0017582060
1.6416267056  -1.7549866229  -0.0020414240
1.6413418164  -1.7544886617  -0.0023473129
1.6410338222  -1.7539547060  -0.0026762780
1.6407024010  -1.7533844940  -0.0030287209
1.6403472299  -1.7527777555  -0.0034050392
1.6399679850  -1.7521342114  -0.0038056265
1.6395643413  -1.7514535745  -0.0042308725
1.6391359727  -1.7507355491  -0.0046811631
1.6386825519  -1.7499798318  -0.0051568802
1.6382037503  -1.7491861116  -0.0056584016
1.6376992384  -1.7483540701  -0.0061861014
1.6371686853  -1.7474833823  -0.0067403497
1.6366117592  -1.7465737166  -0.0073215126
1.6360281271  -1.7456247356  -0.0079299525
1.6354174554  -1.7446360963  -0.0085660276
1.6347794092  -1.7436074508  -0.0092300922
1.6341136437  -1.7425377697  -0.0099234635
1.6334198344  -1.7414273085  -0.0106456280
1.6326976575  -1.7402765590  -0.0113966279
1.6319467645  -1.7390846732  -0.0121767527
1.6311668129  -1.7378510915  -0.0129863086
1.6303574639  -1.7365753808  -0.0138256276
1.6295183789  -1.7352571314  -0.0146950407
1.6286492197  -1.7338959499  -0.0155948810
1.6277496480  -1.7324914491  -0.0165254827
1.6268193262  -1.7310432470  -0.0174871807
1.6258579169  -1.7295509659  -0.0184803100
1.6248650832  -1.7280142334  -0.0195052052
1.6238404890  -1.7264326828  -0.0205622007
1.6227837990  -1.7248059535  -0.0216516300
1.6216946787  -1.7231336919  -0.0227738260
1.6205727947  -1.7214155519  -0.0239291202
1.6194178148  -1.7196511955  -0.0251178431
1.6182294081  -1.7178402938  -0.0263403238
1.6170072451  -1.7159825270  -0.0275968898
1.6157509978  -1.7140775857  -0.0288878669
1.6144603403  -1.7121251712  -0.0302135793
1.6131349481  -1.7101249959  -0.0315743490
1.6117744989  -1.7080767843  -0.0329704958
1.6103786725  -1.7059802731  -0.0344023375
1.6089471512  -1.7038352119  -0.0358701893
1.6074796193  -1.7016413640  -0.0373743640
1.6059757640  -1.6993985061  -0.0389151714
1.6044352752  -1.6971064298  -0.0404929188
1.6028578454  -1.6947649409  -0.0421079103
1.6012431705  -1.6923738609  -0.0437604469
1.5995909493  -1.6899330265  -0.0454508263
1.5979008839  -1.6874421091  -0.0471793432
1.5961726789  -1.6849009104  -0.0489462895
1.5944060431  -1.6823096754  -0.0507519544
1.5926006911  -1.6796684749  -0.0525966235
1.5907563411  -1.6769771066  -0.0544805786
1.5888727136  -1.6742354499  -0.0564040965
1.5869495335  -1.6714434370  -0.0583674499
1.5849865299  -1.6686010241  -0.0603709063
1.5829834366  -1.6657081857  -0.0624147284
1.5809399917  -1.6627649114  -0.0644991738
1.5788559383  -1.6597712051  -0.0666244945
1.5767310241  -1.6567270859  -0.0687909372
1.5745650019  -1.6536325892  -0.0709987428
1.5723576296  -1.6504877665  -0.0732481465
1.5701086702  -1.6472926846  -0.0755393774
1.5678178924  -1.6440474249  -0.0778726586
1.5654850702  -1.6407520832  -0.0802482068
1.5631099835  -1.6374067698  -0.0826662324
1.5606924178  -1.6340116093  -0.0851269392
1.5582321649  -1.6305667409  -0.0876305243
1.5557290224  -1.6270723177  -0.0901771779
1.5531827943  -1.6235285071  -0.0927670832
1.5505932911  -1.6199354904  -0.0954004165
1.5479603296  -1.6162934636  -0.0980773465
1.5452837336  -1.6126026371  -0.1007980350
1.5425633335  -1.6088632366  -0.1035626361
1.5397989670  -1.6050755024  -0.1063712964
1.5369904785  -1.6012396891  -0.1092241550
1.5341377201  -1.5973560645  -0.1121213431
1.5312405511  -1.5934249097  -0.1150629842
1.5282988385  -1.5894465205  -0.1180491940
1.5253124570  -1.5854212014  -0.1210800800
1.5222812955  -1.5813492718  -0.1241557419
1.5192052993  -1.5772311580  -0.1272762713
1.5160844308  -1.5730673345  -0.1304417518
1.5129186194  -1.5688582205  -0.1336522592
1.5097077927  -1.5646042261  -0.1369078623
1.5064518856  -1.5603057821  -0.1402086220
1.5031508409  -1.5559633600  -0.1435545911
1.4998046091  -1.5515774404  -0.1469458139
1.4964131485  -1.5471483815  -0.1503823271
1.4929764248  -1.5426763799  -0.1538641599
1.4894944104  -1.5381616916  -0.1573913340
1.4859670856  -1.5336048243  -0.1609638615
1.4823944397  -1.5290064559  -0.1645817453
1.4787764709  -1.5243672824  -0.1682449787
1.4751131859  -1.5196879764  -0.1719535468
1.4714045993  -1.5149691935  -0.1757074262
1.4676507338  -1.5102115726  -0.1795065851
1.4638516203  -1.5054157346  -0.1833509829
1.4600072972  -1.5005822817  -0.1872405707
1.4561178113  -1.4957117979  -0.1911752910
1.4521832170  -1.4908048502  -0.1951550779
1.4482035769  -1.4858619892  -0.1991798568
1.4441789615  -1.4808837485  -0.2032495449
1.4401094493  -1.4758706450  -0.2073640504
1.4359951266  -1.4708231814  -0.2115232734
1.4318360885  -1.4657418497  -0.2157271075
1.4276324382  -1.4606271339  -0.2199754399
1.4233842868  -1.4554795134  -0.2242681471
1.4190917525  -1.4502994659  -0.2286050934
1.4147549611  -1.4450874660  -0.2329861318
1.4103740466  -1.4398439859  -0.2374111034
1.4059491513  -1.4345695004  -0.2418798383
1.4014804259  -1.4292644934  -0.2463921541
1.3969680293  -1.4239294597  -0.2509478562
1.3924121317  -1.4185649135  -0.2555467377
1.3878129399  -1.4131714893  -0.2601885803
1.3831706830  -1.4077498596  -0.2648731536
1.3784855797  -1.4023005792  -0.2696002096
1.3737578473  -1.3968241223  -0.2743694733
1.3689877160  -1.3913211378  -0.2791806733
1.3641754505  -1.3857927350  -0.2840336197
1.3593213477  -1.3802400577  -0.2889281894
1.3544256888  -1.3746636735  -0.2938641982
1.3494887171  -1.3690638389  -0.2988413563
1.3445106735  -1.3634410208  -0.3038593350
1.3394918272  -1.3577959195  -0.3089178046
1.3344324713  -1.3521293192  -0.3140164304
1.3293329116  -1.3464420388  -0.3191548705
1.3241934639  -1.3407349252  -0.3243327759
1.3190144538  -1.3350088518  -0.3295497914
1.3137962164  -1.3292647162  -0.3348055562
1.3085390977  -1.3235034395  -0.3400997115
1.3032434569  -1.3177259663  -0.3454319091
1.2979096635  -1.3119332609  -0.3508018043
1.2925380923  -1.3061263008  -0.3562090445
1.2871291221  -1.3003060725  -0.3616532681
1.2816831671  -1.2944736315  -0.3671341058
1.2762007550  -1.2886302916  -0.3726511807
1.2706823696  -1.2827772910  -0.3782041173
1.2651283563  -1.2769155583  -0.3837925565
1.2595390412  -1.2710459632  -0.3894161434
1.2539147374  -1.2651693417  -0.3950744947
1.2482557416  -1.2592864888  -0.4007671885
1.2425623468  -1.2533981636  -0.4064937938
1.2368348532  -1.2475050948  -0.4122538871
1.2310735510  -1.2416079643  -0.4180469914
1.2252787042  -1.2357073867  -0.4238725498
1.2194505531  -1.2298038987  -0.4297299002
1.2135892856  -1.2238978957  -0.4356181274
1.2076947462  -1.2179893099  -0.4415348733
1.2017662896  -1.2120775882  -0.4474760103
1.1958051457  -1.2061640846  -0.4534443562
1.1898159028  -1.2002537032  -0.4594509592
1.1838014947  -1.1943504294  -0.4655007948
1.1777601325  -1.1884536506  -0.4715916094
1.1716895773  -1.1825613694  -0.4777213913
1.1655894703  -1.1766727687  -0.4838887276
1.1594600431  -1.1707874346  -0.4900921484
1.1533015598  -1.1649048844  -0.4963301096
1.1471142877  -1.1590245250  -0.5026009984
1.1408984950  -1.1531456567  -0.5089031399
1.1346544497  -1.1472674807  -0.5152348028
1.1283824206  -1.1413891130  -0.5215942061
1.1220830870  -1.1355102030  -0.5279795243
1.1157574255  -1.1296307267  -0.5343888931
1.1094060332  -1.1237499723  -0.5408204145
1.1030292169  -1.1178667294  -0.5472721633
1.0966272473  -1.1119797007  -0.5537421913
1.0902003537  -1.1060875166  -0.5602285299
1.0837487101  -1.1001887363  -0.5667291947
1.0772729854  -1.0942826082  -0.5732421936
1.0707744570  -1.0883691877  -0.5797655331
1.0642535523  -1.0824473824  -0.5862972239
1.0577095670  -1.0765146826  -0.5928352864
1.0511414000  -1.0705682540  -0.5993777562
1.0445492241  -1.0646070030  -0.6059226884
1.0379330811  -1.0586297561  -0.6124681630
1.0312898440  -1.0526317339  -0.6190122907
1.0246162479  -1.0466084466  -0.6255532197
1.0179056244  -1.0405521386  -0.6320891434
1.0111431941  -1.0344468743  -0.6386183213
1.0042432484  -1.0282061615  -0.6451391168
0.9971293857  -1.0217564429  -0.6516499365
0.9902033432  -1.0155008089  -0.6581490363
0.9836936861  -1.0096619643  -0.6646345149
0.9773223679  -1.0039555391  -0.6711045874
0.9709743241  -0.9982626240  -0.6775577120
0.9646451957  -0.9925763391  -0.6839924825
0.9583346598  -0.9868947253  -0.6904075627
0.9520425708  -0.9812163297  -0.6968016979
0.9457688001  -0.9755398433  -0.7031737264
0.9395132414  -0.9698640990  -0.7095225840
0.9332758105  -0.9641880718  -0.7158473092
0.9270564438  -0.9585108788  -0.7221470474
0.9208550950  -0.9528317774  -0.7284210480
0.9146717286  -0.9471501618  -0.7346686564
0.9085063213  -0.9414655603  -0.7408893219
0.9023588673  -0.9357776324  -0.7470826125
0.8962293797  -0.9300861657  -0.7532482209
0.8901178857  -0.9243910711  -0.7593859684
0.8840244237  -0.9186923770  -0.7654958107
0.8779490387  -0.9129902213  -0.7715778330
0.8718917729  -0.9072848431  -0.7776322347
0.8658526665  -0.9015765751  -0.7836593412
0.8598317737  -0.8958658388  -0.7896596425
0.8538291701  -0.8901531401  -0.7956338172
0.8478449365  -0.8844390585  -0.8015827154
0.8418791411  -0.8787242349  -0.8075073484
0.8359318608  -0.8730093681  -0.8134089629
0.8300032069  -0.8672952143  -0.8192890982
0.8240933280  -0.8615825878  -0.8251496538
0.8182024601  -0.8558723965  -0.8309931178
0.8123313682  -0.8501658001  -0.8368240787
0.8064816821  -0.8444642140  -0.8426501887
0.8006527410  -0.8387683055  -0.8484727423
0.7948392683  -0.8330772213  -0.8542828413
0.7890374757  -0.8273900226  -0.8600749594
0.7832489247  -0.8217069494  -0.8658499083
0.7774758733  -0.8160286676  -0.8716084089
0.7717187939  -0.8103555884  -0.8773506067
0.7659775965  -0.8046879770  -0.8830766299
0.7602521733  -0.7990260597  -0.8887866100
0.7545424173  -0.7933700360  -0.8944806816
0.7488482233  -0.7877200790  -0.9001589822
0.7431694870  -0.7820763357  -0.9058216513
0.7375061055  -0.7764389271  -0.9114688300
0.7318579768  -0.7708079491  -0.9171006602
0.7262250004  -0.7651834725  -0.9227172845
0.7206070767  -0.7595655453  -0.9283188451
0.7150041072  -0.7539541936  -0.9339054828
0.7094159946  -0.7483494231  -0.9394773366
0.7038426425  -0.7427512207  -0.9450345420
0.6982839554  -0.7371595561  -0.9505772314
0.6927398395  -0.7315743829  -0.9561055322
0.6872102021  -0.7259956408  -0.9616195672
0.6816949520  -0.7204232578  -0.9671194531
0.6761939991  -0.7148571524  -0.9726052996
0.6707072547  -0.7092972357  -0.9780772079
0.6652346311  -0.7037434130  -0.9835352702
0.6597760425  -0.6981955856  -0.9889795692
0.6543314044  -0.6926536535  -0.9944101758
0.6489006331  -0.6871175181  -0.9998271475
0.6434836456  -0.6815870832  -1.0052305247
0.6380803569  -0.6760622604  -1.0106203187
0.6326906735  -0.6705429723  -1.0159964850
0.6273145022  -0.6650291429  -1.0213589530
0.6219517903  -0.6595206965  -1.0267077490
0.6166025379  -0.6540175842  -1.0320430295
0.6112667378  -0.6485197766  -1.0373649490
0.6059443298  -0.6430272328  -1.0426735852
0.6006352311  -0.6375399116  -1.0479689856
0.5953393728  -0.6320577933  -1.0532512019
0.5900566991  -0.6265808786  -1.0585202861
0.5847871589  -0.6211091830  -1.0637762888
0.5795307027  -0.6156427352  -1.0690192581
0.5742872830  -0.6101815772  -1.0742492405
0.5690568541  -0.6047257637  -1.0794662800
0.5638393721  -0.5992753620  -1.0846704191
0.5586347948  -0.5938304512  -1.0898616978
0.5534430820  -0.5883911217  -1.0950401547
0.5482641949  -0.5829574746  -1.1002058259
0.5430980969  -0.5775296207  -1.1053587460
0.5379447528  -0.5721076787  -1.1104989477
0.5328041292  -0.5666917741  -1.1156264617
0.5276761946  -0.5612820386  -1.1207413173
0.5225609188  -0.5558786085  -1.1258435417
0.5174582736  -0.5504816239  -1.1309331607
0.5123682322  -0.5450912269  -1.1360101983
0.5072907696  -0.5397075603  -1.1410746770
0.5022258624  -0.5343307656  -1.1461266180
0.4971734886  -0.5289609825  -1.1511660408
0.4921336279  -0.5235983463  -1.1561929637
0.4871062614  -0.5182429868  -1.1612074035
0.4820913719  -0.5128950248  -1.1662093761
0.4770889435  -0.5075545661  -1.1711988961
0.4720989620  -0.5022216867  -1.1761759776
0.4671214144  -0.4968964327  -1.1811406341
0.4621562893  -0.4915788736  -1.1860928781
0.4572035762  -0.4862691579  -1.1910327194
0.4522632655  -0.4809674842  -1.1959601651
0.4473353489  -0.4756740364  -1.2008752202
0.4424198199  -0.4703889727  -1.2057778894
0.4375166733  -0.4651124481  -1.2106681767
0.4326259053  -0.4598446225  -1.2155460847
0.4277475134  -0.4545856593  -1.2204116151
0.4228814958  -0.4493357250  -1.2252647682
0.4180278522  -0.4440949889  -1.2301055433
0.4131865832  -0.4388636233  -1.2349339388
0.4083576905  -0.4336418029  -1.2397499518
0.4035411769  -0.4284296428  -1.2445535785
0.3987370459  -0.4232271380  -1.2493448147
0.3939453024  -0.4180344226  -1.2541236547
0.3891659523  -0.4128519760  -1.2588900917
0.3843990023  -0.4076802534  -1.2636441173
0.3796444599  -0.4025194497  -1.2683857229
0.3749023335  -0.3973697058  -1.2731148994
0.3701726325  -0.3922311962  -1.2778316372
0.3654553666  -0.3871040922  -1.2825359258
0.3607505465  -0.3819885617  -1.2872277542
0.3560581836  -0.3768847703  -1.2919071107
0.3513782896  -0.3717928824  -1.2965739831
0.3467108772  -0.3667130619  -1.3012283587
0.3420559594  -0.3616454735  -1.3058702242
0.3374135498  -0.3565902829  -1.3104995658
0.3327836625  -0.3515476584  -1.3151163694
0.3281663119  -0.3465177707  -1.3197206203
0.3235615129  -0.3415007943  -1.3243123035
0.3189692808  -0.3364969072  -1.3288914035
0.3143896312  -0.3315062920  -1.3334579047
0.3098225798  -0.3265291356  -1.3380117910
0.3052681427  -0.3215656291  -1.3425530463
0.3007263362  -0.3166159688  -1.3470816542
0.2961971766  -0.3116803550  -1.3515975980
0.2916806803  -0.3067589929  -1.3561008612
0.2871768640  -0.3018520918  -1.3605914271
0.2826857440  -0.2969598649  -1.3650692790
0.2782073369  -0.2920825288  -1.3695344002
0.2737416591  -0.2872203032  -1.3739867743
0.2692887268  -0.2823734101  -1.3784263849
0.2648485562  -0.2775420733  -1.3828532159
0.2604211630  -0.2727265177  -1.3872672514
0.2560065684  -0.2679277880  -1.3916685189
0.2516047997  -0.2631471995  -1.3960570956
0.2472158645  -0.2583830270  -1.4004329353
0.2428397469  -0.2536329766  -1.4047958786
0.2384764524  -0.2488982324  -1.4091458612
0.2341260094  -0.2441803247  -1.4134828763
0.2297884395  -0.2394795625  -1.4178068976
0.2254637572  -0.2347962404  -1.4221179024
0.2211519764  -0.2301306414  -1.4264158721
0.2168531103  -0.2254830348  -1.4307007922
0.2125671716  -0.2208536752  -1.4349726534
0.2082941718  -0.2162428008  -1.4392314506
0.2040341218  -0.2116506332  -1.4434771841
0.1997870309  -0.2070773762  -1.4477098593
0.1955529078  -0.2025232159  -1.4519294866
0.1913317593  -0.1979883204  -1.4561360816
0.1871235912  -0.1934728399  -1.4603296652
0.1829284078  -0.1889769072  -1.4645102631
0.1787462120  -0.1845006382  -1.4686779060
0.1745770050  -0.1800441322  -1.4728326292
0.1704207868  -0.1756074732  -1.4769744722
0.1662775557  -0.1711907305  -1.4811034786
0.1621473086  -0.1667939596  -1.4852196957
0.1580300408  -0.1624172038  -1.4893231736
0.1539257464  -0.1580604946  -1.4934139654
0.1498344178  -0.1537238535  -1.4974921259
0.1457560462  -0.1494072927  -1.5015577115
0.1416906212  -0.1451108164  -1.5056107790
0.1376381313  -0.1408344223  -1.5096513854
0.1335985632  -0.1365781021  -1.5136795869
0.1295719026  -0.1323418428  -1.5176954377
0.1255581336  -0.1281256301  -1.5216989896
0.1215598459  -0.1239301824  -1.5257494563
0.1175787078  -0.1197558734  -1.5298762053
0.1136079362  -0.1156007289  -1.5339781210
0.1096455377  -0.1114642391  -1.5380813079
0.1056949964  -0.1073474192  -1.5421839652
0.1017562361  -0.1032502585  -1.5462840446
0.0978291930  -0.0991727515  -1.5503792496
0.0939138165  -0.0951148965  -1.5544670362
0.0900100700  -0.0910766953  -1.5585446126
0.0861179316  -0.0870581519  -1.5626089392
0.0822373948  -0.0830592716  -1.5666567286
0.0783684691  -0.0790800596  -1.5706844456
0.0745111808  -0.0751205196  -1.5746883072
0.0706655731  -0.0711806526  -1.5786642826
0.0668317067  -0.0672604553  -1.5826080934
0.0630096605  -0.0633599183  -1.5865152133
0.0591995309  -0.0594790249  -1.5903808681
0.0554014328  -0.0556177498  -1.5942000360
0.0516154990  -0.0517760573  -1.5979674473
0.0478418800  -0.0479539006  -1.6016775846
0.0440807439  -0.0441512206  -1.6053246827
0.0403322758  -0.0403679453  -1.6089027286
0.0365966768  -0.0366039897  -1.6124054615
0.0328741633  -0.0328592554  -1.6158263728
0.0291649656  -0.0291336310  -1.6191587063
0.0254693267  -0.0254269932  -1.6223954577
0.0217875007  -0.0217392081  -1.6255293753
0.0181197505  -0.0180701323  -1.6285529592
0.0144663455  -0.0144196154  -1.6314584621
0.0108275595  -0.0107875022  -1.6342378887
0.0072036673  -0.0071736357  -1.6368829960
0.0035949416  -0.0035778592  -1.6393852931
0.0035914686  -0.0035778213  -1.6393852931
