0.174602
1.1924660571  -1.2176710096   0.0000403554
1.1924660571  -1.2176710096   0.0000403554
1.1924701440  -1.2176712806   0.0000344069
1.1924686638  -1.2176591689   0.0000182873
1.1924586005  -1.2176332740  -0.0000082713
1.1924380343  -1.2175918362  -0.0000455353
1.1924062245  -1.2175342321  -0.0000937704
1.1923627427  -1.2174601300  -0.0001532413
1.1923072782  -1.2173693066  -0.0002242118
1.1922395736  -1.2172615855  -0.0003069445
1.1921593979  -1.2171368117  -0.0004017012
1.1920665347  -1.2169948400  -0.0005087427
1.1919607749  -1.2168355287  -0.0006283287
1.1918419138  -1.2166587363  -0.0007607181
1.1917097491  -1.2164643193  -0.0009061687
1.1915640788  -1.2162521313  -0.0010649374
1.1914047014  -1.2160220218  -0.0012372800
1.1912314145  -1.2157738360  -0.0014234515
1.1910440149  -1.2155074145  -0.0016237059
1.1908422982  -1.2152225931  -0.0018382959
1.1906260585  -1.2149192024  -0.0020674738
1.1903950884  -1.2145970681  -0.0023114904
1.1901491792  -1.2142560111  -0.0025705957
1.1898881200  -1.2138958468  -0.0028450389
1.1896116985  -1.2135163861  -0.0031350679
1.1893197006  -1.2131174348  -0.0034409300
1.1890119103  -1.2126987939  -0.0037628711
1.1886881098  -1.2122602596  -0.0041011365
1.1883480796  -1.2118016235  -0.0044559704
1.1879915982  -1.2113226729  -0.0048276158
1.1876184424  -1.2108231903  -0.0052163150
1.1872283873  -1.2103029544  -0.0056223092
1.1868211990  -1.2097614127  -0.0060464420
1.1863966566  -1.2091986317  -0.0064884058
1.1859545390  -1.2086148026  -0.0069482428
1.1854946072  -1.2080094561  -0.0074261668
1.1850166239  -1.2073822466  -0.0079223982
1.1845203528  -1.2067328960  -0.0084371710
1.1840055559  -1.2060611357  -0.0089707205
1.1834719941  -1.2053667015  -0.0095232848
1.1829194264  -1.2046493293  -0.0100951046
1.1823476105  -1.2039087536  -0.0106864223
1.1817563024  -1.2031447084  -0.0112974827
1.1811452566  -1.2023569265  -0.0119285320
1.1805142263  -1.2015451399  -0.0125798180
1.1798629632  -1.2007090803  -0.0132515904
1.1791912174  -1.1998484789  -0.0139440999
1.1784987379  -1.1989630669  -0.0146575989
1.1777852722  -1.1980525759  -0.0153923411
1.1770505667  -1.1971167377  -0.0161485814
1.1762943664  -1.1961552849  -0.0169265759
1.1755164151  -1.1951679511  -0.0177265820
1.1747164556  -1.1941544714  -0.0185488581
1.1738942294  -1.1931145820  -0.0193936639
1.1730494770  -1.1920480212  -0.0202612597
1.1721819382  -1.1909545291  -0.0211519071
1.1712913513  -1.1898338484  -0.0220658684
1.1703774542  -1.1886857240  -0.0230034069
1.1694399837  -1.1875099038  -0.0239647866
1.1684786759  -1.1863061388  -0.0249502721
1.1674932662  -1.1850741829  -0.0259601289
1.1664834894  -1.1838137939  -0.0269946231
1.1654490796  -1.1825247330  -0.0280540213
1.1643897704  -1.1812066727  -0.0291385906
1.1633052947  -1.1798593480  -0.0302485986
1.1621953847  -1.1784827206  -0.0313843126
1.1610597737  -1.1770766611  -0.0325460003
1.1598981947  -1.1756408897  -0.0337339299
1.1587103798  -1.1741751634  -0.0349483692
1.1574960609  -1.1726792655  -0.0361895864
1.1562549701  -1.1711529882  -0.0374578494
1.1549868396  -1.1695961294  -0.0387534259
1.1536914016  -1.1680084912  -0.0400765835
1.1523683887  -1.1663898801  -0.0414275892
1.1510175338  -1.1647401078  -0.0428067095
1.1496385700  -1.1630589917  -0.0442142106
1.1482312313  -1.1613463538  -0.0456503577
1.1467952520  -1.1596020206  -0.0471154156
1.1453303671  -1.1578258233  -0.0486096480
1.1438363126  -1.1560175974  -0.0501333179
1.1423128251  -1.1541771835  -0.0516866870
1.1407596426  -1.1523044270  -0.0532700162
1.1391765037  -1.1503991783  -0.0548835648
1.1375631487  -1.1484612930  -0.0565275908
1.1359193188  -1.1464906320  -0.0582023509
1.1342447568  -1.1444870613  -0.0599080999
1.1325392071  -1.1424504524  -0.0616450912
1.1308024155  -1.1403806821  -0.0634135760
1.1290341298  -1.1382776327  -0.0652138039
1.1272340996  -1.1361411926  -0.0670460221
1.1254020765  -1.1339712571  -0.0689104760
1.1235378168  -1.1317677385  -0.0708074082
1.1216410803  -1.1295305602  -0.0727370593
1.1197116277  -1.1272596434  -0.0746996670
1.1177492209  -1.1249549091  -0.0766954667
1.1157536248  -1.1226162820  -0.0787246908
1.1137246069  -1.1202436977  -0.0807875690
1.1116619375  -1.1178371063  -0.0828843277
1.1095653899  -1.1153964657  -0.0850151902
1.1074347407  -1.1129217453  -0.0871803766
1.1052697697  -1.1104129462  -0.0893801032
1.1030702602  -1.1078700831  -0.0916145830
1.1008359994  -1.1052930771  -0.0938840268
1.0985667783  -1.1026817030  -0.0961886434
1.0962623907  -1.1000357493  -0.0985286375
1.0939226334  -1.0973551963  -0.1009042079
1.0915473079  -1.0946401851  -0.1033155472
1.0891362203  -1.0918908980  -0.1057628421
1.0866891820  -1.0891075091  -0.1082462743
1.0842060088  -1.0862901809  -0.1107660201
1.0816865215  -1.0834390638  -0.1133222510
1.0791305453  -1.0805542930  -0.1159151332
1.0765379106  -1.0776359883  -0.1185448274
1.0739084523  -1.0746842554  -0.1212114891
1.0712420107  -1.0716991870  -0.1239152682
1.0685384311  -1.0686808638  -0.1266563092
1.0657975641  -1.0656293561  -0.1294347509
1.0630192657  -1.0625447256  -0.1322507268
1.0602033976  -1.0594270290  -0.1351043647
1.0573498273  -1.0562763189  -0.1379957869
1.0544584278  -1.0530926417  -0.1409251100
1.0515290783  -1.0498760381  -0.1438924448
1.0485616641  -1.0466265475  -0.1468978959
1.0455560766  -1.0433442139  -0.1499415618
1.0425122138  -1.0400290925  -0.1530235354
1.0394299812  -1.0366812512  -0.1561439084
1.0363092923  -1.0333007656  -0.1593027751
1.0331500676  -1.0298877184  -0.1625002263
1.0299522336  -1.0264422081  -0.1657363443
1.0267157230  -1.0229643489  -0.1690112028
1.0234404755  -1.0194542607  -0.1723248667
1.0201264365  -1.0159119902  -0.1756773867
1.0167735544  -1.0123373793  -0.1790687883
1.0133818085  -1.0087306835  -0.1824990943
1.0099512454  -1.0050935714  -0.1859683920
1.0064819177  -1.0014279734  -0.1894768268
1.0029738203  -0.9977339943  -0.1930244954
0.9994269012  -0.9940104280  -0.1966113988
0.9958410969  -0.9902564988  -0.2002374924
0.9922163670  -0.9864722164  -0.2039027240
0.9885526954  -0.9826579227  -0.2076070443
0.9848500798  -0.9788140544  -0.2113504050
0.9811085251  -0.9749410945  -0.2151327497
0.9773280411  -0.9710395658  -0.2189540095
0.9735086431  -0.9671100282  -0.2228141047
0.9696503533  -0.9631530755  -0.2267129458
0.9657532009  -0.9591693322  -0.2306504329
0.9618172221  -0.9551594505  -0.2346264562
0.9578424599  -0.9511241060  -0.2386408963
0.9538289663  -0.9470639961  -0.2426936345
0.9497768035  -0.9429798373  -0.2467845622
0.9456860415  -0.9388723597  -0.2509135665
0.9415567512  -0.9347422989  -0.2550805107
0.9373890049  -0.9305903894  -0.2592852325
0.9331828786  -0.9264173613  -0.2635275440
0.9289384568  -0.9222239394  -0.2678072481
0.9246558540  -0.9180108667  -0.2721241608
0.9203354549  -0.9137792490  -0.2764780785
0.9159777454  -0.9095303023  -0.2808687297
0.9115829908  -0.9052648771  -0.2852957961
0.9071513779  -0.9009836588  -0.2897589130
0.9026830803  -0.8966872702  -0.2942575706
0.8981782382  -0.8923762257  -0.2987910355
0.8936367053  -0.8880506641  -0.3033569458
0.8890577935  -0.8837102059  -0.3079503891
0.8844422668  -0.8793557769  -0.3125734352
0.8797938663  -0.8749910673  -0.3172382752
0.8751151696  -0.8706192114  -0.3219522878
0.8704047582  -0.8662399792  -0.3267145448
0.8656604512  -0.8618518821  -0.3315230288
0.8608814827  -0.8574540889  -0.3363761711
0.8560679219  -0.8530463278  -0.3412724992
0.8512203340  -0.8486288390  -0.3462104441
0.8463392621  -0.8442016720  -0.3511883432
0.8414249418  -0.8397642769  -0.3562044474
0.8364775759  -0.8353159416  -0.3612569287
0.8314973667  -0.8308558515  -0.3663438874
0.8264845157  -0.8263830994  -0.3714633596
0.8214392212  -0.8218966923  -0.3766133241
0.8163616743  -0.8173955592  -0.3817917094
0.8112520671  -0.8128785737  -0.3869964006
0.8061111925  -0.8083453720  -0.3922252455
0.8009401220  -0.8037958960  -0.3974760614
0.7957392035  -0.7992290588  -0.4027466414
0.7905082906  -0.7946431175  -0.4080347618
0.7852470603  -0.7900361451  -0.4133381885
0.7799549713  -0.7854060136  -0.4186546828
0.7746324156  -0.7807518193  -0.4239820073
0.7692803387  -0.7760733368  -0.4293179262
0.7638978696  -0.7713681749  -0.4346602059
0.7584824196  -0.7666321186  -0.4400066245
0.7530325987  -0.7618626523  -0.4453549825
0.7475451405  -0.7570554205  -0.4507031086
0.7420118418  -0.7522010209  -0.4560488672
0.7364207503  -0.7472866596  -0.4613901789
0.7306728327  -0.7422130035  -0.4667250608
0.7246527253  -0.7368673208  -0.4720515845
0.7187764472  -0.7316661508  -0.4773676981
0.7133545221  -0.7269133236  -0.4826711979
0.7081428582  -0.7223580149  -0.4879599664
0.7029868506  -0.7178428429  -0.4932321139
0.6978521625  -0.7133321472  -0.4984859072
0.6927376055  -0.7088235590  -0.5037197010
0.6876429645  -0.7043157899  -0.5089319292
0.6825681401  -0.6998077921  -0.5141211123
0.6775130541  -0.6952986587  -0.5192858709
0.6724776538  -0.6907876258  -0.5244249364
0.6674619099  -0.6862740707  -0.5295371546
0.6624658138  -0.6817575099  -0.5346214916
0.6574893759  -0.6772375957  -0.5396770397
0.6525326244  -0.6727141125  -0.5447030227
0.6475956037  -0.6681869719  -0.5496988020
0.6426783688  -0.6636562059  -0.5546638703
0.6377809789  -0.6591219584  -0.5595978423
0.6329034993  -0.6545844796  -0.5645004707
0.6280460112  -0.6500441228  -0.5693716706
0.6232086111  -0.6455013379  -0.5742115313
0.6183914061  -0.6409566631  -0.5790203272
0.6135945045  -0.6364107134  -0.5837985095
0.6088180038  -0.6318641670  -0.5885466880
0.6040619975  -0.6273177597  -0.5932656665
0.5993265984  -0.6227722851  -0.5979565107
0.5946119356  -0.6182285863  -0.6026205510
0.5899181395  -0.6136875450  -0.6072594069
0.5852453720  -0.6091500863  -0.6118751307
0.5805938675  -0.6046172086  -0.6164703670
0.5759643544  -0.6000901808  -0.6210501069
0.5713585614  -0.5955706784  -0.6256234157
0.5667763376  -0.5910595600  -0.6301933537
0.5622129041  -0.5865557143  -0.6347510106
0.5576640727  -0.5820579037  -0.6392891697
0.5531306132  -0.5775665351  -0.6438075017
0.5486146965  -0.5730826507  -0.6483067076
0.5441171213  -0.5686069305  -0.6527870682
0.5396379419  -0.5641397982  -0.6572486954
0.5351770726  -0.5596816002  -0.6616917019
0.5307344239  -0.5552326516  -0.6661162045
0.5263099070  -0.5507932382  -0.6705223244
0.5219034333  -0.5463636171  -0.6749101860
0.5175149146  -0.5419440169  -0.6792799169
0.5131442630  -0.5375346387  -0.6836316464
0.5087913908  -0.5331356570  -0.6879655056
0.5044562107  -0.5287472205  -0.6922816260
0.5001386357  -0.5243694543  -0.6965801388
0.4958385789  -0.5200024608  -0.7008611746
0.4915559542  -0.5156463221  -0.7051248623
0.4872906755  -0.5113011004  -0.7093713287
0.4830426576  -0.5069668398  -0.7136006966
0.4788118152  -0.5026435672  -0.7178130848
0.4745980637  -0.4983312955  -0.7220086060
0.4704013191  -0.4940300259  -0.7261873674
0.4662214982  -0.4897397502  -0.7303494693
0.4620585183  -0.4854604515  -0.7344950041
0.4579122975  -0.4811921048  -0.7386240551
0.4537827544  -0.4769346797  -0.7427366950
0.4496698078  -0.4726881412  -0.7468329846
0.4455733773  -0.4684524481  -0.7509129695
0.4414933802  -0.4642275297  -0.7549766691
0.4374297269  -0.4600132380  -0.7590240475
0.4333823252  -0.4558094660  -0.7630550338
0.4293511102  -0.4516164520  -0.7670696385
0.4253360583  -0.4474346849  -0.7710680053
0.4213371471  -0.4432644087  -0.7750502983
0.4173543162  -0.4391055380  -0.7790166163
0.4133874831  -0.4349579661  -0.7829670220
0.4094365707  -0.4308216918  -0.7869015764
0.4055015119  -0.4266967674  -0.7908203429
0.4015822434  -0.4225832606  -0.7947233845
0.3976787029  -0.4184812466  -0.7986107635
0.3937908293  -0.4143908072  -0.8024825411
0.3899185619  -0.4103120301  -0.8063387775
0.3860618407  -0.4062450090  -0.8101795324
0.3822206067  -0.4021898426  -0.8140048644
0.3783948011  -0.3981466344  -0.8178148312
0.3745843662  -0.3941154917  -0.8216094901
0.3707892445  -0.3900965251  -0.8253888973
0.3670093794  -0.3860898477  -0.8291531084
0.3632447147  -0.3820955748  -0.8329021786
0.3594951948  -0.3781138219  -0.8366361622
0.3557607648  -0.3741447047  -0.8403551131
0.3520413699  -0.3701883377  -0.8440590846
0.3483369562  -0.3662448333  -0.8477481296
0.3446474701  -0.3623143012  -0.8514223005
0.3409728584  -0.3583968476  -0.8550816496
0.3373130683  -0.3544925736  -0.8587262285
0.3336680475  -0.3506015748  -0.8623560887
0.3300377440  -0.3467239398  -0.8659712817
0.3264221062  -0.3428597492  -0.8695718586
0.3228210828  -0.3390090719  -0.8731578706
0.3192346228  -0.3351719560  -0.8767293691
0.3156626756  -0.3313484269  -0.8802864059
0.3121051909  -0.3275385154  -0.8838290329
0.3085621183  -0.3237422922  -0.8873573012
0.3050334077  -0.3199598583  -0.8908712600
0.3015190090  -0.3161913083  -0.8943709579
0.2980188725  -0.3124367197  -0.8978564440
0.2945329490  -0.3086961623  -0.9013277671
0.2910611894  -0.3049697046  -0.9047849764
0.2876035447  -0.3012574135  -0.9082281208
0.2841599661  -0.2975593547  -0.9116572489
0.2807304049  -0.2938755919  -0.9150724093
0.2773148125  -0.2902061874  -0.9184736505
0.2739131405  -0.2865512014  -0.9218610209
0.2705253403  -0.2829106926  -0.9252345688
0.2671513638  -0.2792846998  -0.9285943425
0.2637911625  -0.2756732250  -0.9319403903
0.2604446884  -0.2720763085  -0.9352727602
0.2571118933  -0.2684940864  -0.9385915004
0.2537927294  -0.2649266841  -0.9418966588
0.2504871485  -0.2613741495  -0.9451882832
0.2471951027  -0.2578365134  -0.9484664218
0.2439165438  -0.2543138131  -0.9517311227
0.2406514239  -0.2508060827  -0.9549824340
0.2373996948  -0.2473133529  -0.9582204038
0.2341613084  -0.2438356516  -0.9614450804
0.2309362166  -0.2403730039  -0.9646565119
0.2277243712  -0.2369254327  -0.9678547468
0.2245257240  -0.2334929588  -0.9710398332
0.2213402267  -0.2300756011  -0.9742118197
0.2181678309  -0.2266733770  -0.9773707546
0.2150084881  -0.2232863026  -0.9805166866
0.2118621500  -0.2199143925  -0.9836496641
0.2087287679  -0.2165576606  -0.9867697360
0.2056082931  -0.2132161195  -0.9898769509
0.2025006769  -0.2098897809  -0.9929713576
0.1994058704  -0.2065786557  -0.9960530051
0.1963238247  -0.2032827539  -0.9991219424
0.1932544908  -0.2000020846  -1.0021782187
0.1901978194  -0.1967366562  -1.0052218831
0.1871537613  -0.1934864761  -1.0082529849
0.1841222670  -0.1902515508  -1.0112715737
0.1811032872  -0.1870318857  -1.0142776988
0.1780967721  -0.1838274852  -1.0172714101
0.1751026719  -0.1806383522  -1.0202527572
0.1721209369  -0.1774644885  -1.0232217900
0.1691515170  -0.1743058943  -1.0261785586
0.1661943635  -0.1711627861  -1.0291231300
0.1632494290  -0.1680354469  -1.0320555906
0.1603166613  -0.1649233491  -1.0349759786
0.1573960022  -0.1618258235  -1.0378842878
0.1544873992  -0.1587431253  -1.0407805490
0.1515908052  -0.1556755934  -1.0436648156
0.1487061714  -0.1526232395  -1.0465371331
0.1458334470  -0.1495860701  -1.0493975482
0.1429725816  -0.1465640871  -1.0522461092
0.1401235242  -0.1435572876  -1.0550828658
0.1372862239  -0.1405656635  -1.0579078695
0.1344606295  -0.1375892018  -1.0607211732
0.1316466899  -0.1346278841  -1.0635228319
0.1288443536  -0.1316816869  -1.0663129022
0.1260535688  -0.1287505814  -1.0690914425
0.1232742836  -0.1258345338  -1.0718585130
0.1205064461  -0.1229335055  -1.0746141757
0.1177500039  -0.1200474532  -1.0773584942
0.1150049044  -0.1171763289  -1.0800915337
0.1122710950  -0.1143200807  -1.0828133611
0.1095485226  -0.1114786527  -1.0855240445
0.1068371342  -0.1086519853  -1.0882236534
0.1041368765  -0.1058400159  -1.0909122581
0.1014476960  -0.1030426785  -1.0935899301
0.0987695390  -0.1002599049  -1.0962567413
0.0961023518  -0.0974916244  -1.0989127641
0.0934460806  -0.0947377642  -1.1015580710
0.0908006712  -0.0919982500  -1.1041927343
0.0881660697  -0.0892730060  -1.1068168260
0.0855422216  -0.0865619554  -1.1094304170
0.0829290729  -0.0838650205  -1.1120335774
0.0803265690  -0.0811821233  -1.1146263753
0.0777356754  -0.0785133582  -1.1172463736
0.0751569998  -0.0758587359  -1.1199122120
0.0725878431  -0.0732177211  -1.1225598771
0.0700273775  -0.0705901241  -1.1252059502
0.0674769188  -0.0679761099  -1.1278493346
0.0649363912  -0.0653756038  -1.1304887767
0.0624057244  -0.0627885324  -1.1331228663
0.0598848534  -0.0602148234  -1.1357500365
0.0573737195  -0.0576544054  -1.1383685636
0.0548722703  -0.0551072077  -1.1409765676
0.0523804601  -0.0525731601  -1.1435720113
0.0498982501  -0.0500521928  -1.1461527012
0.0474256088  -0.0475442359  -1.1487162870
0.0449625121  -0.0450492191  -1.1512602617
0.0425089436  -0.0425670717  -1.1537819617
0.0400648948  -0.0400977221  -1.1562785667
0.0376303650  -0.0376410975  -1.1587470995
0.0352053615  -0.0351971238  -1.1611844266
0.0327898996  -0.0327657255  -1.1635872575
0.0303840024  -0.0303468251  -1.1659521452
0.0279877009  -0.0279403434  -1.1682754859
0.0256010336  -0.0255461991  -1.1705535194
0.0232240460  -0.0231643091  -1.1727823284
0.0208567908  -0.0207945882  -1.1749578391
0.0184993267  -0.0184369495  -1.1770758213
0.0161517185  -0.0160913046  -1.1791318876
0.0138140356  -0.0137575637  -1.1811214944
0.0114863520  -0.0114356360  -1.1830399411
0.0091687445  -0.0091254302  -1.1848823706
0.0068612922  -0.0068268550  -1.1866437689
0.0045640750  -0.0045398194  -1.1883189657
0.0022771723  -0.0022642334  -1.1899026337
0.0022757795  -0.0022642166  -1.1899026337
