0.0760478
2.1870829683  -2.4039423477   0.0001022051
2.1870829683  -2.4039423477   0.0001022051
2.1870897317  -2.4039271248   0.0000822612
2.1870809770  -2.4038612651   0.0000337746
2.1870492919  -2.4037432513  -0.0000441085
2.1869881058  -2.4035628192  -0.0001522277
2.1868950512  -2.4033169080  -0.0002914080
2.1867688072  -2.4030041636  -0.0004624598
2.1866084459  -2.4026238549  -0.0006661790
2.1864132190  -2.4021755208  -0.0009033470
2.1861824712  -2.4016588277  -0.0011747306
2.1859155993  -2.4010735020  -0.0014810820
2.1856120321  -2.4004192965  -0.0018231390
2.1852712188  -2.3996959719  -0.0022016249
2.1848926224  -2.3989032863  -0.0026172483
2.1844757160  -2.3980409891  -0.0030707032
2.1840199800  -2.3971088179  -0.0035626695
2.1835249009  -2.3961064967  -0.0040938120
2.1829899704  -2.3950337354  -0.0046647813
2.1824146846  -2.3938902293  -0.0052762134
2.1817985441  -2.3926756603  -0.0059287298
2.1811410534  -2.3913896967  -0.0066229373
2.1804417214  -2.3900319952  -0.0073594284
2.1797000610  -2.3886022013  -0.0081387808
2.1789155897  -2.3870999512  -0.0089615580
2.1780878294  -2.3855248728  -0.0098283085
2.1772163071  -2.3838765872  -0.0107395668
2.1763005545  -2.3821547105  -0.0116958523
2.1753401091  -2.3803588552  -0.0126976704
2.1743345137  -2.3784886320  -0.0137455116
2.1732833172  -2.3765436511  -0.0148398521
2.1721860749  -2.3745235244  -0.0159811532
2.1710423435  -2.3724264707  -0.0171714836
2.1698517049  -2.3702534167  -0.0184098554
2.1686137410  -2.3680056995  -0.0196962030
2.1673280198  -2.3656819069  -0.0210308243
2.1659941266  -2.3632813236  -0.0224140528
2.1646116615  -2.3608034722  -0.0238462695
2.1631802336  -2.3582479365  -0.0253278445
2.1616994606  -2.3556143525  -0.0268591422
2.1601689696  -2.3529023871  -0.0284405201
2.1585883976  -2.3501117344  -0.0300723277
2.1569573914  -2.3472421148  -0.0317549056
2.1552756026  -2.3442932727  -0.0334885849
2.1535426869  -2.3412649765  -0.0352736865
2.1517583142  -2.3381570259  -0.0371105206
2.1499221704  -2.3349692542  -0.0389993868
2.1480339532  -2.3317015267  -0.0409405731
2.1460933716  -2.3283537413  -0.0429343563
2.1441001469  -2.3249258298  -0.0449810012
2.1420540124  -2.3214177585  -0.0470807606
2.1399547136  -2.3178295293  -0.0492338753
2.1378020087  -2.3141611807  -0.0514405732
2.1355956686  -2.3104127878  -0.0537010701
2.1333354770  -2.3065844637  -0.0560155685
2.1310212308  -2.3026763594  -0.0583842584
2.1286527399  -2.2986886646  -0.0608073165
2.1262298276  -2.2946216076  -0.0632849063
2.1237523305  -2.2904754568  -0.0658171781
2.1212200989  -2.2862505202  -0.0684042690
2.1186329965  -2.2819471450  -0.0710463041
2.1159909009  -2.2775657158  -0.0737433967
2.1132937034  -2.2731066554  -0.0764956466
2.1105413083  -2.2685700790  -0.0793031389
2.1077336315  -2.2639563667  -0.0821659439
2.1048706045  -2.2592667427  -0.0850841176
2.1019521774  -2.2545020844  -0.0880577014
2.0989783112  -2.2496627714  -0.0910867229
2.0959489776  -2.2447493559  -0.0941711956
2.0928641623  -2.2397624871  -0.0973111186
2.0897238646  -2.2347028611  -0.1005064771
2.0865280972  -2.2295712125  -0.1037572425
2.0832768862  -2.2243683075  -0.1070633724
2.0799702705  -2.2190949413  -0.1104248109
2.0766083021  -2.2137519375  -0.1138414888
2.0731910458  -2.2083401482  -0.1173133241
2.0697185792  -2.2028604537  -0.1208402226
2.0661909922  -2.1973137596  -0.1244220773
2.0626083872  -2.1917009958  -0.1280587693
2.0589708786  -2.1860231152  -0.1317501681
2.0552785929  -2.1802810932  -0.1354961313
2.0515316684  -2.1744759278  -0.1392965056
2.0477302548  -2.1686086380  -0.1431511268
2.0438745131  -2.1626802630  -0.1470598199
2.0399646158  -2.1566918615  -0.1510223999
2.0360007459  -2.1506445104  -0.1550386718
2.0319830973  -2.1445393045  -0.1591084310
2.0279118742  -2.1383773547  -0.1632314636
2.0237872912  -2.1321597878  -0.1674075471
2.0196095728  -2.1258877457  -0.1716364515
2.0153789542  -2.1195623857  -0.1759179437
2.0110956922  -2.1131849030  -0.1802517868
2.0067601193  -2.1067566455  -0.1846377363
2.0023725743  -2.1002789766  -0.1890755379
1.9979333355  -2.0937531159  -0.1935649291
1.9934426742  -2.0871802380  -0.1981056397
1.9889008663  -2.0805615429  -0.2026973912
1.9843081927  -2.0738982763  -0.2073398975
1.9796649393  -2.0671916866  -0.2120328651
1.9749713961  -2.0604430067  -0.2167759929
1.9702278579  -2.0536534674  -0.2215689726
1.9654346235  -2.0468243183  -0.2264114891
1.9605919961  -2.0399568351  -0.2313032204
1.9557002831  -2.0330522132  -0.2362438379
1.9507597953  -2.0261114417  -0.2412330075
1.9457708465  -2.0191354445  -0.2462703898
1.9407337540  -2.0121253478  -0.2513556389
1.9356488406  -2.0050824905  -0.2564884026
1.9305164340  -1.9980082564  -0.2616683227
1.9253368664  -1.9909039912  -0.2668950358
1.9201104740  -1.9837710019  -0.2721681740
1.9148375967  -1.9766105593  -0.2774873654
1.9095185787  -1.9694238965  -0.2828522353
1.9041537683  -1.9622122089  -0.2882624060
1.8987435170  -1.9549766545  -0.2937174958
1.8932881802  -1.9477183553  -0.2992171189
1.8877881168  -1.9404383964  -0.3047608855
1.8822436899  -1.9331378278  -0.3103484021
1.8766552665  -1.9258176658  -0.3159792712
1.8710232180  -1.9184788945  -0.3216530918
1.8653479202  -1.9111224686  -0.3273694590
1.8596298379  -1.9037494596  -0.3331279639
1.8538696067  -1.8963611923  -0.3389281931
1.8480678066  -1.8889588585  -0.3447697272
1.8422248755  -1.8815433712  -0.3506521405
1.8363412461  -1.8741156030  -0.3565750018
1.8304173521  -1.8666764033  -0.3625378757
1.8244536286  -1.8592266038  -0.3685403228
1.8184505120  -1.8517670199  -0.3745819019
1.8124084404  -1.8442984524  -0.3806621696
1.8063278510  -1.8368216912  -0.3867806746
1.8002091799  -1.8293375211  -0.3929369554
1.7940528625  -1.8218467293  -0.3991305405
1.7878593327  -1.8143501927  -0.4053609377
1.7816290233  -1.8068487876  -0.4116276382
1.7753623807  -1.7993428228  -0.4179301842
1.7690598749  -1.7918321847  -0.4242681973
1.7627219708  -1.7843175817  -0.4306412739
1.7563490987  -1.7768006852  -0.4370489123
1.7499416728  -1.7692830107  -0.4434905612
1.7435001223  -1.7617655371  -0.4499656748
1.7370248968  -1.7542490485  -0.4564737271
1.7305164568  -1.7467343179  -0.4630142066
1.7239753013  -1.7392222679  -0.4695866035
1.7174019687  -1.7317139353  -0.4761904062
1.7107969804  -1.7242102179  -0.4828251050
1.7041608365  -1.7167119001  -0.4894901922
1.6974940387  -1.7092197581  -0.4961851634
1.6907970899  -1.7017345622  -0.5029095179
1.6840704956  -1.6942570770  -0.5096627632
1.6773147668  -1.6867880647  -0.5164444260
1.6705304184  -1.6793282834  -0.5232540495
1.6637179620  -1.6718784808  -0.5300911773
1.6568779011  -1.6644393874  -0.5369553452
1.6500107342  -1.6570117150  -0.5438460818
1.6431169605  -1.6495961595  -0.5507629181
1.6361970867  -1.6421934047  -0.5577054047
1.6292516234  -1.6348041199  -0.5646731015
1.6222810700  -1.6274289440  -0.5716655421
1.6152859506  -1.6200685687  -0.5786822306
1.6082669153  -1.6127239664  -0.5857226704
1.6012245216  -1.6053959338  -0.5927863404
1.5941591068  -1.5980848003  -0.5998726460
1.5870709407  -1.5907907480  -0.6069808679
1.5799602171  -1.5835137483  -0.6141100290
1.5728264140  -1.5762529794  -0.6212566364
1.5656695089  -1.5690082314  -0.6284195238
1.5584928387  -1.5617828160  -0.6356061432
1.5512998533  -1.5545805740  -0.6428227173
1.5440895307  -1.5474011695  -0.6500684909
1.5368592905  -1.5402421582  -0.6573415384
1.5296082072  -1.5331020471  -0.6646406347
1.5223365436  -1.5259804256  -0.6719646012
1.5150451532  -1.5188775969  -0.6793122128
1.5077347203  -1.5117934774  -0.6866822007
1.5004055225  -1.5047272800  -0.6940732562
1.4930578208  -1.4976781031  -0.7014840360
1.4856918712  -1.4906449606  -0.7089131670
1.4783079224  -1.4836267912  -0.7163592512
1.4709062127  -1.4766224649  -0.7238208697
1.4634869655  -1.4696307889  -0.7312965863
1.4560506603  -1.4626509269  -0.7387849521
1.4485982144  -1.4556826322  -0.7462845079
1.4411302862  -1.4487251844  -0.7537937889
1.4336470694  -1.4417771369  -0.7613113279
1.4261486860  -1.4348369511  -0.7688356595
1.4186351796  -1.4279030177  -0.7763653232
1.4111069040  -1.4209742111  -0.7838988662
1.4035648767  -1.4140503378  -0.7914348463
1.3960093330  -1.4071301876  -0.7989718353
1.3884391339  -1.4002108619  -0.8065084218
1.3808532639  -1.3932898412  -0.8140432117
1.3732515771  -1.3863658349  -0.8215748304
1.3656317577  -1.3794351295  -0.8291019315
1.3579898429  -1.3724924601  -0.8366232051
1.3503182133  -1.3655291002  -0.8441373838
1.3426014364  -1.3585280141  -0.8516432776
1.3346879122  -1.3513375133  -0.8591397795
1.3267816389  -1.3441652206  -0.8666257117
1.3192048618  -1.3373335421  -0.8740997222
1.3118073983  -1.3306868308  -0.8815604844
1.3044417195  -1.3240720892  -0.8890068857
1.2970918462  -1.3174692777  -0.8964379690
1.2897573880  -1.3108757604  -0.9038528420
1.2824381348  -1.3042898843  -0.9112506610
1.2751338764  -1.2977101705  -0.9186306394
1.2678444198  -1.2911352610  -0.9259920626
1.2605695945  -1.2845639213  -0.9333342954
1.2533092491  -1.2779950422  -0.9406567834
1.2460632480  -1.2714276406  -0.9479590557
1.2388314711  -1.2648608585  -0.9552407284
1.2316138119  -1.2582939615  -0.9625015079
1.2244101754  -1.2517263362  -0.9697411890
1.2172204716  -1.2451574859  -0.9769596453
1.2100446141  -1.2385870262  -0.9841568306
1.2028825267  -1.2320146805  -0.9913327942
1.1957341476  -1.2254402776  -0.9984876893
1.1885994252  -1.2188637469  -1.0056217755
1.1814783124  -1.2122851116  -1.0127354172
1.1743707576  -1.2057044804  -1.0198290677
1.1672767051  -1.1991220404  -1.0269032786
1.1601961122  -1.1925380525  -1.0339587404
1.1531289577  -1.1859528474  -1.0409963005
1.1460752222  -1.1793668171  -1.0480169444
1.1390348877  -1.1727804094  -1.0550218318
1.1320079663  -1.1661941298  -1.0620123711
1.1249945279  -1.1596085513  -1.0689903174
1.1179947529  -1.1530243948  -1.0759579910
1.1110098162  -1.1464427109  -1.0829210463
1.1040405375  -1.1398643857  -1.0898837785
1.0970834729  -1.1332890688  -1.0968410873
1.0901339980  -1.1267156342  -1.1037868935
1.0831920505  -1.1201436056  -1.1107209090
1.0762597334  -1.1135731835  -1.1176440216
1.0693377978  -1.1070045727  -1.1245565023
1.0624261509  -1.1004378385  -1.1314585397
1.0555246196  -1.0938729902  -1.1383503250
1.0486330323  -1.0873100108  -1.1452320516
1.0417512187  -1.0807488631  -1.1521039155
1.0348790098  -1.0741894902  -1.1589661139
1.0280162379  -1.0676318149  -1.1658188453
1.0211627365  -1.0610757401  -1.1726623087
1.0143183401  -1.0545211488  -1.1794967030
1.0074828842  -1.0479679051  -1.1863222264
1.0006562057  -1.0414158536  -1.1931390760
0.9938381424  -1.0348648201  -1.1999474474
0.9870285337  -1.0283146132  -1.2067475340
0.9802272197  -1.0217650281  -1.2135395260
0.9734340418  -1.0152158478  -1.2203236102
0.9666488425  -1.0086668442  -1.2270999685
0.9598714655  -1.0021177776  -1.2338687780
0.9531017561  -0.9955683976  -1.2406302104
0.9463395606  -0.9890184471  -1.2473844312
0.9395847270  -0.9824676682  -1.2541315983
0.9328371039  -0.9759158023  -1.2608718614
0.9260965418  -0.9693625905  -1.2676053608
0.9193628919  -0.9628077784  -1.2743322268
0.9126360065  -0.9562511248  -1.2810525764
0.9059157382  -0.9496924125  -1.2877665102
0.8992019332  -0.9431315565  -1.2944740903
0.8924944290  -0.9365685604  -1.3011753303
0.8857930850  -0.9300029579  -1.3078702832
0.8790978203  -0.9234337081  -1.3145591253
0.8724085755  -0.9168600724  -1.3212420758
0.8657252444  -0.9102819573  -1.3279192938
0.8590476821  -0.9036993685  -1.3345908961
0.8523757492  -0.8971121384  -1.3412569970
0.8457093229  -0.8905200390  -1.3479177128
0.8390482872  -0.8839228525  -1.3545731580
0.8323925287  -0.8773203756  -1.3612234447
0.8257419362  -0.8707124203  -1.3678686824
0.8190964005  -0.8640988131  -1.3745089786
0.8124558148  -0.8574793943  -1.3811444380
0.8058200746  -0.8508540180  -1.3877751629
0.7991890774  -0.8442225508  -1.3944012535
0.7925627231  -0.8375848738  -1.4010228070
0.7859409140  -0.8309408810  -1.4076399184
0.7793235546  -0.8242904773  -1.4142526802
0.7727105519  -0.8176335750  -1.4208611822
0.7661018153  -0.8109700937  -1.4274655119
0.7594972564  -0.8042999596  -1.4340657541
0.7528967896  -0.7976231042  -1.4406619912
0.7463003315  -0.7909394632  -1.4472543030
0.7397078015  -0.7842489749  -1.4538427668
0.7331191213  -0.7775515782  -1.4604274573
0.7265342154  -0.7708472104  -1.4670084468
0.7199530108  -0.7641358057  -1.4735858048
0.7133754373  -0.7574172925  -1.4801595985
0.7068014273  -0.7506915908  -1.4867298924
0.7002309160  -0.7439586070  -1.4932967488
0.6936638415  -0.7372182173  -1.4998602274
0.6871001448  -0.7304702458  -1.5064203860
0.6805397698  -0.7237145104  -1.5129772805
0.6739826631  -0.7169509264  -1.5195309629
0.6674287733  -0.7101795168  -1.5260814805
0.6608780516  -0.7034003129  -1.5326288766
0.6543304530  -0.6966133046  -1.5391731918
0.6477859357  -0.6898184687  -1.5457144643
0.6412444616  -0.6830157915  -1.5522527291
0.6347059954  -0.6762052695  -1.5587880182
0.6281705049  -0.6693869071  -1.5653203599
0.6216379612  -0.6625607175  -1.5718497794
0.6151083390  -0.6557267220  -1.5783762985
0.6085816159  -0.6488849511  -1.5848999354
0.6020577733  -0.6420352362  -1.5914207053
0.5955367963  -0.6351770036  -1.5979386207
0.5890186733  -0.6283101338  -1.6044536903
0.5825033960  -0.6214356744  -1.6109659164
0.5759909588  -0.6145546172  -1.6174752956
0.5694813607  -0.6076670812  -1.6239818225
0.5629746056  -0.6007730000  -1.6304854900
0.5564707010  -0.5938724283  -1.6369862870
0.5499696582  -0.5869654167  -1.6434841987
0.5434714921  -0.5800520081  -1.6499792064
0.5369762214  -0.5731322415  -1.6564712877
0.5304838691  -0.5662061557  -1.6629604159
0.5239944620  -0.5592737931  -1.6694465606
0.5175080312  -0.5523352039  -1.6759296869
0.5110246118  -0.5453904493  -1.6824097556
0.5045442430  -0.5384396053  -1.6888867234
0.4980669685  -0.5314827664  -1.6953605422
0.4915928360  -0.5245200484  -1.7018311595
0.4851218978  -0.5175515916  -1.7082985178
0.4786542103  -0.5105775635  -1.7147625553
0.4721898346  -0.5035981609  -1.7212232052
0.4657288359  -0.4966136116  -1.7276803957
0.4592712843  -0.4896241764  -1.7341340505
0.4528172542  -0.4826301501  -1.7405840882
0.4463668246  -0.4756318634  -1.7470304228
0.4399200789  -0.4686296824  -1.7534729632
0.4334771055  -0.4616240099  -1.7599116137
0.4270379969  -0.4546152843  -1.7663462739
0.4206028505  -0.4476039797  -1.7727768384
0.4141717684  -0.4405906048  -1.7792031975
0.4077448570  -0.4335757019  -1.7856252369
0.4013222273  -0.4265598449  -1.7920428378
0.3949040166  -0.4195467050  -1.7984559944
0.3884903955  -0.4125410876  -1.8048648316
0.3820814625  -0.4055364590  -1.8112691317
0.3756772204  -0.3985239365  -1.8176683610
0.3692777598  -0.3915076494  -1.8240622416
0.3628832797  -0.3844932061  -1.8304506475
0.3564939595  -0.3774817041  -1.8368333936
0.3501099537  -0.3704742307  -1.8432102996
0.3437314214  -0.3634718695  -1.8495811910
0.3373585261  -0.3564756908  -1.8559458999
0.3309914348  -0.3494867445  -1.8623042659
0.3246303180  -0.3425060533  -1.8686561365
0.3182753485  -0.3355346069  -1.8750013674
0.3119267012  -0.3285733575  -1.8813398233
0.3055845529  -0.3216232159  -1.8876713778
0.2992490810  -0.3146850490  -1.8939959135
0.2929204641  -0.3077596775  -1.9003133218
0.2865988808  -0.3008478753  -1.9066235031
0.2802845104  -0.2939503693  -1.9129263657
0.2739775315  -0.2870678400  -1.9192218261
0.2676781231  -0.2802009230  -1.9255098076
0.2613864636  -0.2733502108  -1.9317902401
0.2551027309  -0.2665162557  -1.9380630587
0.2488271029  -0.2596995731  -1.9443282031
0.2425597568  -0.2529006447  -1.9505856159
0.2363008695  -0.2461199227  -1.9568352416
0.2300506172  -0.2393578340  -1.9630770253
0.2238091756  -0.2326147848  -1.9693109105
0.2175767199  -0.2258911649  -1.9755368382
0.2113534242  -0.2191873524  -1.9817547448
0.2051394616  -0.2125037183  -1.9879645602
0.1989350036  -0.2058406423  -1.9941662056
0.1927473537  -0.1992019735  -2.0004548731
0.1865812842  -0.1925900623  -2.0068777213
0.1804184481  -0.1859960693  -2.0132716357
0.1742536208  -0.1794179745  -2.0196784837
0.1680965626  -0.1728610692  -2.0260951668
0.1619472914  -0.1663258108  -2.0325181835
0.1558058615  -0.1598127026  -2.0389436288
0.1496723639  -0.1533222871  -2.0453671945
0.1435469277  -0.1468551417  -2.0517841690
0.1374297213  -0.1404118746  -2.0581894374
0.1313209543  -0.1339931183  -2.0645774817
0.1252208777  -0.1275995225  -2.0709423803
0.1191297849  -0.1212317459  -2.0772778085
0.1130480123  -0.1148904472  -2.0835770382
0.1069759398  -0.1085762753  -2.0898329381
0.1009139900  -0.1022898586  -2.0960379735
0.0948626289  -0.0960317944  -2.1021842064
0.0888223645  -0.0898026384  -2.1082632955
0.0827937464  -0.0836028941  -2.1142664964
0.0767773643  -0.0774330029  -2.1201846611
0.0707738465  -0.0712933359  -2.1260082384
0.0647838577  -0.0651841862  -2.1317272738
0.0588080970  -0.0591057640  -2.1373314096
0.0528472949  -0.0530581925  -2.1428098848
0.0469022099  -0.0470415083  -2.1481515348
0.0409736251  -0.0410556626  -2.1533447920
0.0350623439  -0.0351005269  -2.1583776855
0.0291691852  -0.0291759011  -2.1632378409
0.0232949787  -0.0232815246  -2.1679124806
0.0174405583  -0.0174170912  -2.1723884238
0.0116067568  -0.0115822646  -2.1766520862
0.0057943981  -0.0057766977  -2.1806894804
0.0057853703  -0.0057766044  -2.1806894804
