0.0903169
1.9839360072  -2.1700137403   0.0000854108
1.9839360072  -2.1700137403   0.0000854108
1.9839423317  -2.1700045944   0.0000695486
1.9839359018  -2.1699559222   0.0000302985
1.9839104759  -2.1698657771  -0.0000330222
1.9838608698  -2.1697265566  -0.0001210872
1.9837851906  -2.1695359088  -0.0002345604
1.9836823745  -2.1692927483  -0.0003740969
1.9835516693  -2.1689964535  -0.0005403422
1.9833924648  -2.1686466051  -0.0007339324
1.9832042230  -2.1682428791  -0.0009554944
1.9829864468  -2.1677849971  -0.0012056460
1.9827386623  -2.1672727001  -0.0014849952
1.9824604109  -2.1667057350  -0.0017941411
1.9821512430  -2.1660838466  -0.0021336733
1.9818107154  -2.1654067724  -0.0025041722
1.9814383892  -2.1646742406  -0.0029062087
1.9810338282  -2.1638859680  -0.0033403445
1.9805965988  -2.1630416596  -0.0038071321
1.9801262686  -2.1621410083  -0.0043071143
1.9796224068  -2.1611836949  -0.0048408251
1.9790845840  -2.1601693887  -0.0054087888
1.9785123717  -2.1590977475  -0.0060115205
1.9779053426  -2.1579684190  -0.0066495260
1.9772630708  -2.1567810409  -0.0073233018
1.9765851316  -2.1555352424  -0.0080333350
1.9758711017  -2.1542306445  -0.0087801036
1.9751205597  -2.1528668612  -0.0095640759
1.9743330857  -2.1514435007  -0.0103857112
1.9735082620  -2.1499601663  -0.0112454594
1.9726456729  -2.1484164572  -0.0121437611
1.9717449051  -2.1468119704  -0.0130810475
1.9708055392  -2.1451452071  -0.0140590867
1.9698271810  -2.1434167615  -0.0150771077
1.9688094373  -2.1416275768  -0.0161351078
1.9677518921  -2.1397764511  -0.0172334027
1.9666541417  -2.1378626946  -0.0183723348
1.9655157914  -2.1358858094  -0.0195522845
1.9643364512  -2.1338453414  -0.0207736265
1.9631157354  -2.1317408716  -0.0220367337
1.9618532629  -2.1295719997  -0.0233419763
1.9605486577  -2.1273383417  -0.0246897206
1.9592015490  -2.1250395290  -0.0260803289
1.9578115713  -2.1226752099  -0.0275141581
1.9563783649  -2.1202450494  -0.0289915599
1.9549015759  -2.1177487312  -0.0305128803
1.9533808566  -2.1151859579  -0.0320784590
1.9518158657  -2.1125564523  -0.0336886298
1.9502062683  -2.1098599581  -0.0353437208
1.9485517366  -2.1070962411  -0.0370440535
1.9468519496  -2.1042650905  -0.0387899422
1.9451065937  -2.1013663196  -0.0405816929
1.9433153626  -2.0983997672  -0.0424196042
1.9414779578  -2.0953652979  -0.0443039661
1.9395940885  -2.0922628026  -0.0462350605
1.9376634720  -2.0890921985  -0.0482131605
1.9356858339  -2.0858534289  -0.0502385305
1.9336609083  -2.0825464649  -0.0523114259
1.9315884378  -2.0791713057  -0.0544320929
1.9294681738  -2.0757279793  -0.0566007686
1.9272998767  -2.0722165430  -0.0588176804
1.9250833160  -2.0686370837  -0.0610830463
1.9228182706  -2.0649897180  -0.0633970747
1.9205045284  -2.0612743135  -0.0657599642
1.9181418855  -2.0574909450  -0.0681719037
1.9157301489  -2.0536403691  -0.0706330716
1.9132691389  -2.0497230729  -0.0731436366
1.9107586845  -2.0457391393  -0.0757037575
1.9081986222  -2.0416887866  -0.0783135833
1.9055887989  -2.0375723149  -0.0809732531
1.9029290721  -2.0333900643  -0.0836828955
1.9002193093  -2.0291424084  -0.0864426295
1.8974593885  -2.0248297489  -0.0892525640
1.8946491980  -2.0204525134  -0.0921127976
1.8917886365  -2.0160111561  -0.0950234192
1.8888776132  -2.0115061584  -0.0979845077
1.8859160474  -2.0069380287  -0.1009961321
1.8829038693  -2.0023073003  -0.1040583518
1.8798410194  -1.9976145308  -0.1071712162
1.8767274717  -1.9928603488  -0.1103347654
1.8735632309  -1.9880454493  -0.1135490299
1.8703482900  -1.9831705079  -0.1168140305
1.8670826323  -1.9782361816  -0.1201297788
1.8637662494  -1.9732431459  -0.1234962775
1.8603991420  -1.9681920951  -0.1269135237
1.8569813201  -1.9630837416  -0.1303815090
1.8535128022  -1.9579188159  -0.1339002165
1.8499936146  -1.9526980655  -0.1374696187
1.8464237917  -1.9474222545  -0.1410896785
1.8428033764  -1.9420921624  -0.1447603485
1.8391324195  -1.9367085843  -0.1484815721
1.8354109802  -1.9312723293  -0.1522532824
1.8316391259  -1.9257842195  -0.1560754032
1.8278169319  -1.9202450894  -0.1599478483
1.8239444815  -1.9146557738  -0.1638705220
1.8200218662  -1.9090171022  -0.1678433192
1.8160491850  -1.9033299328  -0.1718661251
1.8120265450  -1.8975951656  -0.1759388157
1.8079540613  -1.8918137111  -0.1800612572
1.8038318567  -1.8859864785  -0.1842333068
1.7996600618  -1.8801143862  -0.1884548122
1.7954388148  -1.8741983832  -0.1927256123
1.7911682619  -1.8682394517  -0.1970455369
1.7868485572  -1.8622384890  -0.2014144070
1.7824798616  -1.8561961895  -0.2058320358
1.7780623430  -1.8501132142  -0.2102982284
1.7735961762  -1.8439904568  -0.2148127814
1.7690815455  -1.8378290280  -0.2193754818
1.7645186440  -1.8316300821  -0.2239861089
1.7599076735  -1.8253947436  -0.2286444359
1.7552488438  -1.8191241089  -0.2333502286
1.7505423718  -1.8128192482  -0.2381032441
1.7457884818  -1.8064812043  -0.2429032308
1.7409874060  -1.8001109922  -0.2477499292
1.7361393842  -1.7937095988  -0.2526430718
1.7312447005  -1.7872780451  -0.2575823836
1.7263037901  -1.7808175663  -0.2625675816
1.7213170895  -1.7743293558  -0.2675983750
1.7162849172  -1.7678143623  -0.2726744655
1.7112075819  -1.7612734774  -0.2777955475
1.7060853970  -1.7547075640  -0.2829613074
1.7009186805  -1.7481174595  -0.2881714242
1.6957077552  -1.7415039787  -0.2934255693
1.6904529482  -1.7348679167  -0.2987234068
1.6851545917  -1.7282100516  -0.3040645935
1.6798130223  -1.7215311472  -0.3094487801
1.6744285819  -1.7148319555  -0.3148756130
1.6690016174  -1.7081132191  -0.3203447331
1.6635324788  -1.7013756743  -0.3258557715
1.6580215188  -1.6946200534  -0.3314083473
1.6524690938  -1.6878470881  -0.3370020691
1.6468755645  -1.6810575130  -0.3426365346
1.6412412956  -1.6742520702  -0.3483113302
1.6355666540  -1.6674315462  -0.3540260180
1.6298520091  -1.6605967263  -0.3597801442
1.6240977507  -1.6537481400  -0.3655733150
1.6183042981  -1.6468861657  -0.3714052172
1.6124720644  -1.6400116343  -0.3772754989
1.6066014262  -1.6331258347  -0.3831837009
1.6006927539  -1.6262299537  -0.3891293250
1.5947464884  -1.6193250928  -0.3951118917
1.5887631172  -1.6124123263  -0.4011309331
1.5827431063  -1.6054925738  -0.4071859781
1.5766869123  -1.5985667095  -0.4132765524
1.5705949961  -1.5916356113  -0.4194021805
1.5644678234  -1.5847001612  -0.4255623868
1.5583058649  -1.5777612451  -0.4317566955
1.5521095948  -1.5708197507  -0.4379846277
1.5458794907  -1.5638765667  -0.4442457034
1.5396160376  -1.5569325841  -0.4505394544
1.5333197290  -1.5499886972  -0.4568654275
1.5269910604  -1.5430457971  -0.4632231686
1.5206305242  -1.5361047653  -0.4696122167
1.5142386125  -1.5291664718  -0.4760321063
1.5078158197  -1.5222317751  -0.4824823685
1.5013626469  -1.5153015242  -0.4889625464
1.4948796048  -1.5083765592  -0.4954722024
1.4883672461  -1.5014577996  -0.5020108857
1.4818262283  -1.4945464260  -0.5085781068
1.4752571097  -1.4876434353  -0.5151733612
1.4686602706  -1.4807494122  -0.5217961475
1.4620360573  -1.4738648457  -0.5284459121
1.4553847796  -1.4669901413  -0.5351220135
1.4487067033  -1.4601255979  -0.5418236649
1.4420019973  -1.4532712761  -0.5485497121
1.4352700541  -1.4464264045  -0.5552961425
1.4285110109  -1.4395910669  -0.5620622706
1.4217286875  -1.4327691331  -0.5688570870
1.4149265383  -1.4259645644  -0.5756869812
1.4081030983  -1.4191767434  -0.5825506416
1.4012556868  -1.4124032214  -0.5894460552
1.3943839608  -1.4056433566  -0.5963719034
1.3874887387  -1.3988975486  -0.6033268850
1.3805705459  -1.3921656078  -0.6103096412
1.3736296728  -1.3854468851  -0.6173187611
1.3666664046  -1.3787406192  -0.6243527873
1.3596810237  -1.3720459534  -0.6314102207
1.3526738082  -1.3653619442  -0.6384895262
1.3456450289  -1.3586875675  -0.6455891374
1.3385949458  -1.3520217247  -0.6527074611
1.3315239942  -1.3453635350  -0.6598428821
1.3244331275  -1.3387128222  -0.6669937671
1.3173231581  -1.3320690978  -0.6741584692
1.3101943714  -1.3254310293  -0.6813353320
1.3030469669  -1.3187971533  -0.6885226943
1.2958810780  -1.3121659337  -0.6957188940
1.2886968361  -1.3055358757  -0.7029222713
1.2814952368  -1.2989066969  -0.7101311725
1.2742771776  -1.2922779936  -0.7173439522
1.2670421222  -1.2856475099  -0.7245589748
1.2597887438  -1.2790121588  -0.7317746188
1.2525167671  -1.2723703664  -0.7389892846
1.2452257939  -1.2657205342  -0.7462014005
1.2379124194  -1.2590577035  -0.7534094276
1.2305723331  -1.2523763706  -0.7606118658
1.2231962440  -1.2456661696  -0.7678072626
1.2157625333  -1.2389040047  -0.7749942523
1.2081006833  -1.2319200518  -0.7821715538
1.2004804905  -1.2249874878  -0.7893377941
1.1932422168  -1.2184450818  -0.7964914158
1.1861775439  -1.2120782951  -0.8036309151
1.1791431932  -1.2057386427  -0.8107550267
1.1721259210  -1.1994092480  -0.8178626347
1.1651253496  -1.1930876825  -0.8249526738
1.1581412848  -1.1867723319  -0.8320241357
1.1511735451  -1.1804617437  -0.8390760905
1.1442219723  -1.1741545962  -0.8461076923
1.1372864290  -1.1678496997  -0.8531181815
1.1303667963  -1.1615459974  -0.8601068885
1.1234629731  -1.1552425654  -0.8670732374
1.1165748745  -1.1489386114  -0.8740167500
1.1097024300  -1.1426334729  -0.8809370456
1.1028455775  -1.1363266135  -0.8878338320
1.0960042593  -1.1300176183  -0.8947069035
1.0891784292  -1.1237061902  -0.9015561567
1.0823680567  -1.1173921461  -0.9083816009
1.0755731240  -1.1110754133  -0.9151833605
1.0687936212  -1.1047560223  -0.9219616789
1.0620295388  -1.0984340995  -0.9287169054
1.0552808598  -1.0921098582  -0.9354494863
1.0485475723  -1.0857835924  -0.9421599993
1.0418296869  -1.0794556735  -0.9488491908
1.0351272266  -1.0731265431  -0.9555179662
1.0284402076  -1.0667967044  -0.9621673804
1.0217686569  -1.0604667182  -0.9687987085
1.0151126428  -1.0541372051  -0.9754135157
1.0084722944  -1.0478088558  -0.9820137687
1.0018478889  -1.0414825195  -0.9886021696
0.9952408183  -1.0351593886  -0.9951852418
0.9886518112  -1.0288403998  -1.0017672024
0.9820767672  -1.0225251196  -1.0083415177
0.9755108764  -1.0162124409  -1.0149017517
0.9689545686  -1.0099020805  -1.0214479950
0.9624101667  -1.0035943980  -1.0279811023
0.9558783765  -0.9972896789  -1.0345013026
0.9493591171  -0.9909880638  -1.0410087587
0.9428522435  -0.9846896434  -1.0475036356
0.9363576120  -0.9783944836  -1.0539861011
0.9298750804  -0.9721026283  -1.0604563255
0.9234045081  -0.9658140986  -1.0669144804
0.9169457555  -0.9595288932  -1.0733607386
0.9104986848  -0.9532469885  -1.0797952737
0.9040631590  -0.9469683397  -1.0862182588
0.8976390426  -0.9406928803  -1.0926298665
0.8912262014  -0.9344205231  -1.0990302683
0.8848245026  -0.9281511614  -1.1054196338
0.8784338146  -0.9218846718  -1.1117981300
0.8720540072  -0.9156209162  -1.1181659204
0.8656849512  -0.9093597426  -1.1245231643
0.8593265190  -0.9031009864  -1.1308700160
0.8529785843  -0.8968444703  -1.1372066242
0.8466410226  -0.8905900071  -1.1435331319
0.8403137110  -0.8843374044  -1.1498496746
0.8339965277  -0.8780864676  -1.1561563795
0.8276893524  -0.8718369990  -1.1624533647
0.8213920664  -0.8655888003  -1.1687407382
0.8151045525  -0.8593416778  -1.1750185962
0.8088266943  -0.8530954480  -1.1812870203
0.8025583756  -0.8468499471  -1.1875460731
0.7962994736  -0.8406051045  -1.1937957731
0.7900498572  -0.8343608938  -1.2000360889
0.7838094224  -0.8281169566  -1.2062670425
0.7775781279  -0.8218725970  -1.2124887917
0.7713559482  -0.8156273756  -1.2187015292
0.7651428062  -0.8093812542  -1.2249053774
0.7589385878  -0.8031342224  -1.2311004171
0.7527431884  -0.7968861658  -1.2372867291
0.7465565196  -0.7906369489  -1.2434643957
0.7403785000  -0.7843864501  -1.2496334969
0.7342090504  -0.7781345633  -1.2557941102
0.7280480940  -0.7718811976  -1.2619463105
0.7218955564  -0.7656262771  -1.2680901704
0.7157513655  -0.7593697406  -1.2742257596
0.7096154517  -0.7531115407  -1.2803531455
0.7034877474  -0.7468516438  -1.2864723927
0.6973681879  -0.7405900296  -1.2925835634
0.6912567105  -0.7343266911  -1.2986867171
0.6851532550  -0.7280616320  -1.3047819107
0.6790577638  -0.7217948649  -1.3108691988
0.6729701815  -0.7155264104  -1.3169486332
0.6668904554  -0.7092562962  -1.3230202632
0.6608185350  -0.7029845556  -1.3290841356
0.6547543725  -0.6967112269  -1.3351402947
0.6486979226  -0.6904363513  -1.3411887825
0.6426491423  -0.6841599707  -1.3472296381
0.6366079913  -0.6778821264  -1.3532628986
0.6305744319  -0.6716028574  -1.3592885984
0.6245484288  -0.6653221977  -1.3653067697
0.6185299493  -0.6590401738  -1.3713174423
0.6125189633  -0.6527567999  -1.3773206438
0.6065154435  -0.6464720615  -1.3833163997
0.6005193649  -0.6401858985  -1.3893047338
0.5945307057  -0.6338982525  -1.3952856683
0.5885494459  -0.6276091607  -1.4012592215
0.5825755676  -0.6213187532  -1.4072254076
0.5766090553  -0.6150271605  -1.4131842370
0.5706498966  -0.6087344763  -1.4191357180
0.5646980822  -0.6024407867  -1.4250798569
0.5587536057  -0.5961461868  -1.4310166576
0.5528164632  -0.5898507808  -1.4369461210
0.5468866532  -0.5835546802  -1.4428682455
0.5409641772  -0.5772580043  -1.4487830266
0.5350490393  -0.5709608803  -1.4546904571
0.5291412461  -0.5646634428  -1.4605905273
0.5232408073  -0.5583656975  -1.4664832247
0.5173477350  -0.5520673855  -1.4723685348
0.5114620442  -0.5457685524  -1.4782464403
0.5055837527  -0.5394700122  -1.4841169191
0.4997128807  -0.5331725382  -1.4899799458
0.4938494512  -0.5268763320  -1.4958354930
0.4879934906  -0.5205814759  -1.5016835317
0.4821450280  -0.5142881325  -1.5075240305
0.4763040949  -0.5079964624  -1.5133569552
0.4704707256  -0.5017066226  -1.5191822690
0.4646449571  -0.4954187693  -1.5249999324
0.4588268289  -0.4891330599  -1.5308099034
0.4530163834  -0.4828496557  -1.5366121374
0.4472136656  -0.4765687244  -1.5424065871
0.4414187229  -0.4702904419  -1.5481932024
0.4356316058  -0.4640149947  -1.5539719308
0.4298523669  -0.4577425821  -1.5597427169
0.4240810617  -0.4514734175  -1.5655055027
0.4183177482  -0.4452077303  -1.5712602275
0.4125624869  -0.4389457676  -1.5770068279
0.4068153408  -0.4326877945  -1.5827452380
0.4010763754  -0.4264340954  -1.5884753892
0.3953456586  -0.4201849746  -1.5941972104
0.3896232608  -0.4139407566  -1.5999106281
0.3839092546  -0.4077017867  -1.6056155662
0.3782037150  -0.4014684309  -1.6113119465
0.3725067193  -0.3952410752  -1.6169996883
0.3668183468  -0.3890201255  -1.6226787089
0.3611386792  -0.3828060066  -1.6283489233
0.3554677999  -0.3765991615  -1.6340102447
0.3498057947  -0.3704000498  -1.6396625843
0.3441527511  -0.3642091467  -1.6453058515
0.3385087718  -0.3580288793  -1.6509400357
0.3328739784  -0.3518623632  -1.6565652178
0.3272484466  -0.3457055383  -1.6621812430
0.3216321948  -0.3395529183  -1.6677877391
0.3160252948  -0.3334072451  -1.6733845126
0.3104278812  -0.3272721505  -1.6789714768
0.3048400745  -0.3211484010  -1.6845485058
0.2992619795  -0.3150367464  -1.6901154784
0.2936937025  -0.3089379249  -1.6956722793
0.2881353506  -0.3028526572  -1.7012187993
0.2825870321  -0.2967816429  -1.7067549361
0.2770488553  -0.2907255562  -1.7122805945
0.2715209287  -0.2846850427  -1.7177956873
0.2660033604  -0.2786607174  -1.7233001346
0.2604962581  -0.2726531624  -1.7287938648
0.2549997283  -0.2666629259  -1.7342768144
0.2495138765  -0.2606905214  -1.7397489278
0.2440388070  -0.2547364277  -1.7452101572
0.2385746222  -0.2488010891  -1.7506604625
0.2331214233  -0.2428849165  -1.7560998108
0.2276793095  -0.2369882881  -1.7615281760
0.2222483782  -0.2311115517  -1.7669455382
0.2168287250  -0.2252550259  -1.7723518830
0.2114204438  -0.2194190029  -1.7777472007
0.2060236263  -0.2136037504  -1.7831314857
0.2006383626  -0.2078095144  -1.7885047350
0.1952647407  -0.2020365219  -1.7938669477
0.1899028467  -0.1962849835  -1.7992181234
0.1845527648  -0.1905550960  -1.8045582612
0.1792145768  -0.1848470455  -1.8098873582
0.1738883628  -0.1791610099  -1.8152054083
0.1685742002  -0.1734971676  -1.8205124004
0.1632771058  -0.1678576889  -1.8258885000
0.1580003426  -0.1622438496  -1.8313734405
0.1527311560  -0.1566505174  -1.8368300430
0.1474658814  -0.1510765032  -1.8422936015
0.1422112336  -0.1455247930  -1.8477615778
0.1369671779  -0.1399955909  -1.8532310961
0.1317337027  -0.1344891212  -1.8586989437
0.1265108216  -0.1290056246  -1.8641615700
0.1212985735  -0.1235453564  -1.8696150876
0.1160970246  -0.1181085834  -1.8750552715
0.1109062689  -0.1126955807  -1.8804775593
0.1057264295  -0.1073066279  -1.8858770514
0.1005576589  -0.1019420048  -1.8912485110
0.0954001401  -0.0966019865  -1.8965863636
0.0902540869  -0.0912868386  -1.9018846978
0.0851197440  -0.0859968121  -1.9071372645
0.0799973872  -0.0807321380  -1.9123374776
0.0748873234  -0.0754930222  -1.9174784133
0.0697898902  -0.0702796406  -1.9225528108
0.0647054551  -0.0650921348  -1.9275530718
0.0596344147  -0.0599306082  -1.9324712607
0.0545771938  -0.0547951229  -1.9372991047
0.0495342436  -0.0496856977  -1.9420279933
0.0445060399  -0.0446023068  -1.9466489792
0.0394930811  -0.0395448807  -1.9511527773
0.0344958856  -0.0345133076  -1.9555297655
0.0295149887  -0.0295074365  -1.9597699840
0.0245509393  -0.0245270820  -1.9638631362
0.0196042959  -0.0195720306  -1.9677985877
0.0146756224  -0.0146420477  -1.9715653669
0.0097654834  -0.0097368865  -1.9751521650
0.0048744380  -0.0048562969  -1.9785473358
0.0048680504  -0.0048562316  -1.9785473358
