0.208154
0.9657792340  -0.9604751487   0.0000311346
0.9657792340  -0.9604751487   0.0000311346
0.9657826679  -0.9604760909   0.0000268736
0.9657818960  -0.9604686849   0.0000149471
0.9657745580  -0.9604517651  -0.0000048420
0.9657592905  -0.9604242707  -0.0000326903
0.9657355573  -0.9603858091  -0.0000687943
0.9657030450  -0.9603361631  -0.0001133500
0.9656615246  -0.9602751806  -0.0001665531
0.9656108048  -0.9602027373  -0.0002285990
0.9655507131  -0.9601187216  -0.0002996828
0.9654810871  -0.9600230273  -0.0003799991
0.9654017697  -0.9599155499  -0.0004697423
0.9653126067  -0.9597961847  -0.0005691063
0.9652134451  -0.9596648252  -0.0006782850
0.9651041321  -0.9595213628  -0.0007974716
0.9649845150  -0.9593656859  -0.0009268591
0.9648544401  -0.9591976800  -0.0010666401
0.9647137530  -0.9590172270  -0.0012170071
0.9645622979  -0.9588242056  -0.0013781519
0.9643999180  -0.9586184909  -0.0015502662
0.9642264551  -0.9583999545  -0.0017335413
0.9640417492  -0.9581684643  -0.0019281682
0.9638456392  -0.9579238847  -0.0021343374
0.9636379622  -0.9576660764  -0.0023522394
0.9634185537  -0.9573948966  -0.0025820639
0.9631872476  -0.9571101990  -0.0028240006
0.9629438762  -0.9568118338  -0.0030782389
0.9626882701  -0.9564996475  -0.0033449675
0.9624202581  -0.9561734836  -0.0036243751
0.9621396675  -0.9558331818  -0.0039166499
0.9618463236  -0.9554785787  -0.0042219798
0.9615400452  -0.9551092935  -0.0045410117
0.9612206600  -0.9547253515  -0.0048735126
0.9608879952  -0.9543268626  -0.0052195164
0.9605418647  -0.9539134991  -0.0055791948
0.9601820829  -0.9534850091  -0.0059527231
0.9598084642  -0.9530411877  -0.0063402853
0.9594208219  -0.9525818360  -0.0067420669
0.9590189674  -0.9521067567  -0.0071582563
0.9586027106  -0.9516157516  -0.0075890438
0.9581718597  -0.9511086208  -0.0080346220
0.9577262214  -0.9505851630  -0.0084951854
0.9572656004  -0.9500451752  -0.0089709302
0.9567898001  -0.9494884526  -0.0094620546
0.9562986221  -0.9489147895  -0.0099687582
0.9557918664  -0.9483239784  -0.0104912427
0.9552693315  -0.9477158111  -0.0110297111
0.9547308141  -0.9470900782  -0.0115843682
0.9541761094  -0.9464465695  -0.0121554204
0.9536050111  -0.9457850742  -0.0127430756
0.9530173112  -0.9451053807  -0.0133475434
0.9524128004  -0.9444072770  -0.0139690348
0.9517912676  -0.9436905510  -0.0146077623
0.9511525003  -0.9429549902  -0.0152639401
0.9504962845  -0.9422003827  -0.0159377836
0.9498224049  -0.9414265164  -0.0166295098
0.9491306445  -0.9406331799  -0.0173393370
0.9484207850  -0.9398201622  -0.0180674851
0.9476926069  -0.9389872531  -0.0188141752
0.9469458890  -0.9381342432  -0.0195796297
0.9461804090  -0.9372609240  -0.0203640723
0.9453959432  -0.9363670881  -0.0211677281
0.9445922667  -0.9354524671  -0.0219908234
0.9437691530  -0.9345168329  -0.0228335858
0.9429263743  -0.9335601099  -0.0236962438
0.9420637027  -0.9325821596  -0.0245790269
0.9411809089  -0.9315827388  -0.0254821659
0.9402777621  -0.9305616273  -0.0264058929
0.9393540305  -0.9295186215  -0.0273504407
0.9384094811  -0.9284535219  -0.0283160433
0.9374438802  -0.9273661310  -0.0293029355
0.9364569931  -0.9262562527  -0.0303113530
0.9354485841  -0.9251236929  -0.0313415324
0.9344184167  -0.9239682596  -0.0323937111
0.9333662537  -0.9227897628  -0.0334681271
0.9322918570  -0.9215880138  -0.0345650193
0.9311949878  -0.9203628254  -0.0356846271
0.9300754069  -0.9191140118  -0.0368271907
0.9289328742  -0.9178413886  -0.0379929511
0.9277671494  -0.9165447725  -0.0391821498
0.9265779915  -0.9152239821  -0.0403950289
0.9253651592  -0.9138788375  -0.0416318305
0.9241284107  -0.9125091608  -0.0428927970
0.9228675040  -0.9111147762  -0.0441781706
0.9215821970  -0.9096955098  -0.0454881936
0.9202722473  -0.9082511889  -0.0468231084
0.9189374124  -0.9067816427  -0.0481831570
0.9175774499  -0.9052867027  -0.0495685811
0.9161921173  -0.9037662024  -0.0509796224
0.9147811723  -0.9022199778  -0.0524165218
0.9133443730  -0.9006478675  -0.0538795201
0.9118814775  -0.8990497130  -0.0553688573
0.9103922446  -0.8974253592  -0.0568847731
0.9088764332  -0.8957746529  -0.0584275061
0.9073338030  -0.8940974416  -0.0599972947
0.9057641144  -0.8923935802  -0.0615943761
0.9041671284  -0.8906629341  -0.0632189867
0.9025426067  -0.8889053783  -0.0648713621
0.9008903122  -0.8871208101  -0.0665517366
0.8992100087  -0.8853091458  -0.0682603435
0.8975014613  -0.8834702394  -0.0699974150
0.8957644369  -0.8816038159  -0.0717631830
0.8939987030  -0.8797095760  -0.0735578791
0.8922040277  -0.8777873538  -0.0753817331
0.8903801806  -0.8758371289  -0.0772349721
0.8885269337  -0.8738589382  -0.0791178209
0.8866440611  -0.8718528205  -0.0810305025
0.8847313391  -0.8698188030  -0.0829732384
0.8827885460  -0.8677569017  -0.0849462484
0.8808154667  -0.8656671305  -0.0869497510
0.8788118982  -0.8635495133  -0.0889839626
0.8767776356  -0.8614040537  -0.0910490982
0.8747124656  -0.8592307211  -0.0931453710
0.8726161763  -0.8570294729  -0.0952729939
0.8704885580  -0.8548002563  -0.0974321819
0.8683294033  -0.8525430056  -0.0996231509
0.8661385063  -0.8502576430  -0.1018461135
0.8639156629  -0.8479440814  -0.1041012791
0.8616606711  -0.8456022268  -0.1063888536
0.8593733312  -0.8432319817  -0.1087090397
0.8570534458  -0.8408332487  -0.1110620362
0.8547008202  -0.8384059341  -0.1134480382
0.8523152626  -0.8359499449  -0.1158672367
0.8498965838  -0.8334651844  -0.1183198184
0.8474445973  -0.8309515568  -0.1208059647
0.8449591200  -0.8284089767  -0.1233258523
0.8424399720  -0.8258373695  -0.1258796527
0.8398869767  -0.8232366621  -0.1284675313
0.8372999610  -0.8206067835  -0.1310896474
0.8346787545  -0.8179475966  -0.1337461503
0.8320231863  -0.8152586891  -0.1364371690
0.8293330885  -0.8125398661  -0.1391628229
0.8266083180  -0.8097923968  -0.1419232803
0.8238487646  -0.8070182982  -0.1447187741
0.8210543123  -0.8042179141  -0.1475495208
0.8182248053  -0.8013898080  -0.1504156607
0.8153600674  -0.7985326109  -0.1533172821
0.8124599364  -0.7956458059  -0.1562544561
0.8095242728  -0.7927294052  -0.1592272465
0.8065529517  -0.7897836000  -0.1622357088
0.8035458574  -0.7868086403  -0.1652798887
0.8005028819  -0.7838048227  -0.1683598217
0.7974239254  -0.7807724867  -0.1714755336
0.7943088959  -0.7777120121  -0.1746270410
0.7911577110  -0.7746238171  -0.1778143585
0.7879703987  -0.7715084983  -0.1810375061
0.7847470909  -0.7683668167  -0.1842964989
0.7814878487  -0.7651994412  -0.1875913350
0.7781926639  -0.7620069502  -0.1909219951
0.7748615337  -0.7587899359  -0.1942884424
0.7714944634  -0.7555490026  -0.1976906227
0.7680914669  -0.7522847632  -0.2011284692
0.7646525701  -0.7489978381  -0.2046019234
0.7611778109  -0.7456888510  -0.2081109323
0.7576672311  -0.7423584204  -0.2116554098
0.7541208710  -0.7390071504  -0.2152352190
0.7505387770  -0.7356356291  -0.2188501983
0.7469210082  -0.7322444278  -0.2225001738
0.7432676254  -0.7288340892  -0.2261848891
0.7395786771  -0.7254051113  -0.2299039571
0.7358542054  -0.7219579260  -0.2336568604
0.7320940681  -0.7184927136  -0.2374417545
0.7282975659  -0.7150091565  -0.2412535425
0.7244648547  -0.7115076151  -0.2450924378
0.7205988291  -0.7079908329  -0.2489695570
0.7167023530  -0.7044620490  -0.2528939067
0.7127750677  -0.7009220483  -0.2568665926
0.7088152034  -0.6973699632  -0.2608860795
0.7048217713  -0.6938050203  -0.2649507218
0.7007945461  -0.6902267728  -0.2690591772
0.6967335769  -0.6866348485  -0.2732100182
0.6926389407  -0.6830287867  -0.2774017187
0.6885107219  -0.6794080233  -0.2816326593
0.6843490094  -0.6757718949  -0.2859011340
0.6801538961  -0.6721196453  -0.2902053573
0.6759254875  -0.6684504449  -0.2945434719
0.6716643261  -0.6647639685  -0.2989135536
0.6673711694  -0.6610600859  -0.3033136144
0.6630463106  -0.6573379539  -0.3077416100
0.6586897512  -0.6535962855  -0.3121954490
0.6543014266  -0.6498336764  -0.3166730003
0.6498811941  -0.6460486088  -0.3211720986
0.6454288076  -0.6422394390  -0.3256905511
0.6409443063  -0.6384048931  -0.3302261432
0.6364286929  -0.6345448585  -0.3347766446
0.6318823896  -0.6306584788  -0.3393398151
0.6273043370  -0.6267431554  -0.3439134113
0.6226929197  -0.6227957872  -0.3484951932
0.6180475435  -0.6188146357  -0.3530829295
0.6133672348  -0.6147976709  -0.3576744038
0.6086472012  -0.6107387814  -0.3622674216
0.6038811930  -0.6066307256  -0.3668598177
0.5990612352  -0.6024647591  -0.3714494713
0.5941056363  -0.5981589086  -0.3760343455
0.5888504471  -0.5935512175  -0.3806124723
0.5836461040  -0.5889928633  -0.3851818040
0.5788585030  -0.5848441808  -0.3897401438
0.5743345629  -0.5809453761  -0.3942853204
0.5699133782  -0.5771327310  -0.3988153428
0.5655179676  -0.5733283826  -0.4033283769
0.5611430880  -0.5695263653  -0.4078226863
0.5567879699  -0.5657250630  -0.4122966181
0.5524524610  -0.5619235390  -0.4167486118
0.5481364911  -0.5581210488  -0.4211772075
0.5438400111  -0.5543169809  -0.4255810523
0.5395629924  -0.5505108562  -0.4299589068
0.5353054255  -0.5467023250  -0.4343096508
0.5310673164  -0.5428911619  -0.4386322804
0.5268486820  -0.5390772600  -0.4429259037
0.5226495512  -0.5352606272  -0.4471897525
0.5184699694  -0.5314413830  -0.4514232003
0.5143099988  -0.5276197534  -0.4556257703
0.5101697133  -0.5237960637  -0.4597971427
0.5060491967  -0.5199707300  -0.4639371640
0.5019485386  -0.5161442513  -0.4680458498
0.4978678257  -0.5123171969  -0.4721233679
0.4938071378  -0.5084901969  -0.4761700422
0.4897665604  -0.5046639403  -0.4801863979
0.4857461953  -0.5008391725  -0.4841731966
0.4817461480  -0.4970166824  -0.4881314283
0.4777665143  -0.4931972887  -0.4920623112
0.4738073990  -0.4893818412  -0.4959673864
0.4698689414  -0.4855712273  -0.4998486146
0.4659513127  -0.4817663778  -0.5037084370
0.4620550265  -0.4779684451  -0.5075512511
0.4581816316  -0.4741791010  -0.5113861957
0.4543315912  -0.4703994330  -0.5152184452
0.4505012372  -0.4666284276  -0.5190410065
0.4466863909  -0.4628645729  -0.5228459566
0.4428868135  -0.4591079936  -0.5266314062
0.4391042106  -0.4553597433  -0.5303977174
0.4353395942  -0.4516206555  -0.5341453661
0.4315931787  -0.4478912283  -0.5378744821
0.4278648921  -0.4441718123  -0.5415851814
0.4241546429  -0.4404627202  -0.5452775818
0.4204623376  -0.4367642353  -0.5489518052
0.4167878825  -0.4330766124  -0.5526079772
0.4131311841  -0.4294000789  -0.5562462267
0.4094921486  -0.4257348354  -0.5598666850
0.4058706825  -0.4220810571  -0.5634694856
0.4022666923  -0.4184388952  -0.5670547632
0.3986800844  -0.4148084772  -0.5706226532
0.3951107653  -0.4111899080  -0.5741732906
0.3915586414  -0.4075832715  -0.5777068093
0.3880236194  -0.4039886317  -0.5812233410
0.3845056057  -0.4004060352  -0.5847230148
0.3810045074  -0.3968355133  -0.5882059559
0.3775202317  -0.3932770841  -0.5916722857
0.3740526864  -0.3897307542  -0.5951221205
0.3706017795  -0.3861965180  -0.5985555709
0.3671674193  -0.3826743597  -0.6019727402
0.3637495147  -0.3791642564  -0.6053737240
0.3603479748  -0.3756661798  -0.6087586094
0.3569627093  -0.3721800939  -0.6121274729
0.3535936280  -0.3687059558  -0.6154803787
0.3502406398  -0.3652436950  -0.6188173706
0.3469036486  -0.3617931448  -0.6221384453
0.3435825540  -0.3583541358  -0.6254435565
0.3402772716  -0.3549268527  -0.6287327106
0.3369877484  -0.3515118246  -0.6320060328
0.3337139394  -0.3481093932  -0.6352636908
0.3304557757  -0.3447195179  -0.6385058081
0.3272131681  -0.3413420576  -0.6417324692
0.3239860273  -0.3379769581  -0.6449437500
0.3207742707  -0.3346242366  -0.6481397280
0.3175778196  -0.3312839345  -0.6513204812
0.3143965966  -0.3279560982  -0.6544860870
0.3112305250  -0.3246407781  -0.6576366223
0.3080795285  -0.3213380277  -0.6607721634
0.3049435313  -0.3180479030  -0.6638927858
0.3018224580  -0.3147704629  -0.6669985646
0.2987162338  -0.3115057684  -0.6700895741
0.2956247841  -0.3082538819  -0.6731658883
0.2925480351  -0.3050148673  -0.6762275804
0.2894859129  -0.3017887887  -0.6792747234
0.2864383445  -0.2985757104  -0.6823073895
0.2834052570  -0.2953756959  -0.6853256508
0.2803865780  -0.2921888072  -0.6883295787
0.2773822354  -0.2890151046  -0.6913192444
0.2743921574  -0.2858546458  -0.6942947186
0.2714162727  -0.2827074858  -0.6972560719
0.2684545103  -0.2795736751  -0.7002033745
0.2655067994  -0.2764532605  -0.7031366961
0.2625730696  -0.2733462832  -0.7060561067
0.2596532508  -0.2702527791  -0.7089616757
0.2567472731  -0.2671727773  -0.7118534725
0.2538550671  -0.2641062987  -0.7147315664
0.2509765634  -0.2610533497  -0.7175960267
0.2481116930  -0.2580139187  -0.7204469233
0.2452603873  -0.2549879917  -0.7232843258
0.2424225776  -0.2519755778  -0.7261083035
0.2395981956  -0.2489767088  -0.7289189242
0.2367871732  -0.2459914169  -0.7317162552
0.2339894423  -0.2430197227  -0.7345003634
0.2312049354  -0.2400616391  -0.7372713162
0.2284335853  -0.2371171767  -0.7400291806
0.2256753249  -0.2341863439  -0.7427740234
0.2229300873  -0.2312691477  -0.7455059114
0.2201978058  -0.2283655934  -0.7482249111
0.2174784139  -0.2254756843  -0.7509310886
0.2147718453  -0.2225994220  -0.7536245100
0.2120780341  -0.2197368064  -0.7563052412
0.2093969142  -0.2168878358  -0.7589733478
0.2067284201  -0.2140524979  -0.7616288954
0.2040724862  -0.2112307620  -0.7642719492
0.2014290472  -0.2084226152  -0.7669025743
0.1987980380  -0.2056280898  -0.7695208357
0.1961793939  -0.2028472118  -0.7721267979
0.1935730501  -0.2000799695  -0.7747205256
0.1909789420  -0.1973263422  -0.7773020829
0.1883970052  -0.1945863117  -0.7798715343
0.1858271756  -0.1918598578  -0.7824289436
0.1832693892  -0.1891469582  -0.7849743747
0.1807235820  -0.1864475884  -0.7875078914
0.1781896904  -0.1837617224  -0.7900295572
0.1756676509  -0.1810893326  -0.7925394353
0.1731574002  -0.1784303900  -0.7950375890
0.1706588750  -0.1757848642  -0.7975240812
0.1681720125  -0.1731527238  -0.7999989748
0.1656967497  -0.1705339365  -0.8024623325
0.1632330242  -0.1679284687  -0.8049142165
0.1607807732  -0.1653362864  -0.8073546894
0.1583399347  -0.1627573544  -0.8097838131
0.1559104464  -0.1601916370  -0.8122016497
0.1534922464  -0.1576390979  -0.8146082608
0.1510852730  -0.1550996999  -0.8170037081
0.1486894645  -0.1525734053  -0.8193880529
0.1463047594  -0.1500601760  -0.8217613565
0.1439310967  -0.1475599728  -0.8241236799
0.1415684151  -0.1450727565  -0.8264750840
0.1392166537  -0.1425984867  -0.8288156294
0.1368757519  -0.1401371226  -0.8311453767
0.1345456492  -0.1376886228  -0.8334643861
0.1322262850  -0.1352529450  -0.8357727179
0.1299175993  -0.1328300462  -0.8380704318
0.1276195328  -0.1304199841  -0.8403575975
0.1253320267  -0.1280228465  -0.8426342952
0.1230550208  -0.1256383438  -0.8449005773
0.1207884521  -0.1232661225  -0.8471564704
0.1185322606  -0.1209062598  -0.8494020223
0.1162863889  -0.1185588704  -0.8516372930
0.1140507790  -0.1162239167  -0.8538623382
0.1118253724  -0.1139013585  -0.8560772139
0.1096101108  -0.1115911537  -0.8582819764
0.1074049361  -0.1092932580  -0.8604766830
0.1052097904  -0.1070076248  -0.8626613914
0.1030246160  -0.1047342055  -0.8648361602
0.1008493553  -0.1024729489  -0.8670010486
0.0986839510  -0.1002238020  -0.8691561165
0.0965283459  -0.0979867093  -0.8713014248
0.0943824828  -0.0957616133  -0.8734370349
0.0922463050  -0.0935484547  -0.8755630091
0.0901197557  -0.0913471720  -0.8776794102
0.0880027784  -0.0891577023  -0.8797863020
0.0858953166  -0.0869799809  -0.8818837486
0.0837973142  -0.0848139415  -0.8839718147
0.0817087151  -0.0826595166  -0.8860505655
0.0796294634  -0.0805166378  -0.8881200666
0.0775595034  -0.0783852351  -0.8901803836
0.0754987797  -0.0762652382  -0.8922315825
0.0734472369  -0.0741565757  -0.8942737291
0.0714048200  -0.0720591758  -0.8963068890
0.0693714740  -0.0699729662  -0.8983311274
0.0673471442  -0.0678978745  -0.9003465091
0.0653317762  -0.0658338279  -0.9023530980
0.0633253157  -0.0637807536  -0.9043509572
0.0613277087  -0.0617385790  -0.9063401486
0.0593394871  -0.0597073094  -0.9083492497
0.0573609782  -0.0576869122  -0.9103924443
0.0553906100  -0.0556771107  -0.9124210687
0.0534278846  -0.0536777836  -0.9144477448
0.0514735361  -0.0516889692  -0.9164716515
0.0495274996  -0.0497105983  -0.9184918486
0.0475897134  -0.0477426026  -0.9205072767
0.0456601193  -0.0457849144  -0.9225167577
0.0437386628  -0.0438374670  -0.9245189942
0.0418252935  -0.0419001940  -0.9265125697
0.0399199648  -0.0399730298  -0.9284959487
0.0380226346  -0.0380559090  -0.9304674768
0.0361332652  -0.0361487666  -0.9324253803
0.0342518233  -0.0342515376  -0.9343677666
0.0323782805  -0.0323641574  -0.9362926240
0.0305126131  -0.0304865610  -0.9381978217
0.0286548020  -0.0286186835  -0.9400811099
0.0268048333  -0.0267604596  -0.9419401198
0.0249626978  -0.0249118238  -0.9437723634
0.0231283910  -0.0230727100  -0.9455752337
0.0213019132  -0.0212430519  -0.9473460046
0.0194832694  -0.0194227824  -0.9490818311
0.0176724688  -0.0176118343  -0.9507797490
0.0158695250  -0.0158101397  -0.9524366751
0.0140744554  -0.0140176303  -0.9540494071
0.0122872808  -0.0122342378  -0.9556146237
0.0105080252  -0.0104598932  -0.9571288844
0.0087367152  -0.0086945280  -0.9585886300
0.0069733795  -0.0069380734  -0.9599901817
0.0052180479  -0.0051904612  -0.9613297421
0.0034707511  -0.0034516236  -0.9626033946
0.0017315194  -0.0017214935  -0.9638071035
0.0017307143  -0.0017214838  -0.9638071035
