0.0954702
1.9184419092  -2.0922327233   0.0000806003
1.9184419092  -2.0922327233   0.0000806003
1.9184480664  -2.0922251017   0.0000659016
1.9184422678  -2.0921811655   0.0000292881
1.9184186154  -2.0920989192  -0.0000298738
1.9183723116  -2.0919715100  -0.0001122101
1.9183015969  -2.0917967932  -0.0002183384
1.9182054800  -2.0915737656  -0.0003488686
1.9180832589  -2.0913018428  -0.0005044025
1.9179343626  -2.0909806233  -0.0006855339
1.9177582875  -2.0906097916  -0.0008928487
1.9175545668  -2.0901890733  -0.0011269246
1.9173227555  -2.0897182116  -0.0013883316
1.9170624220  -2.0891969548  -0.0016776315
1.9167731429  -2.0886250491  -0.0019953782
1.9164545002  -2.0880022340  -0.0023421175
1.9161060794  -2.0873282401  -0.0027183875
1.9157274683  -2.0866027875  -0.0031247179
1.9153182560  -2.0858255854  -0.0035616308
1.9148780331  -2.0849963311  -0.0040296400
1.9144063905  -2.0841147110  -0.0045292516
1.9139029201  -2.0831803999  -0.0050609635
1.9133672139  -2.0821930624  -0.0056252656
1.9127988648  -2.0811523524  -0.0062226400
1.9121974660  -2.0800579148  -0.0068535606
1.9115626114  -2.0789093854  -0.0075184935
1.9108938957  -2.0777063920  -0.0082178966
1.9101909145  -2.0764485553  -0.0089522201
1.9094532642  -2.0751354897  -0.0097219060
1.9086805425  -2.0737668039  -0.0105273883
1.9078723484  -2.0723421025  -0.0113690930
1.9070282825  -2.0708609863  -0.0122474384
1.9061479374  -2.0693220516  -0.0131641000
1.9052309309  -2.0677258088  -0.0141183654
1.9042768813  -2.0660730935  -0.0151102449
1.9032853835  -2.0643627727  -0.0161400534
1.9022560425  -2.0625941745  -0.0172081300
1.9011884715  -2.0607668051  -0.0183148494
1.9000822870  -2.0588802097  -0.0194605815
1.8989371089  -2.0569339640  -0.0206456955
1.8977525605  -2.0549276592  -0.0218705590
1.8965282691  -2.0528609000  -0.0231355372
1.8952638658  -2.0507333034  -0.0244409927
1.8939589861  -2.0485445002  -0.0257872846
1.8926132698  -2.0462941358  -0.0271747675
1.8912263612  -2.0439818711  -0.0286037912
1.8897979098  -2.0416073830  -0.0300747002
1.8883275697  -2.0391703658  -0.0315878342
1.8868150006  -2.0366705315  -0.0331435268
1.8852598676  -2.0341076115  -0.0347421059
1.8836618413  -2.0314813574  -0.0363838935
1.8820205985  -2.0287915416  -0.0380692050
1.8803358220  -2.0260379580  -0.0397983496
1.8786072007  -2.0232204216  -0.0415716294
1.8768344303  -2.0203387698  -0.0433893399
1.8750172129  -2.0173928635  -0.0452517693
1.8731552578  -2.0143825876  -0.0471591986
1.8712482812  -2.0113078519  -0.0491119013
1.8692960067  -2.0081685917  -0.0511101433
1.8672981651  -2.0049647682  -0.0531541828
1.8652544951  -2.0016963688  -0.0552442699
1.8631647431  -1.9983634079  -0.0573806469
1.8610286636  -1.9949659273  -0.0595635479
1.8588460189  -1.9915037370  -0.0617931989
1.8566165783  -1.9879768386  -0.0640698176
1.8543401205  -1.9843858660  -0.0663936124
1.8520164361  -1.9807312056  -0.0687647839
1.8496453232  -1.9770128673  -0.0711835238
1.8472265867  -1.9732309850  -0.0736500158
1.8447600405  -1.9693857699  -0.0761644345
1.8422455081  -1.9654774701  -0.0787269459
1.8396828218  -1.9615063656  -0.0813377072
1.8370718245  -1.9574727646  -0.0839968668
1.8344123886  -1.9533770413  -0.0867045645
1.8317044027  -1.9492196105  -0.0894609308
1.8289477457  -1.9450008752  -0.0922660877
1.8261422982  -1.9407212478  -0.0951201482
1.8232879489  -1.9363811624  -0.0980232167
1.8203845955  -1.9319810741  -0.1009753887
1.8174321436  -1.9275214592  -0.1039767510
1.8144305079  -1.9230028141  -0.1070273816
1.8113796115  -1.9184256561  -0.1101273516
1.8082793866  -1.9137905218  -0.1132767271
1.8051297741  -1.9090979678  -0.1164755675
1.8019307231  -1.9043485701  -0.1197239222
1.7986821907  -1.8995429235  -0.1230218310
1.7953841425  -1.8946816400  -0.1263693241
1.7920365524  -1.8897653486  -0.1297664222
1.7886394027  -1.8847946950  -0.1332131361
1.7851926843  -1.8797703412  -0.1367094672
1.7816963962  -1.8746929650  -0.1402554070
1.7781505460  -1.8695632592  -0.1438509374
1.7745551497  -1.8643819306  -0.1474960305
1.7709102314  -1.8591496995  -0.1511906487
1.7672158238  -1.8538672890  -0.1549347447
1.7634719677  -1.8485354197  -0.1587282616
1.7596787122  -1.8431548396  -0.1625711330
1.7558361149  -1.8377263373  -0.1664632824
1.7519442416  -1.8322507140  -0.1704046241
1.7480031666  -1.8267287730  -0.1743950627
1.7440129726  -1.8211613292  -0.1784344931
1.7399737505  -1.8155492308  -0.1825228011
1.7358855997  -1.8098933593  -0.1866598630
1.7317486283  -1.8041945077  -0.1908455460
1.7275629519  -1.7984532691  -0.1950797086
1.7233286936  -1.7926702155  -0.1993622001
1.7190459845  -1.7868461598  -0.2036928598
1.7147149656  -1.7809821295  -0.2080715184
1.7103357883  -1.7750791939  -0.2124979983
1.7059086132  -1.7691383946  -0.2169721139
1.7014336091  -1.7631607485  -0.2214936707
1.6969109539  -1.7571472485  -0.2260624660
1.6923408360  -1.7510988669  -0.2306782881
1.6877235597  -1.7450167322  -0.2353409171
1.6830595036  -1.7389020560  -0.2400501244
1.6783489642  -1.7327558657  -0.2448056731
1.6735921910  -1.7265790650  -0.2496073176
1.6687894383  -1.7203725267  -0.2544548046
1.6639409666  -1.7141370974  -0.2593478723
1.6590470420  -1.7078735975  -0.2642862509
1.6541079366  -1.7015828231  -0.2692696625
1.6491239281  -1.6952655481  -0.2742978208
1.6440952998  -1.6889225280  -0.2793704315
1.6390223407  -1.6825545023  -0.2844871924
1.6339053455  -1.6761621975  -0.2896477940
1.6287446151  -1.6697463297  -0.2948519221
1.6235404566  -1.6633076057  -0.3000992571
1.6182931815  -1.6568467261  -0.3053894687
1.6130031052  -1.6503643887  -0.3107222150
1.6076705477  -1.6438612914  -0.3160971425
1.6022958343  -1.6373381346  -0.3215138872
1.5968792961  -1.6307956235  -0.3269720738
1.5914212691  -1.6242344724  -0.3324713152
1.5859220923  -1.6176554216  -0.3380111992
1.5803821086  -1.6110592159  -0.3435912991
1.5748016841  -1.6044464698  -0.3492112514
1.5691812153  -1.5978177312  -0.3548707722
1.5635210919  -1.5911738391  -0.3605695336
1.5578216825  -1.5845159806  -0.3663071015
1.5520833943  -1.5778454185  -0.3720830098
1.5463066639  -1.5711632109  -0.3778968095
1.5404919194  -1.5644702352  -0.3837480554
1.5346395922  -1.5577673665  -0.3896362967
1.5287501183  -1.5510554887  -0.3955610799
1.5228239392  -1.5443354941  -0.4015219475
1.5168615012  -1.5376082822  -0.4075184360
1.5108632554  -1.5308747586  -0.4135500776
1.5048296588  -1.5241358340  -0.4196164024
1.4987611763  -1.5173924252  -0.4257169466
1.4926582822  -1.5106454559  -0.4318512612
1.4865214579  -1.5038958536  -0.4380189056
1.4803511847  -1.4971445426  -0.4442194337
1.4741479427  -1.4903924398  -0.4504523930
1.4679122139  -1.4836404526  -0.4567173260
1.4616444843  -1.4768894791  -0.4630137730
1.4553452487  -1.4701404102  -0.4693412899
1.4490150378  -1.4633941874  -0.4756994472
1.4426545071  -1.4566520409  -0.4820877946
1.4362642384  -1.4499150878  -0.4885058420
1.4298446197  -1.4431840204  -0.4949530905
1.4233960094  -1.4364594244  -0.5014290420
1.4169187459  -1.4297418232  -0.5079331371
1.4104131307  -1.4230316559  -0.5144647233
1.4038794219  -1.4163292527  -0.5210229925
1.3973177656  -1.4096346891  -0.5276066980
1.3907275295  -1.4029472166  -0.5342116860
1.3841089436  -1.3962670554  -0.5408375686
1.3774659729  -1.3895982451  -0.5474938540
1.3708020019  -1.3829447170  -0.5541868894
1.3641154010  -1.3763057384  -0.5609151602
1.3574036506  -1.3696791214  -0.5676766402
1.3506667008  -1.3630646268  -0.5744699833
1.3439052546  -1.3564624782  -0.5812938506
1.3371196355  -1.3498721994  -0.5881468434
1.3303101327  -1.3432931498  -0.5950275077
1.3234770333  -1.3367245832  -0.6019343403
1.3166206227  -1.3301656568  -0.6088657936
1.3097411815  -1.3236154388  -0.6158202817
1.3028389836  -1.3170729152  -0.6227961850
1.2959142940  -1.3105370007  -0.6297918553
1.2889677815  -1.3040071646  -0.6368056201
1.2820004451  -1.2974832765  -0.6438357870
1.2750128891  -1.2909645151  -0.6508806487
1.2680053698  -1.2844495023  -0.6579384871
1.2609780873  -1.2779367774  -0.6650075780
1.2539311748  -1.2714248079  -0.6720861952
1.2468649103  -1.2649123024  -0.6791726141
1.2397804389  -1.2583991701  -0.6862651145
1.2326784630  -1.2518847344  -0.6933619818
1.2255582188  -1.2453664508  -0.7004615105
1.2184184099  -1.2388412969  -0.7075620130
1.2112590266  -1.2323080306  -0.7146618260
1.2040794373  -1.2257647747  -0.7217593141
1.1968759379  -1.2192062514  -0.7288528753
1.1896439999  -1.2126267751  -0.7359409479
1.1823736176  -1.2060152712  -0.7430220198
1.1750390321  -1.1993445911  -0.7500946686
1.1674683269  -1.1924438219  -0.7571575551
1.1599558379  -1.1856104816  -0.7642092398
1.1528409656  -1.1791818077  -0.7712480992
1.1458953759  -1.1729230685  -0.7782725746
1.1389793491  -1.1666895041  -0.7852813500
1.1320807907  -1.1604655666  -0.7922732507
1.1251993283  -1.1542489078  -0.7992471527
1.1183347757  -1.1480379336  -0.8062019975
1.1114869629  -1.1418312088  -0.8131368099
1.1046557425  -1.1356274312  -0.8200507003
1.0978409872  -1.1294254332  -0.8269428686
1.0910425888  -1.1232241824  -0.8338126076
1.0842604574  -1.1170227811  -0.8406593076
1.0774945196  -1.1108204657  -0.8474824599
1.0707447157  -1.1046166034  -0.8542816527
1.0640109923  -1.0984106887  -0.8610565623
1.0572933035  -1.0922023388  -0.8678069593
1.0505916177  -1.0859912902  -0.8745327242
1.0439059194  -1.0797773954  -0.8812338536
1.0372362041  -1.0735606177  -0.8879104638
1.0305824745  -1.0673410248  -0.8945627924
1.0239447318  -1.0611187795  -0.9011911824
1.0173229707  -1.0548941319  -0.9077960807
1.0107171949  -1.0486674135  -0.9143780784
1.0041274318  -1.0424390343  -0.9209379422
0.9975537171  -1.0362094743  -0.9274765976
0.9909960775  -1.0299792747  -0.9339951262
0.9844545554  -1.0237490337  -0.9404948464
0.9779292369  -1.0175194100  -0.9469773811
0.9714202711  -1.0112911341  -0.9534447786
0.9649279805  -1.0050651010  -0.9598999217
0.9584538217  -0.9988425498  -0.9663496155
0.9519984306  -0.9926244174  -0.9727979138
0.9455574768  -0.9864102219  -0.9792377764
0.9391261615  -0.9801988631  -0.9856627344
0.9327051075  -0.9739901359  -0.9920730278
0.9262966854  -0.9677844585  -0.9984694912
0.9199015713  -0.9615821428  -1.0048523395
0.9135196861  -0.9553833547  -1.0112217277
0.9071508931  -0.9491882123  -1.0175778133
0.9007950569  -0.9429968092  -1.0239207566
0.8944520435  -0.9368092154  -1.0302507202
0.8881217205  -0.9306254775  -1.0365678684
0.8818039568  -0.9244456191  -1.0428723667
0.8754986226  -0.9182696410  -1.0491643813
0.8692055894  -0.9120975218  -1.0554440779
0.8629247301  -0.9059292179  -1.0617116220
0.8566559187  -0.8997646646  -1.0679671777
0.8503990307  -0.8936037778  -1.0742109074
0.8441539430  -0.8874464568  -1.0804429708
0.8379205336  -0.8812925851  -1.0866635236
0.8316986816  -0.8751420323  -1.0928727177
0.8254882679  -0.8689946543  -1.0990706994
0.8192891746  -0.8628502948  -1.1052576098
0.8131012857  -0.8567087879  -1.1114335838
0.8069244866  -0.8505699625  -1.1175987487
0.8007586640  -0.8444336444  -1.1237532231
0.7946037061  -0.8382996560  -1.1298971164
0.7884595027  -0.8321678190  -1.1360305276
0.7823259451  -0.8260379592  -1.1421535434
0.7762029254  -0.8199099119  -1.1482662358
0.7700903357  -0.8137835302  -1.1543686562
0.7639880613  -0.8076587460  -1.1604608104
0.7578959800  -0.8015355206  -1.1665426549
0.7518139984  -0.7954135381  -1.1726142058
0.7457420857  -0.7892922259  -1.1786756178
0.7396802246  -0.7831712387  -1.1847270758
0.7336283444  -0.7770505479  -1.1907686921
0.7275863391  -0.7709301363  -1.1968005383
0.7215541133  -0.7648099079  -1.2028226867
0.7155315877  -0.7586897565  -1.2088352109
0.7095186892  -0.7525695901  -1.2148381823
0.7035153475  -0.7464493327  -1.2208316699
0.6975214942  -0.7403289229  -1.2268157402
0.6915370635  -0.7342083145  -1.2327904570
0.6855619919  -0.7280874757  -1.2387558817
0.6795962179  -0.7219663886  -1.2447120732
0.6736396828  -0.7158450487  -1.2506590879
0.6676923299  -0.7097234649  -1.2565969795
0.6617541048  -0.7036016586  -1.2625257993
0.6558249558  -0.6974796621  -1.2684455962
0.6499048331  -0.6913575162  -1.2743564164
0.6439936897  -0.6852352700  -1.2802583038
0.6380914807  -0.6791129791  -1.2861512998
0.6321981637  -0.6729907051  -1.2920354434
0.6263136986  -0.6668685140  -1.2979107712
0.6204380477  -0.6607464747  -1.3037773174
0.6145711757  -0.6546246567  -1.3096351140
0.6087130499  -0.6485031288  -1.3154841903
0.6028636397  -0.6423819574  -1.3213245739
0.5970229171  -0.6362612040  -1.3271562897
0.5911908565  -0.6301409227  -1.3329793607
0.5853674347  -0.6240211551  -1.3387938078
0.5795526310  -0.6179019145  -1.3445996500
0.5737464272  -0.6117831709  -1.3503969048
0.5679488076  -0.6056648991  -1.3561855881
0.5621597584  -0.5995471675  -1.3619657124
0.5563792678  -0.5934301312  -1.3677372859
0.5506073260  -0.5873139428  -1.3735003136
0.5448439262  -0.5811987201  -1.3792547985
0.5390890645  -0.5750845739  -1.3850007420
0.5333427395  -0.5689716240  -1.3907381430
0.5276049520  -0.5628599982  -1.3964669981
0.5218757052  -0.5567498312  -1.4021873015
0.5161550048  -0.5506412647  -1.4078990447
0.5104428588  -0.5445344475  -1.4136022170
0.5047392776  -0.5384295353  -1.4192968054
0.4990442740  -0.5323265719  -1.4249827944
0.4933578632  -0.5262253723  -1.4306601669
0.4876800629  -0.5201260169  -1.4363289030
0.4820108932  -0.5140292510  -1.4419889793
0.4763503763  -0.5079357838  -1.4476403690
0.4706985370  -0.5018458287  -1.4532830439
0.4650554026  -0.4957594967  -1.4589169743
0.4594210028  -0.4896769677  -1.4645421286
0.4537953696  -0.4835984198  -1.4701584728
0.4481785371  -0.4775240281  -1.4757659706
0.4425705416  -0.4714539665  -1.4813645837
0.4369714217  -0.4653884104  -1.4869542716
0.4313812182  -0.4593275383  -1.4925349918
0.4257999741  -0.4532715338  -1.4981066993
0.4202277344  -0.4472205877  -1.5036693473
0.4146645463  -0.4411748995  -1.5092228867
0.4091104593  -0.4351346792  -1.5147672663
0.4035655246  -0.4291001489  -1.5203024328
0.3980297956  -0.4230715437  -1.5258283309
0.3925033277  -0.4170491131  -1.5313449030
0.3869861782  -0.4110331217  -1.5368520898
0.3814784062  -0.4050238496  -1.5423498297
0.3759800727  -0.3990215932  -1.5478380594
0.3704912407  -0.3930266651  -1.5533167139
0.3650119747  -0.3870393947  -1.5587857260
0.3595423409  -0.3810601277  -1.5642450273
0.3540824072  -0.3750892257  -1.5696945474
0.3486322431  -0.3691270661  -1.5751342144
0.3431919195  -0.3631740406  -1.5805639551
0.3377615088  -0.3572305549  -1.5859836949
0.3323410847  -0.3512970274  -1.5913933580
0.3269307223  -0.3453738878  -1.5967928672
0.3215305089  -0.3394632332  -1.6021822167
0.3161405479  -0.3335677409  -1.6075614826
0.3107609026  -0.3276839503  -1.6129305321
0.3053915883  -0.3218071954  -1.6182890404
0.3000326653  -0.3159398467  -1.6236368412
0.2946842458  -0.3100850233  -1.6289738636
0.2893464300  -0.3042433904  -1.6343000024
0.2840193043  -0.2984155956  -1.6396151569
0.2787029558  -0.2926022740  -1.6449192321
0.2733974721  -0.2868040435  -1.6502121390
0.2681029410  -0.2810215010  -1.6554937950
0.2628194501  -0.2752552198  -1.6607641244
0.2575470867  -0.2695057466  -1.6660230586
0.2522859373  -0.2637735997  -1.6712705365
0.2470360876  -0.2580592678  -1.6765065047
0.2417976217  -0.2523632088  -1.6817309169
0.2365706228  -0.2466858495  -1.6869437348
0.2313551721  -0.2410275857  -1.6921449273
0.2261513495  -0.2353887827  -1.6973344704
0.2209592327  -0.2297697758  -1.7025123470
0.2157788978  -0.2241708718  -1.7076785464
0.2106104188  -0.2185923501  -1.7128330638
0.2054538680  -0.2130344651  -1.7179758996
0.2003093154  -0.2074974470  -1.7231070590
0.1951768293  -0.2019815051  -1.7282265506
0.1900564759  -0.1964868290  -1.7333343863
0.1849483193  -0.1910135916  -1.7384305795
0.1798524218  -0.1855619510  -1.7435151448
0.1747688436  -0.1801320531  -1.7485880963
0.1696976428  -0.1747240336  -1.7536494468
0.1646388751  -0.1693380205  -1.7586992062
0.1595925943  -0.1639741414  -1.7637373801
0.1545632337  -0.1586341782  -1.7688397281
0.1495536719  -0.1533191617  -1.7740438050
0.1445525842  -0.1480248047  -1.7792200273
0.1395567047  -0.1427501018  -1.7844017589
0.1345719717  -0.1374975101  -1.7895866209
0.1295983379  -0.1322671745  -1.7947719165
0.1246357772  -0.1270592551  -1.7999546302
0.1196842850  -0.1218739249  -1.8051314284
0.1147438796  -0.1167113674  -1.8102986592
0.1098146033  -0.1115717747  -1.8154523524
0.1048965233  -0.1064553444  -1.8205882192
0.0999897326  -0.1013622771  -1.8257016530
0.0950943508  -0.0962927722  -1.8307877284
0.0902105245  -0.0912470247  -1.8358412019
0.0853384280  -0.0862252208  -1.8408565118
0.0804782637  -0.0812275342  -1.8458277780
0.0756302618  -0.0762541215  -1.8507488019
0.0707946808  -0.0713051188  -1.8556130668
0.0659718067  -0.0663806372  -1.8604137378
0.0611619530  -0.0614807599  -1.8651436613
0.0563654597  -0.0566055389  -1.8697953658
0.0515826922  -0.0517549929  -1.8743610613
0.0468140405  -0.0469291058  -1.8788326394
0.0420599169  -0.0421278259  -1.8832016736
0.0373207546  -0.0373510667  -1.8874594188
0.0325970054  -0.0325987079  -1.8915968120
0.0278891367  -0.0278705985  -1.8956044716
0.0231976285  -0.0231665606  -1.8994726976
0.0185229702  -0.0184863942  -1.9031914720
0.0138656564  -0.0138298833  -1.9067504582
0.0092261824  -0.0091968029  -1.9101390015
0.0046050392  -0.0045869260  -1.9133461289
0.0045993386  -0.0045868674  -1.9133461289
