0.134813
1.4291645811  -1.9775129929   0.0000824294
1.4291645811  -1.9775129929   0.0000824294
1.4291746917  -1.9775265504   0.0000701119
1.4291729032  -1.9774984577   0.0000367586
1.4291524999  -1.9774178444  -0.0000182636
1.4291098226  -1.9772776218  -0.0000955772
1.4290434179  -1.9770751975  -0.0001957938
1.4289524320  -1.9768091846  -0.0003195145
1.4288362400  -1.9764786490  -0.0004673296
1.4286943217  -1.9760828577  -0.0006398186
1.4285262112  -1.9756211759  -0.0008375505
1.4283314728  -1.9750930185  -0.0010610834
1.4281096897  -1.9744978262  -0.0013109647
1.4278604567  -1.9738350521  -0.0015877313
1.4275833767  -1.9731041542  -0.0018919092
1.4272780586  -1.9723045913  -0.0022240136
1.4269441156  -1.9714358206  -0.0025845492
1.4265811648  -1.9704972964  -0.0029740099
1.4261888262  -1.9694884698  -0.0033928789
1.4257667231  -1.9684087886  -0.0038416288
1.4253144812  -1.9672576974  -0.0043207211
1.4248317294  -1.9660346387  -0.0048306071
1.4243180993  -1.9647390532  -0.0053717271
1.4237732253  -1.9633703808  -0.0059445107
1.4231967451  -1.9619280617  -0.0065493769
1.4225882998  -1.9604115372  -0.0071867338
1.4219475338  -1.9588202511  -0.0078569790
1.4212740951  -1.9571536508  -0.0085604994
1.4205676360  -1.9554111883  -0.0092976709
1.4198278126  -1.9535923217  -0.0100688590
1.4190542857  -1.9516965163  -0.0108744183
1.4182467205  -1.9497232460  -0.0117146929
1.4174047858  -1.9476711342  -0.0125913113
1.4165281627  -1.9455404690  -0.0135034315
1.4156165338  -1.9433318500  -0.0144509470
1.4146695782  -1.9410441496  -0.0154341397
1.4136869859  -1.9386766365  -0.0164532850
1.4126684561  -1.9362287922  -0.0175086689
1.4116136944  -1.9337001463  -0.0186005708
1.4105224131  -1.9310902625  -0.0197292652
1.4093943318  -1.9283987316  -0.0208950209
1.4082291771  -1.9256251701  -0.0220981005
1.4070266835  -1.9227692213  -0.0233387592
1.4057865933  -1.9198305566  -0.0246172444
1.4045086566  -1.9168088756  -0.0259337951
1.4031926303  -1.9137039056  -0.0272886422
1.4018382764  -1.9105154006  -0.0286820083
1.4004453670  -1.9072431473  -0.0301141079
1.3990136857  -1.9038869673  -0.0315851463
1.3975430254  -1.9004467162  -0.0330953202
1.3960331884  -1.8969222841  -0.0346448172
1.3944839867  -1.8933135967  -0.0362338155
1.3928952420  -1.8896206155  -0.0378624839
1.3912667858  -1.8858433381  -0.0395309807
1.3895984597  -1.8819817989  -0.0412394539
1.3878901154  -1.8780360697  -0.0429880410
1.3861416150  -1.8740062599  -0.0447768700
1.3843528307  -1.8698925176  -0.0466060593
1.3825236456  -1.8656950295  -0.0484757171
1.3806539530  -1.8614140217  -0.0503859420
1.3787436568  -1.8570497596  -0.0523368223
1.3767926713  -1.8526025466  -0.0543284361
1.3748009115  -1.8480727154  -0.0563608509
1.3727682972  -1.8434604255  -0.0584341226
1.3706947664  -1.8387660156  -0.0605482962
1.3685802740  -1.8339903513  -0.0627034070
1.3664247883  -1.8291341060  -0.0648994807
1.3642282875  -1.8241976564  -0.0671365336
1.3619907588  -1.8191815015  -0.0694145721
1.3597122006  -1.8140862272  -0.0717335931
1.3573926220  -1.8089124622  -0.0740935837
1.3550320425  -1.8036608719  -0.0764945196
1.3526304917  -1.7983321543  -0.0789363658
1.3501880095  -1.7929270385  -0.0814190779
1.3477046376  -1.7874462767  -0.0839426031
1.3451804069  -1.7818906321  -0.0865068801
1.3426153639  -1.7762609032  -0.0891118393
1.3400095839  -1.7705579355  -0.0917574029
1.3373631530  -1.7647826045  -0.0944434842
1.3346761668  -1.7589358127  -0.0971699865
1.3319487300  -1.7530184888  -0.0999368031
1.3291809566  -1.7470315870  -0.1027438200
1.3263729695  -1.7409760859  -0.1055909166
1.3235249004  -1.7348529893  -0.1084779657
1.3206368859  -1.7286633236  -0.1114048337
1.3177090367  -1.7224081090  -0.1143713806
1.3147414627  -1.7160883786  -0.1173774604
1.3117343132  -1.7097052110  -0.1204229199
1.3086877543  -1.7032597107  -0.1235075972
1.3056019593  -1.6967529988  -0.1266313215
1.3024771086  -1.6901862134  -0.1297939133
1.2993133892  -1.6835605101  -0.1329951859
1.2961109945  -1.6768770632  -0.1362349456
1.2928701234  -1.6701370677  -0.1395129947
1.2895909395  -1.6633416936  -0.1428291366
1.2862735882  -1.6564920863  -0.1461831753
1.2829182581  -1.6495894416  -0.1495749089
1.2795251657  -1.6426350122  -0.1530041282
1.2760945329  -1.6356300653  -0.1564706190
1.2726265862  -1.6285758714  -0.1599741626
1.2691215570  -1.6214737129  -0.1635145380
1.2655796815  -1.6143249064  -0.1670915277
1.2620011782  -1.6071307996  -0.1707049194
1.2583862047  -1.5998926329  -0.1743545030
1.2547349369  -1.5926114402  -0.1780400689
1.2510476127  -1.5852882013  -0.1817614101
1.2473244776  -1.5779241084  -0.1855183213
1.2435657814  -1.5705206167  -0.1893105992
1.2397717777  -1.5630792640  -0.1931380425
1.2359427221  -1.5556015580  -0.1970004516
1.2320788353  -1.5480889486  -0.2008976288
1.2281802593  -1.5405428051  -0.2048293779
1.2242471657  -1.5329644797  -0.2087955034
1.2202798017  -1.5253553375  -0.2127958056
1.2162784185  -1.5177167146  -0.2168300846
1.2122432711  -1.5100499162  -0.2208981564
1.2081746190  -1.5023562187  -0.2249998583
1.2040727240  -1.4946368714  -0.2291350455
1.1999378431  -1.4868931342  -0.2333035827
1.1957701709  -1.4791261986  -0.2375053267
1.1915698217  -1.4713371067  -0.2417401110
1.1873368801  -1.4635268225  -0.2460077455
1.1830714197  -1.4556962731  -0.2503080206
1.1787735067  -1.4478463528  -0.2546407124
1.1744432037  -1.4399779278  -0.2590056002
1.1700806791  -1.4320919752  -0.2634024779
1.1656862981  -1.4241897129  -0.2678311459
1.1612603098  -1.4162722208  -0.2722914060
1.1568027469  -1.4083403036  -0.2767830618
1.1523136232  -1.4003947339  -0.2813059185
1.1477929419  -1.3924362690  -0.2858597814
1.1432406969  -1.3844656558  -0.2904444530
1.1386569652  -1.3764837526  -0.2950597309
1.1340420511  -1.3684917288  -0.2997053961
1.1293962742  -1.3604907705  -0.3043812160
1.1247198424  -1.3524817193  -0.3090870175
1.1200129868  -1.3444652487  -0.3138227323
1.1152759392  -1.3364423133  -0.3185882875
1.1105088999  -1.3284142664  -0.3233835011
1.1057120766  -1.3203825011  -0.3282081220
1.1008856916  -1.3123481962  -0.3330618942
1.0960299561  -1.3043123712  -0.3379445691
1.0911450836  -1.2962760253  -0.3428559004
1.0862312913  -1.2882401627  -0.3477956420
1.0812887317  -1.2802057320  -0.3527635475
1.0763172987  -1.2721734744  -0.3577593707
1.0713172295  -1.2641444535  -0.3627828633
1.0662893939  -1.2561203026  -0.3678337759
1.0612347955  -1.2481027849  -0.3729118586
1.0561544894  -1.2400937095  -0.3780168604
1.0510492953  -1.2320947127  -0.3831485284
1.0459192993  -1.2241067118  -0.3883066071
1.0407640661  -1.2161299767  -0.3934908425
1.0355830773  -1.2081646069  -0.3987009867
1.0303757490  -1.2002106136  -0.4039368016
1.0251416592  -1.1922681911  -0.4091980422
1.0198811668  -1.1843384488  -0.4144842730
1.0145948394  -1.1764227055  -0.4197949614
1.0092829228  -1.1685217738  -0.4251298478
1.0039457059  -1.1606364197  -0.4304888095
0.9985834664  -1.1527674555  -0.4358716361
0.9931964890  -1.1449157813  -0.4412780560
0.9877849957  -1.1370821639  -0.4467077041
0.9823491023  -1.1292671561  -0.4521600234
0.9768888392  -1.1214711726  -0.4576339930
0.9714035102  -1.1136944549  -0.4631247246
0.9658927856  -1.1059374077  -0.4686296495
0.9603601164  -1.0982016120  -0.4741595123
0.9548099248  -1.0904894301  -0.4797258580
0.9492417626  -1.0828022317  -0.4853293174
0.9436525684  -1.0751400630  -0.4909673028
0.9380409106  -1.0675025686  -0.4966384369
0.9324067282  -1.0598896023  -0.5023414711
0.9267502370  -1.0523011728  -0.5080750662
0.9210716026  -1.0447370739  -0.5138377958
0.9153709371  -1.0371968977  -0.5196281554
0.9096484894  -1.0296803786  -0.5254445740
0.9039044723  -1.0221870871  -0.5312854190
0.8981390289  -1.0147163982  -0.5371489839
0.8923524234  -1.0072678252  -0.5430334846
0.8865448747  -0.9998407126  -0.5489370627
0.8807166445  -0.9924344149  -0.5548577930
0.8748678782  -0.9850481288  -0.5607937043
0.8689985975  -0.9776808547  -0.5667428025
0.8631090072  -0.9703317586  -0.5727030825
0.8571993821  -0.9630000514  -0.5786725359
0.8512702166  -0.9556851357  -0.5846491565
0.8453208845  -0.9483852979  -0.5906309316
0.8393404407  -0.9410885232  -0.5966158365
0.8333284226  -0.9337934186  -0.6026018441
0.8272951966  -0.9265095986  -0.6085869314
0.8212410583  -0.9192365073  -0.6145690820
0.8151640940  -0.9119713058  -0.6205462943
0.8090611614  -0.9047099886  -0.6265165878
0.8029264339  -0.8974459762  -0.6324780117
0.7967483218  -0.8901671072  -0.6384286554
0.7904996260  -0.8828457488  -0.6443666878
0.7839499659  -0.8752529801  -0.6502903721
0.7773338921  -0.8676294257  -0.6561979054
0.7711918073  -0.8605123601  -0.6620872725
0.7653862644  -0.8537528873  -0.6679564371
0.7596439886  -0.8470722620  -0.6738035867
0.7539284350  -0.8404314162  -0.6796270991
0.7482389920  -0.8338279528  -0.6854254348
0.7425754679  -0.8272603326  -0.6911971228
0.7369376792  -0.8207271628  -0.6969407754
0.7313254638  -0.8142271658  -0.7026550987
0.7257386812  -0.8077591799  -0.7083388950
0.7201772102  -0.8013221597  -0.7139910664
0.7146409486  -0.7949151731  -0.7196106227
0.7091298127  -0.7885373983  -0.7251966843
0.7036437343  -0.7821881219  -0.7307484865
0.6981826602  -0.7758667354  -0.7362653840
0.6927465511  -0.7695727329  -0.7417468573
0.6873353811  -0.7633057069  -0.7471925216
0.6819491360  -0.7570653445  -0.7526021294
0.6765878087  -0.7508514213  -0.7579755711
0.6712513968  -0.7446637950  -0.7633128752
0.6659399056  -0.7385024009  -0.7686142310
0.6606534037  -0.7323672485  -0.7738802106
0.6553920220  -0.7262584166  -0.7791117306
0.6501558001  -0.7201760444  -0.7843096702
0.6449446703  -0.7141203154  -0.7894749608
0.6397586032  -0.7080914481  -0.7946088118
0.6345976318  -0.7020896944  -0.7997127188
0.6294618189  -0.6961153399  -0.8047885353
0.6243512816  -0.6901687057  -0.8098386380
0.6192662747  -0.6842501896  -0.8148663340
0.6142081573  -0.6783603113  -0.8198800551
0.6091782100  -0.6724995795  -0.8248876177
0.6041731823  -0.6666681653  -0.8298827862
0.5991876610  -0.6608657860  -0.8348551860
0.5942208905  -0.6550920411  -0.8398031593
0.5892752563  -0.6493467406  -0.8447281117
0.5843518995  -0.6436298524  -0.8496303907
0.5794508136  -0.6379413508  -0.8545101529
0.5745718571  -0.6322811869  -0.8593675566
0.5697148889  -0.6266492955  -0.8642027640
0.5648797694  -0.6210455957  -0.8690159402
0.5600663605  -0.6154699912  -0.8738072533
0.5552745250  -0.6099223706  -0.8785768736
0.5505041271  -0.6044026083  -0.8833249729
0.5457550320  -0.5989105652  -0.8880517240
0.5410271060  -0.5934460898  -0.8927573002
0.5363202164  -0.5880090193  -0.8974418745
0.5316342315  -0.5825991803  -0.9021056187
0.5269690205  -0.5772163900  -0.9067487030
0.5223244538  -0.5718604566  -0.9113712951
0.5177004027  -0.5665311807  -0.9159735594
0.5130967397  -0.5612283565  -0.9205556566
0.5085133381  -0.5559517721  -0.9251177415
0.5039500715  -0.5507012099  -0.9296599604
0.4994068144  -0.5454764499  -0.9341824510
0.4948834433  -0.5402772733  -0.9386853456
0.4903798365  -0.5351034632  -0.9431687702
0.4858958740  -0.5299548024  -0.9476328421
0.4814314360  -0.5248310741  -0.9520776676
0.4769864034  -0.5197320632  -0.9565033402
0.4725606576  -0.5146575544  -0.9609099364
0.4681540756  -0.5096073109  -0.9652974908
0.4637665277  -0.5045810749  -0.9696659796
0.4593978962  -0.4995786950  -0.9740154088
0.4550481040  -0.4946001974  -0.9783459214
0.4507170936  -0.4896455874  -0.9826577284
0.4464047791  -0.4847146918  -0.9869509834
0.4421110444  -0.4798072751  -0.9912257861
0.4378357740  -0.4749231574  -0.9954822310
0.4335788636  -0.4700622029  -0.9997204170
0.4293402145  -0.4652242893  -1.0039404423
0.4251197293  -0.4604093023  -1.0081424039
0.4209173116  -0.4556171347  -1.0123263977
0.4167328663  -0.4508476863  -1.0164925181
0.4125662992  -0.4461008637  -1.0206408586
0.4084175173  -0.4413765795  -1.0247715113
0.4042864285  -0.4366747519  -1.0288845673
0.4001729417  -0.4319953044  -1.0329801166
0.3960769668  -0.4273381650  -1.0370582480
0.3919984145  -0.4227032655  -1.0411190495
0.3879371967  -0.4180905412  -1.0451626079
0.3838932259  -0.4134999303  -1.0491890091
0.3798664157  -0.4089313727  -1.0531983381
0.3758566804  -0.4043848097  -1.0571906792
0.3718639352  -0.3998601823  -1.0611661157
0.3678880961  -0.3953574302  -1.0651247301
0.3639290800  -0.3908764924  -1.0690666044
0.3599868042  -0.3864173067  -1.0729918199
0.3560611872  -0.3819798095  -1.0769004570
0.3521521479  -0.3775639344  -1.0807925959
0.3482596060  -0.3731696108  -1.0846683158
0.3443834818  -0.3687967634  -1.0885276958
0.3405236964  -0.3644453065  -1.0923708147
0.3366801715  -0.3601151373  -1.0961977510
0.3328528294  -0.3558061469  -1.1000085836
0.3290415930  -0.3515182527  -1.1038033902
0.3252463855  -0.3472514046  -1.1075822467
0.3214671307  -0.3430055570  -1.1113452279
0.3177037528  -0.3387806507  -1.1150924081
0.3139561769  -0.3345766195  -1.1188238617
0.3102243287  -0.3303933976  -1.1225396625
0.3065081344  -0.3262309200  -1.1262398840
0.3028075204  -0.3220891221  -1.1299245992
0.2991224137  -0.3179679393  -1.1335938806
0.2954527420  -0.3138673074  -1.1372478002
0.2917984331  -0.3097871623  -1.1408864297
0.2881594153  -0.3057274251  -1.1445098404
0.2845356173  -0.3016879891  -1.1481181031
0.2809269683  -0.2976687799  -1.1517112883
0.2773333980  -0.2936698024  -1.1552894661
0.2737548364  -0.2896910541  -1.1588527058
0.2701912138  -0.2857324710  -1.1624010766
0.2666424609  -0.2817939764  -1.1659346477
0.2631085087  -0.2778755008  -1.1694534877
0.2595892886  -0.2739769733  -1.1729576649
0.2560847321  -0.2700983221  -1.1764472475
0.2525947713  -0.2662394743  -1.1799223032
0.2491193384  -0.2624003561  -1.1833828996
0.2456583660  -0.2585808936  -1.1868291038
0.2422117868  -0.2547810121  -1.1902609829
0.2387795341  -0.2510006371  -1.1936786035
0.2353615411  -0.2472396941  -1.1970820320
0.2319577414  -0.2434981087  -1.2004713347
0.2285680690  -0.2397758067  -1.2038465774
0.2251924580  -0.2360727146  -1.2072078259
0.2218308426  -0.2323887589  -1.2105551455
0.2184831575  -0.2287238671  -1.2138886016
0.2151493373  -0.2250779669  -1.2172082590
0.2118293172  -0.2214509867  -1.2205141825
0.2085230323  -0.2178428553  -1.2238064367
0.2052304179  -0.2142535021  -1.2270850860
0.2019514098  -0.2106828570  -1.2303501944
0.1986859435  -0.2071308502  -1.2336018260
0.1954339552  -0.2035974121  -1.2368400446
0.1921953809  -0.2000824736  -1.2400649136
0.1889701569  -0.1965859656  -1.2432764966
0.1857582197  -0.1931078189  -1.2464748567
0.1825595059  -0.1896479642  -1.2496600571
0.1793739538  -0.1862065043  -1.2528321799
0.1762015037  -0.1827835953  -1.2559913294
0.1730420905  -0.1793787556  -1.2591375543
0.1698956433  -0.1759913906  -1.2622708521
0.1667620971  -0.1726216357  -1.2653912625
0.1636413934  -0.1692696954  -1.2684988503
0.1605334722  -0.1659355178  -1.2715936715
0.1574382718  -0.1626190465  -1.2746757829
0.1543557306  -0.1593202230  -1.2777452428
0.1512857873  -0.1560389857  -1.2808021111
0.1482283804  -0.1527752698  -1.2838464493
0.1451834489  -0.1495290077  -1.2868783203
0.1421509316  -0.1463001282  -1.2898977891
0.1391307673  -0.1430885571  -1.2929049224
0.1361228951  -0.1398942167  -1.2958997887
0.1331272540  -0.1367170265  -1.2988824582
0.1301437830  -0.1335569026  -1.3018530032
0.1271724211  -0.1304137583  -1.3048114974
0.1242131075  -0.1272875041  -1.3077580165
0.1212657810  -0.1241780480  -1.3106926374
0.1183303808  -0.1210852956  -1.3136154386
0.1154068460  -0.1180091503  -1.3165264998
0.1124951155  -0.1149495139  -1.3194259018
0.1095951286  -0.1119062860  -1.3223137260
0.1067068244  -0.1088793653  -1.3251900546
0.1038301419  -0.1058686491  -1.3280549701
0.1009650205  -0.1028740337  -1.3309085546
0.0981113993  -0.0998954148  -1.3337508902
0.0952692177  -0.0969326876  -1.3365820582
0.0924384149  -0.0939857471  -1.3394021386
0.0896189306  -0.0910544881  -1.3422112100
0.0868107040  -0.0881388060  -1.3450093490
0.0840148424  -0.0852387140  -1.3478372043
0.0812320478  -0.0823541692  -1.3507149489
0.0784592323  -0.0794847544  -1.3535733100
0.0756954463  -0.0766302907  -1.3564302320
0.0729421987  -0.0737908437  -1.3592845278
0.0701994045  -0.0709663148  -1.3621348406
0.0674669850  -0.0681566068  -1.3649796437
0.0647448682  -0.0653616242  -1.3678172404
0.0620329893  -0.0625812723  -1.3706457645
0.0593312910  -0.0598154578  -1.3734631794
0.0566397239  -0.0570640881  -1.3762672789
0.0539582471  -0.0543270713  -1.3790556871
0.0512868279  -0.0516043162  -1.3818258579
0.0486254430  -0.0488957316  -1.3845750755
0.0459740778  -0.0462012264  -1.3873004541
0.0433327275  -0.0435207093  -1.3899989383
0.0407013963  -0.0408540887  -1.3926673025
0.0380800983  -0.0382012722  -1.3953021514
0.0354688570  -0.0355621668  -1.3978999198
0.0328677054  -0.0329366785  -1.4004568727
0.0302766856  -0.0303247122  -1.4029691050
0.0276958491  -0.0277261719  -1.4054325420
0.0251252559  -0.0251409603  -1.4078429389
0.0225649741  -0.0225689791  -1.4101958811
0.0200150795  -0.0200101292  -1.4124867843
0.0174756550  -0.0174643103  -1.4147108941
0.0149467892  -0.0149314219  -1.4168632863
0.0124285761  -0.0124113631  -1.4189388668
0.0099211132  -0.0099040330  -1.4209323717
0.0074245008  -0.0074093311  -1.4228383671
0.0049388402  -0.0049271579  -1.4246512494
0.0024642320  -0.0024574149  -1.4263652450
0.0024626010  -0.0024574047  -1.4263652450
