0.163589
1.1682922235  -1.7257035180   0.0000705805
1.1682922235  -1.7257035180   0.0000705805
1.1683031083  -1.7257284346   0.0000622575
1.1683044238  -1.7257212897   0.0000371160
1.1682900202  -1.7256680009  -0.0000053424
1.1682575366  -1.7255634543  -0.0000656084
1.1682059738  -1.7254055419  -0.0001441652
1.1681347197  -1.7251930080  -0.0002414886
1.1680433104  -1.7249249203  -0.0003580468
1.1679313494  -1.7246004913  -0.0004943005
1.1677984746  -1.7242190054  -0.0006507028
1.1676443431  -1.7237797855  -0.0008276993
1.1674686231  -1.7232821762  -0.0010257283
1.1672709900  -1.7227255344  -0.0012452201
1.1670511240  -1.7221092244  -0.0014865980
1.1668087082  -1.7214326152  -0.0017502775
1.1665434283  -1.7206950788  -0.0020366665
1.1662549720  -1.7198959897  -0.0023461655
1.1659430283  -1.7190347243  -0.0026791676
1.1656072880  -1.7181106609  -0.0030360582
1.1652474429  -1.7171231805  -0.0034172152
1.1648631865  -1.7160716666  -0.0038230090
1.1644542136  -1.7149555064  -0.0042538025
1.1640202206  -1.7137740907  -0.0047099510
1.1635609055  -1.7125268152  -0.0051918023
1.1630759681  -1.7112130812  -0.0056996969
1.1625651102  -1.7098322960  -0.0062339674
1.1620280355  -1.7083838742  -0.0067949391
1.1614644500  -1.7068672383  -0.0073829297
1.1608740623  -1.7052818197  -0.0079982496
1.1602565833  -1.7036270596  -0.0086412012
1.1596117268  -1.7019024099  -0.0093120800
1.1589392098  -1.7001068519  -0.0100122663
1.1582387546  -1.6982402933  -0.0107410446
1.1575100837  -1.6963028548  -0.0114983158
1.1567529203  -1.6942936875  -0.0122843573
1.1559669940  -1.6922121408  -0.0130994283
1.1551520389  -1.6900577099  -0.0139437847
1.1543077918  -1.6878299252  -0.0148176783
1.1534339939  -1.6855283432  -0.0157213578
1.1525303922  -1.6831525440  -0.0166550679
1.1515967385  -1.6807021305  -0.0176190488
1.1506327894  -1.6781767284  -0.0186135358
1.1496383068  -1.6755759873  -0.0196387599
1.1486130579  -1.6728995820  -0.0206949467
1.1475568155  -1.6701472132  -0.0217823169
1.1464693579  -1.6673186082  -0.0229010853
1.1453504695  -1.6644135214  -0.0240514614
1.1441999406  -1.6614317347  -0.0252336486
1.1430175676  -1.6583730578  -0.0264478445
1.1418031533  -1.6552373289  -0.0276942403
1.1405565071  -1.6520244149  -0.0289730196
1.1392774447  -1.6487342127  -0.0302843581
1.1379657888  -1.6453666494  -0.0316284249
1.1366213687  -1.6419216827  -0.0330053838
1.1352440212  -1.6383993016  -0.0344153930
1.1338335897  -1.6347995271  -0.0358586046
1.1323899238  -1.6311224115  -0.0373351650
1.1309128726  -1.6273680320  -0.0388452139
1.1294022917  -1.6235364981  -0.0403888848
1.1278580511  -1.6196279595  -0.0419663045
1.1262800295  -1.6156426017  -0.0435775929
1.1246681134  -1.6115806442  -0.0452228612
1.1230221970  -1.6074422303  -0.0469022100
1.1213421815  -1.6032276088  -0.0486157279
1.1196279767  -1.5989373264  -0.0503634926
1.1178795010  -1.5945718416  -0.0521455711
1.1160966804  -1.5901314593  -0.0539620201
1.1142794479  -1.5856165629  -0.0558128864
1.1124277444  -1.5810276003  -0.0576982074
1.1105415190  -1.5763650579  -0.0596180143
1.1086207245  -1.5716294545  -0.0615723377
1.1066653046  -1.5668213252  -0.0635612064
1.1046752120  -1.5619412370  -0.0655846437
1.1026504227  -1.5569897995  -0.0676426675
1.1005909221  -1.5519676499  -0.0697352901
1.0984967035  -1.5468754523  -0.0718625185
1.0963677679  -1.5417138999  -0.0740243546
1.0942041240  -1.5364837164  -0.0762207953
1.0920057876  -1.5311856551  -0.0784518328
1.0897727823  -1.5258204990  -0.0807174544
1.0875051384  -1.5203890615  -0.0830176429
1.0852028885  -1.5148921809  -0.0853523770
1.0828660096  -1.5093306650  -0.0877216308
1.0804944805  -1.5037053392  -0.0901253745
1.0780883613  -1.4980171194  -0.0925635737
1.0756477449  -1.4922669695  -0.0950361903
1.0731727352  -1.4864558796  -0.0975431819
1.0706634467  -1.4805848639  -0.1000845024
1.0681200034  -1.4746549589  -0.1026601017
1.0655425378  -1.4686672218  -0.1052699257
1.0629311911  -1.4626227291  -0.1079139164
1.0602861142  -1.4565225776  -0.1105920120
1.0576074618  -1.4503678869  -0.1133041469
1.0548953107  -1.4441597043  -0.1160502516
1.0521496471  -1.4378989737  -0.1188302530
1.0493704335  -1.4315866251  -0.1216440742
1.0465576218  -1.4252235956  -0.1244916342
1.0437111537  -1.4188108167  -0.1273728481
1.0408309615  -1.4123492097  -0.1302876177
1.0379169683  -1.4058396930  -0.1332358248
1.0349690938  -1.3992832038  -0.1362173566
1.0319874302  -1.3926808923  -0.1392321329
1.0289722483  -1.3860340390  -0.1422801049
1.0259237509  -1.3793436793  -0.1453612473
1.0228420631  -1.3726107100  -0.1484755392
1.0197273083  -1.3658362011  -0.1516229257
1.0165796082  -1.3590214042  -0.1548032982
1.0133990874  -1.3521676119  -0.1580165072
1.0101858765  -1.3452760901  -0.1612623698
1.0069401127  -1.3383480811  -0.1645406717
1.0036619389  -1.3313848082  -0.1678511699
1.0003515031  -1.3243874691  -0.1711936170
0.9970089636  -1.3173572340  -0.1745677881
0.9936344880  -1.3102952524  -0.1779734715
0.9902282476  -1.3032026564  -0.1814104539
0.9867904158  -1.2960805616  -0.1848785193
0.9833211704  -1.2889300661  -0.1883774497
0.9798207012  -1.2817522624  -0.1919070260
0.9762892049  -1.2745482305  -0.1954670291
0.9727268750  -1.2673190255  -0.1990572389
0.9691339062  -1.2600656857  -0.2026774330
0.9655104966  -1.2527892372  -0.2063273861
0.9618568480  -1.2454906963  -0.2100068715
0.9581731669  -1.2381710731  -0.2137156619
0.9544596710  -1.2308313801  -0.2174535311
0.9507165859  -1.2234726287  -0.2212202550
0.9469441373  -1.2160958207  -0.2250156121
0.9431425535  -1.2087019535  -0.2288393859
0.9393120674  -1.2012920229  -0.2326913661
0.9354529157  -1.1938670239  -0.2365713497
0.9315647690  -1.1864274027  -0.2404791391
0.9276471894  -1.1789734884  -0.2444145411
0.9237009933  -1.1715068086  -0.2483773493
0.9197278488  -1.1640297379  -0.2523673435
0.9157295290  -1.1565448223  -0.2563843736
0.9117079046  -1.1490547535  -0.2604283981
0.9076640516  -1.1415614616  -0.2644993589
0.9035974671  -1.1340652602  -0.2685970936
0.8995071271  -1.1265658130  -0.2727213925
0.8953921911  -1.1190629115  -0.2768720533
0.8912517447  -1.1115562854  -0.2810488854
0.8870847869  -1.1040455819  -0.2852517040
0.8828903048  -1.0965304496  -0.2894803267
0.8786684224  -1.0890118161  -0.2937345749
0.8744200589  -1.0814914939  -0.2980142777
0.8701455795  -1.0739706620  -0.3023192706
0.8658450853  -1.0664501881  -0.3066493951
0.8615186780  -1.0589309319  -0.3110044979
0.8571664651  -1.0514137582  -0.3153844285
0.8527886069  -1.0438996398  -0.3197890410
0.8483852906  -1.0363895895  -0.3242181988
0.8439566615  -1.0288845081  -0.3286717600
0.8395028379  -1.0213852408  -0.3331495337
0.8350239370  -1.0138926201  -0.3376513183
0.8305201197  -1.0064075116  -0.3421769834
0.8259916215  -0.9989308883  -0.3467264337
0.8214386566  -0.9914636713  -0.3512995486
0.8168613785  -0.9840066472  -0.3558961848
0.8122599357  -0.9765605716  -0.3605161767
0.8076345051  -0.9691262383  -0.3651593166
0.8029853180  -0.9617045428  -0.3698253248
0.7983125592  -0.9542962822  -0.3745138025
0.7936163132  -0.9469020751  -0.3792241082
0.7888965596  -0.9395224535  -0.3839549340
0.7841523732  -0.9321581095  -0.3886993149
0.7793834526  -0.9248097178  -0.3934547500
0.7745937236  -0.9174775949  -0.3982361028
0.7697873011  -0.9101624824  -0.4030557189
0.7649630019  -0.9028659344  -0.4079127676
0.7601179297  -0.8955891846  -0.4128046155
0.7552510673  -0.8883326411  -0.4177298610
0.7503624271  -0.8810965177  -0.4226871779
0.7454522305  -0.8738811475  -0.4276751615
0.7405206216  -0.8666866656  -0.4326923391
0.7355676247  -0.8595129450  -0.4377371589
0.7305934308  -0.8523600662  -0.4428079687
0.7255982964  -0.8452281034  -0.4479030278
0.7205824255  -0.8381169480  -0.4530205282
0.7155460991  -0.8310265958  -0.4581586026
0.7104894758  -0.8239568238  -0.4633153290
0.7054127182  -0.8169073667  -0.4684887367
0.7003160577  -0.8098780200  -0.4736768113
0.6951999728  -0.8028687543  -0.4788775020
0.6900639745  -0.7958785865  -0.4840887288
0.6849055904  -0.7889045138  -0.4893083897
0.6797251144  -0.7819462911  -0.4945343653
0.6745251458  -0.7750060455  -0.4997645219
0.6693060627  -0.7680836441  -0.5049967176
0.6640671620  -0.7611778212  -0.5102288097
0.6588076485  -0.7542872579  -0.5154586620
0.6535261703  -0.7474101106  -0.5206841490
0.6482202750  -0.7405434820  -0.5259031613
0.6428857118  -0.7336827533  -0.5311136115
0.6375146651  -0.7268198796  -0.5363134432
0.6320913496  -0.7199390751  -0.5415006432
0.6265766655  -0.7130016208  -0.5466732858
0.6206361363  -0.7056768847  -0.5518295438
0.6146802169  -0.6983816999  -0.5569675101
0.6093428894  -0.6917438553  -0.5620850768
0.6043222084  -0.6854491636  -0.5671801599
0.5993589746  -0.6792343845  -0.5722509060
0.5944256362  -0.6730705927  -0.5772956270
0.5895215305  -0.6669559816  -0.5823127122
0.5846464141  -0.6608892993  -0.5873006257
0.5798000556  -0.6548693778  -0.5922579209
0.5749822430  -0.6488951300  -0.5971832511
0.5701927834  -0.6429655485  -0.6020753731
0.5654315003  -0.6370797048  -0.6069331487
0.5606982319  -0.6312367470  -0.6117555505
0.5559928313  -0.6254358972  -0.6165416670
0.5513151647  -0.6196764491  -0.6212907084
0.5466651112  -0.6139577642  -0.6260020134
0.5420425606  -0.6082792690  -0.6306750525
0.5374474105  -0.6026404510  -0.6353094272
0.5328795680  -0.5970408554  -0.6399048899
0.5283389603  -0.5914800801  -0.6444614028
0.5238255293  -0.5859577727  -0.6489791175
0.5193392005  -0.5804736273  -0.6534582920
0.5148798821  -0.5750273792  -0.6578993166
0.5104474923  -0.5696187980  -0.6623027782
0.5060419639  -0.5642476833  -0.6666694709
0.5016632349  -0.5589138624  -0.6710004101
0.4973112494  -0.5536171865  -0.6752968713
0.4929859649  -0.5483575273  -0.6795604499
0.4886873654  -0.5431347751  -0.6837931679
0.4844154918  -0.5379488395  -0.6879976974
0.4801705342  -0.5327996736  -0.6921779558
0.4759538857  -0.5276872674  -0.6963452088
0.4717666243  -0.5226116285  -0.7005083838
0.4676051692  -0.5175727318  -0.7046577094
0.4634646844  -0.5125703105  -0.7087817648
0.4593451291  -0.5076038597  -0.7128801326
0.4552485827  -0.5026729389  -0.7169542456
0.4511757258  -0.4977772508  -0.7210044472
0.4471264442  -0.4929165291  -0.7250309390
0.4431005487  -0.4880905015  -0.7290339229
0.4390978511  -0.4832988889  -0.7330136034
0.4351181649  -0.4785414067  -0.7369701870
0.4311613055  -0.4738177641  -0.7409038819
0.4272270898  -0.4691276657  -0.7448148974
0.4233153364  -0.4644708110  -0.7487034437
0.4194258656  -0.4598468954  -0.7525697309
0.4155584990  -0.4552556104  -0.7564139692
0.4117130601  -0.4506966440  -0.7602363675
0.4078893734  -0.4461696817  -0.7640371334
0.4040872654  -0.4416744069  -0.7678164727
0.4003065638  -0.4372105011  -0.7715745879
0.3965470976  -0.4327776444  -0.7753116781
0.3928086976  -0.4283755165  -0.7790279379
0.3890911961  -0.4240037990  -0.7827235582
0.3853944268  -0.4196621745  -0.7863987251
0.3817182255  -0.4153503270  -0.7900536191
0.3780624289  -0.4110679422  -0.7936884146
0.3744268754  -0.4068147082  -0.7973032787
0.3708114050  -0.4025903159  -0.8008983707
0.3672158589  -0.3983944591  -0.8044738406
0.3636400796  -0.3942268333  -0.8080298268
0.3600839102  -0.3900871331  -0.8115664519
0.3565471916  -0.3859750216  -0.8150837964
0.3530297602  -0.3818901394  -0.8185818843
0.3495314631  -0.3778322624  -0.8220607790
0.3460521755  -0.3738013466  -0.8255206731
0.3425917827  -0.3697972817  -0.8289618040
0.3391501496  -0.3658197747  -0.8323843483
0.3357271248  -0.3618684991  -0.8357884413
0.3323225601  -0.3579431863  -0.8391742181
0.3289363150  -0.3540435992  -0.8425418158
0.3255682523  -0.3501695094  -0.8458913707
0.3222182363  -0.3463206938  -0.8492230175
0.3188861327  -0.3424969341  -0.8525368895
0.3155718084  -0.3386980163  -0.8558331187
0.3122751318  -0.3349237312  -0.8591118356
0.3089959725  -0.3311738734  -0.8623731693
0.3057342014  -0.3274482417  -0.8656172477
0.3024896906  -0.3237466384  -0.8688441972
0.2992623135  -0.3200688693  -0.8720541431
0.2960519449  -0.3164147431  -0.8752472092
0.2928584603  -0.3127840718  -0.8784235183
0.2896817369  -0.3091766694  -0.8815831917
0.2865216529  -0.3055923526  -0.8847263499
0.2833780875  -0.3020309396  -0.8878531120
0.2802509213  -0.2984922508  -0.8909635959
0.2771400357  -0.2949761079  -0.8940579186
0.2740453135  -0.2914823339  -0.8971361959
0.2709666384  -0.2880107527  -0.9001985426
0.2679038953  -0.2845611890  -0.9032450726
0.2648569699  -0.2811334676  -0.9062758986
0.2618257494  -0.2777274135  -0.9092911325
0.2588101216  -0.2743428511  -0.9122908853
0.2558099754  -0.2709796015  -0.9152752673
0.2528252008  -0.2676374796  -0.9182443881
0.2498556889  -0.2643163004  -0.9211983568
0.2469013314  -0.2610158925  -0.9241372813
0.2439620211  -0.2577360991  -0.9270612676
0.2410376518  -0.2544767647  -0.9299704204
0.2381281181  -0.2512377293  -0.9328648438
0.2352333155  -0.2480188318  -0.9357446412
0.2323531408  -0.2448199130  -0.9386099151
0.2294874913  -0.2416408154  -0.9414607671
0.2266362653  -0.2384813828  -0.9442972981
0.2237993622  -0.2353414609  -0.9471196080
0.2209766818  -0.2322208962  -0.9499277959
0.2181681252  -0.2291195371  -0.9527219598
0.2153735941  -0.2260372297  -0.9555021974
0.2125929910  -0.2229738148  -0.9582686051
0.2098262193  -0.2199291423  -0.9610212787
0.2070731834  -0.2169030822  -0.9637603132
0.2043337883  -0.2138955038  -0.9664858026
0.2016079397  -0.2109062631  -0.9691978403
0.1988955443  -0.2079352145  -0.9718965190
0.1961965095  -0.2049822154  -0.9745819303
0.1935107434  -0.2020471242  -0.9772541655
0.1908381549  -0.1991298001  -0.9799133150
0.1881786536  -0.1962301034  -0.9825594682
0.1855321499  -0.1933478957  -0.9851927142
0.1828985550  -0.1904830393  -0.9878131410
0.1802777807  -0.1876353981  -0.9904208361
0.1776697396  -0.1848048368  -0.9930158863
0.1750743448  -0.1819912216  -0.9955983777
0.1724915104  -0.1791944196  -0.9981683954
0.1699211511  -0.1764142996  -1.0007260243
0.1673631821  -0.1736507312  -1.0032713483
0.1648175196  -0.1709035855  -1.0058044506
0.1622840801  -0.1681727347  -1.0083254140
0.1597627811  -0.1654580526  -1.0108343203
0.1572535406  -0.1627594137  -1.0133312510
0.1547562772  -0.1600766943  -1.0158162865
0.1522709102  -0.1574097715  -1.0182895071
0.1497973597  -0.1547585238  -1.0207509920
0.1473355461  -0.1521228308  -1.0232008201
0.1448853907  -0.1495025732  -1.0256390694
0.1424468153  -0.1468976329  -1.0280658175
0.1400197423  -0.1443078928  -1.0304811412
0.1376040948  -0.1417332368  -1.0328851170
0.1351997964  -0.1391735499  -1.0352778204
0.1328067719  -0.1366287574  -1.0376593367
0.1304249473  -0.1340987977  -1.0400297624
0.1280542472  -0.1315834644  -1.0423891641
0.1256945949  -0.1290825267  -1.0447375809
0.1233459158  -0.1265959213  -1.0470750737
0.1210081387  -0.1241236020  -1.0494017162
0.1186811920  -0.1216654650  -1.0517175765
0.1163650041  -0.1192214064  -1.0540227233
0.1140595040  -0.1167913224  -1.0563172252
0.1117646212  -0.1143751095  -1.0586011512
0.1094802859  -0.1119726647  -1.0608745706
0.1072064285  -0.1095838850  -1.0631375533
0.1049429802  -0.1072086678  -1.0653901696
0.1026898726  -0.1048469105  -1.0676324901
0.1004470379  -0.1024985108  -1.0698645862
0.0982144086  -0.1001633667  -1.0720865296
0.0959919178  -0.0978413763  -1.0742983926
0.0937794992  -0.0955324379  -1.0765002480
0.0915770867  -0.0932364505  -1.0786921691
0.0893846149  -0.0909533128  -1.0808742293
0.0872020187  -0.0886829244  -1.0830465027
0.0850292336  -0.0864251851  -1.0852090633
0.0828661954  -0.0841799950  -1.0873619856
0.0807128404  -0.0819472551  -1.0895053437
0.0785691053  -0.0797268664  -1.0916392119
0.0764349275  -0.0775187310  -1.0937636641
0.0743102445  -0.0753227512  -1.0958787739
0.0721949943  -0.0731388303  -1.0979846140
0.0700891156  -0.0709668722  -1.1000812567
0.0679925471  -0.0688067813  -1.1021687730
0.0659052283  -0.0666584632  -1.1042472329
0.0638270990  -0.0645218240  -1.1063167048
0.0617587146  -0.0623967893  -1.1084069486
0.0597004190  -0.0602832765  -1.1105327369
0.0576505581  -0.0581811445  -1.1126434002
0.0556086036  -0.0560902910  -1.1147520847
0.0535753234  -0.0540106537  -1.1168579380
0.0515506463  -0.0519421445  -1.1189599838
0.0495345046  -0.0498846766  -1.1210571214
0.0475268347  -0.0478381641  -1.1231481259
0.0455275769  -0.0458025220  -1.1252316484
0.0435366760  -0.0437776663  -1.1273062155
0.0415540815  -0.0417635136  -1.1293702298
0.0395797474  -0.0397599816  -1.1314219696
0.0376136329  -0.0377669887  -1.1334595890
0.0356557021  -0.0357844540  -1.1354811180
0.0337059247  -0.0338122973  -1.1374844622
0.0317642753  -0.0318504390  -1.1394674031
0.0298307342  -0.0298988001  -1.1414275981
0.0279052871  -0.0279573024  -1.1433625801
0.0259879253  -0.0260258677  -1.1452697582
0.0240786452  -0.0241044189  -1.1471464168
0.0221774487  -0.0221928791  -1.1489897167
0.0202843429  -0.0202911717  -1.1507966938
0.0183993399  -0.0183992208  -1.1525642604
0.0165224563  -0.0165169511  -1.1542892043
0.0146537132  -0.0146442875  -1.1559681890
0.0127931358  -0.0127811555  -1.1575977541
0.0109407526  -0.0109274814  -1.1591743148
0.0090965952  -0.0090831919  -1.1606941619
0.0072606973  -0.0072482145  -1.1621534625
0.0054330944  -0.0054224773  -1.1635482590
0.0036138225  -0.0036059095  -1.1648744699
0.0018029176  -0.0017984410  -1.1661278893
0.0018020447  -0.0017984362  -1.1661278893
