0.205131
0.8764607506  -1.1560511280   0.0000356330
0.8764607506  -1.1560511280   0.0000356330
0.8764665400  -1.1560624838   0.0000322605
0.8764678624  -1.1560626708   0.0000208938
0.8764616231  -1.1560457175   0.0000013234
0.8764468324  -1.1560098909  -0.0000266596
0.8764230602  -1.1559544359  -0.0000632630
0.8763900372  -1.1558788763  -0.0001086940
0.8763475549  -1.1557828403  -0.0001631587
0.8762954313  -1.1556660016  -0.0002268628
0.8762334979  -1.1555280550  -0.0003000106
0.8761615922  -1.1553687058  -0.0003828062
0.8760795557  -1.1551876642  -0.0004754523
0.8759872309  -1.1549846422  -0.0005781512
0.8758844612  -1.1547593517  -0.0006911042
0.8757710896  -1.1545115037  -0.0008145118
0.8756469588  -1.1542408077  -0.0009485736
0.8755119104  -1.1539469710  -0.0010934885
0.8753657852  -1.1536296990  -0.0012494545
0.8752084231  -1.1532886945  -0.0014166687
0.8750396625  -1.1529236579  -0.0015953276
0.8748593406  -1.1525342872  -0.0017856266
0.8746672936  -1.1521202781  -0.0019877606
0.8744633561  -1.1516813236  -0.0022019233
0.8742473614  -1.1512171146  -0.0024283078
0.8740191417  -1.1507273397  -0.0026671064
0.8737785277  -1.1502116852  -0.0029185104
0.8735253487  -1.1496698354  -0.0031827105
0.8732594327  -1.1491014725  -0.0034598964
0.8729806066  -1.1485062769  -0.0037502570
0.8726886956  -1.1478839273  -0.0040539805
0.8723835239  -1.1472341006  -0.0043712541
0.8720649131  -1.1465563496  -0.0047027917
0.8717326864  -1.1458504567  -0.0050482899
0.8713866656  -1.1451162590  -0.0054077456
0.8710266679  -1.1443533404  -0.0057813509
0.8706525105  -1.1435613258  -0.0061692896
0.8702640098  -1.1427398751  -0.0065717442
0.8698609813  -1.1418886523  -0.0069888983
0.8694432392  -1.1410073224  -0.0074209373
0.8690105966  -1.1400955510  -0.0078680482
0.8685628655  -1.1391530038  -0.0083304192
0.8680998568  -1.1381793472  -0.0088082398
0.8676213806  -1.1371742481  -0.0093017006
0.8671272456  -1.1361373738  -0.0098109932
0.8666172599  -1.1350683929  -0.0103363102
0.8660912304  -1.1339669755  -0.0108778452
0.8655489632  -1.1328327932  -0.0114357927
0.8649902636  -1.1316655199  -0.0120103479
0.8644149360  -1.1304648311  -0.0126017070
0.8638227838  -1.1292304052  -0.0132100668
0.8632136100  -1.1279619231  -0.0138356250
0.8625872166  -1.1266590684  -0.0144785799
0.8619434051  -1.1253215280  -0.0151391304
0.8612819763  -1.1239489920  -0.0158174760
0.8606027304  -1.1225411543  -0.0165138168
0.8599054670  -1.1210977125  -0.0172283534
0.8591899854  -1.1196183690  -0.0179612869
0.8584560842  -1.1181028302  -0.0187128188
0.8577035618  -1.1165508069  -0.0194831506
0.8569322161  -1.1149620140  -0.0202724826
0.8561418447  -1.1133361711  -0.0210810133
0.8553322449  -1.1116730026  -0.0219089423
0.8545032141  -1.1099722053  -0.0227564714
0.8536545493  -1.1082335018  -0.0236238040
0.8527860473  -1.1064566983  -0.0245111452
0.8518975055  -1.1046415724  -0.0254187018
0.8509887211  -1.1027878504  -0.0263466816
0.8500594914  -1.1008952776  -0.0272952941
0.8491096137  -1.0989636153  -0.0282647497
0.8481388854  -1.0969926323  -0.0292552593
0.8471471046  -1.0949821040  -0.0302670349
0.8461340695  -1.0929318123  -0.0313002886
0.8450995790  -1.0908415458  -0.0323552323
0.8440434323  -1.0887111005  -0.0334320747
0.8429654288  -1.0865402795  -0.0345310181
0.8418653683  -1.0843288931  -0.0356522589
0.8407430515  -1.0820767592  -0.0367959892
0.8395982795  -1.0797837024  -0.0379623974
0.8384308545  -1.0774495552  -0.0391516672
0.8372405796  -1.0750741574  -0.0403639781
0.8360272587  -1.0726573570  -0.0415995057
0.8347906968  -1.0701990103  -0.0428584213
0.8335307002  -1.0676989819  -0.0441408923
0.8322470763  -1.0651571454  -0.0454470824
0.8309396337  -1.0625733836  -0.0467771521
0.8296081828  -1.0599475888  -0.0481312585
0.8282525351  -1.0572796631  -0.0495095572
0.8268725043  -1.0545695176  -0.0509122083
0.8254679061  -1.0518170732  -0.0523393782
0.8240385579  -1.0490222616  -0.0537912350
0.8225842631  -1.0461850110  -0.0552679458
0.8211047463  -1.0433051851  -0.0567696775
0.8195997538  -1.0403826767  -0.0582965974
0.8180691339  -1.0374174855  -0.0598488732
0.8165127597  -1.0344096445  -0.0614266727
0.8149305165  -1.0313592111  -0.0630301639
0.8133223010  -1.0282662682  -0.0646595156
0.8116880220  -1.0251309217  -0.0663148969
0.8100276000  -1.0219532997  -0.0679964775
0.8083409673  -1.0187335634  -0.0697044284
0.8066280680  -1.0154719184  -0.0714389206
0.8048888577  -1.0121685702  -0.0732001254
0.8031233038  -1.0088236456  -0.0749882149
0.8013313845  -1.0054372255  -0.0768033620
0.7995130768  -1.0020094741  -0.0786457399
0.7976682119  -0.9985405557  -0.0805155216
0.7957965109  -0.9950305899  -0.0824128797
0.7938977400  -0.9914797324  -0.0843379879
0.7919716790  -0.9878881442  -0.0862910204
0.7900180956  -0.9842559725  -0.0882721519
0.7880367451  -0.9805833512  -0.0902815567
0.7860273700  -0.9768704002  -0.0923194093
0.7839897004  -0.9731172252  -0.0943858841
0.7819234533  -0.9693239180  -0.0964811552
0.7798283328  -0.9654905562  -0.0986053969
0.7777040302  -0.9616172033  -0.1007587839
0.7755502235  -0.9577039082  -0.1029414909
0.7733665778  -0.9537507062  -0.1051536912
0.7711528338  -0.9497577226  -0.1073955570
0.7689090028  -0.9457253904  -0.1096672595
0.7666351115  -0.9416541637  -0.1119689683
0.7643310088  -0.9375442971  -0.1143008531
0.7619965345  -0.9333960352  -0.1166630844
0.7596315323  -0.9292096320  -0.1190558343
0.7572358488  -0.9249853531  -0.1214792727
0.7548093341  -0.9207234757  -0.1239335656
0.7523518416  -0.9164242898  -0.1264188751
0.7498632286  -0.9120880980  -0.1289353598
0.7473433560  -0.9077152157  -0.1314831736
0.7447920957  -0.9033059864  -0.1340624634
0.7422093383  -0.8988607949  -0.1366733660
0.7395949718  -0.8943799327  -0.1393159967
0.7369488720  -0.8898636073  -0.1419904447
0.7342709242  -0.8853124628  -0.1446968288
0.7315610348  -0.8807276926  -0.1474353461
0.7288191168  -0.8761101435  -0.1502061973
0.7260450668  -0.8714598620  -0.1530094967
0.7232387682  -0.8667767337  -0.1558452914
0.7204001199  -0.8620609973  -0.1587136119
0.7175290580  -0.8573131818  -0.1616144855
0.7146255245  -0.8525338791  -0.1645479341
0.7116894495  -0.8477236654  -0.1675139738
0.7087207673  -0.8428831385  -0.1705126116
0.7057194185  -0.8380129198  -0.1735438484
0.7026853503  -0.8331136521  -0.1766076822
0.6996185169  -0.8281859993  -0.1797041079
0.6965189041  -0.8232306954  -0.1828331221
0.6933865227  -0.8182485318  -0.1859947072
0.6902213605  -0.8132402665  -0.1891888002
0.6870233900  -0.8082066297  -0.1924153250
0.6837925990  -0.8031483585  -0.1956742567
0.6805289894  -0.7980661979  -0.1989656010
0.6772325707  -0.7929609150  -0.2022893438
0.6739033982  -0.7878333743  -0.2056454508
0.6705415398  -0.7826844523  -0.2090338756
0.6671470302  -0.7775149434  -0.2124545565
0.6637198999  -0.7723256222  -0.2159074096
0.6602601828  -0.7671172579  -0.2193923176
0.6567679353  -0.7618906542  -0.2229091166
0.6532432610  -0.7566466973  -0.2264575680
0.6496862430  -0.7513862261  -0.2300373041
0.6460969018  -0.7461099714  -0.2336477156
0.6424751968  -0.7408186048  -0.2372876408
0.6388204079  -0.7355128491  -0.2409503126
0.6351319056  -0.7301935000  -0.2446304731
0.6314120604  -0.7248611295  -0.2483403001
0.6276646106  -0.7195164399  -0.2520962354
0.6238898277  -0.7141606763  -0.2559019897
0.6200854535  -0.7087951842  -0.2597550403
0.6162500985  -0.7034208724  -0.2636535154
0.6123834956  -0.6980382444  -0.2675960920
0.6084857045  -0.6926477565  -0.2715813303
0.6045568755  -0.6872499555  -0.2756076695
0.6005971032  -0.6818452389  -0.2796734344
0.5966063859  -0.6764337799  -0.2837768444
0.5925848667  -0.6710159180  -0.2879160211
0.5885327256  -0.6655919784  -0.2920889962
0.5844501159  -0.6601621312  -0.2962937195
0.5803374676  -0.6547268496  -0.3005280654
0.5761940871  -0.6492854430  -0.3047898413
0.5720180105  -0.6438358559  -0.3090767961
0.5678093289  -0.6383780953  -0.3133866272
0.5635703895  -0.6329144391  -0.3177169873
0.5593022156  -0.6274458142  -0.3220654913
0.5550045381  -0.6219717941  -0.3264297229
0.5506772303  -0.6164920601  -0.3308072416
0.5463200481  -0.6110061938  -0.3351955900
0.5419326078  -0.6055136360  -0.3395923014
0.5375140301  -0.6000133242  -0.3439949069
0.5330628211  -0.5945036189  -0.3484009419
0.5285766060  -0.5889820397  -0.3528079522
0.5240511354  -0.5834442881  -0.3572135008
0.5194789298  -0.5778829463  -0.3616151772
0.5148456705  -0.5722839365  -0.3660106079
0.5101187552  -0.5666152629  -0.3703974934
0.5049620392  -0.5605431975  -0.3747736349
0.4996095409  -0.5543092992  -0.3791368152
0.4947872550  -0.5486378974  -0.3834846602
0.4904505558  -0.5434724297  -0.3878147608
0.4862575461  -0.5384652424  -0.3921248828
0.4820950052  -0.5335018484  -0.3964129771
0.4779599423  -0.5285785614  -0.4006771005
0.4738518529  -0.5236941573  -0.4049153942
0.4697705020  -0.5188477249  -0.4091260947
0.4657156718  -0.5140384207  -0.4133075431
0.4616871634  -0.5092654695  -0.4174581953
0.4576847959  -0.5045281619  -0.4215766268
0.4537084039  -0.4998258534  -0.4256615361
0.4497578365  -0.4951579612  -0.4297117517
0.4458329553  -0.4905239612  -0.4337262337
0.4419336360  -0.4859233861  -0.4377040969
0.4380597756  -0.4813558219  -0.4416446596
0.4342112870  -0.4768209046  -0.4455474273
0.4303880759  -0.4723183163  -0.4494120247
0.4265900376  -0.4678477803  -0.4532382032
0.4228170753  -0.4634090573  -0.4570258964
0.4190691060  -0.4590019416  -0.4607752332
0.4153460520  -0.4546262578  -0.4644865385
0.4116478371  -0.4502818570  -0.4681603448
0.4079743875  -0.4459686128  -0.4717974113
0.4043256325  -0.4416864178  -0.4753987506
0.4007015071  -0.4374351809  -0.4789656628
0.3971019551  -0.4332148246  -0.4824997945
0.3935269398  -0.4290252833  -0.4860032423
0.3899764647  -0.4248665046  -0.4894787494
0.3864506319  -0.4207384687  -0.4929301864
0.3829505149  -0.4166412551  -0.4963687234
0.3794774349  -0.4125749726  -0.4998066658
0.3760291927  -0.4085394510  -0.5032386579
0.3726012081  -0.4045342089  -0.5066510214
0.3691920516  -0.4005588148  -0.5100394699
0.3658032590  -0.3966130371  -0.5134052831
0.3624359147  -0.3926967031  -0.5167492529
0.3590900952  -0.3888096110  -0.5200715904
0.3557656158  -0.3849515389  -0.5233724977
0.3524622873  -0.3811222578  -0.5266521778
0.3491799220  -0.3773215322  -0.5299108362
0.3459183340  -0.3735491211  -0.5331486796
0.3426773389  -0.3698047783  -0.5363659163
0.3394567545  -0.3660882524  -0.5395627552
0.3362563998  -0.3623992879  -0.5427394056
0.3330760958  -0.3587376251  -0.5458960764
0.3299156650  -0.3551030006  -0.5490329756
0.3267749315  -0.3514951473  -0.5521503092
0.3236537209  -0.3479137962  -0.5552482810
0.3205518606  -0.3443586773  -0.5583270926
0.3174691798  -0.3408295197  -0.5613869429
0.3144055093  -0.3373260518  -0.5644280272
0.3113606814  -0.3338480011  -0.5674505366
0.3083345303  -0.3303950957  -0.5704546575
0.3053268917  -0.3269670643  -0.5734405708
0.3023376028  -0.3235636372  -0.5764084518
0.2993665027  -0.3201845460  -0.5793584689
0.2964134321  -0.3168295243  -0.5822907833
0.2934782331  -0.3134983075  -0.5852055476
0.2905607494  -0.3101906324  -0.5881029043
0.2876608259  -0.3069062351  -0.5909829823
0.2847783065  -0.3036448231  -0.5938458764
0.2819130324  -0.3004060697  -0.5966916259
0.2790648494  -0.2971897456  -0.5995202792
0.2762336226  -0.2939958065  -0.6023319898
0.2734192302  -0.2908242083  -0.6051269822
0.2706215410  -0.2876747393  -0.6079054486
0.2678404102  -0.2845471084  -0.6106675331
0.2650756916  -0.2814410613  -0.6134133685
0.2623272447  -0.2783563833  -0.6161430898
0.2595949331  -0.2752928729  -0.6188568317
0.2568786220  -0.2722503330  -0.6215547278
0.2541781783  -0.2692285701  -0.6242369097
0.2514934701  -0.2662273940  -0.6269035078
0.2488243671  -0.2632466184  -0.6295546511
0.2461707402  -0.2602860598  -0.6321904671
0.2435324620  -0.2573455382  -0.6348110817
0.2409094059  -0.2544248761  -0.6374166198
0.2383014472  -0.2515238991  -0.6400072045
0.2357084621  -0.2486424349  -0.6425829579
0.2331303282  -0.2457803139  -0.6451440007
0.2305669245  -0.2429373684  -0.6476904522
0.2280181311  -0.2401134331  -0.6502224306
0.2254838294  -0.2373083441  -0.6527400527
0.2229639019  -0.2345219395  -0.6552434342
0.2204582327  -0.2317540585  -0.6577326896
0.2179667065  -0.2290045419  -0.6602079323
0.2154892097  -0.2262732313  -0.6626692743
0.2130256295  -0.2235599693  -0.6651168268
0.2105758544  -0.2208645994  -0.6675506998
0.2081397741  -0.2181869654  -0.6699710023
0.2057172791  -0.2155269111  -0.6723778422
0.2033082615  -0.2128842793  -0.6747713265
0.2009126139  -0.2102589092  -0.6771515614
0.1985302305  -0.2076506387  -0.6795186526
0.1961610061  -0.2050593129  -0.6818727042
0.1938048369  -0.2024847880  -0.6842138193
0.1914616199  -0.1999269240  -0.6865420991
0.1891312530  -0.1973855789  -0.6888576443
0.1868136354  -0.1948606096  -0.6911605543
0.1845086672  -0.1923518744  -0.6934509279
0.1822162494  -0.1898592328  -0.6957288631
0.1799362842  -0.1873825461  -0.6979944566
0.1776686744  -0.1849216768  -0.7002478043
0.1754133240  -0.1824764890  -0.7024890013
0.1731701380  -0.1800468479  -0.7047181416
0.1709390219  -0.1776326201  -0.7069353182
0.1687198827  -0.1752336720  -0.7091406236
0.1665126278  -0.1728498688  -0.7113341491
0.1643171656  -0.1704810799  -0.7135159852
0.1621334057  -0.1681271841  -0.7156862215
0.1599612583  -0.1657880605  -0.7178449467
0.1578006343  -0.1634635834  -0.7199922489
0.1556514458  -0.1611536271  -0.7221282149
0.1535136055  -0.1588580677  -0.7242529312
0.1513870271  -0.1565767826  -0.7263664832
0.1492716249  -0.1543096500  -0.7284689556
0.1471673142  -0.1520565496  -0.7305604322
0.1450740110  -0.1498173620  -0.7326409960
0.1429916320  -0.1475919687  -0.7347107295
0.1409200950  -0.1453802529  -0.7367697140
0.1388593183  -0.1431820984  -0.7388180304
0.1368092210  -0.1409973905  -0.7408557586
0.1347697229  -0.1388260154  -0.7428829780
0.1327407448  -0.1366678608  -0.7448997670
0.1307222080  -0.1345228151  -0.7469062035
0.1287140346  -0.1323907683  -0.7489023644
0.1267161475  -0.1302716111  -0.7508883262
0.1247284700  -0.1281652356  -0.7528641645
0.1227509266  -0.1260715351  -0.7548299543
0.1207834422  -0.1239904037  -0.7567857698
0.1188259423  -0.1219217369  -0.7587316845
0.1168783533  -0.1198654310  -0.7606677715
0.1149406022  -0.1178213835  -0.7625941029
0.1130126167  -0.1157894931  -0.7645107503
0.1110943250  -0.1137696591  -0.7664177846
0.1091856562  -0.1117617823  -0.7683152760
0.1072865398  -0.1097657642  -0.7702032943
0.1053969061  -0.1077815072  -0.7720819084
0.1035166862  -0.1058089313  -0.7739511927
0.1016458122  -0.1038479624  -0.7758112281
0.0997842159  -0.1018984664  -0.7776620773
0.0979318288  -0.0999602991  -0.7795037865
0.0960885837  -0.0980333875  -0.7813364143
0.0942544153  -0.0961176663  -0.7831600269
0.0924292585  -0.0942130463  -0.7849746872
0.0906130485  -0.0923194387  -0.7867804576
0.0888057211  -0.0904367554  -0.7885774006
0.0870072126  -0.0885649088  -0.7903655787
0.0852174601  -0.0867038121  -0.7921450541
0.0834364010  -0.0848533788  -0.7939158893
0.0816639733  -0.0830135232  -0.7956781467
0.0799001156  -0.0811841600  -0.7974318889
0.0781447672  -0.0793652045  -0.7991771783
0.0763978675  -0.0775565726  -0.8009140777
0.0746593569  -0.0757581806  -0.8026426498
0.0729291759  -0.0739699456  -0.8043629573
0.0712072658  -0.0721917852  -0.8060750632
0.0694935684  -0.0704236173  -0.8077790303
0.0677880256  -0.0686653608  -0.8094749214
0.0660905804  -0.0669169349  -0.8111627994
0.0644011757  -0.0651782596  -0.8128427268
0.0627197554  -0.0634492555  -0.8145147660
0.0610462634  -0.0617298438  -0.8161789794
0.0593806444  -0.0600199463  -0.8178354286
0.0577228435  -0.0583194856  -0.8194841750
0.0560728061  -0.0566283849  -0.8211252795
0.0544304783  -0.0549465681  -0.8227588021
0.0527958065  -0.0532739597  -0.8243848022
0.0511687375  -0.0516104852  -0.8260033383
0.0495492188  -0.0499560705  -0.8276144677
0.0479375663  -0.0483106495  -0.8292412162
0.0463339698  -0.0466741533  -0.8308950146
0.0447374230  -0.0450464910  -0.8325366778
0.0431475937  -0.0434275871  -0.8341763805
0.0415649258  -0.0418173816  -0.8358134702
0.0399893612  -0.0402158051  -0.8374471982
0.0384208439  -0.0386227891  -0.8390767199
0.0368593206  -0.0370382658  -0.8407010949
0.0353047406  -0.0354621680  -0.8423192866
0.0337570558  -0.0338944294  -0.8439301625
0.0322162213  -0.0323349842  -0.8455324943
0.0306821950  -0.0307837675  -0.8471249574
0.0291549380  -0.0292407148  -0.8487061315
0.0276344146  -0.0277057623  -0.8502745002
0.0261205926  -0.0261788470  -0.8518284514
0.0246134427  -0.0246599063  -0.8533662765
0.0231129394  -0.0231488781  -0.8548861715
0.0216190606  -0.0216457011  -0.8563862360
0.0201317873  -0.0201503143  -0.8578644738
0.0186511041  -0.0186626574  -0.8593187929
0.0171769990  -0.0171826704  -0.8607470051
0.0157094631  -0.0157102941  -0.8621468262
0.0142484905  -0.0142454696  -0.8635158762
0.0127940785  -0.0127881385  -0.8648516791
0.0113462270  -0.0113382430  -0.8661516628
0.0099049383  -0.0098957258  -0.8674131594
0.0084702172  -0.0084605302  -0.8686334049
0.0070420699  -0.0070325998  -0.8698095394
0.0056205047  -0.0056118792  -0.8709386070
0.0042055304  -0.0041983131  -0.8720175559
0.0027971566  -0.0027918472  -0.8730432382
0.0013953927  -0.0013924277  -0.8740124102
0.0013948706  -0.0013924249  -0.8740124102
