0.233033
0.6983229191  -0.8538864836   0.0000247077
0.6983229191  -0.8538864836   0.0000247077
0.6983269878  -0.8538932869   0.0000225626
0.6983280515  -0.8538939130   0.0000149893
0.6983239713  -0.8538848495   0.0000018521
0.6983141068  -0.8538651496  -0.0000169849
0.6982981776  -0.8538343949  -0.0000416574
0.6982760067  -0.8537923173  -0.0000723015
0.6982474556  -0.8537387048  -0.0001090528
0.6982124032  -0.8536733688  -0.0001520473
0.6981707362  -0.8535961322  -0.0002014208
0.6981223453  -0.8535068226  -0.0002573092
0.6980671230  -0.8534052698  -0.0003198485
0.6980049626  -0.8532913041  -0.0003891744
0.6979357573  -0.8531647551  -0.0004654230
0.6978593999  -0.8530254515  -0.0005487301
0.6977757826  -0.8528732205  -0.0006392317
0.6976847966  -0.8527078876  -0.0007370637
0.6975863323  -0.8525292766  -0.0008423620
0.6974802790  -0.8523372091  -0.0009552627
0.6973665246  -0.8521315050  -0.0010759017
0.6972449562  -0.8519119821  -0.0012044149
0.6971154594  -0.8516784560  -0.0013409384
0.6969779186  -0.8514307403  -0.0014856082
0.6968322170  -0.8511686466  -0.0016385602
0.6966782363  -0.8508919842  -0.0017999306
0.6965158571  -0.8506005606  -0.0019698552
0.6963449585  -0.8502941809  -0.0021484702
0.6961654183  -0.8499726485  -0.0023359116
0.6959771129  -0.8496357644  -0.0025323155
0.6957799173  -0.8492833278  -0.0027378180
0.6955737050  -0.8489151358  -0.0029525550
0.6953583476  -0.8485309265  -0.0031770212
0.6951337167  -0.8481305456  -0.0034110169
0.6948996829  -0.8477138627  -0.0036545477
0.6946561130  -0.8472806252  -0.0039077552
0.6944028731  -0.8468305977  -0.0041707755
0.6941398279  -0.8463635605  -0.0044437437
0.6938668411  -0.8458792947  -0.0047267965
0.6935837748  -0.8453775801  -0.0050200723
0.6932904893  -0.8448581950  -0.0053237112
0.6929868440  -0.8443209166  -0.0056378551
0.6926726963  -0.8437655203  -0.0059626472
0.6923479024  -0.8431917802  -0.0062982323
0.6920123170  -0.8425994692  -0.0066447569
0.6916657933  -0.8419883586  -0.0070023688
0.6913081828  -0.8413582189  -0.0073712173
0.6909393359  -0.8407088192  -0.0077514532
0.6905591010  -0.8400399276  -0.0081432288
0.6901673254  -0.8393513112  -0.0085466978
0.6897638555  -0.8386427370  -0.0089620155
0.6893485378  -0.8379139731  -0.0093893386
0.6889212175  -0.8371647868  -0.0098288252
0.6884817369  -0.8363949433  -0.0102806349
0.6880299364  -0.8356042071  -0.0107449288
0.6875656554  -0.8347923421  -0.0112218694
0.6870887315  -0.8339591119  -0.0117116207
0.6865990008  -0.8331042798  -0.0122143482
0.6860962981  -0.8322276089  -0.0127302187
0.6855804567  -0.8313288623  -0.0132594006
0.6850513083  -0.8304078028  -0.0138020638
0.6845086834  -0.8294641936  -0.0143583795
0.6839524108  -0.8284977978  -0.0149285203
0.6833823181  -0.8275083628  -0.0155126603
0.6827982312  -0.8264956467  -0.0161109750
0.6821999747  -0.8254594480  -0.0167236413
0.6815873719  -0.8243995483  -0.0173508373
0.6809602446  -0.8233157006  -0.0179927426
0.6803184132  -0.8222076647  -0.0186495382
0.6796616969  -0.8210752066  -0.0193214065
0.6789899133  -0.8199180937  -0.0200085311
0.6783028788  -0.8187360943  -0.0207110970
0.6776004083  -0.8175289776  -0.0214292904
0.6768823155  -0.8162965141  -0.0221632990
0.6761484128  -0.8150384754  -0.0229133117
0.6753985113  -0.8137546349  -0.0236795185
0.6746324207  -0.8124447671  -0.0244621109
0.6738499497  -0.8111086478  -0.0252612815
0.6730509056  -0.8097460546  -0.0260772242
0.6722350944  -0.8083567665  -0.0269101340
0.6714023213  -0.8069405644  -0.0277602074
0.6705523899  -0.8054972313  -0.0286276420
0.6696851030  -0.8040265521  -0.0295126364
0.6688002620  -0.8025283136  -0.0304153901
0.6678976676  -0.8010023046  -0.0313361039
0.6669771190  -0.7994483163  -0.0322749793
0.6660384147  -0.7978661426  -0.0332322189
0.6650813522  -0.7962555801  -0.0342080262
0.6641057280  -0.7946164281  -0.0352026055
0.6631113376  -0.7929484893  -0.0362161620
0.6620979770  -0.7912515721  -0.0372489017
0.6610654416  -0.7895254892  -0.0383010313
0.6600135254  -0.7877700547  -0.0393727584
0.6589420209  -0.7859850852  -0.0404642913
0.6578507199  -0.7841704005  -0.0415758388
0.6567394138  -0.7823258233  -0.0427076110
0.6556078929  -0.7804511820  -0.0438598181
0.6544559472  -0.7785463110  -0.0450326708
0.6532833661  -0.7766110502  -0.0462263802
0.6520899383  -0.7746452508  -0.0474411577
0.6508754523  -0.7726487836  -0.0486772149
0.6496396961  -0.7706215108  -0.0499347637
0.6483824576  -0.7685632317  -0.0512140163
0.6471035244  -0.7664737037  -0.0525151854
0.6458026836  -0.7643527311  -0.0538384839
0.6444797220  -0.7622002023  -0.0551841248
0.6431344263  -0.7600160528  -0.0565523208
0.6417665833  -0.7578002257  -0.0579432845
0.6403759800  -0.7555526616  -0.0593572280
0.6389624036  -0.7532732991  -0.0607943631
0.6375256420  -0.7509620769  -0.0622549014
0.6360654871  -0.7486189396  -0.0637390539
0.6345817314  -0.7462438302  -0.0652470312
0.6330741647  -0.7438366835  -0.0667790431
0.6315425768  -0.7413974345  -0.0683352996
0.6299867580  -0.7389260199  -0.0699160106
0.6284064994  -0.7364223760  -0.0715213850
0.6268015926  -0.7338864380  -0.0731516307
0.6251718298  -0.7313181412  -0.0748069545
0.6235170044  -0.7287174232  -0.0764875619
0.6218369106  -0.7260842245  -0.0781936568
0.6201313435  -0.7234184895  -0.0799254428
0.6184000998  -0.7207201677  -0.0816831223
0.6166429772  -0.7179892140  -0.0834668960
0.6148597748  -0.7152255903  -0.0852769619
0.6130502981  -0.7124292768  -0.0871135154
0.6112143598  -0.7096002733  -0.0889767493
0.6093517699  -0.7067385795  -0.0908668541
0.6074623352  -0.7038441929  -0.0927840189
0.6055458641  -0.7009171182  -0.0947284301
0.6036021667  -0.6979573630  -0.0967002698
0.6016310537  -0.6949648374  -0.0986997062
0.5996323358  -0.6919393818  -0.1007268901
0.5976058303  -0.6888813088  -0.1027819982
0.5955513698  -0.6857915317  -0.1048652715
0.5934687920  -0.6826706099  -0.1069769627
0.5913579291  -0.6795182645  -0.1091172685
0.5892186152  -0.6763340220  -0.1112863353
0.5870506838  -0.6731177066  -0.1134842940
0.5848539669  -0.6698693861  -0.1157112715
0.5826283037  -0.6665892332  -0.1179673919
0.5803735390  -0.6632774581  -0.1202527793
0.5780895217  -0.6599342976  -0.1225675491
0.5757761029  -0.6565600132  -0.1249117884
0.5734331365  -0.6531548907  -0.1272855603
0.5710604925  -0.6497192572  -0.1296889351
0.5686580679  -0.6462534922  -0.1321220162
0.5662257599  -0.6427579791  -0.1345849255
0.5637634546  -0.6392330927  -0.1370777735
0.5612710391  -0.6356792255  -0.1396006573
0.5587484052  -0.6320967859  -0.1421536692
0.5561954504  -0.6284861966  -0.1447368940
0.5536120830  -0.6248479036  -0.1473504083
0.5509982510  -0.6211824235  -0.1499942806
0.5483539044  -0.6174902794  -0.1526685676
0.5456789606  -0.6137719404  -0.1553733073
0.5429733332  -0.6100278680  -0.1581085174
0.5402369374  -0.6062585247  -0.1608741868
0.5374696915  -0.6024643775  -0.1636702581
0.5346715599  -0.5986459680  -0.1664966025
0.5318425299  -0.5948038683  -0.1693529755
0.5289825478  -0.5909385838  -0.1722389125
0.5260915097  -0.5870505629  -0.1751534617
0.5231687559  -0.5831402414  -0.1780901259
0.5202136610  -0.5792080954  -0.1810437554
0.5172278921  -0.5752545869  -0.1840254501
0.5142141874  -0.5712803200  -0.1870504478
0.5111728594  -0.5672861692  -0.1901234085
0.5081023179  -0.5632729582  -0.1932431600
0.5050014121  -0.5592413396  -0.1964080490
0.5018697697  -0.5551917796  -0.1996168147
0.4987072624  -0.5511245471  -0.2028681975
0.4955139291  -0.5470399878  -0.2061608177
0.4922899899  -0.5429386297  -0.2094931792
0.4890351099  -0.5388203884  -0.2128636769
0.4857482053  -0.5346843358  -0.2162706047
0.4824284970  -0.5305298366  -0.2197121626
0.4790764503  -0.5263574813  -0.2231864639
0.4756934264  -0.5221687162  -0.2266915419
0.4722800730  -0.5179642711  -0.2302253579
0.4688362117  -0.5137439715  -0.2337858089
0.4653618392  -0.5095077828  -0.2373707350
0.4618569960  -0.5052557095  -0.2409779261
0.4583216205  -0.5009876228  -0.2446051294
0.4547556525  -0.4967033847  -0.2482500550
0.4511590081  -0.4924028319  -0.2519103832
0.4475313253  -0.4880855108  -0.2555837714
0.4438719781  -0.4837506984  -0.2592678623
0.4401801366  -0.4793974988  -0.2629602903
0.4364543564  -0.4750244077  -0.2666586887
0.4326921460  -0.4706289031  -0.2703606959
0.4288894939  -0.4662070013  -0.2740639611
0.4250394783  -0.4617518906  -0.2777661527
0.4211289044  -0.4572506284  -0.2814649679
0.4171289439  -0.4526749783  -0.2851581638
0.4127065619  -0.4476940217  -0.2888435825
0.4080868176  -0.4425385593  -0.2925190595
0.4039296629  -0.4378676824  -0.2961823178
0.4002122950  -0.4336499843  -0.2998310555
0.3966735209  -0.4296193858  -0.3034631026
0.3931839134  -0.4256451682  -0.3070764401
0.3897200405  -0.4217035109  -0.3106691494
0.3862805996  -0.4177926695  -0.3142393963
0.3828652287  -0.4139118385  -0.3177854357
0.3794737133  -0.4100603946  -0.3213056158
0.3761058551  -0.4062377695  -0.3247983932
0.3727614756  -0.4024434486  -0.3282623631
0.3694404162  -0.3986769697  -0.3316962698
0.3661425292  -0.3949379198  -0.3350989851
0.3628676692  -0.3912259315  -0.3384694822
0.3596156939  -0.3875406800  -0.3418068475
0.3563864733  -0.3838818810  -0.3451103139
0.3531798904  -0.3802492878  -0.3483792699
0.3499958365  -0.3766426885  -0.3516132592
0.3468342082  -0.3730619016  -0.3548119887
0.3436949065  -0.3695067737  -0.3579753369
0.3405778363  -0.3659771756  -0.3611033601
0.3374829050  -0.3624729993  -0.3641963048
0.3344100228  -0.3589941547  -0.3672546236
0.3313591025  -0.3555405666  -0.3702789892
0.3283300588  -0.3521121720  -0.3732703173
0.3253228105  -0.3487089177  -0.3762298050
0.3223372844  -0.3453307585  -0.3791589850
0.3193734211  -0.3419776566  -0.3820598175
0.3164311913  -0.3386495831  -0.3849348712
0.3135106382  -0.3353465353  -0.3877877445
0.3106126051  -0.3320686509  -0.3906292170
0.3077381629  -0.3288161010  -0.3934713142
0.3048856215  -0.3255886129  -0.3963097624
0.3020514096  -0.3223855487  -0.3991325214
0.2992342269  -0.3192065061  -0.4019349456
0.2964349974  -0.3160513948  -0.4047172918
0.2936545325  -0.3129201533  -0.4074802788
0.2908929805  -0.3098126497  -0.4102242097
0.2881502080  -0.3067287125  -0.4129492769
0.2854260387  -0.3036681586  -0.4156556706
0.2827202959  -0.3006307989  -0.4183435815
0.2800328044  -0.2976164394  -0.4210132015
0.2773633911  -0.2946248808  -0.4236647231
0.2747118843  -0.2916559197  -0.4262983388
0.2720781144  -0.2887093491  -0.4289142410
0.2694619132  -0.2857849592  -0.4315126216
0.2668631145  -0.2828825375  -0.4340936720
0.2642815539  -0.2800018687  -0.4366575822
0.2617170683  -0.2771427352  -0.4392045402
0.2591694966  -0.2743049177  -0.4417347317
0.2566386792  -0.2714881960  -0.4442483398
0.2541244584  -0.2686923488  -0.4467455442
0.2516266780  -0.2659171547  -0.4492265211
0.2491451836  -0.2631623925  -0.4516914424
0.2466798223  -0.2604278412  -0.4541404755
0.2442304432  -0.2577132811  -0.4565737827
0.2417968968  -0.2550184931  -0.4589915206
0.2393790353  -0.2523432599  -0.4613938396
0.2369767126  -0.2496873653  -0.4637808830
0.2345897841  -0.2470505938  -0.4661527854
0.2322181064  -0.2444327295  -0.4685096710
0.2298615364  -0.2418335308  -0.4708516358
0.2275199292  -0.2392527246  -0.4731787303
0.2251931437  -0.2366901198  -0.4754910093
0.2228810512  -0.2341456797  -0.4777886078
0.2205835323  -0.2316193709  -0.4800717176
0.2183004632  -0.2291110291  -0.4823405111
0.2160317118  -0.2266204224  -0.4845951258
0.2137771454  -0.2241473395  -0.4868356872
0.2115366347  -0.2216915992  -0.4890623199
0.2093100532  -0.2192530335  -0.4912751482
0.2070972768  -0.2168314789  -0.4934742953
0.2048981825  -0.2144267747  -0.4956598829
0.2027126489  -0.2120387631  -0.4978320313
0.2005405557  -0.2096672887  -0.4999908594
0.1983817843  -0.2073121985  -0.5021364847
0.1962362173  -0.2049733421  -0.5042690233
0.1941037384  -0.2026505713  -0.5063885900
0.1919842328  -0.2003437400  -0.5084952982
0.1898775871  -0.1980527041  -0.5105892603
0.1877836889  -0.1957773216  -0.5126705869
0.1857024272  -0.1935174521  -0.5147393879
0.1836336921  -0.1912729568  -0.5167957716
0.1815773751  -0.1890436985  -0.5188398453
0.1795333686  -0.1868295413  -0.5208717149
0.1775015666  -0.1846303507  -0.5228914854
0.1754818638  -0.1824459932  -0.5248992604
0.1734741565  -0.1802763364  -0.5268951427
0.1714783416  -0.1781212487  -0.5288792336
0.1694943176  -0.1759805993  -0.5308516337
0.1675219839  -0.1738542580  -0.5328124424
0.1655612409  -0.1717420950  -0.5347617580
0.1636119902  -0.1696439800  -0.5366996780
0.1616741345  -0.1675597802  -0.5386262990
0.1597475773  -0.1654893626  -0.5405417166
0.1578322234  -0.1634325986  -0.5424460257
0.1559279784  -0.1613893675  -0.5443393195
0.1540347490  -0.1593595512  -0.5462216903
0.1521524430  -0.1573430316  -0.5480932291
0.1502809688  -0.1553396896  -0.5499540263
0.1484202363  -0.1533494073  -0.5518041711
0.1465701559  -0.1513720680  -0.5536437522
0.1447306392  -0.1494075562  -0.5554728571
0.1429015987  -0.1474557577  -0.5572915723
0.1410829477  -0.1455165594  -0.5590999836
0.1392746005  -0.1435898494  -0.5608981759
0.1374764723  -0.1416755169  -0.5626862329
0.1356884792  -0.1397734523  -0.5644642380
0.1339105379  -0.1378835464  -0.5662322731
0.1321425665  -0.1360056895  -0.5679904198
0.1303844833  -0.1341397748  -0.5697387586
0.1286362080  -0.1322857007  -0.5714773690
0.1268976609  -0.1304433664  -0.5732063300
0.1251687631  -0.1286126686  -0.5749257197
0.1234494364  -0.1267935047  -0.5766356153
0.1217396037  -0.1249857734  -0.5783360933
0.1200391885  -0.1231893746  -0.5800272294
0.1183481150  -0.1214042087  -0.5817090985
0.1166663084  -0.1196301776  -0.5833817748
0.1149936944  -0.1178671838  -0.5850453317
0.1133301997  -0.1161151309  -0.5866998419
0.1116757515  -0.1143739236  -0.5883453774
0.1100302779  -0.1126434674  -0.5899820093
0.1083937078  -0.1109236688  -0.5916098082
0.1067659705  -0.1092144355  -0.5932288439
0.1051469964  -0.1075156758  -0.5948391854
0.1035367162  -0.1058272992  -0.5964409012
0.1019350617  -0.1041492162  -0.5980340590
0.1003419650  -0.1024813380  -0.5996187259
0.0987573591  -0.1008235770  -0.6011949682
0.0971811777  -0.0991758464  -0.6027628516
0.0956133550  -0.0975380603  -0.6043224413
0.0940538259  -0.0959101338  -0.6058738016
0.0925025260  -0.0942919829  -0.6074169964
0.0909593916  -0.0926835243  -0.6089520887
0.0894243594  -0.0910846757  -0.6104791412
0.0878973669  -0.0894953558  -0.6119982158
0.0863783521  -0.0879154838  -0.6135093738
0.0848672538  -0.0863449802  -0.6150126759
0.0833640111  -0.0847837657  -0.6165081822
0.0818685642  -0.0832317710  -0.6179959560
0.0803808536  -0.0816889296  -0.6194760645
0.0789008203  -0.0801551445  -0.6209485634
0.0774284052  -0.0786303141  -0.6224134976
0.0759635502  -0.0771143737  -0.6238709201
0.0745061985  -0.0756072626  -0.6253208880
0.0730562934  -0.0741089084  -0.6267634563
0.0716137789  -0.0726192390  -0.6281986795
0.0701785992  -0.0711381829  -0.6296266121
0.0687506995  -0.0696656694  -0.6310473083
0.0673300250  -0.0682016282  -0.6324608219
0.0659165219  -0.0667459895  -0.6338672068
0.0645101365  -0.0652986844  -0.6352665168
0.0631108160  -0.0638596441  -0.6366588053
0.0617185077  -0.0624288009  -0.6380441258
0.0603331597  -0.0610060871  -0.6394225315
0.0589547205  -0.0595914359  -0.6407940758
0.0575831390  -0.0581847809  -0.6421588117
0.0562183647  -0.0567860565  -0.6435167921
0.0548603474  -0.0553951972  -0.6448680699
0.0535090376  -0.0540121385  -0.6462126977
0.0521643860  -0.0526368163  -0.6475507280
0.0508263439  -0.0512691669  -0.6488822129
0.0494948631  -0.0499091275  -0.6502072046
0.0481698957  -0.0485566356  -0.6515257545
0.0468513943  -0.0472116293  -0.6528379141
0.0455393119  -0.0458740474  -0.6541437340
0.0442336020  -0.0445438293  -0.6554432648
0.0429342185  -0.0432209149  -0.6567365561
0.0416411158  -0.0419052446  -0.6580236573
0.0403542484  -0.0405967595  -0.6593046168
0.0390735716  -0.0392954014  -0.6605794822
0.0377992699  -0.0380011163  -0.6618663924
0.0365314493  -0.0367138490  -0.6631743522
0.0352694726  -0.0354335327  -0.6644725045
0.0340131215  -0.0341601091  -0.6657688662
0.0327626606  -0.0328935282  -0.6670629271
0.0315180424  -0.0316337354  -0.6683541015
0.0302792209  -0.0303806765  -0.6696417280
0.0290461518  -0.0291342982  -0.6709250699
0.0278187926  -0.0278945473  -0.6722033148
0.0265971024  -0.0266613716  -0.6734755748
0.0253810427  -0.0254347192  -0.6747408867
0.0241705765  -0.0242145388  -0.6759982114
0.0229656691  -0.0230007796  -0.6772464346
0.0217662879  -0.0217933913  -0.6784843663
0.0205724024  -0.0205923241  -0.6797107411
0.0193839844  -0.0193975287  -0.6809242180
0.0182010077  -0.0182089564  -0.6821233806
0.0170234485  -0.0170265587  -0.6833067368
0.0158512851  -0.0158502876  -0.6844727190
0.0146844981  -0.0146800958  -0.6856196843
0.0135230703  -0.0135159362  -0.6867459140
0.0123669864  -0.0123577622  -0.6878496141
0.0112162332  -0.0112055277  -0.6889289149
0.0100707995  -0.0100591867  -0.6899818713
0.0089306758  -0.0089186942  -0.6910064627
0.0077958544  -0.0077840051  -0.6920005929
0.0066663288  -0.0066550750  -0.6929620901
0.0055420938  -0.0055318599  -0.6938887072
0.0044231455  -0.0044143162  -0.6947781214
0.0033094803  -0.0033024009  -0.6956279345
0.0022010953  -0.0021960713  -0.6964356728
0.0010979875  -0.0010952851  -0.6971987868
0.0010976637  -0.0010952835  -0.6971987868
