0.152659
1.2620321249  -1.9089494209   0.0000907920
1.2620321249  -1.9089494209   0.0000907920
1.2620456011  -1.9089792404   0.0000791283
1.2620463789  -1.9089638624   0.0000452557
1.2620265828  -1.9088855230  -0.0000115145
1.2619829050  -1.9087369200  -0.0000918572
1.2619139652  -1.9085151464  -0.0001964331
1.2618189270  -1.9082185299  -0.0003258894
1.2616971634  -1.9078458680  -0.0004808593
1.2615481437  -1.9073961703  -0.0006619621
1.2613713876  -1.9068685530  -0.0008698031
1.2611664438  -1.9062621910  -0.0011049739
1.2609328790  -1.9055762933  -0.0013680523
1.2606702721  -1.9048100899  -0.0016596019
1.2603782111  -1.9039628253  -0.0019801728
1.2600562909  -1.9030337539  -0.0023303009
1.2597041125  -1.9020221389  -0.0027105084
1.2593212821  -1.9009272511  -0.0031213037
1.2589074112  -1.8997483689  -0.0035631812
1.2584621159  -1.8984847786  -0.0040366214
1.2579850173  -1.8971357756  -0.0045420909
1.2574757416  -1.8957006647  -0.0050800426
1.2569339203  -1.8941787620  -0.0056509154
1.2563591899  -1.8925693955  -0.0062551343
1.2557511929  -1.8908719070  -0.0068931105
1.2551095776  -1.8890856534  -0.0075652413
1.2544339985  -1.8872100079  -0.0082719102
1.2537241166  -1.8852443619  -0.0090134866
1.2529795996  -1.8831881265  -0.0097903262
1.2522001224  -1.8810407337  -0.0106027709
1.2513853674  -1.8788016385  -0.0114511485
1.2505350246  -1.8764703203  -0.0123357730
1.2496487963  -1.8740455316  -0.0132583616
1.2487263898  -1.8715274942  -0.0142179097
1.2477675138  -1.8689167534  -0.0152142119
1.2467718890  -1.8662123416  -0.0162475354
1.2457392492  -1.8634136239  -0.0173181235
1.2446693386  -1.8605201952  -0.0184262142
1.2435619107  -1.8575317146  -0.0195720353
1.2424167294  -1.8544478883  -0.0207558058
1.2412335689  -1.8512684645  -0.0219777360
1.2400122141  -1.8479932325  -0.0232380263
1.2387524610  -1.8446220232  -0.0245368669
1.2374541146  -1.8411547066  -0.0258744373
1.2361169873  -1.8375911919  -0.0272509060
1.2347409050  -1.8339314353  -0.0286664303
1.2333257086  -1.8301754442  -0.0301211556
1.2318712513  -1.8263232752  -0.0316152151
1.2303773986  -1.8223750353  -0.0331487291
1.2288440285  -1.8183308809  -0.0347218061
1.2272710316  -1.8141910169  -0.0363345426
1.2256583114  -1.8099556969  -0.0379870236
1.2240057841  -1.8056252230  -0.0396793218
1.2223133787  -1.8011999458  -0.0414114980
1.2205810371  -1.7966802644  -0.0431836008
1.2188087140  -1.7920666263  -0.0449956661
1.2169963771  -1.7873595281  -0.0468477163
1.2151440057  -1.7825595137  -0.0487397605
1.2132515803  -1.7776671609  -0.0506717965
1.2113190897  -1.7726830899  -0.0526438104
1.2093465461  -1.7676079807  -0.0546557766
1.2073339786  -1.7624425660  -0.0567076580
1.2052814291  -1.7571876255  -0.0587994060
1.2031889520  -1.7518438219  -0.0609309587
1.2010566132  -1.7464119703  -0.0631022392
1.1988844918  -1.7408933192  -0.0653131596
1.1966726814  -1.7352889749  -0.0675636245
1.1944212864  -1.7295998121  -0.0698535311
1.1921304211  -1.7238268173  -0.0721827685
1.1898001931  -1.7179710409  -0.0745512173
1.1874307080  -1.7120335623  -0.0769587503
1.1850220987  -1.7060155163  -0.0794052306
1.1825745200  -1.6999180858  -0.0818905081
1.1800881371  -1.6937424894  -0.0844144152
1.1775631248  -1.6874899814  -0.0869767670
1.1749996677  -1.6811618509  -0.0895773638
1.1723979598  -1.6747594160  -0.0922159921
1.1697582044  -1.6682840184  -0.0948924261
1.1670806060  -1.6617370112  -0.0976064331
1.1643653427  -1.6551197288  -0.1003577823
1.1616126039  -1.6484335275  -0.1031462433
1.1588226200  -1.6416798217  -0.1059715822
1.1559956333  -1.6348600551  -0.1088335604
1.1531318939  -1.6279756942  -0.1117319364
1.1502316587  -1.6210282275  -0.1146664665
1.1472951911  -1.6140191631  -0.1176369050
1.1443227604  -1.6069500238  -0.1206430046
1.1413146062  -1.5998223108  -0.1236845163
1.1382709409  -1.5926375041  -0.1267611899
1.1351920140  -1.5853971223  -0.1298727742
1.1320781102  -1.5781027215  -0.1330190177
1.1289295192  -1.5707558660  -0.1361996689
1.1257465347  -1.5633581243  -0.1394144762
1.1225294539  -1.5559110661  -0.1426631879
1.1192785755  -1.5484162528  -0.1459455527
1.1159940896  -1.5408751336  -0.1492613192
1.1126761457  -1.5332891278  -0.1526102363
1.1093250491  -1.5256598134  -0.1559920531
1.1059411996  -1.5179888537  -0.1594065194
1.1025250065  -1.5102779069  -0.1628533854
1.0990768855  -1.5025286308  -0.1663324023
1.0955972572  -1.4947426994  -0.1698433223
1.0920865528  -1.4869218252  -0.1733858986
1.0885451506  -1.4790676175  -0.1769598726
1.0849732157  -1.4711812754  -0.1805649699
1.0813707441  -1.4632637142  -0.1842009363
1.0777377076  -1.4553159635  -0.1878675667
1.0740740651  -1.4473392161  -0.1915646990
1.0703797585  -1.4393346875  -0.1952921962
1.0666547136  -1.4313035453  -0.1990499049
1.0628991236  -1.4232472237  -0.2028376161
1.0591134540  -1.4151674332  -0.2066550709
1.0552980581  -1.4070657289  -0.2105019749
1.0514531773  -1.3989434971  -0.2143779997
1.0475790563  -1.3908020822  -0.2182827901
1.0436759489  -1.3826427910  -0.2222159959
1.0397441221  -1.3744668944  -0.2261772980
1.0357838507  -1.3662756361  -0.2301663901
1.0317954062  -1.3580702302  -0.2341829644
1.0277790555  -1.3498518544  -0.2382267153
1.0237350664  -1.3416216560  -0.2422973419
1.0196637089  -1.3333807551  -0.2463945474
1.0155652546  -1.3251302465  -0.2505180388
1.0114399815  -1.3168712106  -0.2546675255
1.0072881785  -1.3086047226  -0.2588427199
1.0031101316  -1.3003318347  -0.2630433379
0.9989061200  -1.2920535687  -0.2672691023
0.9946764241  -1.2837709301  -0.2715197445
0.9904213258  -1.2754849122  -0.2757950005
0.9861411097  -1.2671965027  -0.2800946065
0.9818360698  -1.2589066938  -0.2844182987
0.9775065019  -1.2506164699  -0.2887658139
0.9731526968  -1.2423268026  -0.2931368854
0.9687749421  -1.2340386803  -0.2975312252
0.9643735176  -1.2257530821  -0.3019485251
0.9599479719  -1.2174701272  -0.3063885447
0.9554979750  -1.2091899188  -0.3108511599
0.9510248659  -1.2009143924  -0.3153362447
0.9465308470  -1.1926466079  -0.3198435765
0.9420181902  -1.1843896573  -0.3243728892
0.9374888320  -1.1761461696  -0.3289239328
0.9329428152  -1.1679168813  -0.3334964730
0.9283788677  -1.1597011178  -0.3380902810
0.9237958961  -1.1514982614  -0.3427051315
0.9191927524  -1.1433076365  -0.3473408047
0.9145681903  -1.1351284663  -0.3519970891
0.9099211223  -1.1269601599  -0.3566737847
0.9052519381  -1.1188037744  -0.3613707005
0.9005616537  -1.1106610539  -0.3660876540
0.8958505255  -1.1025328725  -0.3708244690
0.8911186684  -1.0944199230  -0.3755809752
0.8863661987  -1.0863228876  -0.3803570111
0.8815932695  -1.0782425160  -0.3851524251
0.8768000783  -1.0701796500  -0.3899670434
0.8719867851  -1.0621350495  -0.3948006494
0.8671535169  -1.0541093608  -0.3996530637
0.8623004241  -1.0461032102  -0.4045241751
0.8574276863  -1.0381172694  -0.4094138691
0.8525355269  -1.0301523202  -0.4143220053
0.8476241446  -1.0222090728  -0.4192484259
0.8426936832  -1.0142880908  -0.4241929392
0.8377442772  -1.0063899064  -0.4291552933
0.8327761069  -0.9985151505  -0.4341351249
0.8277893500  -0.9906644833  -0.4391318447
0.8227840211  -0.9828383375  -0.4441443072
0.8177591622  -0.9750370395  -0.4491664175
0.8127142986  -0.9672609705  -0.4541953329
0.8076531347  -0.9595104984  -0.4592438856
0.8025799616  -0.9517863183  -0.4643242933
0.7974938695  -0.9440896050  -0.4694366416
0.7923918773  -0.9364213764  -0.4745784153
0.7872728597  -0.9287820959  -0.4797482566
0.7821367498  -0.9211718255  -0.4849448788
0.7769836256  -0.9135905407  -0.4901669212
0.7718136925  -0.9060383401  -0.4954129598
0.7666270811  -0.8985151311  -0.5006815104
0.7614238131  -0.8910205764  -0.5059710431
0.7562040923  -0.8835545490  -0.5112799919
0.7509681728  -0.8761168892  -0.5166067351
0.7457162700  -0.8687073266  -0.5219495714
0.7404486237  -0.8613256426  -0.5273067384
0.7351653362  -0.8539713770  -0.5326764336
0.7298665841  -0.8466441352  -0.5380568175
0.7245526190  -0.8393435587  -0.5434460183
0.7192237728  -0.8320693413  -0.5488421361
0.7138784389  -0.8248192436  -0.5542432493
0.7085148354  -0.8175908158  -0.5596474214
0.7031349900  -0.8103854784  -0.5650527056
0.6977404661  -0.8032041750  -0.5704571488
0.6923306296  -0.7960456275  -0.5758587964
0.6869047420  -0.7889084640  -0.5812556974
0.6814615911  -0.7817908636  -0.5866459118
0.6759990327  -0.7746901242  -0.5920275159
0.6705133263  -0.7676020226  -0.5973986076
0.6649976488  -0.7605193755  -0.6027573115
0.6594383364  -0.7534283674  -0.6081017895
0.6538025197  -0.7462962908  -0.6134302860
0.6477949223  -0.7388307405  -0.6187411441
0.6417336870  -0.7313564040  -0.6240326378
0.6362177758  -0.7244674976  -0.6293028401
0.6310305883  -0.7179353568  -0.6345498255
0.6259056125  -0.7114890504  -0.6397718850
0.6208107440  -0.7050949506  -0.6449674756
0.6157453144  -0.6987511637  -0.6501351282
0.6107090820  -0.6924563946  -0.6552734445
0.6057018152  -0.6862094367  -0.6603811077
0.6007232999  -0.6800091669  -0.6654568892
0.5957733399  -0.6738545435  -0.6704996570
0.5908517566  -0.6677446045  -0.6755083786
0.5859583857  -0.6616784658  -0.6804821219
0.5810930760  -0.6556553184  -0.6854200608
0.5762556895  -0.6496744250  -0.6903214799
0.5714461005  -0.6437351180  -0.6951857812
0.5666641942  -0.6378367961  -0.7000124890
0.5619098651  -0.6319789209  -0.7048012515
0.5571830140  -0.6261610131  -0.7095518431
0.5524835552  -0.6203826485  -0.7142642046
0.5478114238  -0.6146434535  -0.7189384822
0.5431665553  -0.6089431027  -0.7235749566
0.5385488616  -0.6032813148  -0.7281740037
0.5339582515  -0.5976578459  -0.7327361626
0.5293946504  -0.5920724837  -0.7372621681
0.5248579932  -0.5865250448  -0.7417529574
0.5203482205  -0.5810153715  -0.7462097028
0.5158652854  -0.5755433284  -0.7506338643
0.5114091654  -0.5701088005  -0.7550272832
0.5069798893  -0.5647116926  -0.7593923747
0.5025776177  -0.5593519538  -0.7637326235
0.4982036181  -0.5540295631  -0.7680579817
0.4938590281  -0.5487445213  -0.7723771979
0.4895407147  -0.5434968380  -0.7766824530
0.4852439362  -0.5382862983  -0.7809628207
0.4809682926  -0.5331123972  -0.7852172651
0.4767157669  -0.5279746586  -0.7894472262
0.4724871309  -0.5228727672  -0.7936530689
0.4682822907  -0.5178064556  -0.7978349906
0.4641010603  -0.5127754513  -0.8019931893
0.4599432549  -0.5077794760  -0.8061278652
0.4558086911  -0.5028182456  -0.8102392204
0.4516971877  -0.4978914707  -0.8143274585
0.4476085648  -0.4929988560  -0.8183927844
0.4435426443  -0.4881401019  -0.8224354034
0.4394992497  -0.4833149040  -0.8264555212
0.4354782059  -0.4785229547  -0.8304533430
0.4314793395  -0.4737639427  -0.8344290733
0.4275024783  -0.4690375542  -0.8383829152
0.4235474518  -0.4643434733  -0.8423150698
0.4196140909  -0.4596813824  -0.8462257356
0.4157022281  -0.4550509625  -0.8501151078
0.4118116968  -0.4504518941  -0.8539833772
0.4079423324  -0.4458838586  -0.8578307306
0.4040939717  -0.4413465392  -0.8616573502
0.4002664533  -0.4368396207  -0.8654634133
0.3964596168  -0.4323627894  -0.8692490912
0.3926733037  -0.4279157344  -0.8730145483
0.3889073566  -0.4234981472  -0.8767599413
0.3851616196  -0.4191097224  -0.8804854183
0.3814359379  -0.4147501570  -0.8841911163
0.3777301574  -0.4104191475  -0.8878771576
0.3740441219  -0.4061163632  -0.8915436256
0.3703776704  -0.4018414488  -0.8951905485
0.3667306513  -0.3975941671  -0.8988179846
0.3631029411  -0.3933744560  -0.9024261142
0.3594944284  -0.3891822105  -0.9060151687
0.3559049827  -0.3850171518  -0.9095853257
0.3523344554  -0.3808789565  -0.9131367198
0.3487827005  -0.3767673541  -0.9166694830
0.3452495793  -0.3726821084  -0.9201837501
0.3417349569  -0.3686229926  -0.9236796550
0.3382387002  -0.3645897853  -0.9271573302
0.3347606769  -0.3605822701  -0.9306169067
0.3313007565  -0.3566002354  -0.9340585142
0.3278588094  -0.3526434739  -0.9374822811
0.3244347074  -0.3487117829  -0.9408883344
0.3210283236  -0.3448049637  -0.9442767998
0.3176395323  -0.3409228211  -0.9476478018
0.3142682089  -0.3370651637  -0.9510014635
0.3109142301  -0.3332318033  -0.9543379068
0.3075774736  -0.3294225545  -0.9576572526
0.3042578184  -0.3256372345  -0.9609596204
0.3009551446  -0.3218756628  -0.9642451285
0.2976693333  -0.3181376608  -0.9675138944
0.2944002669  -0.3144230517  -0.9707660343
0.2911478287  -0.3107316601  -0.9740016634
0.2879119030  -0.3070633120  -0.9772208958
0.2846923755  -0.3034178340  -0.9804238446
0.2814891324  -0.2997950533  -0.9836106220
0.2783020614  -0.2961947977  -0.9867813393
0.2751310509  -0.2926168943  -0.9899361069
0.2719759904  -0.2890611699  -0.9930750343
0.2688367703  -0.2855274476  -0.9961982302
0.2657132820  -0.2820155440  -0.9993058029
0.2626054179  -0.2785252745  -1.0023978602
0.2595130713  -0.2750564683  -1.0054745085
0.2564361361  -0.2716089704  -1.0085358529
0.2533745074  -0.2681826280  -1.0115819968
0.2503280809  -0.2647772835  -1.0146130431
0.2472967536  -0.2613927774  -1.0176290939
0.2442804230  -0.2580289523  -1.0206302508
0.2412789878  -0.2546856520  -1.0236166144
0.2382923473  -0.2513627222  -1.0265882845
0.2353204017  -0.2480600095  -1.0295453600
0.2323630521  -0.2447773622  -1.0324879390
0.2294202003  -0.2415146297  -1.0354161189
0.2264917488  -0.2382716586  -1.0383299964
0.2235776011  -0.2350482882  -1.0412296671
0.2206776614  -0.2318443690  -1.0441152261
0.2177918347  -0.2286597759  -1.0469867678
0.2149200268  -0.2254943824  -1.0498443853
0.2120621441  -0.2223480456  -1.0526881716
0.2092180939  -0.2192206197  -1.0555182185
0.2063877841  -0.2161119625  -1.0583346174
0.2035711234  -0.2130219324  -1.0611374590
0.2007680213  -0.2099503889  -1.0639268331
0.1979783878  -0.2068971921  -1.0667028289
0.1952021337  -0.2038622033  -1.0694655349
0.1924391705  -0.2008452847  -1.0722150389
0.1896894105  -0.1978462997  -1.0749514281
0.1869527665  -0.1948651127  -1.0776747891
0.1842291519  -0.1919015892  -1.0803852075
0.1815184811  -0.1889555959  -1.0830827685
0.1788206688  -0.1860270009  -1.0857675568
0.1761356306  -0.1831156733  -1.0884396561
0.1734632825  -0.1802214833  -1.0910991496
0.1708035415  -0.1773443027  -1.0937461200
0.1681563248  -0.1744840043  -1.0963806491
0.1655215504  -0.1716404620  -1.0990028185
0.1628991371  -0.1688135512  -1.1016127086
0.1602890041  -0.1660031483  -1.1042103998
0.1576910712  -0.1632091310  -1.1067959715
0.1551052588  -0.1604313779  -1.1093695026
0.1525314880  -0.1576697689  -1.1119310715
0.1499696805  -0.1549241849  -1.1144807559
0.1474197584  -0.1521945079  -1.1170186329
0.1448816444  -0.1494806208  -1.1195447792
0.1423552620  -0.1467824075  -1.1220592708
0.1398405357  -0.1440998019  -1.1245621945
0.1373373913  -0.1414327538  -1.1270536495
0.1348457529  -0.1387810324  -1.1295337021
0.1323655428  -0.1361443761  -1.1320023879
0.1298966860  -0.1335227318  -1.1344597669
0.1274391108  -0.1309160675  -1.1369059135
0.1249927454  -0.1283242790  -1.1393408961
0.1225575176  -0.1257472616  -1.1417647835
0.1201333560  -0.1231849108  -1.1441776446
0.1177201895  -0.1206371220  -1.1465795491
0.1153179475  -0.1181037910  -1.1489705669
0.1129265600  -0.1155848133  -1.1513507686
0.1105459575  -0.1130800845  -1.1537202254
0.1081760709  -0.1105895003  -1.1560790090
0.1058168317  -0.1081129563  -1.1584271919
0.1034681717  -0.1056503479  -1.1607648473
0.1011300232  -0.1032015710  -1.1630920489
0.0988023190  -0.1007665211  -1.1654088711
0.0964849924  -0.0983450942  -1.1677153888
0.0941779769  -0.0959371861  -1.1700116776
0.0918812066  -0.0935426932  -1.1722978133
0.0895946161  -0.0911615117  -1.1745738721
0.0873181402  -0.0887935386  -1.1768399305
0.0850517143  -0.0864386709  -1.1790960651
0.0827952742  -0.0840968062  -1.1813423524
0.0805487560  -0.0817678427  -1.1835788687
0.0783120962  -0.0794516789  -1.1858056898
0.0760852319  -0.0771482140  -1.1880228910
0.0738681005  -0.0748573481  -1.1902305469
0.0716606397  -0.0725789816  -1.1924287309
0.0694627879  -0.0703130159  -1.1946175151
0.0672744836  -0.0680593533  -1.1967969701
0.0650963508  -0.0658179209  -1.1989984848
0.0629287779  -0.0635886353  -1.2012376397
0.0607699286  -0.0613713358  -1.2034609859
0.0586192201  -0.0591659124  -1.2056823875
0.0564775127  -0.0569723069  -1.2079009435
0.0543447325  -0.0547904277  -1.2101156216
0.0522208094  -0.0526201842  -1.2123252584
0.0501056776  -0.0504614868  -1.2145285596
0.0479992760  -0.0483142469  -1.2167241000
0.0459015480  -0.0461783767  -1.2189103229
0.0438124422  -0.0440537896  -1.2210855410
0.0417319127  -0.0419403995  -1.2232479358
0.0396599185  -0.0398381214  -1.2253955577
0.0375964249  -0.0377468709  -1.2275263261
0.0355414023  -0.0356665641  -1.2296380294
0.0334948276  -0.0335971179  -1.2317283249
0.0314566833  -0.0315384498  -1.2337947388
0.0294269580  -0.0294904778  -1.2358346665
0.0274056463  -0.0274531202  -1.2378453720
0.0253927489  -0.0254262959  -1.2398239886
0.0233882723  -0.0234099241  -1.2417675183
0.0213922286  -0.0214039247  -1.2436728321
0.0194046354  -0.0194082176  -1.2455366702
0.0174255156  -0.0174227235  -1.2473556415
0.0154548968  -0.0154473631  -1.2491262239
0.0134928112  -0.0134820580  -1.2508447643
0.0115392945  -0.0115267301  -1.2525074785
0.0095943859  -0.0095813021  -1.2541104514
0.0076581270  -0.0076456972  -1.2556496366
0.0057305612  -0.0057198393  -1.2571208570
0.0038117326  -0.0038036536  -1.2585198041
0.0019016850  -0.0018970658  -1.2598420387
0.0019007138  -0.0018970606  -1.2598420387
