0.167174
1.1395418433  -1.6681062698   0.0000654877
1.1395418433  -1.6681062698   0.0000654877
1.1395520183  -1.6681295571   0.0000579661
1.1395534032  -1.6681240335   0.0000349605
1.1395402947  -1.6680766880  -0.0000039811
1.1395105534  -1.6679829364  -0.0000593044
1.1394632704  -1.6678408726  -0.0001314491
1.1393978873  -1.6676493511  -0.0002208486
1.1393139801  -1.6674075147  -0.0003279302
1.1392111850  -1.6671146350  -0.0004531151
1.1390891694  -1.6667700472  -0.0005968183
1.1389476174  -1.6663731203  -0.0007594486
1.1387862229  -1.6659232419  -0.0009414086
1.1386046859  -1.6654198101  -0.0011430949
1.1384027102  -1.6648622290  -0.0013648978
1.1381800019  -1.6642499061  -0.0016072014
1.1379362691  -1.6635822509  -0.0018703840
1.1376712210  -1.6628586742  -0.0021548172
1.1373845676  -1.6620785876  -0.0024608668
1.1370760198  -1.6612414037  -0.0027888924
1.1367452894  -1.6603465362  -0.0031392473
1.1363920886  -1.6593934003  -0.0035122789
1.1360161305  -1.6583814131  -0.0039083281
1.1356171291  -1.6573099940  -0.0043277298
1.1351947992  -1.6561785653  -0.0047708130
1.1347488565  -1.6549865532  -0.0052379000
1.1342790178  -1.6537333878  -0.0057293074
1.1337850014  -1.6524185043  -0.0062453455
1.1332665266  -1.6510413435  -0.0067863183
1.1327233144  -1.6496013526  -0.0073525239
1.1321550874  -1.6480979860  -0.0079442539
1.1315615700  -1.6465307059  -0.0085617942
1.1309424881  -1.6448985625  -0.0092064350
1.1302975726  -1.6432014094  -0.0098775278
1.1296265545  -1.6414392883  -0.0105749948
1.1289291633  -1.6396113963  -0.0112991089
1.1282051339  -1.6377170995  -0.0120501264
1.1274542051  -1.6357558908  -0.0128283007
1.1266761183  -1.6337272933  -0.0136338825
1.1258706182  -1.6316308495  -0.0144671205
1.1250374528  -1.6294661199  -0.0153282612
1.1241763733  -1.6272326832  -0.0162175479
1.1232871347  -1.6249301367  -0.0171352208
1.1223694957  -1.6225580975  -0.0180815166
1.1214232186  -1.6201162025  -0.0190566679
1.1204480673  -1.6176041071  -0.0200609030
1.1194438094  -1.6150214877  -0.0210944444
1.1184102192  -1.6123680445  -0.0221575103
1.1173470760  -1.6096435004  -0.0232503150
1.1162541636  -1.6068476011  -0.0243730691
1.1151312711  -1.6039801156  -0.0255259788
1.1139781925  -1.6010408375  -0.0267092460
1.1127947270  -1.5980295854  -0.0279230683
1.1115806792  -1.5949462039  -0.0291676383
1.1103358592  -1.5917905640  -0.0304431439
1.1090600825  -1.5885625635  -0.0317497678
1.1077531705  -1.5852621281  -0.0330876874
1.1064149502  -1.5818892113  -0.0344570744
1.1050452546  -1.5784437951  -0.0358580932
1.1036439225  -1.5749258911  -0.0372908992
1.1022107987  -1.5713355400  -0.0387556392
1.1007457339  -1.5676728121  -0.0402524513
1.0992485854  -1.5639378075  -0.0417814653
1.0977192129  -1.5601305547  -0.0433428029
1.0961574729  -1.5562511658  -0.0449365776
1.0945632313  -1.5523000191  -0.0465628950
1.0929363691  -1.5482774229  -0.0482218543
1.0912767747  -1.5441835499  -0.0499135516
1.0895843425  -1.5400186452  -0.0516380823
1.0878589746  -1.5357830158  -0.0533955383
1.0861005794  -1.5314770049  -0.0551860061
1.0843090724  -1.5271009870  -0.0570095678
1.0824843759  -1.5226553642  -0.0588663004
1.0806264188  -1.5181405643  -0.0607562764
1.0787351368  -1.5135570392  -0.0626795631
1.0768104721  -1.5089052680  -0.0646362231
1.0748523723  -1.5041857577  -0.0666263141
1.0728607529  -1.4993990091  -0.0686498892
1.0708355221  -1.4945455391  -0.0707069968
1.0687766397  -1.4896259345  -0.0727976808
1.0666840959  -1.4846408347  -0.0749219803
1.0645578909  -1.4795909123  -0.0770799305
1.0623980345  -1.4744768681  -0.0792715619
1.0602045460  -1.4692994294  -0.0814969006
1.0579774531  -1.4640593490  -0.0837559687
1.0557167924  -1.4587574050  -0.0860487837
1.0534226083  -1.4533943995  -0.0883753586
1.0510949527  -1.4479711575  -0.0907357021
1.0487338918  -1.4424885374  -0.0931298180
1.0463394722  -1.4369473991  -0.0955577058
1.0439116751  -1.4313485460  -0.0980193603
1.0414504420  -1.4256927460  -0.1005147718
1.0389557066  -1.4199807679  -0.1030439262
1.0364273957  -1.4142133831  -0.1056068050
1.0338654298  -1.4083913617  -0.1082033849
1.0312697240  -1.4025154711  -0.1108336384
1.0286401885  -1.3965864892  -0.1134975334
1.0259767294  -1.3906052093  -0.1161950294
1.0232792939  -1.3845724783  -0.1189260664
1.0205480141  -1.3784893474  -0.1216905748
1.0177830665  -1.3723569227  -0.1244885074
1.0149845276  -1.3661762220  -0.1273198464
1.0121524706  -1.3599482895  -0.1301845946
1.0092869746  -1.3536741161  -0.1330827690
1.0063881216  -1.3473545310  -0.1360143758
1.0034559918  -1.3409903232  -0.1389793768
1.0004906656  -1.3345824590  -0.1419776877
0.9974922290  -1.3281320808  -0.1450091893
0.9944607752  -1.3216403711  -0.1480737314
0.9913964020  -1.3151084865  -0.1511711352
0.9882992116  -1.3085375590  -0.1543011979
0.9851693148  -1.3019287028  -0.1574637163
0.9820068335  -1.2952830142  -0.1606585085
0.9788118979  -1.2886015741  -0.1638853995
0.9755846414  -1.2818854503  -0.1671442078
0.9723252027  -1.2751357003  -0.1704347473
0.9690337323  -1.2683533780  -0.1737568286
0.9657103847  -1.2615395218  -0.1771102602
0.9623553125  -1.2546951478  -0.1804948490
0.9589686728  -1.2478212591  -0.1839103996
0.9555506268  -1.2409188491  -0.1873567134
0.9521013403  -1.2339889015  -0.1908335905
0.9486209845  -1.2270323927  -0.1943408317
0.9451097421  -1.2200503025  -0.1978782411
0.9415678040  -1.2130436126  -0.2014456274
0.9379953628  -1.2060132966  -0.2050428033
0.9343926140  -1.1989603240  -0.2086695847
0.9307597576  -1.1918856638  -0.2123257924
0.9270969980  -1.1847902858  -0.2160112543
0.9234043058  -1.1776749311  -0.2197258053
0.9196811148  -1.1705398179  -0.2234692823
0.9159276151  -1.1633858876  -0.2272415194
0.9121451659  -1.1562152286  -0.2310423487
0.9083352975  -1.1490300927  -0.2348715873
0.9044996181  -1.1418328071  -0.2387290401
0.9006396910  -1.1346257811  -0.2426145864
0.8967558740  -1.1274103707  -0.2465282134
0.8928473738  -1.1201866365  -0.2504698883
0.8889133960  -1.1129544031  -0.2544394727
0.8849531476  -1.1057134816  -0.2584367813
0.8809657631  -1.0984636598  -0.2624616370
0.8769503038  -1.0912046772  -0.2665138735
0.8729059131  -1.0839363840  -0.2705933276
0.8688329083  -1.0766599518  -0.2746998367
0.8647321598  -1.0693771702  -0.2788332432
0.8606039065  -1.0620891117  -0.2829933953
0.8564482361  -1.0547966663  -0.2871801468
0.8522652389  -1.0475007232  -0.2913933564
0.8480550106  -1.0402021778  -0.2956328854
0.8438176964  -1.0329020291  -0.2998985972
0.8395534697  -1.0256013226  -0.3041903604
0.8352624682  -1.0183010035  -0.3085080517
0.8309448096  -1.0110019617  -0.3128515329
0.8266006044  -1.0037050782  -0.3172206125
0.8222299784  -0.9964112491  -0.3216151081
0.8178331409  -0.9891214826  -0.3260349118
0.8134103147  -0.9818367683  -0.3304799329
0.8089616610  -0.9745579610  -0.3349500524
0.8044873250  -0.9672858793  -0.3394451302
0.7999874624  -0.9600213413  -0.3439650010
0.7954622972  -0.9527652853  -0.3485094591
0.7909120480  -0.9455186199  -0.3530782416
0.7863368466  -0.9382820703  -0.3576709610
0.7817367637  -0.9310562890  -0.3622869279
0.7771117977  -0.9238419325  -0.3669247056
0.7724610240  -0.9166397863  -0.3715770013
0.7677841492  -0.9094504814  -0.3762414812
0.7630851706  -0.9022743187  -0.3809336960
0.7583681782  -0.8951121604  -0.3856659698
0.7536318994  -0.8879656537  -0.3904371917
0.7488734390  -0.8808359855  -0.3952447571
0.7440918222  -0.8737235529  -0.4000872748
0.7392871362  -0.8666287273  -0.4049634192
0.7344595908  -0.8595518719  -0.4098717864
0.7296092458  -0.8524930359  -0.4148108780
0.7247361686  -0.8454522290  -0.4197790846
0.7198405911  -0.8384296367  -0.4247747021
0.7149227429  -0.8314253070  -0.4297959516
0.7099828635  -0.8244392356  -0.4348409855
0.7050212195  -0.8174714473  -0.4399078931
0.7000379248  -0.8105216894  -0.4449947073
0.6950331917  -0.8035898132  -0.4500994093
0.6900072648  -0.7966756555  -0.4552199364
0.6849606500  -0.7897792641  -0.4603541892
0.6798923366  -0.7828991770  -0.4655000389
0.6747999342  -0.7760325023  -0.4706553330
0.6696846732  -0.7691799932  -0.4758178999
0.6645489266  -0.7623435791  -0.4809855529
0.6593926677  -0.7555227613  -0.4861560977
0.6542152514  -0.7487163703  -0.4913273399
0.6490158378  -0.7419230701  -0.4964970911
0.6437930142  -0.7351409981  -0.5016631730
0.6385442135  -0.7283671818  -0.5068234227
0.6332650198  -0.7215968820  -0.5119757013
0.6279472431  -0.7148217212  -0.5171179025
0.6225742743  -0.7080251357  -0.5222479634
0.6171045521  -0.7011660281  -0.5273639099
0.6111925754  -0.6939031273  -0.5324638669
0.6052825880  -0.6866868345  -0.5375458760
0.6000143256  -0.6801501234  -0.5426077775
0.5950542894  -0.6739473811  -0.5476474435
0.5901495710  -0.6678218497  -0.5526629811
0.5852746301  -0.6617466744  -0.5576526619
0.5804288108  -0.6557200875  -0.5626148338
0.5756118692  -0.6497408579  -0.5675479213
0.5708235745  -0.6438078360  -0.5724504426
0.5660637163  -0.6379199521  -0.5773210182
0.5613321024  -0.6320762160  -0.5821583727
0.5566285568  -0.6262757161  -0.5869613385
0.5519529192  -0.6205176165  -0.5917288616
0.5473050434  -0.6148011547  -0.5964600062
0.5426847972  -0.6091256391  -0.6011539621
0.5380920611  -0.6034904449  -0.6058100507
0.5335267260  -0.5978950114  -0.6104277271
0.5289886905  -0.5923388385  -0.6150065805
0.5244778645  -0.5868214824  -0.6195463638
0.5199941799  -0.5813425518  -0.6240470503
0.5155375776  -0.5759017039  -0.6285087862
0.5111079780  -0.5704986419  -0.6329318193
0.5067052897  -0.5651331085  -0.6373165487
0.5023294346  -0.5598048796  -0.6416635769
0.4979803471  -0.5545137612  -0.6459737161
0.4936579657  -0.5492595856  -0.6502480067
0.4893622356  -0.5440422085  -0.6544877573
0.4850931155  -0.5388615056  -0.6586946059
0.4808505911  -0.5337173703  -0.6628706329
0.4766347075  -0.5286097150  -0.6670185966
0.4724456659  -0.5235384965  -0.6711425671
0.4682848937  -0.5185037127  -0.6752542233
0.4641534270  -0.5135053759  -0.6793624364
0.4600475377  -0.5085434423  -0.6834567389
0.4559623997  -0.5036176217  -0.6875256508
0.4518981125  -0.4987274140  -0.6915690128
0.4478567723  -0.4938723974  -0.6955882372
0.4438390176  -0.4890522830  -0.6995836573
0.4398447265  -0.4842668067  -0.7035554756
0.4358737093  -0.4795156978  -0.7075038950
0.4319257769  -0.4747986787  -0.7114291208
0.4280007422  -0.4701154664  -0.7153313607
0.4240984198  -0.4654657719  -0.7192108239
0.4202186261  -0.4608493014  -0.7230677207
0.4163611789  -0.4562657561  -0.7269022622
0.4125258977  -0.4517148329  -0.7307146599
0.4087126036  -0.4471962248  -0.7345051247
0.4049211191  -0.4427096215  -0.7382738666
0.4011512685  -0.4382547101  -0.7420210943
0.3974028772  -0.4338311754  -0.7457470142
0.3936757723  -0.4294387004  -0.7494518300
0.3899697824  -0.4250769666  -0.7531357412
0.3862847374  -0.4207456557  -0.7567989435
0.3826204691  -0.4164444507  -0.7604416284
0.3789768107  -0.4121730359  -0.7640639829
0.3753535972  -0.4079310967  -0.7676661882
0.3717506649  -0.4037183204  -0.7712484190
0.3681678516  -0.3995343964  -0.7748108431
0.3646049966  -0.3953790172  -0.7783536201
0.3610619406  -0.3912518777  -0.7818769003
0.3575385256  -0.3871526747  -0.7853808222
0.3540345941  -0.3830811037  -0.7888655083
0.3505499866  -0.3790368274  -0.7923310375
0.3470845389  -0.3750194870  -0.7957774331
0.3436380981  -0.3710288656  -0.7992047607
0.3402105393  -0.3670649254  -0.8026132172
0.3368017470  -0.3631275546  -0.8060030407
0.3334115847  -0.3592164560  -0.8093744065
0.3300399002  -0.3553313044  -0.8127274503
0.3266865453  -0.3514718332  -0.8160623075
0.3233513791  -0.3476378064  -0.8193791158
0.3200342640  -0.3438289967  -0.8226780119
0.3167350638  -0.3400451814  -0.8259591311
0.3134536437  -0.3362861429  -0.8292226070
0.3101898703  -0.3325516677  -0.8324685721
0.3069436115  -0.3288415471  -0.8356971573
0.3037147365  -0.3251555760  -0.8389084921
0.3005031159  -0.3214935535  -0.8421027048
0.2973086213  -0.3178552823  -0.8452799222
0.2941311257  -0.3142405682  -0.8484402699
0.2909705035  -0.3106492205  -0.8515838722
0.2878266301  -0.3070810508  -0.8547108521
0.2846993821  -0.3035358735  -0.8578213315
0.2815886375  -0.3000135052  -0.8609154309
0.2784942751  -0.2965137643  -0.8639932699
0.2754161751  -0.2930364712  -0.8670549667
0.2723542188  -0.2895814478  -0.8701006386
0.2693082887  -0.2861485170  -0.8731304017
0.2662782681  -0.2827375028  -0.8761443711
0.2632640417  -0.2793482300  -0.8791426608
0.2602654950  -0.2759805236  -0.8821253839
0.2572825148  -0.2726342087  -0.8850926526
0.2543149887  -0.2693091099  -0.8880445781
0.2513628056  -0.2660050486  -0.8909812708
0.2484258551  -0.2627218401  -0.8939028406
0.2455040281  -0.2594593003  -0.8968093968
0.2425972162  -0.2562172585  -0.8997010473
0.2397053121  -0.2529955581  -0.9025778985
0.2368282092  -0.2497940437  -0.9054400551
0.2339658021  -0.2466125553  -0.9082876214
0.2311179862  -0.2434509322  -0.9111207009
0.2282846580  -0.2403090153  -0.9139393962
0.2254657150  -0.2371866476  -0.9167438092
0.2226610552  -0.2340836732  -0.9195340407
0.2198705777  -0.2309999380  -0.9223101907
0.2170941827  -0.2279352891  -0.9250723584
0.2143317709  -0.2248895751  -0.9278206420
0.2115832440  -0.2218626427  -0.9305551390
0.2088485045  -0.2188543338  -0.9332759460
0.2061274559  -0.2158644990  -0.9359831588
0.2034200023  -0.2128930074  -0.9386768724
0.2007260487  -0.2099397279  -0.9413571808
0.1980455011  -0.2070045168  -0.9440241775
0.1953782659  -0.2040872293  -0.9466779550
0.1927242507  -0.2011877234  -0.9493186051
0.1900833636  -0.1983058579  -0.9519462189
0.1874555135  -0.1954414927  -0.9545608868
0.1848406101  -0.1925944890  -0.9571626981
0.1822385639  -0.1897647087  -0.9597517419
0.1796492861  -0.1869520152  -0.9623281061
0.1770726885  -0.1841562727  -0.9648918781
0.1745086839  -0.1813773470  -0.9674431446
0.1719571857  -0.1786151048  -0.9699819915
0.1694181078  -0.1758694142  -0.9725085039
0.1668913651  -0.1731401445  -0.9750227666
0.1643768731  -0.1704271662  -0.9775248632
0.1618745479  -0.1677303511  -0.9800148769
0.1593843064  -0.1650495724  -0.9824928903
0.1569060661  -0.1623847042  -0.9849589850
0.1544397452  -0.1597356222  -0.9874132423
0.1519852626  -0.1571022033  -0.9898557426
0.1495425377  -0.1544843253  -0.9922865657
0.1471114906  -0.1518818676  -0.9947057909
0.1446920423  -0.1492947105  -0.9971134966
0.1422841141  -0.1467227355  -0.9995097608
0.1398876280  -0.1441658253  -1.0018946608
0.1375025068  -0.1416238635  -1.0042682732
0.1351286737  -0.1390967349  -1.0066306741
0.1327660525  -0.1365843253  -1.0089819390
0.1304145684  -0.1340865581  -1.0113221524
0.1280741474  -0.1316033687  -1.0136514097
0.1257447147  -0.1291345584  -1.0159697776
0.1234261938  -0.1266799054  -1.0182772962
0.1211185106  -0.1242393441  -1.0205740264
0.1188215939  -0.1218128247  -1.0228600415
0.1165353725  -0.1194002441  -1.0251354098
0.1142597752  -0.1170014989  -1.0274001994
0.1119947312  -0.1146164859  -1.0296544788
0.1097401704  -0.1122451026  -1.0318983167
0.1074960231  -0.1098872466  -1.0341317821
0.1052622203  -0.1075428159  -1.0363549445
0.1030386934  -0.1052117086  -1.0385678737
0.1008253743  -0.1028938232  -1.0407706400
0.0986221957  -0.1005890585  -1.0429633141
0.0964290903  -0.0982973134  -1.0451459674
0.0942459918  -0.0960184872  -1.0473186714
0.0920728340  -0.0937524794  -1.0494814984
0.0899095514  -0.0914991900  -1.0516345209
0.0877560788  -0.0892585194  -1.0537778117
0.0856123517  -0.0870303681  -1.0559114441
0.0834783058  -0.0848146373  -1.0580354914
0.0813538775  -0.0826112287  -1.0601500272
0.0792390034  -0.0804200444  -1.0622551248
0.0771336208  -0.0782409870  -1.0643508576
0.0750376673  -0.0760739600  -1.0664372987
0.0729510809  -0.0739188672  -1.0685145208
0.0708738002  -0.0717756133  -1.0705825959
0.0688057642  -0.0696441036  -1.0726415952
0.0667469122  -0.0675242443  -1.0746915889
0.0646971840  -0.0654159421  -1.0767326463
0.0626565199  -0.0633191049  -1.0787648349
0.0606254532  -0.0612336580  -1.0808173637
0.0586043134  -0.0591595196  -1.0829047317
0.0565915056  -0.0570965542  -1.0849772099
0.0545865195  -0.0550446620  -1.0870477011
0.0525900928  -0.0530037797  -1.0891153696
0.0506021554  -0.0509738209  -1.0911792578
0.0486226405  -0.0489547000  -1.0932382862
0.0466514851  -0.0469463324  -1.0952912533
0.0446886303  -0.0449486346  -1.0973368360
0.0427340214  -0.0429615237  -1.0993735888
0.0407876079  -0.0409849178  -1.1013999449
0.0388493443  -0.0390187359  -1.1034142151
0.0369191897  -0.0370628976  -1.1054145886
0.0349971080  -0.0351173234  -1.1073991326
0.0330830685  -0.0331819342  -1.1093657924
0.0311770454  -0.0312566519  -1.1113123915
0.0292790183  -0.0293413988  -1.1132366313
0.0273889719  -0.0274360977  -1.1151360916
0.0255068964  -0.0255406722  -1.1170082300
0.0236327871  -0.0236550462  -1.1188503825
0.0217666444  -0.0217791441  -1.1206597630
0.0199084738  -0.0199128910  -1.1224334635
0.0180582854  -0.0180562122  -1.1241684542
0.0162160942  -0.0162090336  -1.1258615833
0.0143819190  -0.0143712818  -1.1275095774
0.0125557829  -0.0125428837  -1.1291090408
0.0107377120  -0.0107237668  -1.1306564561
0.0089277354  -0.0089138594  -1.1321481840
0.0071258845  -0.0071130903  -1.1335804633
0.0053321921  -0.0053213892  -1.1349494110
0.0035466916  -0.0035386865  -1.1362510220
0.0017694166  -0.0017649135  -1.1374811695
0.0017685758  -0.0017649089  -1.1374811695
