0.272706
0.4438059466  -0.4928988351   0.0000147587
0.4438059466  -0.4928988351   0.0000147587
0.4438084221  -0.4929020669   0.0000135718
0.4438091430  -0.4929025650   0.0000091966
0.4438068271  -0.4928986863   0.0000015553
0.4438011151  -0.4928900188  -0.0000094297
0.4437918484  -0.4928763782  -0.0000238363
0.4437789261  -0.4928576453  -0.0000417426
0.4437622687  -0.4928337243  -0.0000632270
0.4437418061  -0.4928045297  -0.0000883677
0.4437174724  -0.4927699804  -0.0001172434
0.4436892039  -0.4927299972  -0.0001499330
0.4436569380  -0.4926845017  -0.0001865153
0.4436206118  -0.4926334152  -0.0002270695
0.4435801629  -0.4925766589  -0.0002716748
0.4435355283  -0.4925141530  -0.0003204109
0.4434866443  -0.4924458171  -0.0003733572
0.4434334469  -0.4923715698  -0.0004305937
0.4433758714  -0.4922913286  -0.0004922003
0.4433138522  -0.4922050101  -0.0005582573
0.4432473232  -0.4921125294  -0.0006288449
0.4431762173  -0.4920138010  -0.0007040437
0.4431004666  -0.4919087378  -0.0007839344
0.4430200024  -0.4917972517  -0.0008685978
0.4429347552  -0.4916792534  -0.0009581150
0.4428446545  -0.4915546524  -0.0010525673
0.4427496291  -0.4914233570  -0.0011520360
0.4426496067  -0.4912852742  -0.0012566026
0.4425445142  -0.4911403097  -0.0013663490
0.4424342774  -0.4909883682  -0.0014813570
0.4423188214  -0.4908293529  -0.0016017088
0.4421980701  -0.4906631659  -0.0017274866
0.4420719463  -0.4904896861  -0.0018589838
0.4419403724  -0.4903088333  -0.0019960838
0.4418032702  -0.4901205362  -0.0021387913
0.4416605592  -0.4899246757  -0.0022871926
0.4415121584  -0.4897211385  -0.0024413709
0.4413579856  -0.4895098169  -0.0026014087
0.4411979579  -0.4892906028  -0.0027673893
0.4410319913  -0.4890633871  -0.0029393975
0.4408600006  -0.4888280596  -0.0031175191
0.4406818996  -0.4885845088  -0.0033018413
0.4404976013  -0.4883326221  -0.0034924522
0.4403070171  -0.4880722856  -0.0036894413
0.4401100578  -0.4878033840  -0.0038928989
0.4399066328  -0.4875258011  -0.0041029168
0.4396966505  -0.4872394192  -0.0043195877
0.4394800182  -0.4869441198  -0.0045430055
0.4392566419  -0.4866397828  -0.0047732652
0.4390264267  -0.4863262871  -0.0050104632
0.4387892764  -0.4860035104  -0.0052546967
0.4385450936  -0.4856713293  -0.0055060645
0.4382937798  -0.4853296194  -0.0057646661
0.4380352354  -0.4849782549  -0.0060306026
0.4377693596  -0.4846171091  -0.0063039762
0.4374960501  -0.4842460541  -0.0065848902
0.4372152038  -0.4838649608  -0.0068734492
0.4369267161  -0.4834736993  -0.0071697591
0.4366304813  -0.4830721383  -0.0074739270
0.4363263923  -0.4826601456  -0.0077860611
0.4360143410  -0.4822375881  -0.0081062711
0.4356942178  -0.4818043314  -0.0084346677
0.4353659121  -0.4813602404  -0.0087713632
0.4350293117  -0.4809051722  -0.0091164710
0.4346843033  -0.4804389872  -0.0094701057
0.4343307724  -0.4799615613  -0.0098323835
0.4339686029  -0.4794727621  -0.0102034215
0.4335976778  -0.4789724445  -0.0105833386
0.4332178786  -0.4784604647  -0.0109722546
0.4328290854  -0.4779366803  -0.0113702909
0.4324311771  -0.4774009480  -0.0117775700
0.4320240311  -0.4768531241  -0.0121942161
0.4316075237  -0.4762930638  -0.0126203542
0.4311815297  -0.4757206215  -0.0130561112
0.4307459226  -0.4751356508  -0.0135016148
0.4303005745  -0.4745380042  -0.0139569945
0.4298453562  -0.4739275334  -0.0144223810
0.4293801372  -0.4733040895  -0.0148979063
0.4289047853  -0.4726675224  -0.0153837038
0.4284191675  -0.4720176815  -0.0158799083
0.4279231489  -0.4713544151  -0.0163866559
0.4274165936  -0.4706775711  -0.0169040841
0.4268993640  -0.4699869964  -0.0174323318
0.4263713214  -0.4692825374  -0.0179715394
0.4258323257  -0.4685640395  -0.0185218483
0.4252822352  -0.4678313478  -0.0190834016
0.4247209071  -0.4670843065  -0.0196563438
0.4241481971  -0.4663227596  -0.0202408206
0.4235639595  -0.4655465502  -0.0208369795
0.4229680473  -0.4647555213  -0.0214449689
0.4223603122  -0.4639495151  -0.0220649388
0.4217406043  -0.4631283736  -0.0226970406
0.4211087726  -0.4622919381  -0.0233414268
0.4204646648  -0.4614400499  -0.0239982515
0.4198081270  -0.4605725501  -0.0246676698
0.4191390041  -0.4596892804  -0.0253498384
0.4184571402  -0.4587900887  -0.0260449152
0.4177623788  -0.4578748301  -0.0267530592
0.4170545613  -0.4569433490  -0.0274744309
0.4163335278  -0.4559954592  -0.0282091922
0.4155991171  -0.4550309579  -0.0289575064
0.4148511664  -0.4540496602  -0.0297195382
0.4140895116  -0.4530514091  -0.0304954535
0.4133139874  -0.4520360653  -0.0312854189
0.4125244273  -0.4510034965  -0.0320896021
0.4117206634  -0.4499535715  -0.0329081721
0.4109025271  -0.4488861569  -0.0337412985
0.4100698482  -0.4478011160  -0.0345891524
0.4092224558  -0.4466983088  -0.0354519055
0.4083601775  -0.4455775921  -0.0363297309
0.4074828400  -0.4444388198  -0.0372228025
0.4065902692  -0.4432818425  -0.0381312955
0.4056822896  -0.4421065082  -0.0390553862
0.4047587250  -0.4409126620  -0.0399952521
0.4038193980  -0.4397001467  -0.0409510712
0.4028641305  -0.4384688033  -0.0419230223
0.4018927433  -0.4372184710  -0.0429112852
0.4009050571  -0.4359489888  -0.0439160398
0.3999008943  -0.4346601995  -0.0449374672
0.3988800769  -0.4333519456  -0.0459757498
0.3978424243  -0.4320240661  -0.0470310720
0.3967877550  -0.4306764006  -0.0481036179
0.3957158867  -0.4293087895  -0.0491935695
0.3946266368  -0.4279210753  -0.0503011070
0.3935198221  -0.4265131020  -0.0514264082
0.3923952589  -0.4250847154  -0.0525696488
0.3912527635  -0.4236357621  -0.0537310036
0.3900921518  -0.4221660726  -0.0549106485
0.3889132393  -0.4206753936  -0.0561087580
0.3877158406  -0.4191634749  -0.0573255063
0.3864997738  -0.4176304256  -0.0585610881
0.3852648626  -0.4160766655  -0.0598157271
0.3840109353  -0.4145023266  -0.0610896486
0.3827378154  -0.4129070789  -0.0623830564
0.3814453177  -0.4112904834  -0.0636961376
0.3801332546  -0.4096522020  -0.0650290697
0.3788014406  -0.4079920024  -0.0663820258
0.3774496919  -0.4063097420  -0.0677551764
0.3760778267  -0.4046053355  -0.0691486895
0.3746856646  -0.4028787244  -0.0705627302
0.3732730265  -0.4011298654  -0.0719974627
0.3718397350  -0.3993587291  -0.0734530492
0.3703856161  -0.3975653037  -0.0749296494
0.3689105089  -0.3957496074  -0.0764274210
0.3674142552  -0.3939116719  -0.0779465192
0.3658966888  -0.3920515247  -0.0794870949
0.3643576440  -0.3901692023  -0.0810492961
0.3627969573  -0.3882647512  -0.0826332675
0.3612144672  -0.3863382279  -0.0842391495
0.3596100144  -0.3843896976  -0.0858670775
0.3579834447  -0.3824192372  -0.0875171798
0.3563346672  -0.3804269996  -0.0891895758
0.3546635911  -0.3784131460  -0.0908843728
0.3529700342  -0.3763777427  -0.0926016636
0.3512537718  -0.3743208123  -0.0943415199
0.3495145634  -0.3722423633  -0.0961039812
0.3477521503  -0.3701423874  -0.0978890379
0.3459662580  -0.3680208640  -0.0996965971
0.3441566733  -0.3658778422  -0.1015264157
0.3423232497  -0.3637134901  -0.1033771484
0.3404656661  -0.3615280445  -0.1052436744
0.3385838157  -0.3593217594  -0.1071238973
0.3366786219  -0.3570949163  -0.1090261879
0.3347511242  -0.3548478222  -0.1109596670
0.3328012709  -0.3525807757  -0.1129279418
0.3308284813  -0.3502940416  -0.1149323275
0.3288322735  -0.3479878066  -0.1169728315
0.3268122923  -0.3456622093  -0.1190486177
0.3247683381  -0.3433173944  -0.1211587064
0.3227002863  -0.3409534364  -0.1233021565
0.3206079970  -0.3385703115  -0.1254779221
0.3184913734  -0.3361680264  -0.1276848631
0.3163503743  -0.3337466305  -0.1299217523
0.3141849245  -0.3313060952  -0.1321872800
0.3119949386  -0.3288463538  -0.1344800604
0.3097803894  -0.3263673986  -0.1367986364
0.3075411785  -0.3238691155  -0.1391414866
0.3052771826  -0.3213513434  -0.1415070304
0.3029883392  -0.3188139813  -0.1438936343
0.3006745230  -0.3162568354  -0.1462996177
0.2983356094  -0.3136797128  -0.1487232581
0.2959714001  -0.3110823348  -0.1511627972
0.2935816097  -0.3084643287  -0.1536164449
0.2911658177  -0.3058251911  -0.1560823845
0.2887234148  -0.3031642226  -0.1585587797
0.2862536092  -0.3004805564  -0.1610437828
0.2837551219  -0.2977728497  -0.1635355406
0.2812260246  -0.2950391247  -0.1660322007
0.2786632482  -0.2922762944  -0.1685319184
0.2760615960  -0.2894791913  -0.1710328618
0.2734118202  -0.2866386886  -0.1735332176
0.2706470315  -0.2836881294  -0.1760312070
0.2675637115  -0.2804257469  -0.1785250906
0.2644023437  -0.2770942992  -0.1810131224
0.2615360766  -0.2740659505  -0.1834935170
0.2589097518  -0.2712823768  -0.1859645010
0.2564351143  -0.2686531356  -0.1884243702
0.2540542708  -0.2661192973  -0.1908714959
0.2517199856  -0.2636331453  -0.1933043181
0.2494059490  -0.2611681886  -0.1957213459
0.2471109803  -0.2587231053  -0.1981211574
0.2448343851  -0.2562970471  -0.2005024046
0.2425757677  -0.2538894814  -0.2028638193
0.2403349255  -0.2515000914  -0.2052042165
0.2381116946  -0.2491286206  -0.2075225001
0.2359059197  -0.2467748418  -0.2098176693
0.2337174537  -0.2444385549  -0.2120888224
0.2315461565  -0.2421195854  -0.2143351627
0.2293918950  -0.2398177818  -0.2165560058
0.2272545416  -0.2375330138  -0.2187507833
0.2251339739  -0.2352651697  -0.2209190487
0.2230300737  -0.2330141544  -0.2230604839
0.2209427264  -0.2307798871  -0.2251749055
0.2188718207  -0.2285622991  -0.2272622733
0.2168172476  -0.2263613320  -0.2293226996
0.2147789006  -0.2241769353  -0.2313564603
0.2127566748  -0.2220090651  -0.2333640079
0.2107504672  -0.2198576817  -0.2353459894
0.2087601774  -0.2177227487  -0.2373032744
0.2067857089  -0.2156042320  -0.2392369948
0.2048269724  -0.2135020999  -0.2411486131
0.2028838932  -0.2114163254  -0.2430400464
0.2009565058  -0.2093469199  -0.2449148582
0.1990452623  -0.2072940248  -0.2467818342
0.1971504773  -0.2052577287  -0.2486485224
0.1952711056  -0.2032376942  -0.2505117274
0.1934055618  -0.2012333984  -0.2523652026
0.1915532832  -0.1992445926  -0.2542063041
0.1897143971  -0.1972712213  -0.2560337614
0.1878890282  -0.1953132327  -0.2578471369
0.1860772379  -0.1933705593  -0.2596466360
0.1842790035  -0.1914431102  -0.2614325294
0.1824942160  -0.1895307690  -0.2632049635
0.1807227345  -0.1876334077  -0.2649640886
0.1789644190  -0.1857508947  -0.2667100554
0.1772191301  -0.1838830959  -0.2684430134
0.1754867299  -0.1820298747  -0.2701631117
0.1737670821  -0.1801910925  -0.2718704990
0.1720600522  -0.1783666089  -0.2735653229
0.1703655072  -0.1765562817  -0.2752477299
0.1686833159  -0.1747599676  -0.2769178653
0.1670133484  -0.1729775224  -0.2785758728
0.1653554768  -0.1712088008  -0.2802218942
0.1637095744  -0.1694536574  -0.2818560693
0.1620755164  -0.1677119463  -0.2834785353
0.1604531795  -0.1659835216  -0.2850894272
0.1588424417  -0.1642682377  -0.2866888768
0.1572431829  -0.1625659495  -0.2882770129
0.1556552843  -0.1608765124  -0.2898539611
0.1540786287  -0.1591997827  -0.2914198430
0.1525131005  -0.1575356177  -0.2929747767
0.1509585854  -0.1558838754  -0.2945188755
0.1494149706  -0.1542444146  -0.2960522478
0.1478821445  -0.1526170911  -0.2975749946
0.1463599965  -0.1510017427  -0.2990871989
0.1448484162  -0.1493981981  -0.3005889223
0.1433472958  -0.1478063423  -0.3020802325
0.1418565325  -0.1462261330  -0.3035612331
0.1403760264  -0.1446575172  -0.3050320481
0.1389056771  -0.1431003863  -0.3064927951
0.1374453836  -0.1415546083  -0.3079435817
0.1359950452  -0.1400200540  -0.3093845102
0.1345545627  -0.1384966001  -0.3108156786
0.1331238383  -0.1369841305  -0.3122371827
0.1317027757  -0.1354825344  -0.3136491176
0.1302912801  -0.1339917041  -0.3150515771
0.1288892576  -0.1325115333  -0.3164446538
0.1274966157  -0.1310419177  -0.3178284393
0.1261132631  -0.1295827544  -0.3192030237
0.1247391094  -0.1281339420  -0.3205684964
0.1233740656  -0.1266953805  -0.3219249453
0.1220180436  -0.1252669715  -0.3232724573
0.1206709564  -0.1238486178  -0.3246111184
0.1193327182  -0.1224402235  -0.3259410133
0.1180032442  -0.1210416938  -0.3272622258
0.1166824506  -0.1196529352  -0.3285748385
0.1153702546  -0.1182738551  -0.3298789331
0.1140665745  -0.1169043621  -0.3311745903
0.1127713296  -0.1155443657  -0.3324618899
0.1114844401  -0.1141937762  -0.3337409105
0.1102058272  -0.1128525048  -0.3350117300
0.1089354130  -0.1115204635  -0.3362744252
0.1076731207  -0.1101975649  -0.3375290721
0.1064188743  -0.1088837224  -0.3387757457
0.1051725986  -0.1075788496  -0.3400145202
0.1039342196  -0.1062828605  -0.3412454688
0.1027036639  -0.1049956680  -0.3424686643
0.1014808590  -0.1037171857  -0.3436841781
0.1002657335  -0.1024473294  -0.3448920813
0.0990582166  -0.1011860182  -0.3460924437
0.0978582384  -0.0999331726  -0.3472853344
0.0966657300  -0.0986887137  -0.3484708215
0.0954806230  -0.0974525629  -0.3496489725
0.0943028500  -0.0962246425  -0.3508198540
0.0931323443  -0.0950048755  -0.3519835319
0.0919690402  -0.0937931855  -0.3531400714
0.0908128725  -0.0925894974  -0.3542895368
0.0896637768  -0.0913937365  -0.3554319916
0.0885216897  -0.0902058292  -0.3565674988
0.0873865481  -0.0890257025  -0.3576961205
0.0862582900  -0.0878532845  -0.3588179181
0.0851368540  -0.0866885039  -0.3599329525
0.0840221793  -0.0855312901  -0.3610412835
0.0829142060  -0.0843815735  -0.3621429705
0.0818128746  -0.0832392850  -0.3632380723
0.0807181266  -0.0821043555  -0.3643266468
0.0796299040  -0.0809767177  -0.3654087513
0.0785481495  -0.0798563059  -0.3664844425
0.0774728063  -0.0787430551  -0.3675537765
0.0764038185  -0.0776369000  -0.3686168088
0.0753411307  -0.0765377760  -0.3696735939
0.0742846880  -0.0754456192  -0.3707241863
0.0732344363  -0.0743603663  -0.3717686393
0.0721903221  -0.0732819549  -0.3728070061
0.0711522924  -0.0722103232  -0.3738393389
0.0701202948  -0.0711454098  -0.3748656896
0.0690942776  -0.0700871544  -0.3758861093
0.0680741895  -0.0690354970  -0.3769006488
0.0670599799  -0.0679903785  -0.3779093581
0.0660515988  -0.0669517404  -0.3789122868
0.0650489966  -0.0659195247  -0.3799094839
0.0640521243  -0.0648936742  -0.3809009978
0.0630609334  -0.0638741323  -0.3818868764
0.0620753761  -0.0628608430  -0.3828671673
0.0610954050  -0.0618537509  -0.3838419171
0.0601209732  -0.0608528013  -0.3848111724
0.0591520343  -0.0598579400  -0.3857749789
0.0581885425  -0.0588691134  -0.3867333821
0.0572304524  -0.0578862686  -0.3876864269
0.0562777191  -0.0569093532  -0.3886341576
0.0553302983  -0.0559383155  -0.3895766182
0.0543881460  -0.0549731041  -0.3905138522
0.0534512188  -0.0540136684  -0.3914459024
0.0525194737  -0.0530599583  -0.3923728115
0.0515928682  -0.0521119242  -0.3932946214
0.0506713602  -0.0511695171  -0.3942113740
0.0497549082  -0.0502326909  -0.3951231116
0.0488434710  -0.0493014009  -0.3960298780
0.0479370078  -0.0483755936  -0.3969317126
0.0470354783  -0.0474552144  -0.3978286505
0.0461388424  -0.0465402200  -0.3987207297
0.0452470608  -0.0456305684  -0.3996079893
0.0443600945  -0.0447262145  -0.4004904676
0.0434779048  -0.0438271134  -0.4013682024
0.0426004535  -0.0429332208  -0.4022412313
0.0417277028  -0.0420444928  -0.4031095917
0.0408596152  -0.0411608860  -0.4039733205
0.0399961537  -0.0402823573  -0.4048324545
0.0391372817  -0.0394088640  -0.4056870303
0.0382829628  -0.0385403640  -0.4065370842
0.0374331612  -0.0376768155  -0.4073826522
0.0365878412  -0.0368181770  -0.4082237703
0.0357469677  -0.0359644076  -0.4090604739
0.0349105060  -0.0351154666  -0.4098927985
0.0340784214  -0.0342713138  -0.4107207794
0.0332506799  -0.0334319095  -0.4115444513
0.0324272478  -0.0325972142  -0.4123638491
0.0316080915  -0.0317671889  -0.4131790071
0.0307931781  -0.0309417949  -0.4139899597
0.0299824746  -0.0301209940  -0.4147967407
0.0291759488  -0.0293047483  -0.4155993839
0.0283735685  -0.0284930204  -0.4163979225
0.0275753018  -0.0276857731  -0.4171923897
0.0267811174  -0.0268829696  -0.4179828182
0.0259909840  -0.0260845738  -0.4187692403
0.0252048709  -0.0252905495  -0.4195516880
0.0244227474  -0.0245008612  -0.4203301929
0.0236445833  -0.0237154737  -0.4211047862
0.0228704326  -0.0229343534  -0.4218864163
0.0221003202  -0.0221574664  -0.4226805191
0.0213339998  -0.0213847752  -0.4234684791
0.0205713785  -0.0206162451  -0.4242551372
0.0198125397  -0.0198518446  -0.4250401890
0.0190574532  -0.0190915406  -0.4258232843
0.0183060894  -0.0183353005  -0.4266040279
0.0175584193  -0.0175830919  -0.4273819788
0.0168144148  -0.0168348828  -0.4281566503
0.0160740486  -0.0160906417  -0.4289275106
0.0153372942  -0.0153503370  -0.4296939821
0.0146041261  -0.0146139379  -0.4304554417
0.0138745194  -0.0138814137  -0.4312112210
0.0131484502  -0.0131527339  -0.4319606058
0.0124258957  -0.0124278686  -0.4327028367
0.0117068338  -0.0117067879  -0.4334371084
0.0109912434  -0.0109894624  -0.4341625704
0.0102791043  -0.0102758630  -0.4348783266
0.0095703972  -0.0095659606  -0.4355834354
0.0088651039  -0.0088597268  -0.4362769095
0.0081632068  -0.0081571331  -0.4369577164
0.0074646894  -0.0074581516  -0.4376247779
0.0067695360  -0.0067627544  -0.4382769704
0.0060777316  -0.0060709140  -0.4389131245
0.0053892621  -0.0053826032  -0.4395320256
0.0047041140  -0.0046977950  -0.4401324134
0.0040222745  -0.0040164627  -0.4407129823
0.0033437312  -0.0033385799  -0.4412723810
0.0026684725  -0.0026641203  -0.4418092127
0.0019964868  -0.0019930581  -0.4423220352
0.0013277628  -0.0013253675  -0.4428093606
0.0006622896  -0.0006610233  -0.4432696556
0.0006621717  -0.0006610228  -0.4432696556
