0.185487
1.0052430514  -1.3991354692   0.0000473594
1.0052430514  -1.3991354692   0.0000473594
1.0052505452  -1.3991517549   0.0000425426
1.0052519723  -1.3991504819   0.0000269051
1.0052432465  -1.3991228885   0.0000001536
1.0052229635  -1.3990662119  -0.0000380028
1.0051905191  -1.3989792667  -0.0000878531
1.0051455380  -1.3988613180  -0.0001496840
1.0050877320  -1.3987118002  -0.0002237802
1.0050168518  -1.3985302223  -0.0003104242
1.0049326673  -1.3983161298  -0.0004098965
1.0048349584  -1.3980690862  -0.0005224752
1.0047235105  -1.3977886646  -0.0006484365
1.0045981119  -1.3974744426  -0.0007880544
1.0044585522  -1.3971259995  -0.0009416008
1.0043046216  -1.3967429149  -0.0011093454
1.0041361103  -1.3963247674  -0.0012915559
1.0039528080  -1.3958711347  -0.0014884977
1.0037545037  -1.3953815923  -0.0017004342
1.0035409859  -1.3948557144  -0.0019276267
1.0033120421  -1.3942930733  -0.0021703342
1.0030674587  -1.3936932393  -0.0024288138
1.0028070213  -1.3930557815  -0.0027033203
1.0025305147  -1.3923802673  -0.0029941064
1.0022377224  -1.3916662628  -0.0033014226
1.0019284272  -1.3909133332  -0.0036255176
1.0016024109  -1.3901210428  -0.0039666375
1.0012594544  -1.3892889552  -0.0043250267
1.0008993377  -1.3884166341  -0.0047009272
1.0005218401  -1.3875036428  -0.0050945789
1.0001267401  -1.3865495451  -0.0055062197
0.9997138152  -1.3855539055  -0.0059360852
0.9992828413  -1.3845160691  -0.0063851162
0.9988335972  -1.3834357962  -0.0068528905
0.9983658604  -1.3823129469  -0.0073393890
0.9978794039  -1.3811469344  -0.0078448487
0.9973740013  -1.3799372511  -0.0083694958
0.9968494267  -1.3786834539  -0.0089135553
0.9963054537  -1.3773851111  -0.0094772526
0.9957418554  -1.3760417974  -0.0100608146
0.9951584047  -1.3746530920  -0.0106644687
0.9945548739  -1.3732185789  -0.0112884434
0.9939310354  -1.3717378471  -0.0119329673
0.9932866611  -1.3702104913  -0.0125982694
0.9926215230  -1.3686361118  -0.0132845788
0.9919353927  -1.3670143155  -0.0139921247
0.9912280420  -1.3653447159  -0.0147211360
0.9904992425  -1.3636269338  -0.0154718416
0.9897487659  -1.3618605977  -0.0162444701
0.9889763841  -1.3600453441  -0.0170392495
0.9881818688  -1.3581808180  -0.0178564077
0.9873649924  -1.3562666734  -0.0186961716
0.9865255270  -1.3543025737  -0.0195587676
0.9856632454  -1.3522881920  -0.0204444215
0.9847779206  -1.3502232112  -0.0213533580
0.9838693261  -1.3481073244  -0.0222858007
0.9829372356  -1.3459402366  -0.0232419723
0.9819814237  -1.3437216652  -0.0242220943
0.9810016654  -1.3414513401  -0.0252263869
0.9799977365  -1.3391290038  -0.0262550690
0.9789694135  -1.3367544104  -0.0273083580
0.9779164737  -1.3343273268  -0.0283864697
0.9768386953  -1.3318475317  -0.0294896181
0.9757358575  -1.3293147609  -0.0306180156
0.9746077405  -1.3267287967  -0.0317718722
0.9734541275  -1.3240895695  -0.0329513961
0.9722748218  -1.3213969842  -0.0341567932
0.9710696340  -1.3186508726  -0.0353882671
0.9698383643  -1.3158510914  -0.0366460191
0.9685808121  -1.3129975264  -0.0379302482
0.9672967792  -1.3100900815  -0.0392411504
0.9659860699  -1.3071286782  -0.0405789194
0.9646484912  -1.3041132558  -0.0419437460
0.9632838525  -1.3010437708  -0.0433358184
0.9618919664  -1.2979201955  -0.0447553217
0.9604726480  -1.2947425182  -0.0462024382
0.9590257157  -1.2915107428  -0.0476773470
0.9575509905  -1.2882248901  -0.0491802240
0.9560482970  -1.2848849968  -0.0507112422
0.9545174629  -1.2814911162  -0.0522705708
0.9529583190  -1.2780433177  -0.0538583761
0.9513706999  -1.2745416872  -0.0554748203
0.9497544434  -1.2709863267  -0.0571200624
0.9481093910  -1.2673773547  -0.0587942574
0.9464353882  -1.2637149069  -0.0604975568
0.9447322835  -1.2599991348  -0.0622301048
0.9429999287  -1.2562302060  -0.0639920331
0.9412381791  -1.2524083040  -0.0657834672
0.9394468948  -1.2485336279  -0.0676045403
0.9376259413  -1.2446063925  -0.0694553956
0.9357751884  -1.2406268285  -0.0713361829
0.9338945103  -1.2365951831  -0.0732470574
0.9319837852  -1.2325117199  -0.0751881788
0.9300428955  -1.2283767192  -0.0771597078
0.9280717268  -1.2241904766  -0.0791617919
0.9260701670  -1.2199533011  -0.0811945519
0.9240381072  -1.2156655214  -0.0832580856
0.9219754447  -1.2113274908  -0.0853524725
0.9198820827  -1.2069395789  -0.0874777739
0.9177579274  -1.2025021668  -0.0896340335
0.9156028888  -1.1980156526  -0.0918212784
0.9134168815  -1.1934804692  -0.0940395200
0.9111998256  -1.1888970784  -0.0962887587
0.9089516475  -1.1842658806  -0.0985689999
0.9066722809  -1.1795871518  -0.1008802629
0.9043616646  -1.1748611796  -0.1032225687
0.9020197411  -1.1700884275  -0.1055959326
0.8996464585  -1.1652694995  -0.1080003668
0.8972417729  -1.1604050304  -0.1104358809
0.8948056475  -1.1554956498  -0.1129024828
0.8923380496  -1.1505419844  -0.1154001798
0.8898389514  -1.1455446607  -0.1179289786
0.8873083307  -1.1405043060  -0.1204888860
0.8847461706  -1.1354215487  -0.1230799081
0.8821524596  -1.1302970180  -0.1257020500
0.8795271916  -1.1251313441  -0.1283553165
0.8768703661  -1.1199251587  -0.1310397122
0.8741817967  -1.1146789115  -0.1337552420
0.8714610640  -1.1093928211  -0.1365019126
0.8687081451  -1.1040674815  -0.1392797311
0.8659234926  -1.0987039505  -0.1420887044
0.8631076258  -1.0933033602  -0.1449288389
0.8602611161  -1.0878668990  -0.1478001417
0.8573845836  -1.0823958070  -0.1507026209
0.8544786958  -1.0768913716  -0.1536362863
0.8515440429  -1.0713548148  -0.1566011481
0.8485805555  -1.0657867389  -0.1595972160
0.8455877347  -1.0601872984  -0.1626244989
0.8425652130  -1.0545567350  -0.1656830063
0.8395126101  -1.0488952799  -0.1687727490
0.8364294985  -1.0432031210  -0.1718937381
0.8333154025  -1.0374804016  -0.1750459833
0.8301697975  -1.0317272049  -0.1782294877
0.8269921081  -1.0259434933  -0.1814442349
0.8237819240  -1.0201294842  -0.1846902064
0.8205395771  -1.0142866427  -0.1879674656
0.8172655419  -1.0084167563  -0.1912761595
0.8139598444  -1.0025205851  -0.1946163866
0.8106224468  -0.9965984125  -0.1979881437
0.8072533065  -0.9906506737  -0.2013913924
0.8038523975  -0.9846780509  -0.2048260962
0.8004197086  -0.9786813158  -0.2082922200
0.7969552586  -0.9726613154  -0.2117897292
0.7934591000  -0.9666189760  -0.2153185884
0.7899312731  -0.9605551991  -0.2188787604
0.7863718006  -0.9544708466  -0.2224702079
0.7827807101  -0.9483667924  -0.2260928897
0.7791580343  -0.9422439227  -0.2297467612
0.7755038136  -0.9361031351  -0.2334317808
0.7718181325  -0.9299454149  -0.2371479194
0.7681011037  -0.9237717966  -0.2408951502
0.7643528066  -0.9175832443  -0.2446733946
0.7605732973  -0.9113806808  -0.2484825194
0.7567626450  -0.9051650234  -0.2523224224
0.7529209407  -0.8989371853  -0.2561930388
0.7490483251  -0.8926981749  -0.2600942683
0.7451449510  -0.8864490370  -0.2640259594
0.7412109235  -0.8801907036  -0.2679879297
0.7372463309  -0.8739240406  -0.2719799764
0.7332512646  -0.8676498933  -0.2760018631
0.7292258551  -0.8613691641  -0.2800532950
0.7251702868  -0.8550828420  -0.2841338841
0.7210847006  -0.8487918221  -0.2882430701
0.7169691453  -0.8424968593  -0.2923799302
0.7128234496  -0.8361986416  -0.2965419730
0.7086466804  -0.8298979887  -0.3007213588
0.7044392420  -0.8235956740  -0.3049190553
0.7002054192  -0.8172922499  -0.3091534768
0.6959482966  -0.8109887676  -0.3134352389
0.6916659351  -0.8046868693  -0.3177617963
0.6873558585  -0.7983877882  -0.3221308101
0.6830174317  -0.7920920404  -0.3265409151
0.6786505996  -0.7857999137  -0.3309907001
0.6742555016  -0.7795118688  -0.3354786387
0.6698323537  -0.7732283693  -0.3400030940
0.6653812962  -0.7669496443  -0.3445623272
0.6609025558  -0.7606760136  -0.3491545060
0.6563963571  -0.7544077579  -0.3537777130
0.6518627749  -0.7481448604  -0.3584299526
0.6473020106  -0.7418874446  -0.3631091595
0.6427143004  -0.7356356246  -0.3678132046
0.6381000601  -0.7293895941  -0.3725399016
0.6334592814  -0.7231491546  -0.3772870148
0.6287899188  -0.7169120024  -0.3820522676
0.6240909635  -0.7106768358  -0.3868333492
0.6193648833  -0.7044458818  -0.3916279207
0.6146131829  -0.6982203779  -0.3964336201
0.6098355137  -0.6919996721  -0.4012480691
0.6050315029  -0.6857830526  -0.4060688809
0.6002005303  -0.6795695661  -0.4108936677
0.5953416068  -0.6733579322  -0.4157200474
0.5904528470  -0.6671459996  -0.4205456497
0.5855310928  -0.6609303970  -0.4253681210
0.5805706989  -0.6547053548  -0.4301851321
0.5755611464  -0.6484603883  -0.4349943883
0.5704804253  -0.6421737990  -0.4397936464
0.5652349754  -0.6357528924  -0.4445807597
0.5595282734  -0.6289079088  -0.4493536564
0.5539770243  -0.6222591445  -0.4541101503
0.5491247687  -0.6163398493  -0.4588478877
0.5445119202  -0.6106805832  -0.4635646040
0.5399412303  -0.6050815181  -0.4682582729
0.5353994197  -0.5995283937  -0.4729270120
0.5308858946  -0.5940196931  -0.4775690196
0.5264004143  -0.5885543228  -0.4821825843
0.5219427533  -0.5831312635  -0.4867660941
0.5175127051  -0.5777495718  -0.4913180438
0.5131100814  -0.5724083786  -0.4958370411
0.5087347108  -0.5671068870  -0.5003218107
0.5043864381  -0.5618443705  -0.5047712042
0.5000651234  -0.5566201701  -0.5091842050
0.4957706395  -0.5514336911  -0.5135599314
0.4915028700  -0.5462844003  -0.5178976392
0.4872617084  -0.5411718226  -0.5221967323
0.4830470669  -0.5360955370  -0.5264568152
0.4788588775  -0.5310551735  -0.5306777085
0.4746970682  -0.5260504096  -0.5348593690
0.4705615474  -0.5210809659  -0.5390018699
0.4664522253  -0.5161466000  -0.5431054674
0.4623690274  -0.5112471029  -0.5471706255
0.4583118861  -0.5063822950  -0.5511980187
0.4542807359  -0.5015520226  -0.5551885500
0.4502755152  -0.4967561545  -0.5591433822
0.4462961709  -0.4919945782  -0.5630639839
0.4423426653  -0.4872671976  -0.5669522072
0.4384149932  -0.4825739319  -0.5708104336
0.4345132220  -0.4779147211  -0.5746418883
0.4306377311  -0.4732895527  -0.5784522312
0.4267900264  -0.4686984813  -0.5822546365
0.4229704208  -0.4641415256  -0.5860553483
0.4191745524  -0.4596184755  -0.5898407692
0.4153982919  -0.4551288990  -0.5936005928
0.4116425135  -0.4506723761  -0.5973359822
0.4079091630  -0.4462486150  -0.6010481253
0.4041986078  -0.4418573767  -0.6047372905
0.4005106880  -0.4374984160  -0.6084036821
0.3968452122  -0.4331714789  -0.6120475051
0.3932019901  -0.4288763054  -0.6156689672
0.3895808334  -0.4246126296  -0.6192682781
0.3859815554  -0.4203801798  -0.6228456491
0.3824039712  -0.4161786790  -0.6264012925
0.3788478976  -0.4120078457  -0.6299354212
0.3753131527  -0.4078673937  -0.6334482484
0.3717995565  -0.4037570333  -0.6369399866
0.3683069305  -0.3996764715  -0.6404108472
0.3648350977  -0.3956254124  -0.6438610400
0.3613838827  -0.3916035575  -0.6472907718
0.3579531114  -0.3876106065  -0.6507002463
0.3545426116  -0.3836462593  -0.6540896638
0.3511522125  -0.3797102162  -0.6574592208
0.3477817454  -0.3758021777  -0.6608091097
0.3444310427  -0.3719218447  -0.6641395172
0.3410999386  -0.3680689194  -0.6674506245
0.3377882689  -0.3642431060  -0.6707426060
0.3344958708  -0.3604441105  -0.6740156288
0.3312225833  -0.3566716417  -0.6772698515
0.3279682465  -0.3529254102  -0.6805054231
0.3247327020  -0.3492051273  -0.6837224800
0.3215157919  -0.3455104979  -0.6869211381
0.3183173554  -0.3418411895  -0.6901014658
0.3151372302  -0.3381968727  -0.6932634880
0.3119752676  -0.3345773876  -0.6964072946
0.3088313434  -0.3309827207  -0.6995331007
0.3057053362  -0.3274127360  -0.7026411372
0.3025971041  -0.3238671263  -0.7057315680
0.2995064951  -0.3203455865  -0.7088045271
0.2964333625  -0.3168478710  -0.7118601514
0.2933775659  -0.3133737569  -0.7148985791
0.2903389676  -0.3099230275  -0.7179199471
0.2873174311  -0.3064954708  -0.7209243907
0.2843128215  -0.3030908788  -0.7239120438
0.2813250052  -0.2997090474  -0.7268830388
0.2783538501  -0.2963497767  -0.7298375067
0.2753992252  -0.2930128700  -0.7327755770
0.2724610011  -0.2896981345  -0.7356973780
0.2695390495  -0.2864053803  -0.7386030364
0.2666332435  -0.2831344206  -0.7414926777
0.2637434574  -0.2798850714  -0.7443664261
0.2608695669  -0.2766571511  -0.7472244045
0.2580114487  -0.2734504802  -0.7500667345
0.2551689809  -0.2702648817  -0.7528935365
0.2523420428  -0.2671001802  -0.7557049297
0.2495305149  -0.2639562020  -0.7585010321
0.2467342787  -0.2608327749  -0.7612819606
0.2439532170  -0.2577297277  -0.7640478309
0.2411872138  -0.2546468905  -0.7667987577
0.2384361540  -0.2515840936  -0.7695348546
0.2356999238  -0.2485411684  -0.7722562342
0.2329784105  -0.2455179459  -0.7749630080
0.2302715023  -0.2425142568  -0.7776552866
0.2275790887  -0.2395299288  -0.7803331799
0.2249010600  -0.2365647850  -0.7829967971
0.2222373078  -0.2336186513  -0.7856462465
0.2195877245  -0.2306913667  -0.7882816351
0.2169522036  -0.2277827806  -0.7909030683
0.2143306394  -0.2248927414  -0.7935106500
0.2117229273  -0.2220210946  -0.7961044835
0.2091289639  -0.2191676856  -0.7986846715
0.2065486466  -0.2163323620  -0.8012513156
0.2039818737  -0.2135149726  -0.8038045165
0.2014285445  -0.2107153680  -0.8063443740
0.1988885592  -0.2079334002  -0.8088709869
0.1963618190  -0.2051689225  -0.8113844531
0.1938482260  -0.2024217898  -0.8138848698
0.1913476830  -0.1996918559  -0.8163723331
0.1888600938  -0.1969789720  -0.8188469382
0.1863853632  -0.1942829954  -0.8213087798
0.1839233967  -0.1916037969  -0.8237579512
0.1814741008  -0.1889412472  -0.8261945453
0.1790373828  -0.1862952093  -0.8286186538
0.1766131506  -0.1836655452  -0.8310303679
0.1742013132  -0.1810521197  -0.8334297779
0.1718017804  -0.1784547982  -0.8358169731
0.1694144627  -0.1758734478  -0.8381920424
0.1670392714  -0.1733079361  -0.8405550735
0.1646761186  -0.1707581323  -0.8429061536
0.1623249172  -0.1682239067  -0.8452453691
0.1599855809  -0.1657051305  -0.8475728055
0.1576580241  -0.1632016765  -0.8498885477
0.1553421620  -0.1607134185  -0.8521926797
0.1530379105  -0.1582402315  -0.8544852848
0.1507451863  -0.1557819919  -0.8567664458
0.1484639067  -0.1533385770  -0.8590362445
0.1461939900  -0.1509098658  -0.8612947621
0.1439353548  -0.1484957380  -0.8635420789
0.1416879207  -0.1460960750  -0.8657782749
0.1394516081  -0.1437107592  -0.8680034291
0.1372263377  -0.1413396740  -0.8702176198
0.1350120312  -0.1389827044  -0.8724209248
0.1328086108  -0.1366397361  -0.8746134210
0.1306159996  -0.1343106564  -0.8767951850
0.1284341211  -0.1319953533  -0.8789662922
0.1262628996  -0.1296937161  -0.8811268180
0.1241022600  -0.1274056352  -0.8832768365
0.1219521278  -0.1251310020  -0.8854164217
0.1198124293  -0.1228697088  -0.8875456466
0.1176830917  -0.1206216743  -0.8896645917
0.1155640431  -0.1183868255  -0.8917733459
0.1134552111  -0.1161649976  -0.8938719748
0.1113565226  -0.1139560107  -0.8959605225
0.1092679060  -0.1117597919  -0.8980390496
0.1071892924  -0.1095762799  -0.9001076269
0.1051206126  -0.1074053768  -0.9021663204
0.1030617978  -0.1052469849  -0.9042151966
0.1010127799  -0.1031010071  -0.9062543216
0.0989734912  -0.1009673465  -0.9082837618
0.0969438644  -0.0988459072  -0.9103035837
0.0949238332  -0.0967365935  -0.9123138540
0.0929133314  -0.0946393101  -0.9143146397
0.0909122937  -0.0925539623  -0.9163060078
0.0889206550  -0.0904804558  -0.9182880257
0.0869383511  -0.0884186968  -0.9202607613
0.0849653180  -0.0863685920  -0.9222242823
0.0830014924  -0.0843300484  -0.9241786570
0.0810468113  -0.0823029736  -0.9261239537
0.0791012124  -0.0802872759  -0.9280602411
0.0771646339  -0.0782828638  -0.9299875878
0.0752370142  -0.0762896467  -0.9319060625
0.0733182926  -0.0743075343  -0.9338157340
0.0714084085  -0.0723364371  -0.9357166709
0.0695073020  -0.0703762661  -0.9376089416
0.0676149136  -0.0684269331  -0.9394926141
0.0657311843  -0.0664883505  -0.9413677561
0.0638560554  -0.0645604313  -0.9432344345
0.0619894689  -0.0626430895  -0.9450927157
0.0601313671  -0.0607362396  -0.9469426651
0.0582816928  -0.0588397969  -0.9487843470
0.0564403892  -0.0569536777  -0.9506178245
0.0546078795  -0.0550778098  -0.9524693797
0.0527844224  -0.0532121168  -0.9543520592
0.0509687190  -0.0513564873  -0.9562211264
0.0491603479  -0.0495108334  -0.9580881929
0.0473598985  -0.0476750916  -0.9599525102
0.0455673060  -0.0458491833  -0.9618132201
0.0437825087  -0.0440330306  -0.9636693546
0.0420054477  -0.0422265569  -0.9655198362
0.0402360679  -0.0404296859  -0.9673634780
0.0384743173  -0.0386423426  -0.9691989832
0.0367201479  -0.0368644523  -0.9710249455
0.0349735152  -0.0350959415  -0.9728398490
0.0332343788  -0.0333367371  -0.9746420680
0.0315027026  -0.0315867668  -0.9764298675
0.0297784543  -0.0298459591  -0.9782014027
0.0280616062  -0.0281142428  -0.9799547191
0.0263521347  -0.0263915477  -0.9816877528
0.0246500207  -0.0246778038  -0.9833983301
0.0229552492  -0.0229729420  -0.9850841677
0.0212678099  -0.0212768936  -0.9867428728
0.0195876963  -0.0195895904  -0.9883719430
0.0179149063  -0.0179109647  -0.9899687661
0.0162494417  -0.0162409494  -0.9915306204
0.0145913080  -0.0145794779  -0.9930546746
0.0129405142  -0.0129264842  -0.9945379877
0.0112970724  -0.0112819027  -0.9959775093
0.0096609977  -0.0096456686  -0.9973700790
0.0080323074  -0.0080177174  -0.9987124271
0.0064110206  -0.0063979855  -1.0000011742
0.0047971578  -0.0047864099  -1.0012328313
0.0031907401  -0.0031829284  -1.0024037997
0.0015917884  -0.0015874793  -1.0035103712
0.0015911080  -0.0015874754  -1.0035103712
