0.158975
1.2067176359  -1.8019286215   0.0000781794
1.2067176359  -1.8019286215   0.0000781794
1.2067295407  -1.8019556869   0.0000686307
1.2067307049  -1.8019457888   0.0000402546
1.2067143200  -1.8018833489  -0.0000075177
1.2066776827  -1.8017624468  -0.0000752451
1.2066196546  -1.8015806737  -0.0001634768
1.2065395415  -1.8013366134  -0.0002727522
1.2064368192  -1.8010292267  -0.0004036010
1.2063110415  -1.8006576438  -0.0005565433
1.2061618022  -1.8002210799  -0.0007320892
1.2059887179  -1.7997187957  -0.0009307393
1.2057914184  -1.7991500781  -0.0011529843
1.2055695427  -1.7985142294  -0.0013993053
1.2053227359  -1.7978105621  -0.0016701734
1.2050506476  -1.7970383950  -0.0019660504
1.2047529309  -1.7961970519  -0.0022873878
1.2044292420  -1.7952858609  -0.0026346279
1.2040792398  -1.7943041537  -0.0030082029
1.2037025857  -1.7932512663  -0.0034085354
1.2032989439  -1.7921265392  -0.0038360382
1.2028679808  -1.7909293179  -0.0042911145
1.2024093659  -1.7896589541  -0.0047741575
1.2019227713  -1.7883148060  -0.0052855509
1.2014078720  -1.7868962396  -0.0058256686
1.2008643462  -1.7854026296  -0.0063948747
1.2002918756  -1.7838333603  -0.0069935236
1.1996901451  -1.7821878271  -0.0076219599
1.1990588439  -1.7804654372  -0.0082805186
1.1983976645  -1.7786656109  -0.0089695248
1.1977063043  -1.7767877826  -0.0096892940
1.1969844646  -1.7748314023  -0.0104401318
1.1962318529  -1.7727953535  -0.0112235510
1.1954481826  -1.7706796447  -0.0120387306
1.1946331673  -1.7684845415  -0.0128855356
1.1937865251  -1.7662091402  -0.0137642446
1.1929079820  -1.7638527813  -0.0146751157
1.1919972695  -1.7614149802  -0.0156184025
1.1910541251  -1.7588952987  -0.0165943522
1.1900782940  -1.7562933335  -0.0176032069
1.1890695280  -1.7536087107  -0.0186452034
1.1880275859  -1.7508410859  -0.0197205725
1.1869522336  -1.7479901448  -0.0208295383
1.1858432444  -1.7450556047  -0.0219723182
1.1847003989  -1.7420372159  -0.0231491225
1.1835234859  -1.7389347628  -0.0243601539
1.1823123017  -1.7357480635  -0.0256056074
1.1810666510  -1.7324769714  -0.0268856702
1.1797863466  -1.7291213752  -0.0282005205
1.1784712098  -1.7256811996  -0.0295503274
1.1771210704  -1.7221564053  -0.0309352521
1.1757357671  -1.7185469892  -0.0323554473
1.1743151474  -1.7148529846  -0.0338110574
1.1728590677  -1.7110744619  -0.0353022182
1.1713673935  -1.7072115295  -0.0368290569
1.1698399967  -1.7032643307  -0.0383916917
1.1682767505  -1.6992330387  -0.0399902320
1.1666775390  -1.6951178673  -0.0416247765
1.1650422625  -1.6909190768  -0.0432954126
1.1633708313  -1.6866369678  -0.0450022189
1.1616631657  -1.6822718799  -0.0467452671
1.1599191959  -1.6778241919  -0.0485246219
1.1581388620  -1.6732943227  -0.0503403402
1.1563221134  -1.6686825998  -0.0521924714
1.1544689089  -1.6639894738  -0.0540810568
1.1525792176  -1.6592157456  -0.0560061297
1.1506530193  -1.6543621096  -0.0579677148
1.1486903024  -1.6494290786  -0.0599658254
1.1466910596  -1.6444172546  -0.0620004600
1.1446552746  -1.6393272934  -0.0640716028
1.1425829408  -1.6341598899  -0.0661792246
1.1404740769  -1.6289157909  -0.0683232832
1.1383287135  -1.6235957836  -0.0705037246
1.1361468904  -1.6182006923  -0.0727204839
1.1339286571  -1.6127313744  -0.0749734910
1.1316740730  -1.6071887164  -0.0772626758
1.1293832064  -1.6015736302  -0.0795879664
1.1270561341  -1.5958870530  -0.0819492844
1.1246929404  -1.5901299488  -0.0843465458
1.1222937054  -1.5843032990  -0.0867796614
1.1198584897  -1.5784080881  -0.0892485373
1.1173873708  -1.5724453367  -0.0917530749
1.1148804593  -1.5664161181  -0.0942931716
1.1123378746  -1.5603215355  -0.0968687209
1.1097597436  -1.5541627177  -0.0994796127
1.1071462005  -1.5479408149  -0.1021257330
1.1044973860  -1.5416569964  -0.1048069644
1.1018134470  -1.5353124505  -0.1075231864
1.0990945297  -1.5289083768  -0.1102742756
1.0963406956  -1.5224459087  -0.1130601058
1.0935520087  -1.5159261911  -0.1158805482
1.0907286522  -1.5093504869  -0.1187354713
1.0878708536  -1.5027201098  -0.1216247404
1.0849788517  -1.4960363896  -0.1245482184
1.0820528947  -1.4893006644  -0.1275057653
1.0790932395  -1.4825142763  -0.1304972388
1.0761001500  -1.4756785867  -0.1335224941
1.0730739037  -1.4687949927  -0.1365813839
1.0700147467  -1.4618648759  -0.1396737586
1.0669227863  -1.4548894692  -0.1427994659
1.0637980193  -1.4478698774  -0.1459583514
1.0606404191  -1.4408071971  -0.1491502460
1.0574499416  -1.4337025377  -0.1523749630
1.0542265320  -1.4265569284  -0.1556323322
1.0509701311  -1.4193712022  -0.1589222251
1.0476806895  -1.4121461316  -0.1622445485
1.0443584150  -1.4048829362  -0.1655992325
1.0410036869  -1.3975832144  -0.1689861966
1.0376167476  -1.3902484664  -0.1724053102
1.0341977707  -1.3828800884  -0.1758563902
1.0307469319  -1.3754794437  -0.1793392169
1.0272644133  -1.3680478682  -0.1828535370
1.0237504025  -1.3605866698  -0.1863990668
1.0202050947  -1.3530971297  -0.1899755085
1.0166286957  -1.3455805030  -0.1935825828
1.0130214192  -1.3380380136  -0.1972200322
1.0093834809  -1.3304708559  -0.2008876005
1.0057150967  -1.3228802021  -0.2045850273
1.0020164851  -1.3152672022  -0.2083120521
0.9982878681  -1.3076329839  -0.2120684158
0.9945294748  -1.2999786587  -0.2158538629
0.9907415474  -1.2923053325  -0.2196681428
0.9869243290  -1.2846140923  -0.2235110061
0.9830780560  -1.2769059988  -0.2273822027
0.9792029669  -1.2691820984  -0.2312814831
0.9752993030  -1.2614434254  -0.2352085992
0.9713673083  -1.2536910022  -0.2391633035
0.9674072362  -1.2459258522  -0.2431453470
0.9634193474  -1.2381490005  -0.2471544781
0.9594039020  -1.2303614617  -0.2511904438
0.9553611608  -1.2225642415  -0.2552529936
0.9512913880  -1.2147583421  -0.2593418815
0.9471948334  -1.2069447470  -0.2634568646
0.9430710058  -1.1991237235  -0.2675976878
0.9389196002  -1.1912956990  -0.2717640889
0.9347418633  -1.1834625697  -0.2759558843
0.9305397604  -1.1756269448  -0.2801730076
0.9263153413  -1.1677916153  -0.2844153806
0.9220705259  -1.1599593333  -0.2886828174
0.9178056999  -1.1521313432  -0.2929750804
0.9135198432  -1.1443073655  -0.2972919398
0.9092119590  -1.1364870024  -0.3016331783
0.9048810701  -1.1286698605  -0.3059985870
0.9005261057  -1.1208554542  -0.3103879617
0.8961458986  -1.1130432026  -0.3148011024
0.8917400794  -1.1052334254  -0.3192378171
0.8873094945  -1.0974277947  -0.3236979223
0.8828548114  -1.0896277679  -0.3281812416
0.8783761443  -1.0818341653  -0.3326876058
0.8738736040  -1.0740477872  -0.3372168499
0.8693473053  -1.0662694329  -0.3417688142
0.8647974145  -1.0585000032  -0.3463433485
0.8602241303  -1.0507404519  -0.3509403053
0.8556276035  -1.0429916218  -0.3555594991
0.8510079536  -1.0352542840  -0.3602007146
0.8463653162  -1.0275291917  -0.3648637952
0.8416998774  -1.0198171448  -0.3695486381
0.8370118748  -1.0121190475  -0.3742551233
0.8323015125  -1.0044357315  -0.3789831064
0.8275689419  -0.9967678926  -0.3837324228
0.8228143103  -0.9891161960  -0.3885028698
0.8180378083  -0.9814813859  -0.3932941777
0.8132396551  -0.9738642680  -0.3981059550
0.8084199776  -0.9662654935  -0.4029375636
0.8035787535  -0.9586855186  -0.4077877649
0.7987150255  -0.9511248365  -0.4126499952
0.7938284504  -0.9435840580  -0.4175216069
0.7889228949  -0.9360635773  -0.4224166107
0.7840025386  -0.9285640680  -0.4273473661
0.7790662915  -0.9210868953  -0.4323134302
0.7741112182  -0.9136332555  -0.4373121552
0.7691362664  -0.9062036241  -0.4423421297
0.7641413870  -0.8987980813  -0.4474020418
0.7591267671  -0.8914168380  -0.4524904985
0.7540926083  -0.8840600645  -0.4576060368
0.7490389530  -0.8767275981  -0.4627471377
0.7439659199  -0.8694193347  -0.4679122235
0.7388737664  -0.8621352999  -0.4730996333
0.7337627008  -0.8548753401  -0.4783076206
0.7286329850  -0.8476393595  -0.4835343771
0.7234848309  -0.8404271656  -0.4887780452
0.7183183468  -0.8332383607  -0.4940367209
0.7131337582  -0.8260726850  -0.4993084600
0.7079314378  -0.8189299576  -0.5045912818
0.7027113736  -0.8118096101  -0.5098831770
0.6974713719  -0.8047088780  -0.5151821145
0.6922106422  -0.7976263663  -0.5204860478
0.6869317143  -0.7905640831  -0.5257929180
0.6816355257  -0.7835224047  -0.5311006582
0.6763213534  -0.7765000063  -0.5364072001
0.6709884391  -0.7694955623  -0.5417104804
0.6656354962  -0.7625072426  -0.5470084478
0.6602602102  -0.7555322377  -0.5522990674
0.6548585460  -0.7485660925  -0.5575803253
0.6494231335  -0.7416011520  -0.5628502367
0.6439391408  -0.7346225198  -0.5681068580
0.6383703101  -0.7275942206  -0.5733483316
0.6323980599  -0.7202010712  -0.5785728988
0.6263915245  -0.7128187413  -0.5837787245
0.6209727906  -0.7060637903  -0.5889637724
0.6158783656  -0.6996604616  -0.5941260207
0.6108437536  -0.6933400174  -0.5992636731
0.6058391551  -0.6870712138  -0.6043750993
0.6008639021  -0.6808522010  -0.6094587452
0.5959177517  -0.6746817054  -0.6145131302
0.5910004722  -0.6685585392  -0.6195368592
0.5861118502  -0.6624815966  -0.6245286320
0.5812516917  -0.6564498524  -0.6294872500
0.5764198191  -0.6504623607  -0.6344116169
0.5716160695  -0.6445182530  -0.6393007431
0.5668402941  -0.6386167347  -0.6441537513
0.5620923575  -0.6327570837  -0.6489698806
0.5573721367  -0.6269386469  -0.6537484948
0.5526795197  -0.6211608366  -0.6584890858
0.5480144031  -0.6154231273  -0.6631912738
0.5433766910  -0.6097250517  -0.6678548172
0.5387663046  -0.6040661966  -0.6724796659
0.5341831842  -0.5984461989  -0.6770659722
0.5296272607  -0.5928647428  -0.6816140057
0.5250984436  -0.5873215555  -0.6861241492
0.5205966464  -0.5818163994  -0.6905969689
0.5161217991  -0.5763490680  -0.6950332348
0.5116738387  -0.5709193828  -0.6994339297
0.5072527080  -0.5655271905  -0.7038002859
0.5028583626  -0.5601723586  -0.7081338426
0.4984907840  -0.5548547744  -0.7124365458
0.4941500079  -0.5495743446  -0.7167109588
0.4898362112  -0.5443310196  -0.7209608106
0.4855507369  -0.5391247825  -0.7251968168
0.4812946997  -0.5339556365  -0.7294278889
0.4770647105  -0.5288235748  -0.7336451190
0.4728559520  -0.5237283561  -0.7378372405
0.4686682170  -0.5186694726  -0.7420035407
0.4645035517  -0.5136464651  -0.7461454656
0.4603626826  -0.5086590267  -0.7502633697
0.4562455046  -0.5037068897  -0.7543574530
0.4521518297  -0.4987897808  -0.7584279158
0.4480814708  -0.4939074204  -0.7624749612
0.4440342427  -0.4890595227  -0.7664987941
0.4400099618  -0.4842457966  -0.7704996210
0.4360084463  -0.4794659454  -0.7744776495
0.4320295159  -0.4747196679  -0.7784330880
0.4280729921  -0.4700066586  -0.7823661453
0.4241386977  -0.4653266082  -0.7862770294
0.4202264571  -0.4606792041  -0.7901659479
0.4163360961  -0.4560641308  -0.7940331067
0.4124674423  -0.4514810711  -0.7978787098
0.4086203245  -0.4469297056  -0.8017029586
0.4047945730  -0.4424097140  -0.8055060507
0.4009900194  -0.4379207751  -0.8092881793
0.3972064970  -0.4334625692  -0.8130495339
0.3934438409  -0.4290347783  -0.8167902992
0.3897018875  -0.4246370857  -0.8205106548
0.3859804748  -0.4202691763  -0.8242107738
0.3822794422  -0.4159307376  -0.8278908224
0.3785986305  -0.4116214599  -0.8315509593
0.3749378819  -0.4073410361  -0.8351913336
0.3712970400  -0.4030891616  -0.8388120835
0.3676759488  -0.3988655307  -0.8424133318
0.3640744502  -0.3946698083  -0.8459951600
0.3604923814  -0.3905016355  -0.8495575941
0.3569295897  -0.3863607812  -0.8531006948
0.3533859509  -0.3822471931  -0.8566246494
0.3498613514  -0.3781607633  -0.8601296934
0.3463556581  -0.3741012043  -0.8636160043
0.3428687206  -0.3700681897  -0.8670837174
0.3394003912  -0.3660614492  -0.8705329665
0.3359505301  -0.3620807452  -0.8739638879
0.3325190008  -0.3581258491  -0.8773766172
0.3291056686  -0.3541965380  -0.8807712882
0.3257103998  -0.3502925934  -0.8841480335
0.3223330622  -0.3464138017  -0.8875069843
0.3189735249  -0.3425599538  -0.8908482703
0.3156316583  -0.3387308447  -0.8941720200
0.3123073339  -0.3349262735  -0.8974783604
0.3090004247  -0.3311460430  -0.9007674174
0.3057108047  -0.3273899595  -0.9040393154
0.3024383492  -0.3236578323  -0.9072941778
0.2991829348  -0.3199494737  -0.9105321265
0.2959444390  -0.3162646988  -0.9137532823
0.2927227406  -0.3126033244  -0.9169577650
0.2895177197  -0.3089651697  -0.9201456930
0.2863292572  -0.3053500556  -0.9233171838
0.2831572353  -0.3017578045  -0.9264723537
0.2800015373  -0.2981882399  -0.9296113181
0.2768620474  -0.2946411863  -0.9327341910
0.2737386511  -0.2911164689  -0.9358410859
0.2706312347  -0.2876139132  -0.9389321150
0.2675396857  -0.2841333445  -0.9420073897
0.2644638924  -0.2806745876  -0.9450670206
0.2614037444  -0.2772374640  -0.9481111174
0.2583591320  -0.2738217886  -0.9511397893
0.2553299466  -0.2704273760  -0.9541531449
0.2523160806  -0.2670540545  -0.9571512918
0.2493174271  -0.2637016676  -0.9601343357
0.2463338801  -0.2603700604  -0.9631023808
0.2433653347  -0.2570590732  -0.9660555310
0.2404116869  -0.2537685454  -0.9689938891
0.2374728335  -0.2504983178  -0.9719175575
0.2345486724  -0.2472482331  -0.9748266374
0.2316391021  -0.2440181354  -0.9777212295
0.2287440222  -0.2408078702  -0.9806014333
0.2258633330  -0.2376172844  -0.9834673476
0.2229969356  -0.2344462263  -0.9863190704
0.2201447320  -0.2312945416  -0.9891566989
0.2173066250  -0.2281620704  -0.9919803294
0.2144825182  -0.2250486622  -0.9947900577
0.2116723161  -0.2219541886  -0.9975859784
0.2088759238  -0.2188785201  -1.0003681854
0.2060932474  -0.2158215128  -1.0031367720
0.2033241936  -0.2127830207  -1.0058918305
0.2005686698  -0.2097629007  -1.0086334529
0.1978265844  -0.2067610110  -1.0113617300
0.1950978462  -0.2037772104  -1.0140767522
0.1923823652  -0.2008113589  -1.0167786089
0.1896800516  -0.1978633175  -1.0194673891
0.1869908166  -0.1949329482  -1.0221431809
0.1843145722  -0.1920201142  -1.0248060716
0.1816512308  -0.1891246797  -1.0274561482
0.1790007058  -0.1862465103  -1.0300934965
0.1763629111  -0.1833854728  -1.0327182019
0.1737377613  -0.1805414349  -1.0353303493
0.1711251717  -0.1777142661  -1.0379300225
0.1685250583  -0.1749038366  -1.0405173050
0.1659373377  -0.1721100181  -1.0430922795
0.1633619272  -0.1693326837  -1.0456550280
0.1607987447  -0.1665717074  -1.0482056320
0.1582477088  -0.1638269646  -1.0507441722
0.1557087385  -0.1610983321  -1.0532707288
0.1531817539  -0.1583856875  -1.0557853813
0.1506666752  -0.1556889097  -1.0582882087
0.1481634235  -0.1530078790  -1.0607792892
0.1456719204  -0.1503424763  -1.0632587006
0.1431920882  -0.1476925841  -1.0657265199
0.1407238498  -0.1450580854  -1.0681828237
0.1382671285  -0.1424388646  -1.0706276879
0.1358218489  -0.1398348500  -1.0730611985
0.1333879369  -0.1372459842  -1.0754834531
0.1309653168  -0.1346720511  -1.0778945183
0.1285539114  -0.1321128071  -1.0802944319
0.1261536458  -0.1295681928  -1.0826832544
0.1237644486  -0.1270381674  -1.0850610599
0.1213862479  -0.1245226266  -1.0874279168
0.1190189719  -0.1220214659  -1.0897838937
0.1166625492  -0.1195345809  -1.0921290596
0.1143169091  -0.1170618675  -1.0944634838
0.1119819814  -0.1146032219  -1.0967872360
0.1096576961  -0.1121585404  -1.0991003863
0.1073439842  -0.1097277191  -1.1014030054
0.1050407769  -0.1073106548  -1.1036951647
0.1027480059  -0.1049072439  -1.1059769360
0.1004656035  -0.1025173833  -1.1082483916
0.0981935024  -0.1001409698  -1.1105096046
0.0959316357  -0.0977779005  -1.1127606484
0.0936799371  -0.0954280728  -1.1150015971
0.0914383406  -0.0930913843  -1.1172325251
0.0892067808  -0.0907677328  -1.1194535072
0.0869851926  -0.0884570166  -1.1216646185
0.0847735115  -0.0861591344  -1.1238659343
0.0825716733  -0.0838739852  -1.1260575299
0.0803796142  -0.0816014687  -1.1282394805
0.0781972710  -0.0793414849  -1.1304118610
0.0760245808  -0.0770939347  -1.1325747461
0.0738614811  -0.0748587194  -1.1347282097
0.0717079100  -0.0726357411  -1.1368723249
0.0695638059  -0.0704249027  -1.1390071639
0.0674291075  -0.0682261076  -1.1411327976
0.0653037541  -0.0660392605  -1.1432492953
0.0631883299  -0.0638642870  -1.1453871129
0.0610831975  -0.0617011041  -1.1475613681
0.0589866261  -0.0595495630  -1.1497202041
0.0568980646  -0.0574095582  -1.1518770739
0.0548183196  -0.0552810287  -1.1540311044
0.0527473187  -0.0531638848  -1.1561812953
0.0506849931  -0.0510580381  -1.1583265193
0.0486312783  -0.0489634009  -1.1604655219
0.0465861139  -0.0468798866  -1.1625969214
0.0445494442  -0.0448074097  -1.1647192092
0.0425212181  -0.0427458852  -1.1668307493
0.0405013897  -0.0406952292  -1.1689297788
0.0384899181  -0.0386553585  -1.1710144075
0.0364867678  -0.0366261906  -1.1730826182
0.0344919088  -0.0346076438  -1.1751322665
0.0325053166  -0.0325996370  -1.1771610809
0.0305269724  -0.0306020894  -1.1791666628
0.0285568632  -0.0286149212  -1.1811464863
0.0265949814  -0.0266380529  -1.1830978987
0.0246413253  -0.0246714054  -1.1850181199
0.0226958988  -0.0227149001  -1.1869042427
0.0207587109  -0.0207684589  -1.1887532329
0.0188297761  -0.0188320043  -1.1905619292
0.0169091136  -0.0169054588  -1.1923270428
0.0149967472  -0.0149887459  -1.1940451584
0.0130927049  -0.0130817893  -1.1957127329
0.0111970184  -0.0111845134  -1.1973260966
0.0093097223  -0.0092968431  -1.1988814524
0.0074308537  -0.0074187041  -1.2003748762
0.0055604514  -0.0055500228  -1.2018023167
0.0036985547  -0.0036907265  -1.2031595954
0.0018452029  -0.0018407434  -1.2044424068
0.0018442887  -0.0018407384  -1.2044424068
