0.15499
1.2410977105  -1.8687069127   0.0000857570
1.2410977105  -1.8687069127   0.0000857570
1.2411105751  -1.8687357323   0.0000749448
1.2411115259  -1.8687226568   0.0000432774
1.2410931099  -1.8686507601  -0.0000098857
1.2410522653  -1.8685133002  -0.0000851732
1.2409877098  -1.8683075702  -0.0001832014
1.2408986643  -1.8680319996  -0.0003045744
1.2407845434  -1.8676854501  -0.0004498843
1.2406448501  -1.8672669782  -0.0006197109
1.2404791340  -1.8667757380  -0.0008146218
1.2402869707  -1.8662109371  -0.0010351727
1.2400679522  -1.8655718138  -0.0012819068
1.2398216811  -1.8648576253  -0.0015553553
1.2395477681  -1.8640676411  -0.0018560372
1.2392458299  -1.8632011396  -0.0021844593
1.2389154878  -1.8622574060  -0.0025411163
1.2385563677  -1.8612357318  -0.0029264907
1.2381680997  -1.8601354144  -0.0033410529
1.2377503175  -1.8589557574  -0.0037852609
1.2373026589  -1.8576960716  -0.0042595609
1.2368247656  -1.8563556754  -0.0047643865
1.2363162836  -1.8549338961  -0.0053001596
1.2357768629  -1.8534300707  -0.0058672895
1.2352061582  -1.8518435475  -0.0064661736
1.2346038289  -1.8501736869  -0.0070971971
1.2339695394  -1.8484198630  -0.0077607328
1.2333029593  -1.8465814649  -0.0084571418
1.2326037637  -1.8446578980  -0.0091867725
1.2318716335  -1.8426485854  -0.0099499615
1.2311062556  -1.8405529694  -0.0107470331
1.2303073234  -1.8383705128  -0.0115782995
1.2294745392  -1.8361000140  -0.0124453998
1.2286076096  -1.8337416006  -0.0133474036
1.2277062419  -1.8312956991  -0.0142841343
1.2267701532  -1.8287613625  -0.0152558650
1.2257990723  -1.8261379402  -0.0162628459
1.2247927368  -1.8234249905  -0.0173053231
1.2237508922  -1.8206221279  -0.0183835344
1.2226732928  -1.8177290079  -0.0194977110
1.2215597016  -1.8147453229  -0.0206480764
1.2204098910  -1.8116708014  -0.0218348458
1.2192236426  -1.8085052089  -0.0230582256
1.2180007478  -1.8052483491  -0.0243184127
1.2167410080  -1.8019000649  -0.0256155939
1.2154442343  -1.7984602404  -0.0269499453
1.2141102485  -1.7949288026  -0.0283216334
1.2127388827  -1.7913057223  -0.0297308148
1.2113299795  -1.7875910135  -0.0311776359
1.2098833927  -1.7837847337  -0.0326622328
1.2083989865  -1.7798869842  -0.0341847311
1.2068766357  -1.7758979088  -0.0357452460
1.2053162187  -1.7718176867  -0.0373438816
1.2037176229  -1.7676465380  -0.0389807303
1.2020807537  -1.7633847348  -0.0406558725
1.2004055297  -1.7590325965  -0.0423693776
1.1986918813  -1.7545904872  -0.0441213047
1.1969397508  -1.7500588161  -0.0459117021
1.1951490920  -1.7454380377  -0.0477406074
1.1933198705  -1.7407286510  -0.0496080473
1.1914520633  -1.7359311999  -0.0515140381
1.1895456591  -1.7310462731  -0.0534585833
1.1876006576  -1.7260745029  -0.0554416725
1.1856170700  -1.7210164148  -0.0574632851
1.1835949164  -1.7158726725  -0.0595233927
1.1815342128  -1.7106443214  -0.0616219597
1.1794349838  -1.7053322752  -0.0637589421
1.1772972790  -1.6999372531  -0.0659342879
1.1751211623  -1.6944600843  -0.0681479365
1.1729067087  -1.6889016790  -0.0703998188
1.1706540040  -1.6832629906  -0.0726898539
1.1683631441  -1.6775450093  -0.0750179453
1.1660342341  -1.6717487610  -0.0773839792
1.1636673890  -1.6658753074  -0.0797878267
1.1612627335  -1.6599257468  -0.0822293451
1.1588203883  -1.6539011971  -0.0847083787
1.1563404585  -1.6478027777  -0.0872247610
1.1538230696  -1.6416316414  -0.0897783220
1.1512683799  -1.6353889862  -0.0923688937
1.1486765581  -1.6290760350  -0.0949963054
1.1460477809  -1.6226940377  -0.0976603804
1.1433822331  -1.6162442711  -0.1003609377
1.1406801068  -1.6097280372  -0.1030977922
1.1379416019  -1.6031466631  -0.1058707557
1.1351669147  -1.5965014907  -0.1086796373
1.1323562060  -1.5897938424  -0.1115242437
1.1295096470  -1.5830250595  -0.1144043791
1.1266274543  -1.5761965350  -0.1173198454
1.1237098553  -1.5693096819  -0.1202704422
1.1207570833  -1.5623659262  -0.1232559675
1.1177693768  -1.5553667056  -0.1262762175
1.1147469791  -1.5483134672  -0.1293309871
1.1116901342  -1.5412076624  -0.1324200701
1.1085989829  -1.5340506490  -0.1355432591
1.1054736464  -1.5268437597  -0.1387003455
1.1023143917  -1.5195884522  -0.1418911195
1.0991215568  -1.5122862633  -0.1451153707
1.0958954901  -1.5049387583  -0.1483728886
1.0926365480  -1.4975475067  -0.1516634624
1.0893450934  -1.4901140719  -0.1549868807
1.0860214964  -1.4826400219  -0.1583429315
1.0826661225  -1.4751269530  -0.1617314017
1.0792791828  -1.4675763375  -0.1651520708
1.0758607040  -1.4599893741  -0.1686046997
1.0724106619  -1.4523670076  -0.1720890525
1.0689290190  -1.4447100814  -0.1756049358
1.0654157286  -1.4370195818  -0.1791522009
1.0618707329  -1.4292966647  -0.1827307304
1.0582940227  -1.4215425839  -0.1863404078
1.0546859235  -1.4137589351  -0.1899810712
1.0510468716  -1.4059474158  -0.1936525034
1.0473771120  -1.3981094849  -0.1973544464
1.0436768634  -1.3902465284  -0.2010866080
1.0399463490  -1.3823598968  -0.2048486637
1.0361857989  -1.3744509064  -0.2086402759
1.0323954553  -1.3665208401  -0.2124611280
1.0285755719  -1.3585709534  -0.2163109281
1.0247264027  -1.3506024718  -0.2201893881
1.0208481975  -1.3426165874  -0.2240962177
1.0169412067  -1.3346144650  -0.2280311281
1.0130056836  -1.3265972435  -0.2319938331
1.0090418839  -1.3185660373  -0.2359840503
1.0050500704  -1.3105219456  -0.2400014994
1.0010305170  -1.3024660625  -0.2440459013
0.9969834960  -1.2943994609  -0.2481169818
0.9929092739  -1.2863231851  -0.2522144740
0.9888081191  -1.2782382634  -0.2563381169
0.9846803008  -1.2701457107  -0.2604876507
0.9805260907  -1.2620465345  -0.2646628149
0.9763457703  -1.2539417470  -0.2688633483
0.9721396254  -1.2458323558  -0.2730889896
0.9679079379  -1.2377193534  -0.2773394764
0.9636509899  -1.2296037274  -0.2816145414
0.9593690613  -1.2214864766  -0.2859138977
0.9550620104  -1.2133681864  -0.2902372472
0.9507292599  -1.2052489010  -0.2945843671
0.9463715175  -1.1971298204  -0.2989551524
0.9419908555  -1.1890136610  -0.3033494935
0.9375894457  -1.1809034511  -0.3077671853
0.9331694445  -1.1728021587  -0.3122079797
0.9287316320  -1.1647113276  -0.3166716368
0.9242750968  -1.1566307376  -0.3211579229
0.9197986956  -1.1485597984  -0.3256666112
0.9153013711  -1.1404979687  -0.3301974829
0.9107819703  -1.1324446126  -0.3347503243
0.9062392435  -1.1243989960  -0.3393249297
0.9016728306  -1.1163613854  -0.3439211037
0.8970836178  -1.1083334316  -0.3485386594
0.8924722660  -1.1003165161  -0.3531774176
0.8878388936  -1.0923113929  -0.3578372048
0.8831836152  -1.0843187944  -0.3625178532
0.8785065533  -1.0763394578  -0.3672192040
0.8738078906  -1.0683742387  -0.3719411066
0.8690878218  -1.0604240125  -0.3766833824
0.8643464822  -1.0524895222  -0.3814458133
0.8595840023  -1.0445714563  -0.3862282259
0.8548005375  -1.0366704874  -0.3910305115
0.8499962959  -1.0287873909  -0.3958525527
0.8451715053  -1.0209229941  -0.4006942065
0.8403263424  -1.0130779909  -0.4055553118
0.8354609523  -1.0052529827  -0.4104356722
0.8305754812  -0.9974485622  -0.4153350281
0.8256701333  -0.9896654447  -0.4202530053
0.8207450786  -0.9819043101  -0.4251889961
0.8158003103  -0.9741655860  -0.4301418159
0.8108348614  -0.9664496462  -0.4351051902
0.8058483110  -0.9587569697  -0.4400763437
0.8008444387  -0.9510879524  -0.4450685531
0.7958274985  -0.9434432728  -0.4500941168
0.7907965086  -0.9358241650  -0.4551529375
0.7857485011  -0.9282317264  -0.4602424361
0.7806823776  -0.9206664408  -0.4653612161
0.7755980712  -0.9131283652  -0.4705079761
0.7704957016  -0.9056175569  -0.4756813440
0.7653754825  -0.8981341537  -0.4808798781
0.7602375159  -0.8906780435  -0.4861020774
0.7550818483  -0.8832489566  -0.4913463969
0.7499087099  -0.8758468295  -0.4966112429
0.7447183424  -0.8684715109  -0.5018949462
0.7395109762  -0.8611227946  -0.5071957601
0.7342868459  -0.8538004815  -0.5125118851
0.7290460487  -0.8465041208  -0.5178414801
0.7237887828  -0.8392333729  -0.5231826653
0.7185153401  -0.8319879406  -0.5285335274
0.7132259621  -0.8247674566  -0.5338921243
0.7079188214  -0.8175694844  -0.5392564922
0.7025924259  -0.8103918857  -0.5446246522
0.6972490269  -0.8032363365  -0.5499946148
0.6918899882  -0.7961036019  -0.5553643835
0.6865146239  -0.7889923670  -0.5607319599
0.6811221937  -0.7819012830  -0.5660953501
0.6757114599  -0.7748285266  -0.5714525712
0.6702802178  -0.7677713579  -0.5768016573
0.6648246193  -0.7607254682  -0.5821406637
0.6593376480  -0.7536835084  -0.5874676728
0.6538052222  -0.7466312771  -0.5927808060
0.6481932858  -0.7395349227  -0.5980782692
0.6421978482  -0.7320935092  -0.6033583665
0.6361549691  -0.7246496647  -0.6086193305
0.6306730382  -0.7178067646  -0.6138591922
0.6255190960  -0.7113196816  -0.6190759889
0.6204266121  -0.7049175165  -0.6242679779
0.6153642083  -0.6985673941  -0.6294335829
0.6103312154  -0.6922674341  -0.6345713025
0.6053273914  -0.6860163483  -0.6396797070
0.6003525044  -0.6798129358  -0.6447574498
0.5954063407  -0.6736560789  -0.6498032747
0.5904887048  -0.6675447410  -0.6548160244
0.5855994184  -0.6614779650  -0.6597946420
0.5807383178  -0.6554548714  -0.6647381735
0.5759052528  -0.6494746555  -0.6696457731
0.5711000863  -0.6435365847  -0.6745167080
0.5663226935  -0.6376399959  -0.6793503654
0.5615729609  -0.6317842921  -0.6841462573
0.5568507838  -0.6259689387  -0.6889040214
0.5521560642  -0.6201934603  -0.6936234252
0.5474887187  -0.6144574362  -0.6983044118
0.5428486847  -0.6087604960  -0.7029471299
0.5382358964  -0.6031023171  -0.7075518574
0.5336502649  -0.5974826211  -0.7121189721
0.5290917004  -0.5919011659  -0.7166490231
0.5245601302  -0.5863577408  -0.7211427583
0.5200554901  -0.5808521640  -0.7256011320
0.5155777215  -0.5753842788  -0.7300253388
0.5111267786  -0.5699539508  -0.7344168681
0.5067026401  -0.5645610652  -0.7387776002
0.5023053378  -0.5592055274  -0.7431100046
0.4979350378  -0.5538872866  -0.7474176548
0.4935930362  -0.5486063225  -0.7517107840
0.4892804658  -0.5433626364  -0.7559982202
0.4849941011  -0.5381562327  -0.7602717580
0.4807291656  -0.5329868882  -0.7645203282
0.4764853249  -0.5278540961  -0.7687430015
0.4722645874  -0.5227573850  -0.7729412234
0.4680677110  -0.5176964422  -0.7771153558
0.4638945980  -0.5126709997  -0.7812655970
0.4597450615  -0.5076807845  -0.7853921461
0.4556189158  -0.5027255175  -0.7894952043
0.4515159769  -0.4978049137  -0.7935749748
0.4474360625  -0.4929186824  -0.7976316624
0.4433789920  -0.4880665278  -0.8016654731
0.4393445866  -0.4832481490  -0.8056766135
0.4353326687  -0.4784632412  -0.8096652903
0.4313430625  -0.4737114954  -0.8136317100
0.4273755938  -0.4689925998  -0.8175760784
0.4234300896  -0.4643062395  -0.8214985995
0.4195063785  -0.4596520978  -0.8253994757
0.4156042908  -0.4550298561  -0.8292789067
0.4117236578  -0.4504391946  -0.8331370886
0.4078643126  -0.4458797927  -0.8369742132
0.4040260894  -0.4413513312  -0.8407904684
0.4002088245  -0.4368534925  -0.8445860373
0.3964123555  -0.4323859605  -0.8483610984
0.3926365215  -0.4279484208  -0.8521158234
0.3888811631  -0.4235405612  -0.8558503776
0.3851461222  -0.4191620728  -0.8595649186
0.3814312420  -0.4148126493  -0.8632595948
0.3777363673  -0.4104919864  -0.8669345438
0.3740613431  -0.4061997800  -0.8705898880
0.3704060124  -0.4019356971  -0.8742257103
0.3667702135  -0.3976993809  -0.8778420381
0.3631537944  -0.3934905959  -0.8814389303
0.3595566312  -0.3893092833  -0.8850165699
0.3559786117  -0.3851553372  -0.8885751900
0.3524196044  -0.3810284755  -0.8921149682
0.3488794600  -0.3769283732  -0.8956360395
0.3453580318  -0.3728547597  -0.8991385366
0.3418551807  -0.3688073978  -0.9026225950
0.3383707711  -0.3647860600  -0.9060883490
0.3349046692  -0.3607905239  -0.9095359319
0.3314567422  -0.3568205724  -0.9129654753
0.3280268589  -0.3528759926  -0.9163771094
0.3246148892  -0.3489565765  -0.9197709633
0.3212207043  -0.3450621203  -0.9231471644
0.3178441767  -0.3411924242  -0.9265058391
0.3144851802  -0.3373472922  -0.9298471124
0.3111435895  -0.3335265316  -0.9331711080
0.3078192808  -0.3297299533  -0.9364779484
0.3045121313  -0.3259573707  -0.9397677548
0.3012220196  -0.3222086001  -0.9430406473
0.2979488251  -0.3184834598  -0.9462967449
0.2946924285  -0.3147817701  -0.9495361653
0.2914527116  -0.3111033533  -0.9527590254
0.2882295572  -0.3074480329  -0.9559654407
0.2850228494  -0.3038156337  -0.9591555259
0.2818324730  -0.3002059815  -0.9623293946
0.2786583142  -0.2966189026  -0.9654871594
0.2755002599  -0.2930542236  -0.9686289320
0.2723581982  -0.2895117709  -0.9717548232
0.2692320181  -0.2859913703  -0.9748649429
0.2661216097  -0.2824928441  -0.9779594004
0.2630268640  -0.2790160083  -0.9810383042
0.2599476728  -0.2755606775  -0.9841017625
0.2568839292  -0.2721266807  -0.9871498823
0.2538355267  -0.2687138620  -0.9901827688
0.2508023600  -0.2653220677  -0.9932005258
0.2477843245  -0.2619511392  -0.9962032566
0.2447813167  -0.2586009167  -0.9991910636
0.2417932339  -0.2552712416  -1.0021640488
0.2388199745  -0.2519619574  -1.0051223131
0.2358614375  -0.2486729090  -1.0080659564
0.2329175226  -0.2454039424  -1.0109950782
0.2299881308  -0.2421549052  -1.0139097768
0.2270731635  -0.2389256464  -1.0168101497
0.2241725230  -0.2357160120  -1.0196962940
0.2212861126  -0.2325258416  -1.0225683056
0.2184138361  -0.2293549850  -1.0254262799
0.2155555983  -0.2262033158  -1.0282703112
0.2127113047  -0.2230707064  -1.0311004932
0.2098808616  -0.2199570131  -1.0339169188
0.2070641760  -0.2168620901  -1.0367196804
0.2042611557  -0.2137857948  -1.0395088693
0.2014717092  -0.2107279852  -1.0422845763
0.1986957455  -0.2076885205  -1.0450468917
0.1959331748  -0.2046672607  -1.0477959046
0.1931839076  -0.2016640668  -1.0505317038
0.1904478553  -0.1986788009  -1.0532543773
0.1877249299  -0.1957113261  -1.0559640123
0.1850150442  -0.1927615068  -1.0586606954
0.1823181114  -0.1898292082  -1.0613445127
0.1796340458  -0.1869142971  -1.0640155493
0.1769627620  -0.1840166413  -1.0666738899
0.1743041755  -0.1811361099  -1.0693196184
0.1716582022  -0.1782725731  -1.0719528181
0.1690247589  -0.1754259024  -1.0745735718
0.1664037629  -0.1725959708  -1.0771819614
0.1637951321  -0.1697826520  -1.0797780683
0.1611987851  -0.1669858215  -1.0823619734
0.1586146412  -0.1642053555  -1.0849337567
0.1560426201  -0.1614411316  -1.0874934979
0.1534826422  -0.1586930287  -1.0900412758
0.1509346286  -0.1559609265  -1.0925771689
0.1483985008  -0.1532447059  -1.0951012549
0.1458741811  -0.1505442489  -1.0976136109
0.1433615921  -0.1478594385  -1.1001143135
0.1408606573  -0.1451901586  -1.1026034389
0.1383713012  -0.1425363408  -1.1050810734
0.1358934496  -0.1398979323  -1.1075473157
0.1334270267  -0.1372747077  -1.1100022323
0.1309719548  -0.1346664122  -1.1124458597
0.1285281591  -0.1320729902  -1.1148782581
0.1260955679  -0.1294944063  -1.1172995016
0.1236741094  -0.1269305562  -1.1197096587
0.1212637114  -0.1243813350  -1.1221087983
0.1188643027  -0.1218466384  -1.1244969893
0.1164758120  -0.1193263619  -1.1268743011
0.1140981691  -0.1168204012  -1.1292408038
0.1117313040  -0.1143286521  -1.1315965677
0.1093751471  -0.1118510105  -1.1339416639
0.1070296297  -0.1093873721  -1.1362761639
0.1046946831  -0.1069376330  -1.1386001401
0.1023702393  -0.1045016890  -1.1409136653
0.1000562309  -0.1020794364  -1.1432168130
0.0977525907  -0.0996707711  -1.1455096573
0.0954592520  -0.0972755896  -1.1477922729
0.0931761487  -0.0948937883  -1.1500647347
0.0909032150  -0.0925252641  -1.1523271184
0.0886403855  -0.0901699141  -1.1545794998
0.0863875952  -0.0878276355  -1.1568219549
0.0841447798  -0.0854983264  -1.1590545598
0.0819118752  -0.0831818849  -1.1612773906
0.0796888176  -0.0808782099  -1.1634905231
0.0774755438  -0.0785872008  -1.1656940327
0.0752719912  -0.0763087575  -1.1678879943
0.0730780971  -0.0740427807  -1.1700724818
0.0708937997  -0.0717891719  -1.1722475682
0.0687190374  -0.0695478331  -1.1744133252
0.0665537491  -0.0673186674  -1.1765698230
0.0643985439  -0.0651016015  -1.1787481101
0.0622538009  -0.0628965519  -1.1809635981
0.0601177225  -0.0607033623  -1.1831634190
0.0579897377  -0.0585219246  -1.1853612870
0.0558706869  -0.0563521794  -1.1875563112
0.0537604968  -0.0541940358  -1.1897474710
0.0516590978  -0.0520474039  -1.1919336162
0.0495664245  -0.0499121948  -1.1941134670
0.0474824161  -0.0477883206  -1.1962856141
0.0454070162  -0.0456756944  -1.1984485184
0.0433401737  -0.0435742301  -1.2006005113
0.0412818425  -0.0414838425  -1.2027397945
0.0392319818  -0.0394044471  -1.2048644402
0.0371905564  -0.0373359602  -1.2069723909
0.0351575368  -0.0352782988  -1.2090614596
0.0331328991  -0.0332313804  -1.2111293294
0.0311166254  -0.0311951232  -1.2131735541
0.0291087038  -0.0291694459  -1.2151915578
0.0271091280  -0.0271542677  -1.2171806349
0.0251178979  -0.0251495081  -1.2191379502
0.0231350189  -0.0231550873  -1.2210605390
0.0211605020  -0.0211709257  -1.2229453068
0.0191943637  -0.0191969443  -1.2247890297
0.0172366255  -0.0172330644  -1.2265883541
0.0152873136  -0.0152792078  -1.2283397966
0.0133464586  -0.0133352968  -1.2300397445
0.0114140948  -0.0114012542  -1.2316844553
0.0094902596  -0.0094770035  -1.2332700569
0.0075749931  -0.0075624688  -1.2347925476
0.0056683368  -0.0056575752  -1.2362477962
0.0037703331  -0.0037622483  -1.2376315415
0.0018810243  -0.0018764149  -1.2389393933
0.0018800741  -0.0018764097  -1.2389393933
