0.131127
1.4078287785  -1.8667895971   0.0000750675
1.4078287785  -1.8667895971   0.0000750675
1.4078378162  -1.8668004189   0.0000639537
1.4078361145  -1.8667755287   0.0000337682
1.4078176270  -1.8667060054  -0.0000160494
1.4077790178  -1.8665858367  -0.0000860512
1.4077189655  -1.8664128187  -0.0001767815
1.4076366943  -1.8661857662  -0.0002887764
1.4075316368  -1.8659038761  -0.0004225641
1.4074033203  -1.8655665147  -0.0005786645
1.4072513208  -1.8651731304  -0.0007575898
1.4070752413  -1.8647232131  -0.0009598438
1.4068747008  -1.8642162730  -0.0011859227
1.4066493283  -1.8636518301  -0.0014363142
1.4063987593  -1.8630294071  -0.0017114982
1.4061226334  -1.8623485259  -0.0020119466
1.4058205936  -1.8616087056  -0.0023381232
1.4054922849  -1.8608094613  -0.0026904836
1.4051373543  -1.8599503034  -0.0030694756
1.4047554501  -1.8590307376  -0.0034755388
1.4043462222  -1.8580502651  -0.0039091048
1.4039093215  -1.8570083827  -0.0043705973
1.4034444004  -1.8559045835  -0.0048604317
1.4029511124  -1.8547383574  -0.0053790155
1.4024291128  -1.8535091920  -0.0059267482
1.4018780580  -1.8522165732  -0.0065040212
1.4012976066  -1.8508599860  -0.0071112179
1.4006874187  -1.8494389154  -0.0077487135
1.4000471563  -1.8479528474  -0.0084168754
1.3993764837  -1.8464012695  -0.0091160628
1.3986750675  -1.8447836724  -0.0098466268
1.3979425768  -1.8430995504  -0.0106089108
1.3971786799  -1.8413476473  -0.0114044221
1.3963830584  -1.8395281567  -0.0122324342
1.3955553948  -1.8376415484  -0.0130928879
1.3946953625  -1.8356867801  -0.0139860742
1.3938026434  -1.8336631469  -0.0149122809
1.3928769259  -1.8315701249  -0.0158718077
1.3919179023  -1.8294072275  -0.0168649502
1.3909252697  -1.8271739945  -0.0178920012
1.3898987293  -1.8248699847  -0.0189532506
1.3888379869  -1.8224947750  -0.0200489843
1.3877427531  -1.8200479604  -0.0211794838
1.3866127438  -1.8175291547  -0.0223450255
1.3854476798  -1.8149379922  -0.0235458811
1.3842472876  -1.8122741298  -0.0247823164
1.3830113000  -1.8095372475  -0.0260545920
1.3817394549  -1.8067270470  -0.0273629623
1.3804314961  -1.8038432543  -0.0287076756
1.3790871744  -1.8008856202  -0.0300889741
1.3777062461  -1.7978539203  -0.0315070933
1.3762884745  -1.7947479570  -0.0329622624
1.3748336294  -1.7915675601  -0.0344547034
1.3733414875  -1.7883125858  -0.0359846316
1.3718118328  -1.7849829190  -0.0375522550
1.3702444561  -1.7815784723  -0.0391577747
1.3686391559  -1.7780991894  -0.0408013840
1.3669957382  -1.7745450438  -0.0424832690
1.3653140161  -1.7709160380  -0.0442036079
1.3635938097  -1.7672122044  -0.0459625716
1.3618349476  -1.7634336070  -0.0477603227
1.3600372672  -1.7595803426  -0.0495970163
1.3582006130  -1.7556525377  -0.0514727993
1.3563248367  -1.7516501657  -0.0533878109
1.3544097974  -1.7475733502  -0.0553421817
1.3524553640  -1.7434226826  -0.0573360345
1.3504614151  -1.7391985834  -0.0593694836
1.3484278371  -1.7349012058  -0.0614426354
1.3463545229  -1.7305308091  -0.0635555884
1.3442413731  -1.7260877261  -0.0657084325
1.3420882972  -1.7215723283  -0.0679012496
1.3398952133  -1.7169850205  -0.0701341137
1.3376620480  -1.7123262365  -0.0724070920
1.3353887353  -1.7075964364  -0.0747202409
1.3330752171  -1.7027961136  -0.0770736004
1.3307214421  -1.6979257916  -0.0794672026
1.3283273696  -1.6929860195  -0.0819010771
1.3258929667  -1.6879773730  -0.0843752455
1.3234182074  -1.6829004589  -0.0868897222
1.3209030742  -1.6777559105  -0.0894445160
1.3183475564  -1.6725443839  -0.0920396295
1.3157516526  -1.6672665659  -0.0946750583
1.3131153673  -1.6619231709  -0.0973507926
1.3104387136  -1.6565149339  -0.1000668202
1.3077217114  -1.6510426131  -0.1028231235
1.3049643862  -1.6455069948  -0.1056196774
1.3021667727  -1.6399088905  -0.1084564514
1.2993289106  -1.6342491321  -0.1113334103
1.2964508472  -1.6285285730  -0.1142505151
1.2935326360  -1.6227480890  -0.1172077223
1.2905743339  -1.6169085776  -0.1202049810
1.2875760063  -1.6110109532  -0.1232422373
1.2845377242  -1.6050561465  -0.1263194355
1.2814595632  -1.5990451101  -0.1294365106
1.2783416061  -1.5929788089  -0.1325933947
1.2751839377  -1.5868582092  -0.1357900176
1.2719866490  -1.5806843050  -0.1390262992
1.2687498356  -1.5744581265  -0.1423021557
1.2654735944  -1.5681807126  -0.1456175032
1.2621580313  -1.5618531157  -0.1489722532
1.2588032555  -1.5554764038  -0.1523663108
1.2554093742  -1.5490516645  -0.1557995775
1.2519764993  -1.5425800207  -0.1592719510
1.2485047616  -1.5360625498  -0.1627833218
1.2449943716  -1.5295002276  -0.1663335774
1.2414452265  -1.5228936455  -0.1699226046
1.2378571201  -1.5162434694  -0.1735502836
1.2342302437  -1.5095509938  -0.1772164873
1.2305647687  -1.5028175685  -0.1809210869
1.2268607608  -1.4960444055  -0.1846639495
1.2231183479  -1.4892327499  -0.1884449353
1.2193376788  -1.4823838422  -0.1922638992
1.2155188920  -1.4754988834  -0.1961206913
1.2116620621  -1.4685789851  -0.2000151608
1.2077674011  -1.4616253685  -0.2039471512
1.2038351917  -1.4546392990  -0.2079165006
1.1998655552  -1.4476218487  -0.2119230443
1.1958586221  -1.4405740707  -0.2159666089
1.1918145777  -1.4334970480  -0.2200470132
1.1877336050  -1.4263918331  -0.2241640750
1.1836159683  -1.4192595370  -0.2283176104
1.1794618483  -1.4121011667  -0.2325074282
1.1752713273  -1.4049176053  -0.2367333297
1.1710448025  -1.3977100343  -0.2409951120
1.1667824782  -1.3904794292  -0.2452925667
1.1624843868  -1.3832265706  -0.2496254787
1.1581509687  -1.3759526358  -0.2539936269
1.1537823768  -1.3686585073  -0.2583967815
1.1493786548  -1.3613449420  -0.2628347100
1.1449401518  -1.3540129994  -0.2673071750
1.1404672216  -1.3466637428  -0.2718139291
1.1359600693  -1.3392980802  -0.2763547174
1.1314188909  -1.3319169049  -0.2809292760
1.1268440248  -1.3245212572  -0.2855373217
1.1222356697  -1.3171120374  -0.2901785579
1.1175940108  -1.3096900707  -0.2948527337
1.1129194072  -1.3022562997  -0.2995596797
1.1082122476  -1.2948118144  -0.3042992239
1.1034726665  -1.2873576289  -0.3090710987
1.0987009088  -1.2798948613  -0.3138749700
1.0938973836  -1.2724246827  -0.3187104967
1.0890623126  -1.2649480204  -0.3235773409
1.0841959598  -1.2574658365  -0.3284751628
1.0792985465  -1.2499790510  -0.3334036188
1.0743704068  -1.2424886978  -0.3383623659
1.0694119933  -1.2349959318  -0.3433510618
1.0644235001  -1.2275016413  -0.3483693563
1.0594053301  -1.2200069199  -0.3534168960
1.0543578507  -1.2125128198  -0.3584933300
1.0492811663  -1.2050201151  -0.3635983112
1.0441755971  -1.1975297906  -0.3687314900
1.0390416258  -1.1900429878  -0.3738925088
1.0338796896  -1.1825607862  -0.3790810115
1.0286900355  -1.1750840553  -0.3842966446
1.0234729815  -1.1676137168  -0.3895390467
1.0182289654  -1.1601507939  -0.3948078500
1.0129582604  -1.1526961212  -0.4001026840
1.0076612855  -1.1452506546  -0.4054231671
1.0023383161  -1.1378151806  -0.4107688992
0.9969896314  -1.1303904561  -0.4161394613
0.9916157952  -1.1229774959  -0.4215343955
0.9862171030  -1.1155770152  -0.4269531718
0.9807938156  -1.1081896560  -0.4323951343
0.9753462693  -1.1008161071  -0.4378593660
0.9698746349  -1.0934568556  -0.4433443348
0.9643785380  -1.0861120977  -0.4488459306
0.9588581866  -1.0787823366  -0.4543626316
0.9533167966  -1.0714693358  -0.4599035769
0.9477581591  -1.0641754505  -0.4654784368
0.9421820261  -1.0569018566  -0.4710875368
0.9365859072  -1.0496484361  -0.4767282812
0.9309687384  -1.0424149157  -0.4823992277
0.9253305547  -1.0352011310  -0.4880990256
0.9196716736  -1.0280070450  -0.4938262481
0.9139924148  -1.0208325354  -0.4995793966
0.9082930324  -1.0136773246  -0.5053569062
0.9025739939  -1.0065412668  -0.5111571478
0.8968356703  -0.9994240429  -0.5169784382
0.8910782910  -0.9923251185  -0.5228190466
0.8853022144  -0.9852440291  -0.5286771966
0.8795078593  -0.9781803165  -0.5345510787
0.8736958265  -0.9711336546  -0.5404388554
0.8678663106  -0.9641032693  -0.5463386598
0.8620195454  -0.9570883932  -0.5522486007
0.8561561084  -0.9500885791  -0.5581667721
0.8502762121  -0.9431029948  -0.5640912598
0.8443801032  -0.9361308307  -0.5700201425
0.8384679557  -0.9291712067  -0.5759514981
0.8325397861  -0.9222230931  -0.5818834088
0.8265954066  -0.9152852671  -0.5878139661
0.8206342566  -0.9083561662  -0.5937412783
0.8146552089  -0.9014337022  -0.5996634690
0.8086561867  -0.8945148964  -0.6055786832
0.8026333499  -0.8875950985  -0.6114850981
0.7965793070  -0.8806662361  -0.6173809269
0.7904785942  -0.8737123807  -0.6232644287
0.7842954648  -0.8666976776  -0.6291339397
0.7778788094  -0.8594727235  -0.6349878727
0.7714329260  -0.8522460381  -0.6408245810
0.7653972622  -0.8454534852  -0.6466422506
0.7596636469  -0.8389774418  -0.6524390661
0.7539846451  -0.8325659559  -0.6582134149
0.7483316929  -0.8261884033  -0.6639638590
0.7427043043  -0.8198427811  -0.6696890425
0.7371023028  -0.8135277631  -0.6753876791
0.7315255200  -0.8072421532  -0.6810585641
0.7259738056  -0.8009848643  -0.6867005829
0.7204470283  -0.7947549177  -0.6923127118
0.7149450731  -0.7885514418  -0.6978940206
0.7094678422  -0.7823736705  -0.7034436818
0.7040152549  -0.7762209408  -0.7089609738
0.6985872434  -0.7700926897  -0.7144452810
0.6931837511  -0.7639884509  -0.7198960943
0.6878047322  -0.7579078503  -0.7253130196
0.6824501539  -0.7518506020  -0.7306957873
0.6771199918  -0.7458165029  -0.7360442471
0.6718142268  -0.7398054279  -0.7413583740
0.6665328469  -0.7338173246  -0.7466382778
0.6612758458  -0.7278522068  -0.7518842060
0.6560432211  -0.7219101492  -0.7570965523
0.6508349745  -0.7159912811  -0.7622758662
0.6456511118  -0.7100957803  -0.7674228678
0.6404916449  -0.7042238679  -0.7725384688
0.6353565955  -0.6983758028  -0.7776238046
0.6302460025  -0.6925518786  -0.7826802897
0.6251599402  -0.6867524227  -0.7877097223
0.6200985615  -0.6809778039  -0.7927145073
0.6150622092  -0.6752284701  -0.7976981913
0.6100519993  -0.6695049915  -0.8026680367
0.6050686634  -0.6638078790  -0.8076300192
0.6001092209  -0.6581371829  -0.8125786531
0.5951690922  -0.6524925064  -0.8175050169
0.5902476670  -0.6468735175  -0.8224076310
0.5853470437  -0.6412801720  -0.8272878081
0.5804682249  -0.6357125195  -0.8321458479
0.5756111803  -0.6301705732  -0.8369819010
0.5707757736  -0.6246543195  -0.8417961196
0.5659618693  -0.6191637286  -0.8465886587
0.5611693335  -0.6136987552  -0.8513596763
0.5563980336  -0.6082593391  -0.8561093323
0.5516478382  -0.6028454056  -0.8608377880
0.5469186169  -0.5974568660  -0.8655452062
0.5422102407  -0.5920936182  -0.8702317500
0.5375225815  -0.5867555480  -0.8748975824
0.5328555124  -0.5814425292  -0.8795428659
0.5282089074  -0.5761544252  -0.8841677617
0.5235826416  -0.5708910901  -0.8887724292
0.5189765913  -0.5656523691  -0.8933570250
0.5143906336  -0.5604381004  -0.8979217030
0.5098246470  -0.5552481159  -0.9024666127
0.5052785107  -0.5500822425  -0.9069918994
0.5007521055  -0.5449403033  -0.9114977033
0.4962453129  -0.5398221187  -0.9159841584
0.4917580156  -0.5347275074  -0.9204513922
0.4872900976  -0.5296562877  -0.9248995246
0.4828414437  -0.5246082780  -0.9293286665
0.4784119397  -0.5195832974  -0.9337389187
0.4740014718  -0.5145811651  -0.9381303685
0.4696099262  -0.5096016976  -0.9425030843
0.4652371856  -0.5046446916  -0.9468570968
0.4608831286  -0.4997099363  -0.9511923931
0.4565476471  -0.4947973289  -0.9555089932
0.4522306675  -0.4899069264  -0.9598070340
0.4479321311  -0.4850387559  -0.9640867081
0.4436519543  -0.4801926734  -0.9683481577
0.4393900270  -0.4753684776  -0.9725914773
0.4351462404  -0.4705660227  -0.9768167572
0.4309204956  -0.4657852045  -0.9810240915
0.4267126987  -0.4610259307  -0.9852135734
0.4225227570  -0.4562881162  -0.9893852952
0.4183505791  -0.4515716822  -0.9935393479
0.4141960745  -0.4468765560  -0.9976758213
0.4100591535  -0.4422026708  -1.0017948042
0.4059397279  -0.4375499653  -1.0058963842
0.4018377099  -0.4329183829  -1.0099806479
0.3977530131  -0.4283078718  -1.0140476808
0.3936855517  -0.4237183836  -1.0180975674
0.3896352410  -0.4191498735  -1.0221303913
0.3856019971  -0.4146022996  -1.0261462351
0.3815857369  -0.4100756219  -1.0301451805
0.3775863781  -0.4055698022  -1.0341273085
0.3736038395  -0.4010848032  -1.0380926990
0.3696380402  -0.3966205877  -1.0420414314
0.3656889005  -0.3921771182  -1.0459735843
0.3617563412  -0.3877543563  -1.0498892355
0.3578402838  -0.3833522618  -1.0537884623
0.3539406507  -0.3789707924  -1.0576713413
0.3500573647  -0.3746099022  -1.0615379487
0.3461903495  -0.3702695414  -1.0653883601
0.3423395293  -0.3659496540  -1.0692226506
0.3385048289  -0.3616501737  -1.0730408954
0.3346861738  -0.3573710190  -1.0768431693
0.3308834900  -0.3531121054  -1.0806295471
0.3270967040  -0.3488733726  -1.0844001030
0.3233257428  -0.3446547889  -1.0881549092
0.3195705336  -0.3404563258  -1.0918940369
0.3158310044  -0.3362779422  -1.0956175572
0.3121070837  -0.3321195903  -1.0993255407
0.3083987006  -0.3279812226  -1.1030180582
0.3047057846  -0.3238627920  -1.1066951796
0.3010282658  -0.3197642514  -1.1103569746
0.2973660744  -0.3156855537  -1.1140035124
0.2937191411  -0.3116266517  -1.1176348620
0.2900873973  -0.3075874981  -1.1212510916
0.2864707743  -0.3035680299  -1.1248522695
0.2828692040  -0.2995681549  -1.1284384634
0.2792826187  -0.2955878141  -1.1320097407
0.2757109512  -0.2916270313  -1.1355661685
0.2721541344  -0.2876858219  -1.1391078131
0.2686121018  -0.2837641374  -1.1426347409
0.2650847867  -0.2798619154  -1.1461470181
0.2615721233  -0.2759791010  -1.1496447104
0.2580740456  -0.2721156376  -1.1531278835
0.2545904881  -0.2682714673  -1.1565966028
0.2511213855  -0.2644465306  -1.1600509331
0.2476666728  -0.2606407673  -1.1634909395
0.2442262852  -0.2568541165  -1.1669166865
0.2408001581  -0.2530865164  -1.1703282385
0.2373882272  -0.2493379051  -1.1737256597
0.2339904285  -0.2456082204  -1.1771090139
0.2306066980  -0.2418974002  -1.1804783650
0.2272369720  -0.2382053824  -1.1838337764
0.2238811872  -0.2345321049  -1.1871753114
0.2205392801  -0.2308775063  -1.1905030332
0.2172111876  -0.2272415252  -1.1938170047
0.2138968468  -0.2236241005  -1.1971172886
0.2105961950  -0.2200251717  -1.2004039475
0.2073091696  -0.2164446786  -1.2036770437
0.2040357080  -0.2128825612  -1.2069366396
0.2007757480  -0.2093387598  -1.2101827972
0.1975292274  -0.2058132150  -1.2134155785
0.1942960843  -0.2023058676  -1.2166350451
0.1910762567  -0.1988166582  -1.2198412587
0.1878696829  -0.1953455276  -1.2230342809
0.1846763014  -0.1918924162  -1.2262141730
0.1814960504  -0.1884572643  -1.2293809962
0.1783288703  -0.1850401916  -1.2325348308
0.1751747031  -0.1816413741  -1.2356757788
0.1720334854  -0.1782603196  -1.2388038875
0.1689051482  -0.1748964181  -1.2419191531
0.1657896279  -0.1715498233  -1.2450216139
0.1626868679  -0.1682207607  -1.2481113334
0.1595968098  -0.1649091873  -1.2511883656
0.1565193934  -0.1616150555  -1.2542527662
0.1534545586  -0.1583383150  -1.2573045920
0.1504022456  -0.1550789123  -1.2603439013
0.1473623945  -0.1518367907  -1.2633707543
0.1443349455  -0.1486118896  -1.2663852125
0.1413198389  -0.1454041455  -1.2693873396
0.1383170150  -0.1422134907  -1.2723772008
0.1353264140  -0.1390398543  -1.2753548632
0.1323479762  -0.1358831619  -1.2783203960
0.1293816420  -0.1327433358  -1.2812738698
0.1264273515  -0.1296202950  -1.2842153572
0.1234850449  -0.1265139556  -1.2871449324
0.1205546625  -0.1234242306  -1.2900626712
0.1176361444  -0.1203510307  -1.2929686508
0.1147294308  -0.1172942643  -1.2958629495
0.1118344618  -0.1142538373  -1.2987456469
0.1089511775  -0.1112296540  -1.3016168234
0.1060795181  -0.1082216172  -1.3044765597
0.1032194236  -0.1052296281  -1.3073249371
0.1003708342  -0.1022535870  -1.3101620367
0.0975336901  -0.0992933933  -1.3129879394
0.0947079315  -0.0963489457  -1.3158027254
0.0918934985  -0.0934201426  -1.3186064736
0.0890903314  -0.0905068822  -1.3213992617
0.0862983707  -0.0876090631  -1.3241811651
0.0835187133  -0.0847267098  -1.3269925883
0.0807520544  -0.0818597862  -1.3298535828
0.0779953350  -0.0790078576  -1.3326952915
0.0752476152  -0.0761707426  -1.3355355505
0.0725103896  -0.0733485210  -1.3383731798
0.0697835746  -0.0705410969  -1.3412068305
0.0670670922  -0.0677483763  -1.3440349848
0.0643608714  -0.0649702662  -1.3468559562
0.0616648481  -0.0622066751  -1.3496678892
0.0589789655  -0.0594575122  -1.3524687598
0.0563031749  -0.0567226878  -1.3552563748
0.0536374357  -0.0540021127  -1.3580283726
0.0509817155  -0.0512956982  -1.3607822223
0.0483359911  -0.0486033557  -1.3635152246
0.0457002481  -0.0459249965  -1.3662245112
0.0430744813  -0.0432605316  -1.3689070450
0.0404586949  -0.0406098717  -1.3715596201
0.0378529024  -0.0379729265  -1.3741788617
0.0352571268  -0.0353496049  -1.3767612263
0.0326714003  -0.0327398148  -1.3793030015
0.0300957644  -0.0301434627  -1.3818003061
0.0275302695  -0.0275604542  -1.3842490902
0.0249749744  -0.0249906934  -1.3866451350
0.0224299461  -0.0224340833  -1.3889840526
0.0198952590  -0.0198905257  -1.3912612869
0.0173709945  -0.0173599216  -1.3934721123
0.0148572396  -0.0148421711  -1.3956116349
0.0123540867  -0.0123371741  -1.3976747918
0.0098616317  -0.0098448304  -1.3996563512
0.0073799730  -0.0073650401  -1.4015509125
0.0049092102  -0.0048977041  -1.4033529065
0.0024494421  -0.0024427247  -1.4050565949
0.0024478306  -0.0024427147  -1.4050565949
