0.127901
1.4396657162  -1.9171150922   0.0000792542
1.4396657162  -1.9171150922   0.0000792542
1.4396751140  -1.9171257654   0.0000672850
1.4396730900  -1.9170979015   0.0000350431
1.4396532684  -1.9170222279  -0.0000180729
1.4396120541  -1.9168921912  -0.0000926550
1.4395480290  -1.9167054165  -0.0001892862
1.4394603627  -1.9164606406  -0.0003085401
1.4393484493  -1.9161570176  -0.0004509810
1.4392117850  -1.9157938864  -0.0006171641
1.4390499187  -1.9153706752  -0.0008076353
1.4388624288  -1.9148868578  -0.0010229311
1.4386489113  -1.9143419304  -0.0012635789
1.4384089732  -1.9137353998  -0.0015300969
1.4381422289  -1.9130667761  -0.0018229938
1.4378482979  -1.9123355687  -0.0021427694
1.4375268033  -1.9115412843  -0.0024899138
1.4371773714  -1.9106834256  -0.0028649083
1.4367996305  -1.9097614904  -0.0032682246
1.4363932112  -1.9087749721  -0.0037003254
1.4359577461  -1.9077233593  -0.0041616640
1.4354928696  -1.9066061369  -0.0046526844
1.4349982180  -1.9054227863  -0.0051738216
1.4344734297  -1.9041727860  -0.0057255010
1.4339181452  -1.9028556130  -0.0063081390
1.4333320070  -1.9014707426  -0.0069221426
1.4327146602  -1.9000176505  -0.0075679098
1.4320657525  -1.8984958131  -0.0082458290
1.4313849343  -1.8969047089  -0.0089562795
1.4306718591  -1.8952438194  -0.0096996315
1.4299261834  -1.8935126300  -0.0104762456
1.4291475669  -1.8917106315  -0.0112864736
1.4283356702  -1.8898364959  -0.0121318995
1.4274901675  -1.8878904840  -0.0130117418
1.4266107340  -1.8858731536  -0.0139259251
1.4256970372  -1.8837834110  -0.0148747410
1.4247487543  -1.8816205372  -0.0158584782
1.4237655705  -1.8793840100  -0.0168774381
1.4227471760  -1.8770733494  -0.0179319168
1.4216932660  -1.8746881061  -0.0190222069
1.4206035418  -1.8722278540  -0.0201485969
1.4194777100  -1.8696921872  -0.0213113703
1.4183154833  -1.8670807212  -0.0225108050
1.4171165810  -1.8643930948  -0.0237471731
1.4158807285  -1.8616289687  -0.0250207402
1.4146076577  -1.8587880272  -0.0263317654
1.4132971076  -1.8558699800  -0.0276805009
1.4119488239  -1.8528745645  -0.0290671917
1.4105625601  -1.8498015471  -0.0304920756
1.4091380772  -1.8466507225  -0.0319553830
1.4076751433  -1.8434219125  -0.0334573363
1.4061735350  -1.8401149690  -0.0349981504
1.4046330361  -1.8367297735  -0.0365780318
1.4030534386  -1.8332662395  -0.0381971792
1.4014345426  -1.8297243117  -0.0398557827
1.3997761573  -1.8261039678  -0.0415540241
1.3980781003  -1.8224052182  -0.0432920764
1.3963401977  -1.8186281053  -0.0450701041
1.3945622843  -1.8147727050  -0.0468882629
1.3927442037  -1.8108391270  -0.0487466995
1.3908858083  -1.8068275146  -0.0506455517
1.3889869598  -1.8027380454  -0.0525849484
1.3870475288  -1.7985709307  -0.0545650092
1.3850673953  -1.7943262161  -0.0565858447
1.3830464478  -1.7900041118  -0.0586475563
1.3809845842  -1.7856053353  -0.0607502360
1.3788817131  -1.7811304144  -0.0628939668
1.3767377529  -1.7765795862  -0.0650788227
1.3745526301  -1.7719532049  -0.0673048685
1.3723262788  -1.7672517065  -0.0695721599
1.3700586429  -1.7624755655  -0.0718807435
1.3677496761  -1.7576252873  -0.0742306571
1.3653993416  -1.7527014118  -0.0766219293
1.3630076109  -1.7477045121  -0.0790545797
1.3605744645  -1.7426351895  -0.0815286208
1.3580998911  -1.7374940744  -0.0840440551
1.3555838878  -1.7322818293  -0.0866008684
1.3530264611  -1.7269991442  -0.0891990347
1.3504276250  -1.7216467322  -0.0918385251
1.3477874033  -1.7162253402  -0.0945193041
1.3451058280  -1.7107357423  -0.0972413281
1.3423829389  -1.7051787335  -0.1000045477
1.3396187849  -1.6995551389  -0.1028089078
1.3368134207  -1.6938658098  -0.1056543459
1.3339669089  -1.6881116181  -0.1085407948
1.3310793216  -1.6822934639  -0.1114681855
1.3281507363  -1.6764122719  -0.1144364428
1.3251812376  -1.6704689826  -0.1174454846
1.3221709167  -1.6644645598  -0.1204952242
1.3191198700  -1.6583999919  -0.1235855708
1.3160282026  -1.6522762884  -0.1267164306
1.3128960259  -1.6460944765  -0.1298877042
1.3097234535  -1.6398555962  -0.1330992863
1.3065106059  -1.6335607110  -0.1363510719
1.3032576099  -1.6272108896  -0.1396429498
1.2999645946  -1.6208071963  -0.1429748027
1.2966316958  -1.6143507294  -0.1463465136
1.2932590551  -1.6078426298  -0.1497579580
1.2898468144  -1.6012840474  -0.1532090050
1.2863951203  -1.5946761331  -0.1566995248
1.2829041252  -1.5880200488  -0.1602293855
1.2793739817  -1.5813169820  -0.1637984490
1.2758048462  -1.5745681555  -0.1674065742
1.2721968798  -1.5677747291  -0.1710536171
1.2685502418  -1.5609376820  -0.1747394286
1.2648650894  -1.5540579211  -0.1784638564
1.2611416760  -1.5471366181  -0.1822267478
1.2573800546  -1.5401749649  -0.1860279441
1.2535799979  -1.5331739410  -0.1898672802
1.2497416242  -1.5261348475  -0.1937445910
1.2458651961  -1.5190591081  -0.1976597080
1.2419508170  -1.5119479576  -0.2016124572
1.2379986429  -1.5048026560  -0.2056026597
1.2340088635  -1.4976244670  -0.2096301332
1.2299816485  -1.4904146017  -0.2136946953
1.2259171074  -1.4831741828  -0.2177961584
1.2218155169  -1.4759044717  -0.2219343310
1.2176771815  -1.4686067291  -0.2261090190
1.2135022370  -1.4612820148  -0.2303200193
1.2092908621  -1.4539314037  -0.2345671236
1.2050432716  -1.4465559801  -0.2388501243
1.2007597079  -1.4391568298  -0.2431688114
1.1964404711  -1.4317350780  -0.2475229673
1.1920856780  -1.4242916437  -0.2519123690
1.1876955801  -1.4168275575  -0.2563367901
1.1832705985  -1.4093440084  -0.2607959980
1.1788107705  -1.4018417845  -0.2652897556
1.1743164107  -1.3943219318  -0.2698178182
1.1697878831  -1.3867855413  -0.2743799353
1.1652252090  -1.3792333480  -0.2789758547
1.1606286639  -1.3716663333  -0.2836053167
1.1559986684  -1.3640856257  -0.2882680523
1.1513354875  -1.3564921955  -0.2929637846
1.1466393123  -1.3488869467  -0.2976922186
1.1419104897  -1.3412709327  -0.3024530451
1.1371492797  -1.3336450048  -0.3072460022
1.1323558894  -1.3260098471  -0.3120709073
1.1275306799  -1.3183664771  -0.3169275656
1.1226740346  -1.3107162291  -0.3218156860
1.1177860909  -1.3030601881  -0.3267349223
1.1128671129  -1.2953993877  -0.3316849253
1.1079175422  -1.2877349607  -0.3366653444
1.1029376228  -1.2800678320  -0.3416758274
1.0979276330  -1.2723989551  -0.3467160208
1.0928878013  -1.2647292308  -0.3517855698
1.0878185103  -1.2570597129  -0.3568841204
1.0827201969  -1.2493915085  -0.3620113184
1.0775930704  -1.2417254855  -0.3671668060
1.0724375855  -1.2340627525  -0.3723502219
1.0672540524  -1.2264042622  -0.3775612098
1.0620425837  -1.2187507532  -0.3827994145
1.0568035868  -1.2111032536  -0.3880644745
1.0515375534  -1.2034628644  -0.3933560300
1.0462448849  -1.1958305761  -0.3986737205
1.0409258143  -1.1882071907  -0.4040171813
1.0355807324  -1.1805936456  -0.4093860460
1.0302100347  -1.1729908610  -0.4147799384
1.0248140154  -1.1653996318  -0.4201984745
1.0193931059  -1.1578208635  -0.4256412584
1.0139474999  -1.1502551937  -0.4311078667
1.0084776356  -1.1427034719  -0.4365978417
1.0029840088  -1.1351665765  -0.4421106657
0.9974668133  -1.1276450481  -0.4476456960
0.9919263607  -1.1201395133  -0.4532020390
0.9863628518  -1.1126504547  -0.4587782189
0.9807759235  -1.1051780298  -0.4643702908
0.9751657073  -1.0977226583  -0.4699765374
0.9695353957  -1.0902861183  -0.4756055755
0.9638887826  -1.0828706916  -0.4812670945
0.9582256751  -1.0754774835  -0.4869616440
0.9525436288  -1.0681064083  -0.4926866328
0.9468415518  -1.0607571795  -0.4984406338
0.9411194926  -1.0534296232  -0.5042223232
0.9353777130  -1.0461236180  -0.5100303001
0.9296165495  -1.0388390299  -0.5158630946
0.9238362614  -1.0315755596  -0.5217191732
0.9180372498  -1.0243329672  -0.5275969439
0.9122199351  -1.0171109573  -0.5334947581
0.9063845764  -1.0099090018  -0.5394109215
0.9005314804  -1.0027265584  -0.5453436978
0.8946610355  -0.9955631149  -0.5512913135
0.8887738520  -0.9884183316  -0.5572519693
0.8828701632  -0.9812914486  -0.5632238428
0.8769501715  -0.9741816437  -0.5692050875
0.8710144355  -0.9670884295  -0.5751938393
0.8650631988  -0.9600109852  -0.5811882260
0.8590966869  -0.9529484586  -0.5871863717
0.8531150747  -0.9458999453  -0.5931863983
0.8471183918  -0.9388644080  -0.5991864326
0.8411064728  -0.9318406275  -0.6051846102
0.8350787827  -0.9248270434  -0.6111790822
0.8290342447  -0.9178215934  -0.6171680192
0.8229708869  -0.9108213814  -0.6231496106
0.8168850354  -0.9038218975  -0.6291220756
0.8107696200  -0.8968153587  -0.6350836709
0.8046099528  -0.8897865728  -0.6410326977
0.7983719742  -0.8827013064  -0.6469675324
0.7919109124  -0.8754162988  -0.6528866289
0.7854075447  -0.8681165994  -0.6587883855
0.7792975567  -0.8612347222  -0.6646710336
0.7734949425  -0.8546753179  -0.6705327966
0.7677486018  -0.8481826141  -0.6763720956
0.7620282421  -0.8417241659  -0.6821875265
0.7563333740  -0.8352979155  -0.6879777669
0.7506638204  -0.8289025149  -0.6937415622
0.7450194113  -0.8225367499  -0.6994777385
0.7393999951  -0.8161995149  -0.7051852089
0.7338054384  -0.8098898131  -0.7108629764
0.7282356247  -0.8036067545  -0.7165101356
0.7226904538  -0.7973495543  -0.7221258800
0.7171698422  -0.7911175311  -0.7277095067
0.7116737204  -0.7849101034  -0.7332604181
0.7062020297  -0.7787267871  -0.7387781201
0.7007547221  -0.7725671904  -0.7442622300
0.6953317618  -0.7664310105  -0.7497124866
0.6899331225  -0.7603180277  -0.7551287461
0.6845587828  -0.7542281010  -0.7605109862
0.6792087285  -0.7481611624  -0.7658593160
0.6738829514  -0.7421172115  -0.7711739795
0.6685814471  -0.7360963091  -0.7764553627
0.6633042154  -0.7300985715  -0.7817040035
0.6580512603  -0.7241241649  -0.7869206055
0.6528225920  -0.7181732990  -0.7921060586
0.6476182302  -0.7122462229  -0.7972614695
0.6424382113  -0.7063432204  -0.8023882151
0.6372826065  -0.7004646104  -0.8074880422
0.6321515627  -0.6946107526  -0.8125632792
0.6270454098  -0.6887820849  -0.8176173457
0.6219652285  -0.6829791642  -0.8226572217
0.6169117969  -0.6772025008  -0.8276889456
0.6118822957  -0.6714521766  -0.8327075304
0.6068721429  -0.6657278231  -0.8377041046
0.6018805777  -0.6600290942  -0.8426770042
0.5969096741  -0.6543559184  -0.8476275502
0.5919604780  -0.6487083338  -0.8525560507
0.5870329682  -0.6430863508  -0.8574626551
0.5821270095  -0.6374899528  -0.8623475141
0.5772424673  -0.6319191075  -0.8672107817
0.5723792088  -0.6263737676  -0.8720526141
0.5675371025  -0.6208538707  -0.8768731697
0.5627160180  -0.6153593405  -0.8816726085
0.5579158263  -0.6098900866  -0.8864510913
0.5531363995  -0.6044460058  -0.8912087795
0.5483776109  -0.5990269827  -0.8959458346
0.5436393349  -0.5936328903  -0.9006624173
0.5389214467  -0.5882635912  -0.9053586869
0.5342238230  -0.5829189388  -0.9100348010
0.5295463414  -0.5775987780  -0.9146909146
0.5248888804  -0.5723029465  -0.9193271794
0.5202513201  -0.5670312760  -0.9239437437
0.5156335413  -0.5617835934  -0.9285407507
0.5110354260  -0.5565597219  -0.9331183389
0.5064568575  -0.5513594818  -0.9376766408
0.5018977202  -0.5461826924  -0.9422157822
0.4973578995  -0.5410291723  -0.9467358814
0.4928372819  -0.5358987406  -0.9512370480
0.4883357549  -0.5307912172  -0.9557193812
0.4838532065  -0.5257064228  -0.9601829674
0.4793895245  -0.5206441762  -0.9646278742
0.4749445935  -0.5156042791  -0.9690541325
0.4705182939  -0.5105865256  -0.9734617294
0.4661105185  -0.5055908053  -0.9778506811
0.4617211947  -0.5006171584  -0.9822211186
0.4573502666  -0.4956656068  -0.9865732319
0.4529976536  -0.4907360146  -0.9909071631
0.4486632481  -0.4858281865  -0.9952230053
0.4443469427  -0.4809419786  -0.9995208466
0.4400486403  -0.4760772879  -1.0038007787
0.4357682492  -0.4712340241  -1.0080628931
0.4315056786  -0.4664121042  -1.0123072798
0.4272608392  -0.4616114517  -1.0165340277
0.4230336427  -0.4568319968  -1.0207432246
0.4188240016  -0.4520736755  -1.0249349569
0.4146318298  -0.4473364297  -1.0291093102
0.4104570418  -0.4426202064  -1.0332663687
0.4062995532  -0.4379249573  -1.0374062157
0.4021592807  -0.4332506380  -1.0415289335
0.3980361418  -0.4285972078  -1.0456346033
0.3939300548  -0.4239646292  -1.0497233055
0.3898409390  -0.4193528669  -1.0537951196
0.3857687145  -0.4147618874  -1.0578501239
0.3817133022  -0.4101916582  -1.0618883962
0.3776746238  -0.4056421471  -1.0659100135
0.3736526018  -0.4011133220  -1.0699150520
0.3696471594  -0.3966051497  -1.0739035870
0.3656582207  -0.3921175954  -1.0778756934
0.3616857104  -0.3876506221  -1.0818314455
0.3577295537  -0.3832041896  -1.0857709169
0.3537896767  -0.3787782535  -1.0896941808
0.3498660061  -0.3743727634  -1.0936013099
0.3459584692  -0.3699876583  -1.0974923768
0.3420669940  -0.3656228620  -1.1013674539
0.3381915088  -0.3612782943  -1.1052266136
0.3343319429  -0.3569538993  -1.1090699274
0.3304882254  -0.3526496509  -1.1128974653
0.3266602862  -0.3483655274  -1.1167092960
0.3228480557  -0.3441014944  -1.1205054879
0.3190514650  -0.3398575100  -1.1242861094
0.3152704456  -0.3356335327  -1.1280512285
0.3115049296  -0.3314295218  -1.1318009129
0.3077548493  -0.3272454363  -1.1355352296
0.3040201377  -0.3230812354  -1.1392542455
0.3003007279  -0.3189368781  -1.1429580269
0.2965965536  -0.3148123234  -1.1466466398
0.2929075488  -0.3107075136  -1.1503201497
0.2892336478  -0.3066223589  -1.1539786222
0.2855747852  -0.3025568060  -1.1576221222
0.2819308964  -0.2985108909  -1.1612507141
0.2783019168  -0.2944846409  -1.1648644621
0.2746877821  -0.2904780140  -1.1684634300
0.2710884282  -0.2864909532  -1.1720476816
0.2675037916  -0.2825234095  -1.1756172803
0.2639338088  -0.2785753323  -1.1791722894
0.2603784165  -0.2746466693  -1.1827127719
0.2568375519  -0.2707373671  -1.1862387904
0.2533111522  -0.2668473708  -1.1897504076
0.2497991550  -0.2629766250  -1.1932476857
0.2463014981  -0.2591250737  -1.1967306869
0.2428181193  -0.2552926604  -1.2001994730
0.2393489568  -0.2514793284  -1.2036541058
0.2358939491  -0.2476850210  -1.2070946468
0.2324530345  -0.2439096817  -1.2105211574
0.2290261518  -0.2401532540  -1.2139336986
0.2256132400  -0.2364156818  -1.2173323315
0.2222142378  -0.2326969094  -1.2207171169
0.2188290847  -0.2289968813  -1.2240881155
0.2154577198  -0.2253155426  -1.2274453877
0.2121000826  -0.2216528386  -1.2307889939
0.2087561128  -0.2180087151  -1.2341189944
0.2054257499  -0.2143831181  -1.2374354493
0.2021089338  -0.2107759937  -1.2407384185
0.1988056045  -0.2071872884  -1.2440279619
0.1955157019  -0.2036169484  -1.2473041393
0.1922391662  -0.2000649202  -1.2505670102
0.1889759377  -0.1965311498  -1.2538166343
0.1857259565  -0.1930155830  -1.2570530711
0.1824891648  -0.1895183606  -1.2602763999
0.1792655066  -0.1860396846  -1.2634867231
0.1760549202  -0.1825790309  -1.2666840857
0.1728573374  -0.1791357469  -1.2698684790
0.1696726962  -0.1757100098  -1.2730399385
0.1665009419  -0.1723020754  -1.2761985262
0.1633420177  -0.1689119072  -1.2793442945
0.1601958652  -0.1655394641  -1.2824772971
0.1570624257  -0.1621847017  -1.2855975893
0.1539416409  -0.1588475722  -1.2887052279
0.1508334524  -0.1555280243  -1.2918002716
0.1477378018  -0.1522260026  -1.2948827808
0.1446546307  -0.1489414478  -1.2979528180
0.1415838808  -0.1456742969  -1.3010104474
0.1385254936  -0.1424244827  -1.3040557354
0.1354794107  -0.1391919343  -1.3070887502
0.1324455734  -0.1359765771  -1.3101095621
0.1294239233  -0.1327783329  -1.3131182430
0.1264144016  -0.1295971201  -1.3161148671
0.1234169495  -0.1264328541  -1.3190995097
0.1204315082  -0.1232854472  -1.3220722480
0.1174580189  -0.1201548091  -1.3250331605
0.1144964224  -0.1170408472  -1.3279823267
0.1115466599  -0.1139434666  -1.3309198271
0.1086086722  -0.1108625708  -1.3338457430
0.1056824003  -0.1077980616  -1.3367601558
0.1027677849  -0.1047498396  -1.3396631472
0.0998647669  -0.1017178043  -1.3425547983
0.0969732872  -0.0987018544  -1.3454351896
0.0940932865  -0.0957018884  -1.3483044008
0.0912247056  -0.0927178042  -1.3511625095
0.0883674855  -0.0897495001  -1.3540095919
0.0855227820  -0.0867970126  -1.3568870370
0.0826913288  -0.0838603118  -1.3598153847
0.0798699155  -0.0809389297  -1.3627240937
0.0770575583  -0.0780326768  -1.3656314340
0.0742558308  -0.0751416495  -1.3685361945
0.0714646483  -0.0722657520  -1.3714369915
0.0686839322  -0.0694048900  -1.3743322680
0.0659136112  -0.0665589704  -1.3772202943
0.0631536211  -0.0637279016  -1.3800991676
0.0604039054  -0.0609115929  -1.3829668122
0.0576644160  -0.0581099546  -1.3858209794
0.0549351132  -0.0553228974  -1.3886592476
0.0522159661  -0.0525503325  -1.3914790221
0.0495069533  -0.0497921712  -1.3942775355
0.0468080623  -0.0470483246  -1.3970518473
0.0441192908  -0.0443187034  -1.3997988440
0.0414406457  -0.0416032178  -1.4025152391
0.0387721440  -0.0389017769  -1.4051975734
0.0361138127  -0.0362142887  -1.4078422144
0.0334656881  -0.0335406603  -1.4104453569
0.0308278163  -0.0308807970  -1.4130030227
0.0282002529  -0.0282346028  -1.4155110605
0.0255830620  -0.0256019804  -1.4179651463
0.0229763164  -0.0229828307  -1.4203607828
0.0203800968  -0.0203770537  -1.4226933001
0.0177944907  -0.0177845480  -1.4249578551
0.0152195923  -0.0152052114  -1.4271494318
0.0126555003  -0.0126389412  -1.4292628413
0.0101023181  -0.0100856345  -1.4312927217
0.0075601510  -0.0075451887  -1.4332335381
0.0050291060  -0.0050175021  -1.4350795828
0.0025092888  -0.0025024741  -1.4368249750
0.0025075975  -0.0025024636  -1.4368249750
