0.189115
0.9492405078  -1.1312458674   0.0000362926
0.9492405078  -1.1312458674   0.0000362926
0.9492455829  -1.1312526314   0.0000321502
0.9492459171  -1.1312481459   0.0000194979
0.9492385446  -1.1312284337  -0.0000018858
0.9492222144  -1.1311918765  -0.0000322218
0.9491964061  -1.1311378082  -0.0000717303
0.9491608045  -1.1310658287  -0.0001206307
0.9491151723  -1.1309756377  -0.0001791419
0.9490593073  -1.1308669781  -0.0002474819
0.9489930244  -1.1307396134  -0.0003258681
0.9489161473  -1.1305933163  -0.0004145171
0.9488285047  -1.1304278640  -0.0005136449
0.9487299274  -1.1302430345  -0.0006234669
0.9486202475  -1.1300386051  -0.0007441975
0.9484992970  -1.1298143514  -0.0008760506
0.9483669075  -1.1295700466  -0.0010192394
0.9482229100  -1.1293054609  -0.0011739762
0.9480671343  -1.1290203615  -0.0013404730
0.9478994092  -1.1287145123  -0.0015189407
0.9477195623  -1.1283876739  -0.0017095896
0.9475274194  -1.1280396034  -0.0019126294
0.9473228053  -1.1276700544  -0.0021282691
0.9471055431  -1.1272787773  -0.0023567169
0.9468754544  -1.1268655190  -0.0025981802
0.9466323594  -1.1264300230  -0.0028528660
0.9463760766  -1.1259720297  -0.0031209804
0.9461064229  -1.1254912763  -0.0034027287
0.9458232139  -1.1249874967  -0.0036983158
0.9455262634  -1.1244604222  -0.0040079456
0.9452153837  -1.1239097808  -0.0043318214
0.9448903856  -1.1233352980  -0.0046701459
0.9445510750  -1.1227364999  -0.0050236589
0.9441972635  -1.1221132861  -0.0053920658
0.9438287618  -1.1214656350  -0.0057753819
0.9434453709  -1.1207931181  -0.0061738047
0.9430468925  -1.1200953781  -0.0065875282
0.9426331277  -1.1193721081  -0.0070167499
0.9422038768  -1.1186230070  -0.0074616688
0.9417589382  -1.1178477749  -0.0079224861
0.9412981088  -1.1170461113  -0.0083994048
0.9408211841  -1.1162177151  -0.0088926300
0.9403279582  -1.1153622846  -0.0094023682
0.9398182236  -1.1144795177  -0.0099288277
0.9392917716  -1.1135691121  -0.0104722179
0.9387483918  -1.1126307650  -0.0110327501
0.9381878728  -1.1116641744  -0.0116106363
0.9376100014  -1.1106690383  -0.0122060902
0.9370145634  -1.1096450553  -0.0128193262
0.9364013434  -1.1085919253  -0.0134505601
0.9357701257  -1.1075093494  -0.0141000086
0.9351206935  -1.1063970307  -0.0147678897
0.9344528289  -1.1052546736  -0.0154544226
0.9337663130  -1.1040819848  -0.0161598273
0.9330609261  -1.1028786729  -0.0168843250
0.9323364473  -1.1016444489  -0.0176281377
0.9315926553  -1.1003790262  -0.0183914885
0.9308293277  -1.0990821211  -0.0191746012
0.9300462404  -1.0977534520  -0.0199777010
0.9292431679  -1.0963927403  -0.0208010136
0.9284198852  -1.0949997119  -0.0216447653
0.9275761667  -1.0935740966  -0.0225091825
0.9267117864  -1.0921156284  -0.0233944920
0.9258265178  -1.0906239905  -0.0243009215
0.9249201339  -1.0890989052  -0.0252286991
0.9239924071  -1.0875402326  -0.0261780542
0.9230431089  -1.0859477779  -0.0271492164
0.9220720098  -1.0843212549  -0.0281424159
0.9210788787  -1.0826604031  -0.0291578826
0.9200634841  -1.0809649825  -0.0301958464
0.9190255939  -1.0792347595  -0.0312565375
0.9179649761  -1.0774695062  -0.0323401861
0.9168814002  -1.0756690014  -0.0334470227
0.9157746372  -1.0738330314  -0.0345772776
0.9146444591  -1.0719613884  -0.0357311810
0.9134906383  -1.0700538713  -0.0369089626
0.9123129477  -1.0681102854  -0.0381108515
0.9111111588  -1.0661304409  -0.0393370769
0.9098850405  -1.0641141509  -0.0405878684
0.9086343602  -1.0620612322  -0.0418634560
0.9073588854  -1.0599715071  -0.0431640689
0.9060583841  -1.0578448052  -0.0444899344
0.9047326285  -1.0556809664  -0.0458412784
0.9033813932  -1.0534798389  -0.0472183266
0.9020044525  -1.0512412765  -0.0486213053
0.9006015819  -1.0489651403  -0.0500504405
0.8991725550  -1.0466512962  -0.0515059563
0.8977171474  -1.0442996194  -0.0529880738
0.8962351413  -1.0419099977  -0.0544970129
0.8947263226  -1.0394823291  -0.0560329924
0.8931904796  -1.0370165206  -0.0575962301
0.8916273950  -1.0345124807  -0.0591869424
0.8900368420  -1.0319701157  -0.0608053452
0.8884185899  -1.0293893351  -0.0624516531
0.8867724120  -1.0267700578  -0.0641260788
0.8850980975  -1.0241122234  -0.0658288327
0.8833954512  -1.0214157980  -0.0675601231
0.8816642832  -1.0186807667  -0.0693201553
0.8799043959  -1.0159071165  -0.0711091322
0.8781155795  -1.0130948310  -0.0729272555
0.8762976222  -1.0102439103  -0.0747747259
0.8744503174  -1.0073543799  -0.0766517404
0.8725734686  -1.0044262395  -0.0785584920
0.8706668839  -1.0014593859  -0.0804951721
0.8687303728  -0.9984536729  -0.0824619719
0.8667637486  -0.9954090713  -0.0844590797
0.8647668186  -0.9923256995  -0.0864866764
0.8627393828  -0.9892037336  -0.0885449384
0.8606812478  -0.9860433538  -0.0906340422
0.8585922506  -0.9828447580  -0.0927541631
0.8564722565  -0.9796081647  -0.0949054712
0.8543211205  -0.9763337744  -0.0970881318
0.8521386600  -0.9730217395  -0.0993023069
0.8499246696  -0.9696721785  -0.1015481557
0.8476789661  -0.9662852250  -0.1038258338
0.8454014208  -0.9628610599  -0.1061354932
0.8430919391  -0.9593998909  -0.1084772817
0.8407503954  -0.9559018886  -0.1108513427
0.8383766044  -0.9523671557  -0.1132578159
0.8359703764  -0.9487957845  -0.1156968373
0.8335315703  -0.9451879154  -0.1181685378
0.8310600640  -0.9415437067  -0.1206730425
0.8285557230  -0.9378633050  -0.1232104693
0.8260184419  -0.9341468856  -0.1257809327
0.8234481478  -0.9303946583  -0.1283845451
0.8208447437  -0.9266068148  -0.1310214141
0.8182081154  -0.9227835330  -0.1336916410
0.8155381665  -0.9189250162  -0.1363953211
0.8128347893  -0.9150314637  -0.1391325417
0.8100978552  -0.9111030594  -0.1419033814
0.8073272794  -0.9071400321  -0.1447079132
0.8045230388  -0.9031426608  -0.1475462018
0.8016850893  -0.8991111213  -0.1504182933
0.7988133132  -0.8950455579  -0.1533242213
0.7959076043  -0.8909467459  -0.1562640563
0.7929679706  -0.8868161225  -0.1592379332
0.7899944715  -0.8826545156  -0.1622459800
0.7869870306  -0.8784615584  -0.1652882444
0.7839454544  -0.8742366707  -0.1683647130
0.7808696990  -0.8699799327  -0.1714753592
0.7777598852  -0.8656919071  -0.1746201540
0.7746160388  -0.8613731454  -0.1777990621
0.7714380789  -0.8570241192  -0.1810120432
0.7682259850  -0.8526453866  -0.1842590447
0.7649797844  -0.8482375793  -0.1875400031
0.7616995088  -0.8438013555  -0.1908548545
0.7583852121  -0.8393374149  -0.1942035302
0.7550369434  -0.8348464696  -0.1975859500
0.7516547381  -0.8303292313  -0.2010020251
0.7482386626  -0.8257864549  -0.2044516612
0.7447888132  -0.8212189370  -0.2079347585
0.7413052833  -0.8166274732  -0.2114512095
0.7377881757  -0.8120128710  -0.2150008977
0.7342375217  -0.8073758682  -0.2185836978
0.7306533565  -0.8027172038  -0.2221994716
0.7270358835  -0.7980377789  -0.2258480653
0.7233853048  -0.7933384845  -0.2295293060
0.7197017515  -0.7886201293  -0.2332429947
0.7159853709  -0.7838835195  -0.2369888947
0.7122363167  -0.7791294518  -0.2407667119
0.7084546594  -0.7743586181  -0.2445760611
0.7046404978  -0.7695717161  -0.2484163911
0.7007940369  -0.7647695378  -0.2522868178
0.6969152740  -0.7599526457  -0.2561857716
0.6930037413  -0.7551213410  -0.2601088355
0.6890594922  -0.7502762069  -0.2640544573
0.6850850250  -0.7454188527  -0.2680328259
0.6810834688  -0.7405514286  -0.2720555203
0.6770548052  -0.7356751162  -0.2761244917
0.6729969660  -0.7307900152  -0.2802374046
0.6689088028  -0.7258961165  -0.2843925468
0.6647902819  -0.7209936432  -0.2885885383
0.6606415539  -0.7160827611  -0.2928238938
0.6564629127  -0.7111636931  -0.2970970267
0.6522546959  -0.7062366266  -0.3014062557
0.6480168108  -0.7013012388  -0.3057498103
0.6437494449  -0.6963574111  -0.3101258390
0.6394530729  -0.6914052486  -0.3145324154
0.6351279090  -0.6864445353  -0.3189675464
0.6307741512  -0.6814749828  -0.3234291791
0.6263920438  -0.6764962995  -0.3279152082
0.6219818896  -0.6715082103  -0.3324234817
0.6175439189  -0.6665103317  -0.3369518074
0.6130783278  -0.6615022168  -0.3414979601
0.6085853207  -0.6564834067  -0.3460596891
0.6040649920  -0.6514533189  -0.3506347263
0.5995172999  -0.6464112298  -0.3552207888
0.5949420482  -0.6413562674  -0.3598155835
0.5903387586  -0.6362872913  -0.3644168157
0.5857065064  -0.6312027385  -0.3690221952
0.5810435692  -0.6261002858  -0.3736294428
0.5763470266  -0.6209764810  -0.3782362979
0.5716117298  -0.6158257323  -0.3828405261
0.5668279900  -0.6106380527  -0.3874399243
0.5619763895  -0.6053939913  -0.3920323318
0.5570171547  -0.6000542358  -0.3966156603
0.5517815521  -0.5944522308  -0.4011878945
0.5464954657  -0.5888172210  -0.4057469810
0.5416400452  -0.5836264997  -0.4102907372
0.5371455913  -0.5788016278  -0.4148169806
0.5327524975  -0.5740790703  -0.4193237055
0.5283861637  -0.5693833210  -0.4238090798
0.5240446465  -0.5647117380  -0.4282713701
0.5197276053  -0.5600632619  -0.4327089244
0.5154348757  -0.5554370804  -0.4371201832
0.5111663098  -0.5508324771  -0.4415036847
0.5069217793  -0.5462488311  -0.4458580787
0.5027011755  -0.5416856154  -0.4501821332
0.4985044048  -0.5371423930  -0.4544747295
0.4943313864  -0.5326188138  -0.4587348695
0.4901820538  -0.5281146109  -0.4629616865
0.4860563537  -0.5236295967  -0.4671544486
0.4819542432  -0.5191636576  -0.4713125626
0.4778756878  -0.5147167495  -0.4754355793
0.4738206613  -0.5102888920  -0.4795232018
0.4697891435  -0.5058801632  -0.4835752895
0.4657811194  -0.5014906938  -0.4875918663
0.4617965774  -0.4971206612  -0.4915731298
0.4578355095  -0.4927702841  -0.4955194617
0.4538979096  -0.4884398167  -0.4994314408
0.4499837745  -0.4841295430  -0.5033098627
0.4460931053  -0.4798397722  -0.5071557680
0.4422259109  -0.4755708348  -0.5109704859
0.4383822157  -0.4713230804  -0.5147557045
0.4345620765  -0.4670968791  -0.5185136055
0.4307656222  -0.4628926327  -0.5222471391
0.4269931402  -0.4587108101  -0.5259605924
0.4232455591  -0.4545520541  -0.5296624356
0.4195234708  -0.4504168941  -0.5333597947
0.4158243511  -0.4463050303  -0.5370472671
0.4121441960  -0.4422156324  -0.5407148274
0.4084821113  -0.4381484164  -0.5443596786
0.4048396823  -0.4341036741  -0.5479828817
0.4012179103  -0.4300816603  -0.5515849889
0.3976168645  -0.4260824520  -0.5551661705
0.3940363990  -0.4221060639  -0.5587265931
0.3904763634  -0.4181524918  -0.5622664259
0.3869366084  -0.4142217151  -0.5657858409
0.3834169852  -0.4103136969  -0.5692850129
0.3799173464  -0.4064283851  -0.5727641184
0.3764375451  -0.4025657131  -0.5762233354
0.3729774354  -0.3987256003  -0.5796628431
0.3695368724  -0.3949079535  -0.5830828205
0.3661157117  -0.3911126671  -0.5864834467
0.3627138101  -0.3873396247  -0.5898648997
0.3593310251  -0.3835887000  -0.5932273557
0.3559672151  -0.3798597573  -0.5965709889
0.3526222395  -0.3761526535  -0.5998959705
0.3492959586  -0.3724672381  -0.6032024683
0.3459882338  -0.3688033550  -0.6064906458
0.3426989275  -0.3651608433  -0.6097606616
0.3394279029  -0.3615395380  -0.6130126687
0.3361750245  -0.3579392712  -0.6162468140
0.3329401578  -0.3543598725  -0.6194632370
0.3297231691  -0.3508011695  -0.6226620690
0.3265239259  -0.3472629873  -0.6258434313
0.3233422962  -0.3437451471  -0.6290074329
0.3201781481  -0.3402474604  -0.6321541651
0.3170313486  -0.3367697034  -0.6352836859
0.3139017622  -0.3333116390  -0.6383960154
0.3107892623  -0.3298731892  -0.6414912000
0.3076937426  -0.3264545002  -0.6445693853
0.3046151073  -0.3230556702  -0.6476307711
0.3015532472  -0.3196765559  -0.6506755218
0.2985080372  -0.3163169191  -0.6537037589
0.2954793513  -0.3129765818  -0.6567155949
0.2924670698  -0.3096554189  -0.6597111450
0.2894710765  -0.3063533196  -0.6626905245
0.2864912569  -0.3030701768  -0.6656538473
0.2835274973  -0.2998058864  -0.6686012265
0.2805796850  -0.2965603473  -0.6715327741
0.2776477086  -0.2933334609  -0.6744486008
0.2747314572  -0.2901251312  -0.6773488166
0.2718308211  -0.2869352643  -0.6802335301
0.2689456914  -0.2837637682  -0.6831028493
0.2660759603  -0.2806105525  -0.6859568810
0.2632215207  -0.2774755283  -0.6887957309
0.2603822665  -0.2743586074  -0.6916195041
0.2575580925  -0.2712597024  -0.6944283045
0.2547488943  -0.2681787262  -0.6972222352
0.2519545683  -0.2651155918  -0.7000013987
0.2491750119  -0.2620702118  -0.7027658962
0.2464101232  -0.2590424982  -0.7055158284
0.2436598011  -0.2560323620  -0.7082512952
0.2409239455  -0.2530397128  -0.7109723957
0.2382024569  -0.2500644588  -0.7136792281
0.2354952366  -0.2471065060  -0.7163718902
0.2328021868  -0.2441657579  -0.7190504789
0.2301232103  -0.2412421143  -0.7217150907
0.2274582108  -0.2383354696  -0.7243658213
0.2248070927  -0.2354457105  -0.7270027662
0.2221697610  -0.2325727219  -0.7296260204
0.2195461217  -0.2297164004  -0.7322356780
0.2169360811  -0.2268766576  -0.7348318318
0.2143395465  -0.2240534075  -0.7374145732
0.2117564259  -0.2212465588  -0.7399839934
0.2091866278  -0.2184560159  -0.7425401827
0.2066300616  -0.2156816832  -0.7450832312
0.2040866375  -0.2129234655  -0.7476132282
0.2015562661  -0.2101812677  -0.7501302622
0.1990388588  -0.2074549949  -0.7526344212
0.1965343277  -0.2047445525  -0.7551257925
0.1940425855  -0.2020498457  -0.7576044627
0.1915635454  -0.1993707802  -0.7600705178
0.1890971216  -0.1967072579  -0.7625240432
0.1866432285  -0.1940591731  -0.7649651236
0.1842017815  -0.1914264293  -0.7673938432
0.1817726964  -0.1888089512  -0.7698102855
0.1793558898  -0.1862066613  -0.7722145332
0.1769512788  -0.1836194663  -0.7746066687
0.1745587811  -0.1810472694  -0.7769867736
0.1721783150  -0.1784899764  -0.7793549291
0.1698097994  -0.1759474926  -0.7817112156
0.1674531538  -0.1734197235  -0.7840557130
0.1651082982  -0.1709065746  -0.7863885008
0.1627751534  -0.1684079515  -0.7887096577
0.1604536405  -0.1659237600  -0.7910192620
0.1581436813  -0.1634539061  -0.7933173912
0.1558451983  -0.1609982962  -0.7956041225
0.1535581142  -0.1585568369  -0.7978795324
0.1512823526  -0.1561294354  -0.8001436968
0.1490178375  -0.1537159992  -0.8023966913
0.1467644934  -0.1513164363  -0.8046385908
0.1445222456  -0.1489306552  -0.8068694695
0.1422910195  -0.1465585650  -0.8090894012
0.1400707414  -0.1442000751  -0.8112984594
0.1378613381  -0.1418550957  -0.8134967166
0.1356627366  -0.1395235374  -0.8156842452
0.1334748648  -0.1372053114  -0.8178611170
0.1312976510  -0.1349003292  -0.8200274030
0.1291310239  -0.1326085031  -0.8221831739
0.1269749128  -0.1303297457  -0.8243285000
0.1248292475  -0.1280639703  -0.8264634510
0.1226939582  -0.1258110904  -0.8285880960
0.1205689758  -0.1235710201  -0.8307025036
0.1184542316  -0.1213436739  -0.8328067422
0.1163496577  -0.1191290109  -0.8349008871
0.1142551872  -0.1169270041  -0.8369850226
0.1121707524  -0.1147374626  -0.8390592096
0.1100962842  -0.1125601687  -0.8411234881
0.1080317158  -0.1103950925  -0.8431779147
0.1059769825  -0.1082422217  -0.8452225558
0.1039320194  -0.1061014787  -0.8472574736
0.1018967618  -0.1039727848  -0.8492827306
0.0998711453  -0.1018560614  -0.8512983892
0.0978551061  -0.0997512295  -0.8533045121
0.0958485809  -0.0976582100  -0.8553011623
0.0938515066  -0.0955769234  -0.8572884029
0.0918638208  -0.0935072898  -0.8592662976
0.0898854614  -0.0914492291  -0.8612349101
0.0879163667  -0.0894026609  -0.8631943047
0.0859564755  -0.0873675046  -0.8651445459
0.0840057269  -0.0853436793  -0.8670856987
0.0820640606  -0.0833311040  -0.8690178282
0.0801314166  -0.0813296975  -0.8709410000
0.0782077352  -0.0793393784  -0.8728552799
0.0762929573  -0.0773600656  -0.8747607337
0.0743870239  -0.0753916777  -0.8766574276
0.0724898768  -0.0734341336  -0.8785454277
0.0706014579  -0.0714873523  -0.8804248000
0.0687217095  -0.0695512529  -0.8822956105
0.0668505744  -0.0676257549  -0.8841579249
0.0649879957  -0.0657107781  -0.8860118085
0.0631339171  -0.0638062426  -0.8878573261
0.0612882824  -0.0619120689  -0.8896945417
0.0594510358  -0.0600281781  -0.8915235189
0.0576221222  -0.0581544918  -0.8933443197
0.0558014866  -0.0562909321  -0.8951570055
0.0539895484  -0.0544374493  -0.8969875539
0.0521865632  -0.0525939809  -0.8988488595
0.0503912485  -0.0507603773  -0.9006967019
0.0486031897  -0.0489365456  -0.9025425575
0.0468229702  -0.0471224505  -0.9043856856
0.0450505270  -0.0453180186  -0.9062252370
0.0432858001  -0.0435231774  -0.9080602544
0.0415287323  -0.0417378554  -0.9098896719
0.0397792699  -0.0399619815  -0.9117123157
0.0380373623  -0.0381954854  -0.9135269034
0.0363029627  -0.0364382976  -0.9153320447
0.0345760278  -0.0346903491  -0.9171262405
0.0328565182  -0.0329515716  -0.9189078839
0.0311443986  -0.0312218972  -0.9206752594
0.0294396374  -0.0295012584  -0.9224265435
0.0277422075  -0.0277895883  -0.9241598040
0.0260520856  -0.0260868204  -0.9258730009
0.0243692529  -0.0243928883  -0.9275639856
0.0226936947  -0.0227077261  -0.9292305013
0.0210254002  -0.0210312681  -0.9308701829
0.0193643631  -0.0193634489  -0.9324805571
0.0177105808  -0.0177042032  -0.9340590422
0.0160640545  -0.0160534661  -0.9356029483
0.0144247892  -0.0144111729  -0.9371094772
0.0127927931  -0.0127772591  -0.9385757224
0.0111680774  -0.0111516605  -0.9399986691
0.0095506562  -0.0095343135  -0.9413751944
0.0079405458  -0.0079251547  -0.9427020668
0.0063377642  -0.0063241210  -0.9439759467
0.0047423306  -0.0047311503  -0.9451933863
0.0031542649  -0.0031461807  -0.9463508294
0.0015735869  -0.0015691514  -0.9474446114
0.0015729221  -0.0015691474  -0.9474446114
