0.143114
1.2973935115  -1.6881208132   0.0000623210
1.2973935115  -1.6881208132   0.0000623210
1.2974013650  -1.6881313951   0.0000537176
1.2974005306  -1.6881147719   0.0000296439
1.2973859745  -1.6880633226  -0.0000103389
1.2973551131  -1.6879726239  -0.0000666651
1.2973069086  -1.6878409949  -0.0001397639
1.2972407468  -1.6876674985  -0.0002300598
1.2971561747  -1.6874514777  -0.0003379726
1.2970528125  -1.6871923990  -0.0004639173
1.2969303177  -1.6868897890  -0.0006083042
1.2967883677  -1.6865432039  -0.0007715385
1.2966266516  -1.6861522147  -0.0009540210
1.2964448655  -1.6857163987  -0.0011561476
1.2962427095  -1.6852353347  -0.0013783093
1.2960198861  -1.6847086003  -0.0016208925
1.2957760992  -1.6841357701  -0.0018842786
1.2955110534  -1.6835164147  -0.0021688445
1.2952244537  -1.6828501005  -0.0024749621
1.2949160051  -1.6821363890  -0.0028029987
1.2945854123  -1.6813748372  -0.0031533165
1.2942323802  -1.6805649977  -0.0035262733
1.2938566130  -1.6797064187  -0.0039222220
1.2934578149  -1.6787986445  -0.0043415106
1.2930356899  -1.6778412157  -0.0047844825
1.2925899417  -1.6768336700  -0.0052514760
1.2921202740  -1.6757755423  -0.0057428251
1.2916263905  -1.6746663656  -0.0062588587
1.2911079948  -1.6735056712  -0.0067999009
1.2905647910  -1.6722929894  -0.0073662712
1.2899964830  -1.6710278500  -0.0079582842
1.2894027753  -1.6697097831  -0.0085762498
1.2887833681  -1.6683377732  -0.0092214328
1.2881379736  -1.6669118492  -0.0098932657
1.2874663043  -1.6654322461  -0.0105917293
1.2867680603  -1.6638980969  -0.0113171016
1.2860429471  -1.6623087662  -0.0120696574
1.2852906732  -1.6606637529  -0.0128496806
1.2845109490  -1.6589625803  -0.0136574537
1.2837034863  -1.6572047870  -0.0144932591
1.2828679986  -1.6553899222  -0.0153573787
1.2820042010  -1.6535175446  -0.0162500934
1.2811118103  -1.6515872226  -0.0171716824
1.2801905451  -1.6495985363  -0.0181224233
1.2792401268  -1.6475510772  -0.0191025916
1.2782602788  -1.6454444486  -0.0201124607
1.2772507264  -1.6432782659  -0.0211523012
1.2762111976  -1.6410521577  -0.0222223817
1.2751414236  -1.6387657673  -0.0233229675
1.2740411384  -1.6364187530  -0.0244543214
1.2729100784  -1.6340107880  -0.0256167030
1.2717479828  -1.6315415619  -0.0268103686
1.2705545948  -1.6290107817  -0.0280355714
1.2693296608  -1.6264181724  -0.0292925610
1.2680729298  -1.6237634758  -0.0305815833
1.2667841553  -1.6210464528  -0.0319028809
1.2654630946  -1.6182668835  -0.0332566921
1.2641095080  -1.6154245680  -0.0346432514
1.2627231601  -1.6125193270  -0.0360627893
1.2613038203  -1.6095510034  -0.0375155321
1.2598512613  -1.6065194603  -0.0390017020
1.2583652601  -1.6034245824  -0.0405215183
1.2568455991  -1.6002662772  -0.0420751924
1.2552920633  -1.5970443349  -0.0436629269
1.2537044425  -1.5937586583  -0.0452849200
1.2520825325  -1.5904095046  -0.0469413687
1.2504261342  -1.5869970009  -0.0486324657
1.2487350540  -1.5835210690  -0.0503583979
1.2470091019  -1.5799817105  -0.0521193482
1.2452480925  -1.5763789850  -0.0539154955
1.2434518467  -1.5727129816  -0.0557470145
1.2416201894  -1.5689838130  -0.0576140755
1.2397529510  -1.5651916179  -0.0595168431
1.2378499674  -1.5613365588  -0.0614554778
1.2359110792  -1.5574188186  -0.0634301380
1.2339361337  -1.5534386038  -0.0654409781
1.2319249822  -1.5493961452  -0.0674881468
1.2298774823  -1.5452917002  -0.0695717871
1.2277934963  -1.5411255474  -0.0716920381
1.2256728920  -1.5368979886  -0.0738490342
1.2235155431  -1.5326093484  -0.0760429055
1.2213213276  -1.5282599721  -0.0782737783
1.2190901304  -1.5238502281  -0.0805417736
1.2168218399  -1.5193805050  -0.0828470049
1.2145163506  -1.5148512124  -0.0851895834
1.2121735618  -1.5102627818  -0.0875696182
1.2097933797  -1.5056156700  -0.0899872087
1.2073757143  -1.5009103522  -0.0924424482
1.2049204806  -1.4961473206  -0.0949354301
1.2024275984  -1.4913270870  -0.0974662398
1.1998969914  -1.4864501859  -0.1000349534
1.1973285884  -1.4815171705  -0.1026416434
1.1947223607  -1.4765286449  -0.1052863804
1.1920782845  -1.4714852326  -0.1079692291
1.1893961329  -1.4663873616  -0.1106902472
1.1866756773  -1.4612354591  -0.1134494860
1.1839169219  -1.4560302113  -0.1162469934
1.1811198820  -1.4507723487  -0.1190828099
1.1782844846  -1.4454625224  -0.1219569684
1.1754106653  -1.4401013965  -0.1248694966
1.1724983976  -1.4346896910  -0.1278204187
1.1695476612  -1.4292281612  -0.1308097521
1.1665584467  -1.4237175951  -0.1338375047
1.1635307347  -1.4181586975  -0.1369036803
1.1604644666  -1.4125519671  -0.1400082799
1.1573596656  -1.4068979535  -0.1431512966
1.1542164425  -1.4011974946  -0.1463327158
1.1510348117  -1.3954515320  -0.1495525146
1.1478147468  -1.3896610135  -0.1528106628
1.1445562768  -1.3838269194  -0.1561071267
1.1412594450  -1.3779502215  -0.1594418661
1.1379242912  -1.3720318668  -0.1628148316
1.1345508907  -1.3660728182  -0.1662259705
1.1311393629  -1.3600740636  -0.1696752221
1.1276897060  -1.3540364472  -0.1731625140
1.1242019093  -1.3479607787  -0.1766877682
1.1206762248  -1.3418481126  -0.1802509036
1.1171127789  -1.3356993615  -0.1838518342
1.1135114476  -1.3295151619  -0.1874904649
1.1098724197  -1.3232964436  -0.1911666915
1.1061959575  -1.3170442010  -0.1948804045
1.1024819854  -1.3107590717  -0.1986314878
1.0987305382  -1.3044417857  -0.2024198164
1.0949418356  -1.2980932543  -0.2062452588
1.0911160833  -1.2917143650  -0.2101076720
1.0872534242  -1.2853059340  -0.2140069089
1.0833539150  -1.2788686827  -0.2179428258
1.0794177480  -1.2724034621  -0.2219152706
1.0754451317  -1.2659111410  -0.2259240798
1.0714361400  -1.2593924540  -0.2299690851
1.0673908974  -1.2528481830  -0.2340501124
1.0633096163  -1.2462791997  -0.2381669796
1.0591925709  -1.2396864368  -0.2423194946
1.0550398678  -1.2330706335  -0.2465074447
1.0508515857  -1.2264325243  -0.2507306047
1.0466280719  -1.2197732863  -0.2549888085
1.0423695920  -1.2130941133  -0.2592819727
1.0380763011  -1.2063959120  -0.2636099819
1.0337484034  -1.1996794675  -0.2679726125
1.0293860122  -1.1929455020  -0.2723695851
1.0249893454  -1.1861949256  -0.2768006187
1.0205587913  -1.1794288605  -0.2812654316
1.0160944854  -1.1726481830  -0.2857637367
1.0115966580  -1.1658538693  -0.2902952446
1.0070657203  -1.1590470914  -0.2948596607
1.0025017830  -1.1522287190  -0.2994566835
0.9979049671  -1.1453996326  -0.3040860100
0.9932756185  -1.1385609456  -0.3087473335
0.9886141434  -1.1317138318  -0.3134403449
0.9839208787  -1.1248593898  -0.3181647343
0.9791960264  -1.1179985754  -0.3229201843
0.9744398449  -1.1111323934  -0.3277063730
0.9696527467  -1.1042619924  -0.3325229789
0.9648349676  -1.0973883298  -0.3373696778
0.9599868291  -1.0905124327  -0.3422461392
0.9551087033  -1.0836353647  -0.3471520228
0.9502007152  -1.0767579178  -0.3520869786
0.9452633406  -1.0698812112  -0.3570506448
0.9402970276  -1.0630063148  -0.3620426397
0.9353019733  -1.0561340148  -0.3670625501
0.9302785242  -1.0492652148  -0.3721099158
0.9252270476  -1.0424008101  -0.3771841979
0.9201478480  -1.0355415967  -0.3822847055
0.9150411921  -1.0286883055  -0.3874104262
0.9099072559  -1.0218415511  -0.3925595985
0.9047455540  -1.0150015646  -0.3977275895
0.8995563402  -1.0081688739  -0.4029138898
0.8943433672  -1.0013456605  -0.4081295989
0.8891103539  -0.9945345417  -0.4133839821
0.8838563835  -0.9877364646  -0.4186764164
0.8785788380  -0.9809511506  -0.4240043632
0.8732768544  -0.9741784334  -0.4293663631
0.8679506799  -0.9674184424  -0.4347609917
0.8626005499  -0.9606711624  -0.4401867386
0.8572267816  -0.9539365646  -0.4456420151
0.8518298235  -0.9472146626  -0.4511251557
0.8464099953  -0.9405052559  -0.4566344284
0.8409675210  -0.9338079677  -0.4621680464
0.8355027804  -0.9271225092  -0.4677241691
0.8300161952  -0.9204485726  -0.4733009049
0.8245083665  -0.9137859723  -0.4788963179
0.8189794777  -0.9071340533  -0.4845084388
0.8134297647  -0.9004921705  -0.4901352704
0.8078598538  -0.8938600374  -0.4957747899
0.8022699971  -0.8872369678  -0.5014249558
0.7966604729  -0.8806222819  -0.5070837150
0.7910315363  -0.8740152652  -0.5127490058
0.7853833101  -0.8674150698  -0.5184187673
0.7797157936  -0.8608207355  -0.5240909422
0.7740286863  -0.8542310164  -0.5297634766
0.7683212867  -0.8476442963  -0.5354343319
0.7625922536  -0.8410583632  -0.5411014903
0.7568391002  -0.8344699263  -0.5467629570
0.7510572534  -0.8278737052  -0.5524167674
0.7452379021  -0.8212603276  -0.5580609951
0.7393623164  -0.8146107649  -0.5636937634
0.7333871120  -0.8078817994  -0.5693132783
0.7271444091  -0.8009080550  -0.5749178213
0.7209344805  -0.7939934580  -0.5805055929
0.7151935682  -0.7875689916  -0.5860746226
0.7097233546  -0.7814269105  -0.5916229747
0.7043006127  -0.7753401969  -0.5971489379
0.6989040173  -0.7692858166  -0.6026509679
0.6935331130  -0.7632619956  -0.6081275977
0.6881877245  -0.7572674999  -0.6135774365
0.6828676881  -0.7513012137  -0.6189991836
0.6775728592  -0.7453621301  -0.6243916307
0.6723031113  -0.7394493499  -0.6297536669
0.6670583371  -0.7335620804  -0.6350842880
0.6618384470  -0.7276996335  -0.6403825987
0.6566433660  -0.7218614222  -0.6456478134
0.6514730313  -0.7160469577  -0.6508792576
0.6463273930  -0.7102558451  -0.6560763772
0.6412064150  -0.7044877800  -0.6612387482
0.6361100709  -0.6987425430  -0.6663660710
0.6310383404  -0.6930199949  -0.6714581761
0.6259912114  -0.6873200712  -0.6765150349
0.6209686783  -0.6816427759  -0.6815367615
0.6159707398  -0.6759881762  -0.6865236206
0.6109973982  -0.6703563961  -0.6914760355
0.6060486598  -0.6647476102  -0.6963946001
0.6011245351  -0.6591620378  -0.7012800961
0.5962250405  -0.6535999376  -0.7061335159
0.5913502023  -0.6480616027  -0.7109561011
0.5865000665  -0.6425473574  -0.7157494078
0.5816747185  -0.6370575580  -0.7205154306
0.5768743340  -0.6315926026  -0.7252568737
0.5720993083  -0.6261529738  -0.7299778026
0.5673508601  -0.6207392885  -0.7346864674
0.5626294652  -0.6153520393  -0.7393882733
0.5579315503  -0.6099911213  -0.7440757604
0.5532526874  -0.6046560284  -0.7487401145
0.5485928873  -0.5993465067  -0.7533806689
0.5439542814  -0.5940626216  -0.7579986540
0.5393376738  -0.5888044581  -0.7625943339
0.5347429987  -0.5835720385  -0.7671678634
0.5301701164  -0.5783653573  -0.7717193994
0.5256188877  -0.5731843927  -0.7762491021
0.5210891746  -0.5680291064  -0.7807571344
0.5165808404  -0.5628994445  -0.7852436617
0.5120937494  -0.5577953378  -0.7897088509
0.5076277670  -0.5527167025  -0.7941528703
0.5031827596  -0.5476634408  -0.7985758888
0.4987585944  -0.5426354423  -0.8029780753
0.4943551399  -0.5376325843  -0.8073595983
0.4899722651  -0.5326547331  -0.8117206249
0.4856098402  -0.5277017453  -0.8160613204
0.4812677364  -0.5227734685  -0.8203818474
0.4769458257  -0.5178697426  -0.8246823654
0.4726439813  -0.5129904010  -0.8289630300
0.4683620773  -0.5081352717  -0.8332239922
0.4640999887  -0.5033041787  -0.8374653977
0.4598575919  -0.4984969429  -0.8416873861
0.4556347640  -0.4937133829  -0.8458900901
0.4514313832  -0.4889533165  -0.8500736346
0.4472473288  -0.4842165611  -0.8542381356
0.4430824807  -0.4795029335  -0.8583836979
0.4389367193  -0.4748122490  -0.8625104126
0.4348099247  -0.4701443166  -0.8666183501
0.4307019734  -0.4654989162  -0.8707075401
0.4266127388  -0.4608758260  -0.8747779714
0.4225421099  -0.4562749797  -0.8788296811
0.4184900091  -0.4516964917  -0.8828628279
0.4144563678  -0.4471403931  -0.8868776111
0.4104410905  -0.4426065073  -0.8908741714
0.4064440597  -0.4380946167  -0.8948526080
0.4024651615  -0.4336045735  -0.8988130188
0.3985042913  -0.4291362692  -0.9027555050
0.3945613482  -0.4246896060  -0.9066801669
0.3906362327  -0.4202644917  -0.9105871038
0.3867288461  -0.4158608395  -0.9144764138
0.3828390907  -0.4114785683  -0.9183481939
0.3789668699  -0.4071176013  -0.9222025402
0.3751120879  -0.4027778666  -0.9260395475
0.3712746498  -0.3984592963  -0.9298593097
0.3674544616  -0.3941618260  -0.9336619199
0.3636514304  -0.3898853946  -0.9374474700
0.3598654637  -0.3856299433  -0.9412160511
0.3560964701  -0.3813954157  -0.9449677534
0.3523443591  -0.3771817568  -0.9487026662
0.3486090408  -0.3729889127  -0.9524208781
0.3448904262  -0.3688168298  -0.9561224768
0.3411884268  -0.3646654545  -0.9598075494
0.3375029552  -0.3605347322  -0.9634761821
0.3338339244  -0.3564246073  -0.9671284607
0.3301812482  -0.3523350222  -0.9707644701
0.3265448412  -0.3482659169  -0.9743842949
0.3229246185  -0.3442172281  -0.9779880190
0.3193204959  -0.3401888883  -0.9815757258
0.3157323897  -0.3361808240  -0.9851474985
0.3121602170  -0.3321929515  -0.9887034198
0.3086038954  -0.3282251738  -0.9922435726
0.3050633431  -0.3242773938  -0.9957680395
0.3015384788  -0.3203495382  -0.9992769020
0.2980292216  -0.3164415573  -1.0027702402
0.2945354910  -0.3125534013  -1.0062481331
0.2910572072  -0.3086850084  -1.0097106595
0.2875942911  -0.3048363122  -1.0131578979
0.2841466640  -0.3010072464  -1.0165899268
0.2807142476  -0.2971977450  -1.0200068237
0.2772969643  -0.2934077421  -1.0234086659
0.2738947368  -0.2896371714  -1.0267955304
0.2705074881  -0.2858859666  -1.0301674936
0.2671351419  -0.2821540612  -1.0335246313
0.2637776221  -0.2784413771  -1.0368670192
0.2604348531  -0.2747478140  -1.0401947325
0.2571067598  -0.2710732967  -1.0435078461
0.2537932675  -0.2674178116  -1.0468064341
0.2504943019  -0.2637813387  -1.0500905705
0.2472097889  -0.2601638101  -1.0533603287
0.2439396549  -0.2565651479  -1.0566157822
0.2406838267  -0.2529852793  -1.0598570037
0.2374422313  -0.2494241306  -1.0630840660
0.2342147962  -0.2458816269  -1.0662970412
0.2310014492  -0.2423576923  -1.0694960014
0.2278021182  -0.2388522503  -1.0726810181
0.2246167318  -0.2353652237  -1.0758521627
0.2214452186  -0.2318965352  -1.0790095061
0.2182875076  -0.2284461069  -1.0821531191
0.2151435283  -0.2250138612  -1.0852830720
0.2120132102  -0.2215997201  -1.0883994350
0.2088964833  -0.2182036062  -1.0915022779
0.2057932777  -0.2148254418  -1.0945916701
0.2027035241  -0.2114651499  -1.0976676810
0.1996271531  -0.2081226535  -1.1007303793
0.1965640957  -0.2047978761  -1.1037798339
0.1935142835  -0.2014907414  -1.1068161130
0.1904776477  -0.1982011735  -1.1098392849
0.1874541205  -0.1949290971  -1.1128494173
0.1844436337  -0.1916744366  -1.1158465778
0.1814461198  -0.1884371173  -1.1188308339
0.1784615114  -0.1852170641  -1.1218022526
0.1754897412  -0.1820142026  -1.1247609007
0.1725307424  -0.1788284579  -1.1277068448
0.1695844483  -0.1756597556  -1.1306401513
0.1666507923  -0.1725080209  -1.1335608863
0.1637297095  -0.1693733120  -1.1364691316
0.1608211363  -0.1662557284  -1.1393649871
0.1579250054  -0.1631548756  -1.1422485069
0.1550412451  -0.1600702731  -1.1451197023
0.1521697881  -0.1570020053  -1.1479786197
0.1493105726  -0.1539502094  -1.1508253260
0.1464635353  -0.1509148240  -1.1536598806
0.1436286120  -0.1478957846  -1.1564823438
0.1408057386  -0.1448930247  -1.1592927767
0.1379948513  -0.1419064756  -1.1620912418
0.1351958865  -0.1389360665  -1.1648778026
0.1324087807  -0.1359817239  -1.1676525238
0.1296334706  -0.1330433722  -1.1704154719
0.1268698931  -0.1301209330  -1.1731667143
0.1241179853  -0.1272143260  -1.1759063200
0.1213776844  -0.1243234681  -1.1786343594
0.1186489278  -0.1214482743  -1.1813509042
0.1159316527  -0.1185886573  -1.1840560275
0.1132257969  -0.1157445279  -1.1867498037
0.1105312980  -0.1129157951  -1.1894323083
0.1078480938  -0.1101023660  -1.1921036176
0.1051761223  -0.1073041466  -1.1947638093
0.1025153216  -0.1045210413  -1.1974129615
0.0998656299  -0.1017529535  -1.2000511530
0.0972269855  -0.0989997857  -1.2026784628
0.0945993269  -0.0962614395  -1.2052949702
0.0919825928  -0.0935378161  -1.2079007542
0.0893767220  -0.0908288164  -1.2104958934
0.0867816534  -0.0881343409  -1.2130804659
0.0841973262  -0.0854542902  -1.2156545485
0.0816236797  -0.0827885649  -1.2182182166
0.0790606533  -0.0801370662  -1.2207715440
0.0765091516  -0.0774997854  -1.2233514965
0.0739697447  -0.0748766710  -1.2259764202
0.0714398702  -0.0722673860  -1.2285833358
0.0689187333  -0.0696717758  -1.2311885649
0.0664075710  -0.0670898723  -1.2337910340
0.0639063032  -0.0645215823  -1.2363895154
0.0614148549  -0.0619668137  -1.2389826270
0.0589331569  -0.0594254758  -1.2415688323
0.0564611462  -0.0568974789  -1.2441464405
0.0539987659  -0.0543827341  -1.2467136063
0.0515459657  -0.0518811536  -1.2492683302
0.0491027025  -0.0493926499  -1.2518084582
0.0466689402  -0.0469171364  -1.2543316820
0.0442446504  -0.0444545265  -1.2568355388
0.0418298121  -0.0420047339  -1.2593174116
0.0394244124  -0.0395676724  -1.2617745289
0.0370284462  -0.0371432557  -1.2642039649
0.0346419164  -0.0347313968  -1.2666026395
0.0322648338  -0.0323320089  -1.2689673180
0.0298972173  -0.0299450042  -1.2712946116
0.0275390934  -0.0275702944  -1.2735809768
0.0251904964  -0.0252077909  -1.2758227161
0.0228514677  -0.0228574040  -1.2780159774
0.0205220556  -0.0205190436  -1.2801567543
0.0182023147  -0.0181926192  -1.2822408859
0.0158923057  -0.0158780397  -1.2842640572
0.0135920940  -0.0135752138  -1.2862217985
0.0113017495  -0.0112840503  -1.2881094861
0.0090213452  -0.0090044580  -1.2899223415
0.0067509564  -0.0067363465  -1.2916554322
0.0044906591  -0.0044796259  -1.2933036711
0.0022405291  -0.0022342077  -1.2948618168
0.0022391809  -0.0022341992  -1.2948618168
