0.124949
1.4696924137  -1.9639601977   0.0000834214
1.4696924137  -1.9639601977   0.0000834214
1.4697021548  -1.9639706156   0.0000705878
1.4696997919  -1.9639396754   0.0000362788
1.4696786235  -1.9638577901  -0.0000201485
1.4696347908  -1.9637178593  -0.0000993263
1.4695667777  -1.9635173375  -0.0002018762
1.4694736989  -1.9632548858  -0.0003284096
1.4693549095  -1.9629296177  -0.0004795270
1.4692098747  -1.9625408469  -0.0006558187
1.4690381163  -1.9620879844  -0.0008578643
1.4688391882  -1.9615704904  -0.0010862329
1.4686126633  -1.9609878494  -0.0013414830
1.4683581269  -1.9603395577  -0.0016241629
1.4680751726  -1.9596251152  -0.0019348100
1.4677633998  -1.9588440217  -0.0022739513
1.4674224124  -1.9579957738  -0.0026421034
1.4670518179  -1.9570798645  -0.0030397722
1.4666512268  -1.9560957821  -0.0034674532
1.4662202524  -1.9550430100  -0.0039256314
1.4657585105  -1.9539210276  -0.0044147811
1.4652656196  -1.9527293104  -0.0049353663
1.4647412005  -1.9514673308  -0.0054878403
1.4641848771  -1.9501345589  -0.0060726461
1.4635962759  -1.9487304636  -0.0066902158
1.4629750266  -1.9472545135  -0.0073409713
1.4623207617  -1.9457061779  -0.0080253240
1.4616331174  -1.9440849279  -0.0087436745
1.4609117334  -1.9423902383  -0.0094964132
1.4601562533  -1.9406215881  -0.0102839197
1.4593663247  -1.9387784620  -0.0111065632
1.4585415996  -1.9368603511  -0.0119647025
1.4576817317  -1.9348658594  -0.0128599964
1.4567863895  -1.9327953189  -0.0137916073
1.4558552420  -1.9306493789  -0.0147594424
1.4548879524  -1.9284268985  -0.0157637921
1.4538841950  -1.9261271501  -0.0168049441
1.4528436532  -1.9237496185  -0.0178832001
1.4517660165  -1.9212938354  -0.0189988548
1.4506509806  -1.9187593666  -0.0201521987
1.4494982483  -1.9161458046  -0.0213435172
1.4483075288  -1.9134527650  -0.0225730894
1.4470785390  -1.9106798882  -0.0238411878
1.4458110033  -1.9078268402  -0.0251480777
1.4445046534  -1.9048933138  -0.0264940169
1.4431592290  -1.9018790308  -0.0278792556
1.4417744776  -1.8987837403  -0.0293040356
1.4403501554  -1.8956072187  -0.0307685903
1.4388860273  -1.8923492727  -0.0322731449
1.4373818666  -1.8890097431  -0.0338179153
1.4358374555  -1.8855885057  -0.0354031090
1.4342525855  -1.8820854683  -0.0370289241
1.4326270573  -1.8785005713  -0.0386955494
1.4309606809  -1.8748337896  -0.0404031643
1.4292532755  -1.8710851321  -0.0421519389
1.4275046700  -1.8672546434  -0.0439420332
1.4257147034  -1.8633424069  -0.0457735979
1.4238832250  -1.8593485421  -0.0476467733
1.4220100937  -1.8552732022  -0.0495616902
1.4200951783  -1.8511165768  -0.0515184690
1.4181383575  -1.8468788928  -0.0535172202
1.4161395198  -1.8425604142  -0.0555580442
1.4140985652  -1.8381614437  -0.0576410312
1.4120154036  -1.8336821048  -0.0597662611
1.4098899534  -1.8291226954  -0.0619338038
1.4077221448  -1.8244840603  -0.0641437187
1.4055119199  -1.8197668397  -0.0663960551
1.4032592307  -1.8149713599  -0.0686908525
1.4009640376  -1.8100980714  -0.0710281405
1.3986263116  -1.8051475143  -0.0734079386
1.3962460342  -1.8001202705  -0.0758302563
1.3938231944  -1.7950169532  -0.0782950936
1.3913577940  -1.7898382115  -0.0808024404
1.3888498444  -1.7845847269  -0.0833522775
1.3862993642  -1.7792572109  -0.0859445759
1.3837063832  -1.7738564049  -0.0885792974
1.3810709407  -1.7683830783  -0.0912563963
1.3783930850  -1.7628380357  -0.0939758158
1.3756728726  -1.7572221099  -0.0967374815
1.3729103665  -1.7515361566  -0.0995413082
1.3701056409  -1.7457810609  -0.1023872077
1.3672587803  -1.7399577322  -0.1052750849
1.3643698754  -1.7340671022  -0.1082048371
1.3614390245  -1.7281101344  -0.1111763566
1.3584663361  -1.7220878161  -0.1141895292
1.3554519253  -1.7160011535  -0.1172442344
1.3523959128  -1.7098511783  -0.1203403494
1.3492984287  -1.7036389434  -0.1234777483
1.3461596093  -1.6973655218  -0.1266562987
1.3429795960  -1.6910320105  -0.1298758627
1.3397585371  -1.6846395201  -0.1331362990
1.3364965872  -1.6781891786  -0.1364374637
1.3331939053  -1.6716821347  -0.1397792091
1.3298506563  -1.6651195535  -0.1431613817
1.3264670117  -1.6585026034  -0.1465838276
1.3230431457  -1.6518324514  -0.1500463899
1.3195792345  -1.6451102938  -0.1535489052
1.3160754603  -1.6383373616  -0.1570912104
1.3125320114  -1.6315148979  -0.1606731374
1.3089490766  -1.6246441494  -0.1642945118
1.3053268471  -1.6177263728  -0.1679551603
1.3016655203  -1.6107628513  -0.1716549093
1.2979652942  -1.6037548908  -0.1753935799
1.2942263652  -1.5967037325  -0.1791709910
1.2904489351  -1.5896104488  -0.1829869603
1.2866332070  -1.5824760265  -0.1868413008
1.2827793800  -1.5753016149  -0.1907338233
1.2788876547  -1.5680885977  -0.1946643381
1.2749583375  -1.5608385338  -0.1986326502
1.2709914571  -1.5535526688  -0.2026385602
1.2669868085  -1.5462319744  -0.2066818702
1.2629445937  -1.5388778073  -0.2107623792
1.2588650792  -1.5314915702  -0.2148798817
1.2547483966  -1.5240744972  -0.2190341680
1.2505947505  -1.5166278643  -0.2232250276
1.2464043666  -1.5091529342  -0.2274522496
1.2421774042  -1.5016508716  -0.2317156184
1.2379140554  -1.4941228451  -0.2360149167
1.2336146849  -1.4865701671  -0.2403499234
1.2292795412  -1.4789940032  -0.2447204091
1.2249087804  -1.4713953954  -0.2491261428
1.2205026452  -1.4637754458  -0.2535668951
1.2160613784  -1.4561352310  -0.2580424323
1.2115853090  -1.4484758937  -0.2625525143
1.2070746424  -1.4407984331  -0.2670968974
1.2025295598  -1.4331037999  -0.2716753345
1.1979505303  -1.4253932198  -0.2762875732
1.1933376880  -1.4176675695  -0.2809333563
1.1886912628  -1.4099278019  -0.2856124195
1.1840116974  -1.4021750768  -0.2903244963
1.1792990528  -1.3944101617  -0.2950693165
1.1745535697  -1.3866339962  -0.2998466004
1.1697757035  -1.3788477400  -0.3046560602
1.1649657441  -1.3710524052  -0.3094973913
1.1601238992  -1.3632489118  -0.3143702752
1.1552505378  -1.3554381722  -0.3192744383
1.1503459547  -1.3476208576  -0.3242096886
1.1454103683  -1.3397977938  -0.3291758256
1.1404441392  -1.3319703439  -0.3341725525
1.1354476267  -1.3241398850  -0.3391995057
1.1304209750  -1.3163073465  -0.3442563148
1.1253645153  -1.3084737281  -0.3493426201
1.1202786912  -1.3006401306  -0.3544580642
1.1151637436  -1.2928074467  -0.3596022848
1.1100199655  -1.2849766154  -0.3647749182
1.1048475945  -1.2771485142  -0.3699756035
1.0996470867  -1.2693242372  -0.3752039792
1.0944188141  -1.2615047880  -0.3804596813
1.0891630364  -1.2536910445  -0.3857423472
1.0838802314  -1.2458840957  -0.3910516165
1.0785706165  -1.2380847546  -0.3963871275
1.0732343682  -1.2302937790  -0.4017485157
1.0678719751  -1.2225122294  -0.4071354184
1.0624839289  -1.2147411526  -0.4125474741
1.0570705372  -1.2069813903  -0.4179843163
1.0516320806  -1.1992337350  -0.4234455749
1.0461690037  -1.1914991196  -0.4289308774
1.0406816179  -1.1837783185  -0.4344398401
1.0351703103  -1.1760721568  -0.4399720648
1.0296353918  -1.1683813539  -0.4455271346
1.0240771275  -1.1607065503  -0.4511045941
1.0184960566  -1.1530486320  -0.4567039281
1.0128924802  -1.1454082137  -0.4623245106
1.0072666145  -1.1377857906  -0.4679654742
1.0016186862  -1.1301818357  -0.4736253907
0.9959483548  -1.1225964833  -0.4793004689
0.9902556916  -1.1150300794  -0.4849888433
0.9845438016  -1.1074843493  -0.4906986636
0.9788165509  -1.0999615868  -0.4964396001
0.9730737962  -1.0924628330  -0.5022123960
0.9673130654  -1.0849879536  -0.5080144734
0.9615332721  -1.0775366756  -0.5138444175
0.9557344965  -1.0701088340  -0.5197009329
0.9499169452  -1.0627042251  -0.5255826473
0.9440809506  -1.0553226846  -0.5314881186
0.9382267996  -1.0479639163  -0.5374158435
0.9323548153  -1.0406275777  -0.5433642634
0.9264654538  -1.0333133849  -0.5493317670
0.9205590138  -1.0260208273  -0.5553166948
0.9146357532  -1.0187492914  -0.5613173486
0.9086960456  -1.0114982279  -0.5673319940
0.9027404576  -1.0042672342  -0.5733588672
0.8967692995  -0.9970556070  -0.5793961859
0.8907827676  -0.9898624966  -0.5854421476
0.8847813373  -0.9826873107  -0.5914949308
0.8787653110  -0.9755292695  -0.5975527039
0.8727348937  -0.9683874840  -0.6036136335
0.8666902642  -0.9612610337  -0.6096758850
0.8606314569  -0.9541488653  -0.6157376277
0.8545583221  -0.9470497593  -0.6217970405
0.8484703480  -0.9399621573  -0.6278523160
0.8423665016  -0.9328840212  -0.6339016676
0.8362449058  -0.9258125308  -0.6399433294
0.8301020245  -0.9187432884  -0.6459755613
0.8239310667  -0.9116687627  -0.6519966605
0.8177180234  -0.9045744075  -0.6580049695
0.8114302824  -0.8974273788  -0.6639989029
0.8049291296  -0.8900903039  -0.6699769537
0.7983751048  -0.8827280093  -0.6759375636
0.7921990605  -0.8757685334  -0.6818790074
0.7863339894  -0.8691356617  -0.6877995448
0.7805265666  -0.8625712741  -0.6936976303
0.7747450464  -0.8560413895  -0.6995718934
0.7689889375  -0.8495439021  -0.7054210434
0.7632580614  -0.8430774459  -0.7112438560
0.7575522472  -0.8366407916  -0.7170391868
0.7518713415  -0.8302328183  -0.7228059755
0.7462152094  -0.8238525133  -0.7285432509
0.7405837326  -0.8174989710  -0.7342501315
0.7349768088  -0.8111713910  -0.7399258307
0.7293943516  -0.8048690758  -0.7455696641
0.7238362898  -0.7985914280  -0.7511810509
0.7183025628  -0.7923379474  -0.7567595118
0.7127931201  -0.7861082269  -0.7623046756
0.7073079234  -0.7799019484  -0.7678162887
0.7018469438  -0.7737188774  -0.7732942135
0.6964101581  -0.7675588586  -0.7787384314
0.6909975499  -0.7614218100  -0.7841490511
0.6856091087  -0.7553077179  -0.7895263133
0.6802448281  -0.7492166305  -0.7948705971
0.6749047060  -0.7431486523  -0.8001824299
0.6695887445  -0.7371039380  -0.8054625004
0.6642969521  -0.7310826872  -0.8107116784
0.6590293462  -0.7250851391  -0.8159310446
0.6537859611  -0.7191115689  -0.8211219410
0.6485668647  -0.7131622865  -0.8262860682
0.6433721984  -0.7072376435  -0.8314256856
0.6382022806  -0.7013380684  -0.8365441004
0.6330581583  -0.6954641056  -0.8416480336
0.6279406449  -0.6896162635  -0.8467435525
0.6228470659  -0.6837946489  -0.8518261045
0.6177728496  -0.6779989178  -0.8568868905
0.6127171069  -0.6722287134  -0.8619240951
0.6076818842  -0.6664839405  -0.8669390415
0.6026682629  -0.6607646263  -0.8719320447
0.5976762296  -0.6550707783  -0.8769032530
0.5927056499  -0.6494023772  -0.8818528160
0.5877563902  -0.6437593883  -0.8867808864
0.5828283186  -0.6381417619  -0.8916876190
0.5779213045  -0.6325494339  -0.8965731709
0.5730352188  -0.6269823263  -0.9014377004
0.5681699334  -0.6214403472  -0.9062813669
0.5633253216  -0.6159233922  -0.9111043303
0.5585012578  -0.6104313449  -0.9159067503
0.5536976175  -0.6049640773  -0.9206887859
0.5489142775  -0.5995214516  -0.9254505949
0.5441511154  -0.5941033205  -0.9301923331
0.5394080102  -0.5887095284  -0.9349141538
0.5346848419  -0.5833399130  -0.9396162071
0.5299814918  -0.5779943058  -0.9442986395
0.5252978421  -0.5726725335  -0.9489615927
0.5206337763  -0.5673744196  -0.9536052035
0.5159891792  -0.5620997847  -0.9582296027
0.5113639365  -0.5568484484  -0.9628349148
0.5067579353  -0.5516202297  -0.9674212565
0.5021710635  -0.5464149485  -0.9719887361
0.4976032103  -0.5412324258  -0.9765374515
0.4930542651  -0.5360724836  -0.9810674879
0.4885241175  -0.5309349427  -0.9855789124
0.4840126538  -0.5258196099  -0.9900717560
0.4795197559  -0.5207262841  -0.9945460058
0.4750453178  -0.5156548487  -0.9990016749
0.4705892678  -0.5106053285  -1.0034388890
0.4661515523  -0.5055777393  -1.0078578356
0.4617320937  -0.5005719516  -1.0122586564
0.4573307866  -0.4955877766  -1.0166414429
0.4529475249  -0.4906250722  -1.0210062813
0.4485822135  -0.4856837371  -1.0253532614
0.4442347623  -0.4807636827  -1.0296824726
0.4399050827  -0.4758648279  -1.0339940030
0.4355930873  -0.4709870986  -1.0382879394
0.4312986898  -0.4661304275  -1.0425643676
0.4270218048  -0.4612947534  -1.0468233721
0.4227623482  -0.4564800212  -1.0510650361
0.4185202366  -0.4516861812  -1.0552894419
0.4142953879  -0.4469131885  -1.0594966706
0.4100877207  -0.4421610027  -1.0636868024
0.4058971547  -0.4374295868  -1.0678599163
0.4017236104  -0.4327189076  -1.0720160905
0.3975670094  -0.4280289340  -1.0761554020
0.3934272739  -0.4233596371  -1.0802779274
0.3893043271  -0.4187109890  -1.0843837418
0.3851980930  -0.4140829625  -1.0884729201
0.3811084964  -0.4094755304  -1.0925455361
0.3770354628  -0.4048886645  -1.0966016629
0.3729789185  -0.4003223352  -1.1006413730
0.3689387905  -0.3957765107  -1.1046647383
0.3649150065  -0.3912511561  -1.1086718302
0.3609074949  -0.3867462324  -1.1126627193
0.3569161848  -0.3822616945  -1.1166374761
0.3529410058  -0.3777974868  -1.1205961707
0.3489818883  -0.3733535379  -1.1245388732
0.3450387631  -0.3689297722  -1.1284656536
0.3411115618  -0.3645261381  -1.1323765809
0.3372002161  -0.3601426150  -1.1362717227
0.3333046581  -0.3557791878  -1.1401511454
0.3294248208  -0.3514358282  -1.1440149149
0.3255606375  -0.3471125007  -1.1478630971
0.3217120424  -0.3428091696  -1.1516957576
0.3178789698  -0.3385258001  -1.1555129617
0.3140613547  -0.3342623575  -1.1593147740
0.3102591323  -0.3300188071  -1.1631012588
0.3064722383  -0.3257951142  -1.1668724801
0.3027006088  -0.3215912440  -1.1706285014
0.2989441801  -0.3174071439  -1.1743693860
0.2952028891  -0.3132427266  -1.1780951968
0.2914766728  -0.3090979441  -1.1818059963
0.2877654689  -0.3049728450  -1.1855018467
0.2840692153  -0.3008674684  -1.1891828096
0.2803878501  -0.2967817786  -1.1928489465
0.2767213117  -0.2927157241  -1.1965003187
0.2730695388  -0.2886692618  -1.2001369874
0.2694324703  -0.2846423471  -1.2037590134
0.2658100454  -0.2806349336  -1.2073664573
0.2622022035  -0.2766469733  -1.2109593797
0.2586088843  -0.2726784174  -1.2145378406
0.2550300276  -0.2687292159  -1.2181019002
0.2514655734  -0.2647993183  -1.2216516183
0.2479154620  -0.2608886739  -1.2251870545
0.2443796338  -0.2569972314  -1.2287082683
0.2408580294  -0.2531249398  -1.2322153189
0.2373505895  -0.2492717480  -1.2357082656
0.2338572551  -0.2454376053  -1.2391871673
0.2303779672  -0.2416224612  -1.2426520828
0.2269126669  -0.2378262656  -1.2461030709
0.2234612956  -0.2340489688  -1.2495401900
0.2200237948  -0.2302905216  -1.2529634986
0.2166001058  -0.2265508751  -1.2563730549
0.2131901705  -0.2228299808  -1.2597689172
0.2097939305  -0.2191277906  -1.2631511436
0.2064113276  -0.2154442564  -1.2665197921
0.2030423038  -0.2117793306  -1.2698749205
0.1996868010  -0.2081329652  -1.2732165867
0.1963447613  -0.2045051124  -1.2765448485
0.1930161268  -0.2008957241  -1.2798597635
0.1897008396  -0.1973047517  -1.2831613893
0.1863988438  -0.1937323574  -1.2864498046
0.1831100854  -0.1901787696  -1.2897251118
0.1798345043  -0.1866434324  -1.2929873536
0.1765720334  -0.1831256504  -1.2962365164
0.1733226124  -0.1796256251  -1.2994726330
0.1700861883  -0.1761436424  -1.3026957639
0.1668627063  -0.1726796728  -1.3059059594
0.1636521095  -0.1692336817  -1.3091032717
0.1604543409  -0.1658056311  -1.3122877542
0.1572693437  -0.1623954792  -1.3154594623
0.1540970610  -0.1590031802  -1.3186184531
0.1509374360  -0.1556286841  -1.3217647857
0.1477904118  -0.1522719365  -1.3248985214
0.1446559312  -0.1489328787  -1.3280197235
0.1415339374  -0.1456114479  -1.3311284571
0.1384243731  -0.1423075769  -1.3342247900
0.1353271810  -0.1390211945  -1.3373087915
0.1322423037  -0.1357522256  -1.3403805333
0.1291696838  -0.1325005911  -1.3434400888
0.1261092635  -0.1292662089  -1.3464875332
0.1230609852  -0.1260489932  -1.3495229436
0.1200247909  -0.1228488556  -1.3525463981
0.1170006227  -0.1196657049  -1.3555579765
0.1139884224  -0.1164994474  -1.3585577593
0.1109881319  -0.1133499875  -1.3615458279
0.1079996929  -0.1102172279  -1.3645222639
0.1050230470  -0.1071010695  -1.3674871493
0.1020581359  -0.1040014125  -1.3704405654
0.0991049011  -0.1009181559  -1.3733825933
0.0961632840  -0.0978511981  -1.3763133126
0.0932332261  -0.0948004371  -1.3792328014
0.0903146689  -0.0917657715  -1.3821411360
0.0874088252  -0.0887472497  -1.3850806326
0.0845164660  -0.0857448486  -1.3880722910
0.0816342348  -0.0827580668  -1.3910439838
0.0787611053  -0.0797867063  -1.3940143892
0.0758987276  -0.0768308812  -1.3969822672
0.0730470160  -0.0738904956  -1.3999462008
0.0702058917  -0.0709654551  -1.4029045963
0.0673752827  -0.0680556671  -1.4058556830
0.0645551251  -0.0651610400  -1.4087975135
0.0617453628  -0.0622814833  -1.4117279634
0.0589459482  -0.0594169074  -1.4146447314
0.0561568428  -0.0565672234  -1.4175453396
0.0533780171  -0.0537323426  -1.4204271331
0.0506094513  -0.0509121763  -1.4232872800
0.0478511353  -0.0481066358  -1.4261227718
0.0451030690  -0.0453156315  -1.4289304230
0.0423652627  -0.0425390734  -1.4317068713
0.0396377365  -0.0397768703  -1.4344485775
0.0369205211  -0.0370289296  -1.4371518256
0.0342136572  -0.0342951574  -1.4398127227
0.0315171953  -0.0315754583  -1.4424271990
0.0288311958  -0.0288697350  -1.4449910080
0.0261557283  -0.0261778885  -1.4474997262
0.0234908712  -0.0234998185  -1.4499487533
0.0208367111  -0.0208354227  -1.4523333122
0.0181933419  -0.0181845978  -1.4546484489
0.0155608640  -0.0155472393  -1.4568890324
0.0129393832  -0.0129232421  -1.4590497551
0.0103290092  -0.0103125009  -1.4611251325
0.0077298548  -0.0077149103  -1.4631095030
0.0051420336  -0.0051303661  -1.4649970285
0.0025656584  -0.0025587651  -1.4667816937
0.0025638902  -0.0025587543  -1.4667816937
