0.19787
0.8913625523  -1.0460521018   0.0000331771
0.8913625523  -1.0460521018   0.0000331771
0.8913672627  -1.0460582368   0.0000294894
0.8913676711  -1.0460546690   0.0000180784
0.8913610565  -1.0460378613  -0.0000012551
0.8913463049  -1.0460064440  -0.0000287100
0.8913229504  -1.0459598474  -0.0000644843
0.8912907099  -1.0458977265  -0.0001087759
0.8912493697  -1.0458198201  -0.0001617822
0.8911987471  -1.0457259032  -0.0002236998
0.8911386746  -1.0456157679  -0.0002947252
0.8910689926  -1.0454892143  -0.0003750543
0.8909895456  -1.0453460455  -0.0004648823
0.8909001800  -1.0451860655  -0.0005644044
0.8908007432  -1.0450090772  -0.0006738148
0.8906910824  -1.0448148821  -0.0007933076
0.8905710445  -1.0446032793  -0.0009230763
0.8904404757  -1.0443740653  -0.0010633139
0.8902992208  -1.0441270339  -0.0012142129
0.8901471239  -1.0438619757  -0.0013759653
0.8899840275  -1.0435786783  -0.0015487629
0.8898097730  -1.0432769261  -0.0017327967
0.8896242001  -1.0429565005  -0.0019282573
0.8894271473  -1.0426171797  -0.0021353350
0.8892184515  -1.0422587386  -0.0023542194
0.8889979481  -1.0418809492  -0.0025850996
0.8887654709  -1.0414835805  -0.0028281646
0.8885208524  -1.0410663982  -0.0030836024
0.8882639232  -1.0406291653  -0.0033516010
0.8879945127  -1.0401716420  -0.0036323475
0.8877124484  -1.0396935855  -0.0039260290
0.8874175564  -1.0391947502  -0.0042328316
0.8871096583  -1.0386747226  -0.0045534304
0.8867885805  -1.0381334033  -0.0048875584
0.8864541487  -1.0375707602  -0.0052352306
0.8861061795  -1.0369864166  -0.0055966303
0.8857444896  -1.0363800541  -0.0059719370
0.8853688956  -1.0357513974  -0.0063613332
0.8849792126  -1.0351001754  -0.0067650032
0.8845752542  -1.0344261177  -0.0071831332
0.8841568328  -1.0337289530  -0.0076159116
0.8837237591  -1.0330084091  -0.0080635282
0.8832758424  -1.0322642129  -0.0085261746
0.8828128905  -1.0314960904  -0.0090040440
0.8823347096  -1.0307037668  -0.0094973308
0.8818411048  -1.0298869665  -0.0100062311
0.8813318794  -1.0290454134  -0.0105309426
0.8808068354  -1.0281788312  -0.0110716644
0.8802657735  -1.0272869435  -0.0116285971
0.8797084930  -1.0263694741  -0.0122019426
0.8791347917  -1.0254261469  -0.0127919043
0.8785444663  -1.0244566865  -0.0133986866
0.8779373119  -1.0234608182  -0.0140224951
0.8773131227  -1.0224382679  -0.0146635367
0.8766716919  -1.0213887634  -0.0153220194
0.8760128116  -1.0203120333  -0.0159981521
0.8753362725  -1.0192078075  -0.0166921453
0.8746418643  -1.0180758178  -0.0174042103
0.8739293755  -1.0169157974  -0.0181345596
0.8731985938  -1.0157274816  -0.0188834066
0.8724493055  -1.0145106080  -0.0196509658
0.8716812963  -1.0132649166  -0.0204374527
0.8708943504  -1.0119901497  -0.0212430834
0.8700882508  -1.0106860051  -0.0220680748
0.8692627801  -1.0093522137  -0.0229126448
0.8684177207  -1.0079886242  -0.0237770118
0.8675528547  -1.0065950385  -0.0246613957
0.8666679639  -1.0051711807  -0.0255660173
0.8657628290  -1.0037167956  -0.0264910982
0.8648372306  -1.0022316455  -0.0274368600
0.8638909482  -1.0007154976  -0.0284035248
0.8629237592  -0.9991681220  -0.0293913144
0.8619354388  -0.9975892907  -0.0304004515
0.8609257617  -0.9959787790  -0.0314311595
0.8598945015  -0.9943363654  -0.0324836627
0.8588414309  -0.9926618327  -0.0335581861
0.8577663237  -0.9909549692  -0.0346549547
0.8566689565  -0.9892155707  -0.0357741925
0.8555491076  -0.9874434395  -0.0369161233
0.8544065561  -0.9856383828  -0.0380809711
0.8532410818  -0.9838002132  -0.0392689600
0.8520524637  -0.9819287471  -0.0404803143
0.8508404773  -0.9800238021  -0.0417152579
0.8496048956  -0.9780851986  -0.0429740149
0.8483454925  -0.9761127622  -0.0442568099
0.8470620413  -0.9741063234  -0.0455638670
0.8457543165  -0.9720657187  -0.0468954097
0.8444220955  -0.9699907933  -0.0482516609
0.8430651566  -0.9678813988  -0.0496328429
0.8416832779  -0.9657373921  -0.0510391770
0.8402762381  -0.9635586365  -0.0524708831
0.8388438181  -0.9613450032  -0.0539281802
0.8373857985  -0.9590963689  -0.0554112872
0.8359019569  -0.9568126127  -0.0569204227
0.8343920700  -0.9544936175  -0.0584558042
0.8328559140  -0.9521392695  -0.0600176466
0.8312932706  -0.9497494710  -0.0616061629
0.8297039341  -0.9473241480  -0.0632215655
0.8280877063  -0.9448632422  -0.0648640667
0.8264443904  -0.9423667055  -0.0665338773
0.8247737786  -0.9398344979  -0.0682312044
0.8230756502  -0.9372665787  -0.0699562513
0.8213497813  -0.9346628542  -0.0717092213
0.8195959520  -0.9320231339  -0.0734903192
0.8178139620  -0.9293472339  -0.0752997482
0.8160036307  -0.9266351156  -0.0771377076
0.8141647851  -0.9238868778  -0.0790043926
0.8122972416  -0.9211026517  -0.0808999962
0.8104007919  -0.9182825363  -0.0828247092
0.8084752143  -0.9154266057  -0.0847787199
0.8065203038  -0.9125349421  -0.0867622144
0.8045358778  -0.9096076434  -0.0887753758
0.8025217572  -0.9066448029  -0.0908183840
0.8004777563  -0.9036464999  -0.0928914160
0.7984036968  -0.9006128122  -0.0949946462
0.7962994223  -0.8975438306  -0.0971282462
0.7941647853  -0.8944396486  -0.0992923845
0.7919996223  -0.8913003386  -0.1014872258
0.7898037629  -0.8881259599  -0.1037129293
0.7875770484  -0.8849165795  -0.1059696504
0.7853193238  -0.8816722664  -0.1082575428
0.7830304218  -0.8783930755  -0.1105767576
0.7807101699  -0.8750790564  -0.1129274413
0.7783584249  -0.8717302907  -0.1153097353
0.7759750790  -0.8683468975  -0.1177237771
0.7735600251  -0.8649290023  -0.1201696980
0.7711131193  -0.8614766994  -0.1226476233
0.7686341892  -0.8579900584  -0.1251576746
0.7661230931  -0.8544691872  -0.1276999690
0.7635797481  -0.8509142579  -0.1302746155
0.7610040976  -0.8473254680  -0.1328817142
0.7583960263  -0.8437029380  -0.1355213574
0.7557553397  -0.8400466172  -0.1381936226
0.7530818889  -0.8363566271  -0.1408985823
0.7503756633  -0.8326339681  -0.1436363506
0.7476366961  -0.8288800827  -0.1464070945
0.7448649203  -0.8250953810  -0.1492109562
0.7420601945  -0.8212791991  -0.1520480015
0.7392224134  -0.8174310290  -0.1549182498
0.7363515124  -0.8135509397  -0.1578217112
0.7334474367  -0.8096392759  -0.1607583965
0.7305101518  -0.8056964728  -0.1637283080
0.7275396337  -0.8017230084  -0.1667314337
0.7245358493  -0.7977193771  -0.1697677577
0.7214987676  -0.7936860984  -0.1728372625
0.7184283869  -0.7896237463  -0.1759399214
0.7153247243  -0.7855329361  -0.1790756987
0.7121877936  -0.7814142960  -0.1822445516
0.7090176256  -0.7772684841  -0.1854464312
0.7058142193  -0.7730961420  -0.1886812813
0.7025775255  -0.7688978738  -0.1919490377
0.6993076037  -0.7646743983  -0.1952496287
0.6960045976  -0.7604265245  -0.1985829736
0.6926685941  -0.7561550055  -0.2019489814
0.6892996606  -0.7518605733  -0.2053475486
0.6858978853  -0.7475439749  -0.2087785554
0.6824633657  -0.7432059597  -0.2122418604
0.6789961392  -0.7388472056  -0.2157372939
0.6754962618  -0.7344683951  -0.2192646451
0.6719639238  -0.7300703310  -0.2228236394
0.6683992536  -0.7256537367  -0.2264138945
0.6648022616  -0.7212192015  -0.2300348319
0.6611729969  -0.7167673351  -0.2336854856
0.6575114616  -0.7122986982  -0.2373640290
0.6538172980  -0.7078136917  -0.2410658988
0.6500908166  -0.7033129629  -0.2447914028
0.6463346415  -0.6987980862  -0.2485525694
0.6425512414  -0.6942708931  -0.2523593703
0.6387399570  -0.6897322598  -0.2562121557
0.6348989851  -0.6851823419  -0.2601087765
0.6310275097  -0.6806211858  -0.2640476783
0.6271255415  -0.6760489975  -0.2680274976
0.6231934254  -0.6714661411  -0.2720467663
0.6192310925  -0.6668724797  -0.2761039118
0.6152385213  -0.6622678421  -0.2801972649
0.6112161191  -0.6576524207  -0.2843250674
0.6071641483  -0.6530261939  -0.2884854788
0.6030827521  -0.6483889514  -0.2926765837
0.5989720932  -0.6437404443  -0.2968963989
0.5948324140  -0.6390804538  -0.3011428800
0.5906639718  -0.6344087305  -0.3054139296
0.5864669616  -0.6297249215  -0.3097074054
0.5822415750  -0.6250286366  -0.3140211257
0.5779880104  -0.6203194662  -0.3183528732
0.5737063786  -0.6155968946  -0.3227004020
0.5693966883  -0.6108602930  -0.3270614456
0.5650588403  -0.6061089212  -0.3314337229
0.5606925320  -0.6013418421  -0.3358149446
0.5562971496  -0.5965578255  -0.3402028202
0.5518715507  -0.5917551386  -0.3445950653
0.5474137471  -0.5869312418  -0.3489894054
0.5429202812  -0.5820821998  -0.3533835812
0.5383850734  -0.5772015542  -0.3577753599
0.5337967288  -0.5722776920  -0.3621625434
0.5291325014  -0.5672879442  -0.3665429774
0.5243420716  -0.5621826521  -0.3709145770
0.5192656858  -0.5568048850  -0.3752753153
0.5142383840  -0.5514917584  -0.3796231085
0.5096878102  -0.5466653910  -0.3839557616
0.5054270406  -0.5421311715  -0.3882711229
0.5012438900  -0.5376741728  -0.3925672223
0.4970866542  -0.5332420664  -0.3968422393
0.4929537322  -0.5288326430  -0.4010944432
0.4888448110  -0.5244449557  -0.4053221832
0.4847597282  -0.5200782729  -0.4095239050
0.4806983420  -0.5157319557  -0.4136981645
0.4766605279  -0.5114054567  -0.4178436231
0.4726461758  -0.5070983168  -0.4219590508
0.4686551909  -0.5028101627  -0.4260433382
0.4646874941  -0.4985407036  -0.4300955024
0.4607430192  -0.4942897271  -0.4341146903
0.4568217108  -0.4900570946  -0.4381001834
0.4529235233  -0.4858427367  -0.4420514038
0.4490484200  -0.4816466479  -0.4459679212
0.4451963711  -0.4774688818  -0.4498494579
0.4413673527  -0.4733095450  -0.4536958954
0.4375613453  -0.4691687920  -0.4575072836
0.4337783328  -0.4650468193  -0.4612838493
0.4300183020  -0.4609438597  -0.4650260078
0.4262812415  -0.4568601767  -0.4687343776
0.4225671430  -0.4527960600  -0.4724098018
0.4188760023  -0.4487518203  -0.4760533798
0.4152078244  -0.4447277866  -0.4796665166
0.4115626320  -0.4407243048  -0.4832510066
0.4079404846  -0.4367417411  -0.4868091900
0.4043415234  -0.4327804956  -0.4903442731
0.4007660794  -0.4288410453  -0.4938610661
0.3972150859  -0.4249240355  -0.4973685683
0.3936887224  -0.4210298653  -0.5008721926
0.3901839814  -0.4171579992  -0.5043642261
0.3866973355  -0.4133075929  -0.5078356579
0.3832286594  -0.4094785435  -0.5112851536
0.3797794976  -0.4056712072  -0.5147136694
0.3763505445  -0.4018858040  -0.5181216349
0.3729417936  -0.3981223926  -0.5215092200
0.3695530970  -0.3943809813  -0.5248765919
0.3661843036  -0.3906615604  -0.5282239204
0.3628352633  -0.3869641040  -0.5315513780
0.3595058269  -0.3832885710  -0.5348591394
0.3561958462  -0.3796349059  -0.5381473814
0.3529051737  -0.3760030389  -0.5414162817
0.3496336629  -0.3723928871  -0.5446660189
0.3463811682  -0.3688043554  -0.5478967718
0.3431475448  -0.3652373373  -0.5511087185
0.3399326488  -0.3616917159  -0.5543020362
0.3367363373  -0.3581673648  -0.5574769002
0.3335584681  -0.3546641493  -0.5606334835
0.3303989003  -0.3511819271  -0.5637719563
0.3272574937  -0.3477205497  -0.5668924850
0.3241341094  -0.3442798629  -0.5699952319
0.3210286093  -0.3408597082  -0.5730803542
0.3179408565  -0.3374599233  -0.5761480038
0.3148707153  -0.3340803433  -0.5791983262
0.3118180507  -0.3307208008  -0.5822314595
0.3087827290  -0.3273811263  -0.5852475338
0.3057646173  -0.3240611477  -0.5882466689
0.3027635835  -0.3207606875  -0.5912289718
0.2997794955  -0.3174795568  -0.5941945309
0.2968122199  -0.3142175300  -0.5971434001
0.2938616226  -0.3109743892  -0.6000756034
0.2909275796  -0.3077501055  -0.6029912069
0.2880099858  -0.3045448410  -0.6058903729
0.2851087413  -0.3013586464  -0.6087732963
0.2822237314  -0.2981913423  -0.6116401291
0.2793548301  -0.2950427012  -0.6144909896
0.2765019127  -0.2919125615  -0.6173259920
0.2736648602  -0.2888008026  -0.6201452520
0.2708435563  -0.2857073144  -0.6229488850
0.2680378860  -0.2826319896  -0.6257370056
0.2652477355  -0.2795747239  -0.6285097268
0.2624729918  -0.2765354156  -0.6312671610
0.2597135429  -0.2735139652  -0.6340094191
0.2569692780  -0.2705102755  -0.6367366112
0.2542400870  -0.2675242510  -0.6394488463
0.2515258608  -0.2645557980  -0.6421462325
0.2488264915  -0.2616048243  -0.6448288767
0.2461418717  -0.2586712386  -0.6474968849
0.2434718952  -0.2557549507  -0.6501503622
0.2408164566  -0.2528558706  -0.6527894128
0.2381754515  -0.2499739089  -0.6554141400
0.2355487762  -0.2471089760  -0.6580246460
0.2329363281  -0.2442609820  -0.6606210324
0.2303380051  -0.2414298363  -0.6632033998
0.2277537063  -0.2386154477  -0.6657718482
0.2251833315  -0.2358177233  -0.6683264767
0.2226267812  -0.2330365693  -0.6708673834
0.2200839570  -0.2302718894  -0.6733946661
0.2175547609  -0.2275235853  -0.6759084217
0.2150390960  -0.2247915553  -0.6784087463
0.2125368661  -0.2220756922  -0.6808957356
0.2100479758  -0.2193758825  -0.6833694850
0.2075723304  -0.2166920134  -0.6858300891
0.2051098359  -0.2140239842  -0.6882776414
0.2026603992  -0.2113717063  -0.6907122344
0.2002239277  -0.2087350911  -0.6931339592
0.1978003298  -0.2061140449  -0.6955429067
0.1953895144  -0.2035084713  -0.6979391669
0.1929913913  -0.2009182742  -0.7003228294
0.1906058711  -0.1983433578  -0.7026939830
0.1882328649  -0.1957836266  -0.7050527159
0.1858722846  -0.1932389854  -0.7073991153
0.1835240428  -0.1907093390  -0.7097332682
0.1811880527  -0.1881945927  -0.7120552605
0.1788642282  -0.1856946518  -0.7143651776
0.1765524839  -0.1832094188  -0.7166631043
0.1742527351  -0.1807387903  -0.7189491246
0.1719648977  -0.1782826704  -0.7212233221
0.1696888883  -0.1758409805  -0.7234857793
0.1674246242  -0.1734136402  -0.7257365785
0.1651720232  -0.1710005565  -0.7279758010
0.1629310038  -0.1686016339  -0.7302035278
0.1607014853  -0.1662167787  -0.7324198391
0.1584833872  -0.1638458972  -0.7346248146
0.1562766300  -0.1614888960  -0.7368185332
0.1540811347  -0.1591456816  -0.7390010734
0.1518968228  -0.1568161609  -0.7411725130
0.1497236165  -0.1545002410  -0.7433329292
0.1475614387  -0.1521978293  -0.7454823987
0.1454102127  -0.1499088338  -0.7476209974
0.1432698624  -0.1476331626  -0.7497488009
0.1411403124  -0.1453707245  -0.7518658840
0.1390214879  -0.1431214287  -0.7539723210
0.1369133144  -0.1408851849  -0.7560681857
0.1348157183  -0.1386619033  -0.7581535513
0.1327286265  -0.1364514947  -0.7602284902
0.1306519662  -0.1342538704  -0.7622930747
0.1285856654  -0.1320689423  -0.7643473762
0.1265296525  -0.1298966230  -0.7663914657
0.1244838567  -0.1277368254  -0.7684254135
0.1224482075  -0.1255894632  -0.7704492897
0.1204226350  -0.1234544503  -0.7724631634
0.1184070697  -0.1213317016  -0.7744671035
0.1164014430  -0.1192211321  -0.7764611784
0.1144056864  -0.1171226576  -0.7784454557
0.1124197321  -0.1150361942  -0.7804200028
0.1104435130  -0.1129616586  -0.7823848863
0.1084769624  -0.1108990037  -0.7843401793
0.1065200149  -0.1088481936  -0.7862859619
0.1045726042  -0.1068090602  -0.7882222947
0.1026346634  -0.1047814132  -0.7901492195
0.1007061271  -0.1027652154  -0.7920667926
0.0987869320  -0.1007604434  -0.7939750788
0.0968770147  -0.0987670210  -0.7958741391
0.0949763120  -0.0967848715  -0.7977640345
0.0930847613  -0.0948139183  -0.7996448261
0.0912023003  -0.0928540845  -0.8015165751
0.0893288671  -0.0909052933  -0.8033793426
0.0874644005  -0.0889674677  -0.8052331903
0.0856088396  -0.0870405305  -0.8070781797
0.0837621240  -0.0851244046  -0.8089143726
0.0819241938  -0.0832190125  -0.8107418312
0.0800949893  -0.0813242769  -0.8125606178
0.0782744516  -0.0794401203  -0.8143707949
0.0764625220  -0.0775664651  -0.8161724252
0.0746591421  -0.0757032340  -0.8179655716
0.0728642542  -0.0738503494  -0.8197502973
0.0710778010  -0.0720077341  -0.8215266652
0.0692997252  -0.0701753109  -0.8232947386
0.0675299705  -0.0683530028  -0.8250545806
0.0657684806  -0.0665407330  -0.8268062544
0.0640151998  -0.0647384252  -0.8285498227
0.0622700727  -0.0629460032  -0.8302853481
0.0605330443  -0.0611633913  -0.8320128928
0.0588040601  -0.0593905140  -0.8337325184
0.0570830659  -0.0576272966  -0.8354442861
0.0553700079  -0.0558736646  -0.8371482560
0.0536648329  -0.0541295442  -0.8388444875
0.0519674878  -0.0523948622  -0.8405330390
0.0502783298  -0.0506695678  -0.8422380672
0.0485975746  -0.0489536001  -0.8439715637
0.0469241080  -0.0472468291  -0.8456924128
0.0452575664  -0.0455491700  -0.8474112878
0.0435984490  -0.0438605841  -0.8491275018
0.0419466962  -0.0421810023  -0.8508402674
0.0403022509  -0.0405103564  -0.8525486964
0.0386650587  -0.0388485790  -0.8542518000
0.0370350682  -0.0371956033  -0.8559484886
0.0354122309  -0.0355513632  -0.8576375722
0.0337965012  -0.0339157932  -0.8593177600
0.0321878370  -0.0322888285  -0.8609876604
0.0305861995  -0.0306704046  -0.8626457815
0.0289915534  -0.0290604578  -0.8642905304
0.0274038669  -0.0274589248  -0.8659202137
0.0258231117  -0.0258657426  -0.8675330373
0.0242492634  -0.0242808487  -0.8691271065
0.0226823010  -0.0227041810  -0.8707004258
0.0211222075  -0.0211356776  -0.8722508993
0.0195689691  -0.0195752770  -0.8737763302
0.0180225760  -0.0180229180  -0.8752744210
0.0164830216  -0.0164785397  -0.8767427739
0.0149503028  -0.0149420814  -0.8781788901
0.0134244196  -0.0134134827  -0.8795801702
0.0119053749  -0.0118926837  -0.8809439143
0.0103931744  -0.0103796245  -0.8822673217
0.0088878260  -0.0088742459  -0.8835474910
0.0073893398  -0.0073764888  -0.8847814202
0.0058977273  -0.0058862949  -0.8859660068
0.0044130013  -0.0044036062  -0.8870980474
0.0029351748  -0.0029283655  -0.8881742381
0.0014642612  -0.0014605159  -0.8891911743
0.0014636864  -0.0014605129  -0.8891911743
