0.240102
0.6241052047  -0.6823268720   0.0000212384
0.6241052047  -0.6823268720   0.0000212384
0.6241084023  -0.6823305347   0.0000191302
0.6241089351  -0.6823294306   0.0000122189
0.6241050346  -0.6823215831   0.0000003849
0.6240960625  -0.6823063655  -0.0000164917
0.6240817468  -0.6822835074  -0.0000385305
0.6240619195  -0.6822528391  -0.0000658514
0.6240364521  -0.6822142282  -0.0000985744
0.6240052338  -0.6821675583  -0.0001368193
0.6239681618  -0.6821127199  -0.0001807062
0.6239251379  -0.6820496068  -0.0002303551
0.6238760660  -0.6819781138  -0.0002858862
0.6238208506  -0.6818981356  -0.0003474197
0.6237593969  -0.6818095660  -0.0004150757
0.6236916094  -0.6817122979  -0.0004889745
0.6236173923  -0.6816062226  -0.0005692366
0.6235366492  -0.6814912298  -0.0006559822
0.6234492826  -0.6813672075  -0.0007493319
0.6233551942  -0.6812340420  -0.0008494062
0.6232542849  -0.6810916176  -0.0009563255
0.6231464542  -0.6809398169  -0.0010702106
0.6230316008  -0.6807785204  -0.0011911822
0.6229096220  -0.6806076069  -0.0013193608
0.6227804142  -0.6804269530  -0.0014548674
0.6226438724  -0.6802364336  -0.0015978228
0.6224998906  -0.6800359215  -0.0017483478
0.6223483614  -0.6798252875  -0.0019065635
0.6221891763  -0.6796044008  -0.0020725908
0.6220222255  -0.6793731281  -0.0022465508
0.6218473978  -0.6791313347  -0.0024285646
0.6216645810  -0.6788788837  -0.0026187534
0.6214736597  -0.6786155630  -0.0028175462
0.6212745209  -0.6783412994  -0.0030247767
0.6210670506  -0.6780560505  -0.0032404564
0.6208511297  -0.6777596183  -0.0034647075
0.6206266384  -0.6774518282  -0.0036976494
0.6203934563  -0.6771325246  -0.0039394023
0.6201514616  -0.6768015534  -0.0041900877
0.6199005315  -0.6764587599  -0.0044498292
0.6196405415  -0.6761039876  -0.0047187516
0.6193713661  -0.6757370788  -0.0049969815
0.6190928781  -0.6753578743  -0.0052846469
0.6188049491  -0.6749662133  -0.0055818772
0.6185074493  -0.6745619335  -0.0058888034
0.6182002477  -0.6741448715  -0.0062055576
0.6178832115  -0.6737148621  -0.0065322737
0.6175562068  -0.6732717390  -0.0068690868
0.6172190984  -0.6728153348  -0.0072161334
0.6168717493  -0.6723454805  -0.0075735515
0.6165140216  -0.6718620062  -0.0079414805
0.6161457755  -0.6713647409  -0.0083200612
0.6157668702  -0.6708535124  -0.0087094357
0.6153771635  -0.6703281479  -0.0091097477
0.6149765117  -0.6697884734  -0.0095211421
0.6145647698  -0.6692343143  -0.0099437655
0.6141417913  -0.6686654951  -0.0103777657
0.6137074286  -0.6680818395  -0.0108232919
0.6132615324  -0.6674831708  -0.0112804949
0.6128039521  -0.6668693113  -0.0117495266
0.6123345359  -0.6662400830  -0.0122305406
0.6118531306  -0.6655953074  -0.0127236918
0.6113595814  -0.6649348054  -0.0132291366
0.6108537323  -0.6642583760  -0.0137470325
0.6103354260  -0.6635658317  -0.0142775388
0.6098045037  -0.6628570380  -0.0148208157
0.6092608050  -0.6621318373  -0.0153770251
0.6087041682  -0.6613900325  -0.0159463302
0.6081344300  -0.6606314341  -0.0165288953
0.6075514256  -0.6598558591  -0.0171248865
0.6069549891  -0.6590631252  -0.0177344710
0.6063449529  -0.6582530499  -0.0183578174
0.6057211482  -0.6574254508  -0.0189950957
0.6050834048  -0.6565801456  -0.0196464770
0.6044315511  -0.6557169519  -0.0203121340
0.6037654142  -0.6548356871  -0.0209922406
0.6030848197  -0.6539361684  -0.0216869717
0.6023895927  -0.6530182139  -0.0223965039
0.6016795572  -0.6520816419  -0.0231210147
0.6009545357  -0.6511262704  -0.0238606830
0.6002143492  -0.6501519175  -0.0246156890
0.5994588179  -0.6491584013  -0.0253862138
0.5986877604  -0.6481455403  -0.0261724399
0.5979009944  -0.6471131533  -0.0269745503
0.5970983364  -0.6460610594  -0.0277927294
0.5962796018  -0.6449890783  -0.0286271626
0.5954446047  -0.6438970300  -0.0294780367
0.5945931584  -0.6427847354  -0.0303455395
0.5937250752  -0.6416520163  -0.0312298602
0.5928401666  -0.6404986954  -0.0321311887
0.5919382430  -0.6393245963  -0.0330497161
0.5910191141  -0.6381295439  -0.0339856340
0.5900825884  -0.6369133641  -0.0349391350
0.5891284741  -0.6356758845  -0.0359104125
0.5881565779  -0.6344169335  -0.0368996607
0.5871667058  -0.6331363402  -0.0379070745
0.5861586626  -0.6318339367  -0.0389328494
0.5851322526  -0.6305095597  -0.0399771817
0.5840872792  -0.6291630534  -0.0410402681
0.5830235451  -0.6277942699  -0.0421223057
0.5819408529  -0.6264030436  -0.0432234917
0.5808390053  -0.6249891555  -0.0443440239
0.5797178047  -0.6235523562  -0.0454841016
0.5785770529  -0.6220924398  -0.0466439245
0.5774165513  -0.6206092747  -0.0478236925
0.5762361013  -0.6191027741  -0.0490236052
0.5750355033  -0.6175728615  -0.0502438616
0.5738145579  -0.6160194553  -0.0514846603
0.5725730655  -0.6144424666  -0.0527462004
0.5713108266  -0.6128418001  -0.0540286810
0.5700276418  -0.6112173542  -0.0553323018
0.5687233143  -0.6095690240  -0.0566572620
0.5673976466  -0.6078966976  -0.0580037611
0.5660504366  -0.6062002523  -0.0593719984
0.5646814798  -0.6044795566  -0.0607621731
0.5632905712  -0.6027344736  -0.0621744835
0.5618775083  -0.6009648649  -0.0636091271
0.5604420958  -0.5991705951  -0.0650663009
0.5589841437  -0.5973515309  -0.0665462006
0.5575034641  -0.5955075386  -0.0680490209
0.5559998694  -0.5936384835  -0.0695749560
0.5544731662  -0.5917442262  -0.0711241992
0.5529231600  -0.5898246257  -0.0726969429
0.5513496595  -0.5878795454  -0.0742933773
0.5497524750  -0.5859088528  -0.0759136909
0.5481314194  -0.5839124217  -0.0775580710
0.5464863067  -0.5818901296  -0.0792267050
0.5448169520  -0.5798418550  -0.0809197776
0.5431231730  -0.5777674786  -0.0826374663
0.5414047920  -0.5756668774  -0.0843799427
0.5396616254  -0.5735398427  -0.0861473740
0.5378934814  -0.5713861806  -0.0879399234
0.5361001769  -0.5692062419  -0.0897577709
0.5342815543  -0.5670009318  -0.0916011296
0.5324374717  -0.5647706893  -0.0934702163
0.5305677786  -0.5625149923  -0.0953652131
0.5286723093  -0.5602330260  -0.0972862677
0.5267508831  -0.5579242820  -0.0992335121
0.5248033159  -0.5555885846  -0.1012070729
0.5228294403  -0.5532259419  -0.1032070738
0.5208291117  -0.5508364426  -0.1052336330
0.5188021963  -0.5484202107  -0.1072868642
0.5167485602  -0.5459773962  -0.1093668763
0.5146680733  -0.5435081765  -0.1114737740
0.5125606181  -0.5410127598  -0.1136076570
0.5104260873  -0.5384913854  -0.1157686200
0.5082643673  -0.5359443049  -0.1179567530
0.5060753336  -0.5333717708  -0.1201721400
0.5038588792  -0.5307740687  -0.1224148599
0.5016149071  -0.5281515074  -0.1246849854
0.4993433091  -0.5255043903  -0.1269825806
0.4970439947  -0.5228330493  -0.1293077014
0.4947169004  -0.5201378473  -0.1316603931
0.4923619734  -0.5174191593  -0.1340406871
0.4899791534  -0.5146773569  -0.1364485971
0.4875683639  -0.5119127892  -0.1388841121
0.4851295413  -0.5091258177  -0.1413471850
0.4826626912  -0.5063168655  -0.1438377165
0.4801678633  -0.5034863923  -0.1463555187
0.4776449664  -0.5006347111  -0.1489002537
0.4750937709  -0.4977619814  -0.1514713547
0.4725141509  -0.4948684598  -0.1540677166
0.4699059120  -0.4919544566  -0.1566859953
0.4672689879  -0.4890202777  -0.1593248953
0.4646044471  -0.4860665656  -0.1619919342
0.4619138427  -0.4830943095  -0.1646967529
0.4591973930  -0.4801042515  -0.1674430976
0.4564542005  -0.4770966842  -0.1702306998
0.4536834629  -0.4740716825  -0.1730582800
0.4508848224  -0.4710292784  -0.1759246108
0.4480582151  -0.4679695166  -0.1788285468
0.4452036403  -0.4648923875  -0.1817688390
0.4423210862  -0.4617978124  -0.1847441398
0.4394105620  -0.4586856706  -0.1877530082
0.4364721143  -0.4555558294  -0.1907939169
0.4335057800  -0.4524080923  -0.1938652581
0.4305115899  -0.4492422068  -0.1969653502
0.4274895916  -0.4460579012  -0.2000924446
0.4244398021  -0.4428548263  -0.2032447322
0.4213622388  -0.4396325999  -0.2064203501
0.4182569387  -0.4363908378  -0.2096173872
0.4151238700  -0.4331290564  -0.2128338911
0.4119629397  -0.4298466908  -0.2160678739
0.4087740145  -0.4265431292  -0.2193173180
0.4055568290  -0.4232176227  -0.2225801817
0.4023108879  -0.4198691926  -0.2258544055
0.3990354861  -0.4164966603  -0.2291379184
0.3957293866  -0.4130983340  -0.2324286444
0.3923906961  -0.4096718985  -0.2357245066
0.3890163933  -0.4062139586  -0.2390234322
0.3856011604  -0.4027188900  -0.2423233604
0.3821360312  -0.3991775344  -0.2456222544
0.3786070906  -0.3955759632  -0.2489181080
0.3749808141  -0.3918809902  -0.2522089575
0.3711254661  -0.3879623160  -0.2554928866
0.3672039190  -0.3839844489  -0.2587679751
0.3635763445  -0.3803053330  -0.2620322486
0.3602499788  -0.3769272461  -0.2652837359
0.3570763884  -0.3736987869  -0.2685205627
0.3539602020  -0.3705237714  -0.2717409718
0.3508667972  -0.3673673857  -0.2749432989
0.3477945787  -0.3642277800  -0.2781259584
0.3447429677  -0.3611040724  -0.2812874456
0.3417117595  -0.3579957932  -0.2844263443
0.3387008162  -0.3549025934  -0.2875413334
0.3357100125  -0.3518241909  -0.2906311913
0.3327392356  -0.3487603679  -0.2936948020
0.3297883838  -0.3457109675  -0.2967311604
0.3268573659  -0.3426758901  -0.2997393788
0.3239460998  -0.3396550895  -0.3027186915
0.3210545114  -0.3366485687  -0.3056684622
0.3181825337  -0.3336563752  -0.3085881882
0.3153301052  -0.3306785968  -0.3114775073
0.3124971691  -0.3277153569  -0.3143362060
0.3096836724  -0.3247668100  -0.3171642262
0.3068895647  -0.3218331367  -0.3199616743
0.3041147978  -0.3189145397  -0.3227288339
0.3013593250  -0.3160112393  -0.3254661787
0.2986231015  -0.3131234697  -0.3281743935
0.2959060853  -0.3102514752  -0.3308544015
0.2932082390  -0.3073955085  -0.3335074052
0.2905295355  -0.3045558293  -0.3361349579
0.2878699685  -0.3017327068  -0.3387390829
0.2852295665  -0.2989264245  -0.3413224415
0.2826084415  -0.2961373059  -0.3438888132
0.2800070712  -0.2933658242  -0.3464453383
0.2774257678  -0.2906123555  -0.3489984157
0.2748631488  -0.2878765384  -0.3515452447
0.2723168707  -0.2851575503  -0.3540785195
0.2697860004  -0.2824550545  -0.3565946534
0.2672710345  -0.2797692583  -0.3590932108
0.2647725474  -0.2771004202  -0.3615746043
0.2622907219  -0.2744486596  -0.3640391567
0.2598254870  -0.2718139940  -0.3664870270
0.2573767013  -0.2691964021  -0.3689183745
0.2549442214  -0.2665958489  -0.3713333586
0.2525279041  -0.2640122874  -0.3737321400
0.2501276070  -0.2614456597  -0.3761148805
0.2477431891  -0.2588958973  -0.3784817425
0.2453745103  -0.2563629220  -0.3808328889
0.2430214316  -0.2538466465  -0.3831684823
0.2406838150  -0.2513469748  -0.3854886847
0.2383615238  -0.2488638037  -0.3877936572
0.2360544222  -0.2463970226  -0.3900835592
0.2337623758  -0.2439465150  -0.3923585484
0.2314852510  -0.2415121589  -0.3946187796
0.2292229156  -0.2390938273  -0.3968644052
0.2269752387  -0.2366913894  -0.3990955739
0.2247420903  -0.2343047110  -0.4013124307
0.2225233418  -0.2319336550  -0.4035151162
0.2203188659  -0.2295780822  -0.4057037662
0.2181285364  -0.2272378517  -0.4078785111
0.2159522283  -0.2249128207  -0.4100394749
0.2137898178  -0.2226028445  -0.4121867745
0.2116411821  -0.2203077757  -0.4143205181
0.2095061993  -0.2180274609  -0.4164408022
0.2073847480  -0.2157617233  -0.4185477030
0.2052767066  -0.2135103763  -0.4206412729
0.2031819572  -0.2112733342  -0.4227215752
0.2011003906  -0.2090506597  -0.4247887265
0.1990319030  -0.2068424049  -0.4268428800
0.1969763873  -0.2046484828  -0.4288841789
0.1949337315  -0.2024687269  -0.4309127436
0.1929038223  -0.2003029832  -0.4329286834
0.1908865490  -0.1981511291  -0.4349321055
0.1888818028  -0.1960130597  -0.4369231164
0.1868894769  -0.1938886755  -0.4389018222
0.1849094655  -0.1917778790  -0.4408683276
0.1829416638  -0.1896805743  -0.4428227365
0.1809859683  -0.1875966673  -0.4447651514
0.1790422763  -0.1855260652  -0.4466956738
0.1771104863  -0.1834686764  -0.4486144042
0.1751904978  -0.1814244106  -0.4505214420
0.1732822111  -0.1793931786  -0.4524168857
0.1713855278  -0.1773748921  -0.4543008324
0.1695003502  -0.1753694635  -0.4561733787
0.1676265819  -0.1733768058  -0.4580346198
0.1657641271  -0.1713968324  -0.4598846503
0.1639128912  -0.1694294571  -0.4617235635
0.1620727805  -0.1674745939  -0.4635514520
0.1602437021  -0.1655321565  -0.4653684074
0.1584255642  -0.1636020587  -0.4671745205
0.1566182757  -0.1616842139  -0.4689698811
0.1548217466  -0.1597785351  -0.4707545783
0.1530358877  -0.1578849344  -0.4725287001
0.1512606106  -0.1560033232  -0.4742923339
0.1494958278  -0.1541336117  -0.4760455663
0.1477414527  -0.1522757079  -0.4777884831
0.1459973996  -0.1504295168  -0.4795211693
0.1442635835  -0.1485949427  -0.4812437093
0.1425399203  -0.1467718946  -0.4829561867
0.1408263267  -0.1449602882  -0.4846586839
0.1391227202  -0.1431600415  -0.4863512823
0.1374290191  -0.1413710715  -0.4880340628
0.1357451426  -0.1395932940  -0.4897071051
0.1340710106  -0.1378266244  -0.4913704885
0.1324065437  -0.1360709786  -0.4930242916
0.1307516634  -0.1343262732  -0.4946685920
0.1291062920  -0.1325924251  -0.4963034667
0.1274703523  -0.1308693516  -0.4979289920
0.1258437682  -0.1291569707  -0.4995452433
0.1242264641  -0.1274552007  -0.5011522955
0.1226183650  -0.1257639604  -0.5027502225
0.1210193971  -0.1240831692  -0.5043390977
0.1194294867  -0.1224127459  -0.5059189938
0.1178485613  -0.1207526075  -0.5074899826
0.1162765489  -0.1191026741  -0.5090521355
0.1147133781  -0.1174628723  -0.5106055229
0.1131589784  -0.1158331283  -0.5121502149
0.1116132799  -0.1142133644  -0.5136862805
0.1100762132  -0.1126035026  -0.5152137883
0.1085477098  -0.1110034656  -0.5167328063
0.1070277018  -0.1094131768  -0.5182434017
0.1055161217  -0.1078325601  -0.5197456411
0.1040129029  -0.1062615396  -0.5212395906
0.1025179795  -0.1047000400  -0.5227253154
0.1010312860  -0.1031479866  -0.5242028803
0.0995527576  -0.1016053052  -0.5256723494
0.0980823302  -0.1000719220  -0.5271337863
0.0966199402  -0.0985477638  -0.5285872539
0.0951655246  -0.0970327580  -0.5300328144
0.0937190212  -0.0955268326  -0.5314705297
0.0922803680  -0.0940299162  -0.5329004608
0.0908495040  -0.0925419377  -0.5343226683
0.0894263685  -0.0910628270  -0.5357372123
0.0880109015  -0.0895925141  -0.5371441522
0.0866030435  -0.0881309301  -0.5385435468
0.0852027355  -0.0866780062  -0.5399354544
0.0838099194  -0.0852336746  -0.5413199329
0.0824245371  -0.0837978677  -0.5426970394
0.0810465315  -0.0823705186  -0.5440668307
0.0796758458  -0.0809515611  -0.5454293628
0.0783124238  -0.0795409294  -0.5467846916
0.0769562099  -0.0781385582  -0.5481328720
0.0756071488  -0.0767443829  -0.5494739586
0.0742651860  -0.0753583391  -0.5508080056
0.0729302674  -0.0739803756  -0.5521350695
0.0716023395  -0.0726104449  -0.5534552100
0.0702813492  -0.0712484549  -0.5547684774
0.0689672431  -0.0698943069  -0.5560749137
0.0676599692  -0.0685479542  -0.5573745669
0.0663594759  -0.0672093551  -0.5586674887
0.0650657122  -0.0658784505  -0.5599537287
0.0637786274  -0.0645551811  -0.5612333364
0.0624981714  -0.0632394883  -0.5625063609
0.0612242943  -0.0619313135  -0.5637728511
0.0599569469  -0.0606305986  -0.5650328559
0.0586960803  -0.0593372858  -0.5662864239
0.0574416462  -0.0580513175  -0.5675336035
0.0561935965  -0.0567726364  -0.5687744430
0.0549518839  -0.0555011855  -0.5700089907
0.0537164611  -0.0542369082  -0.5712372945
0.0524872816  -0.0529797480  -0.5724594025
0.0512642991  -0.0517296490  -0.5736753623
0.0500474678  -0.0504865553  -0.5748852216
0.0488367423  -0.0492504116  -0.5760890280
0.0476320775  -0.0480211628  -0.5772868287
0.0464334290  -0.0467987543  -0.5784786708
0.0452407524  -0.0455831317  -0.5796646013
0.0440540041  -0.0443742411  -0.5808446667
0.0428731405  -0.0431720291  -0.5820189134
0.0416981188  -0.0419764424  -0.5831873874
0.0405288961  -0.0407874284  -0.5843501343
0.0393654304  -0.0396049348  -0.5855071994
0.0382076796  -0.0384289098  -0.5866586274
0.0370556024  -0.0372593020  -0.5878044625
0.0359091576  -0.0360960605  -0.5889447482
0.0347683044  -0.0349391349  -0.5900795276
0.0336331849  -0.0337884827  -0.5912249162
0.0325038783  -0.0326440584  -0.5923889146
0.0313798720  -0.0315057926  -0.5935441105
0.0302609877  -0.0303736322  -0.5946976271
0.0291474312  -0.0292475399  -0.5958490122
0.0280391600  -0.0281274681  -0.5969977465
0.0269361327  -0.0270133700  -0.5981432438
0.0258383095  -0.0259051992  -0.5992848504
0.0247456518  -0.0248029097  -0.6004218462
0.0236581224  -0.0237064560  -0.6015534435
0.0225756861  -0.0226157932  -0.6026787878
0.0214983089  -0.0215308767  -0.6037969575
0.0204259587  -0.0204516622  -0.6049069641
0.0193586048  -0.0193781061  -0.6060077517
0.0182962186  -0.0183101649  -0.6070981977
0.0172387730  -0.0172477957  -0.6081771123
0.0161862428  -0.0161909558  -0.6092432386
0.0151386045  -0.0151396030  -0.6102952527
0.0140958366  -0.0140936953  -0.6113317638
0.0130579190  -0.0130531910  -0.6123513137
0.0120248337  -0.0120180490  -0.6133523776
0.0109965640  -0.0109882281  -0.6143333633
0.0099730953  -0.0099636878  -0.6152926116
0.0089544141  -0.0089443877  -0.6162283965
0.0079405085  -0.0079302877  -0.6171389245
0.0069313681  -0.0069213481  -0.6180223356
0.0059269834  -0.0059175296  -0.6188767022
0.0049273460  -0.0049187932  -0.6197000301
0.0039324485  -0.0039251000  -0.6204902578
0.0029422838  -0.0029364119  -0.6212452569
0.0019568455  -0.0019526909  -0.6219628317
0.0009761268  -0.0009738995  -0.6226407197
0.0009758713  -0.0009738983  -0.6226407197
