0.151117
1.2295736470  -1.5766808919   0.0000557812
1.2295736470  -1.5766808919   0.0000557812
1.2295808485  -1.5766909388   0.0000484026
1.2295803939  -1.5766780596   0.0000273642
1.2295677712  -1.5766354359  -0.0000077132
1.2295407615  -1.5765594249  -0.0000572055
1.2294984663  -1.5764486147  -0.0001214854
1.2294403512  -1.5763022039  -0.0002009221
1.2293660204  -1.5761196201  -0.0002958812
1.2292751406  -1.5759003925  -0.0004067253
1.2291674103  -1.5756440988  -0.0005338135
1.2290425448  -1.5753503409  -0.0006775013
1.2289002691  -1.5750187325  -0.0008381412
1.2287403137  -1.5746488917  -0.0010160820
1.2285624121  -1.5742404377  -0.0012116693
1.2283662995  -1.5737929879  -0.0014252453
1.2281517117  -1.5733061569  -0.0016571488
1.2279183847  -1.5727795554  -0.0019077152
1.2276660543  -1.5722127899  -0.0021772765
1.2273944557  -1.5716054623  -0.0024661614
1.2271033234  -1.5709571702  -0.0027746952
1.2267923914  -1.5702675065  -0.0031031999
1.2264613926  -1.5695360599  -0.0034519939
1.2261100593  -1.5687624149  -0.0038213925
1.2257381228  -1.5679461523  -0.0042117073
1.2253453136  -1.5670868492  -0.0046232470
1.2249313617  -1.5661840796  -0.0050563164
1.2244959961  -1.5652374147  -0.0055112172
1.2240389452  -1.5642464231  -0.0059882477
1.2235599368  -1.5632106715  -0.0064877029
1.2230586980  -1.5621297248  -0.0070098742
1.2225349556  -1.5610031472  -0.0075550498
1.2219884315  -1.5598300567  -0.0081243655
1.2214188579  -1.5586104227  -0.0087173298
1.2208259667  -1.5573443839  -0.0093339385
1.2202094776  -1.5560311751  -0.0099744568
1.2195691136  -1.5546702143  -0.0106391462
1.2189046000  -1.5532610299  -0.0113282762
1.2182156622  -1.5518031688  -0.0120421160
1.2175020264  -1.5502961888  -0.0127809356
1.2167634191  -1.5487396541  -0.0135450056
1.2159995672  -1.5471331356  -0.0143345969
1.2152101985  -1.5454762102  -0.0151499797
1.2143950407  -1.5437684618  -0.0159914240
1.2135538229  -1.5420094817  -0.0168591989
1.2126862749  -1.5401988690  -0.0177535728
1.2117921279  -1.5383362321  -0.0186748129
1.2108711140  -1.5364211888  -0.0196231854
1.2099229661  -1.5344533663  -0.0205989550
1.2089474186  -1.5324324018  -0.0216023860
1.2079442076  -1.5303579441  -0.0226337412
1.2069130708  -1.5282296550  -0.0236932802
1.2058537472  -1.5260472084  -0.0247812582
1.2047659772  -1.5238102896  -0.0258979284
1.2036495034  -1.5215185971  -0.0270435441
1.2025040711  -1.5191718441  -0.0282183577
1.2013294269  -1.5167697582  -0.0294226191
1.2001253194  -1.5143120819  -0.0306565756
1.1988914997  -1.5117985736  -0.0319204725
1.1976277220  -1.5092290083  -0.0332145533
1.1963337424  -1.5066031769  -0.0345390590
1.1950093187  -1.5039208865  -0.0358942288
1.1936542127  -1.5011819625  -0.0372802996
1.1922681891  -1.4983861329  -0.0386975053
1.1908510137  -1.4955332163  -0.0401460770
1.1894024554  -1.4926233269  -0.0416262429
1.1879222893  -1.4896564724  -0.0431382306
1.1864102920  -1.4866324844  -0.0446822655
1.1848662419  -1.4835512591  -0.0462585689
1.1832899220  -1.4804127435  -0.0478673586
1.1816811181  -1.4772169061  -0.0495088493
1.1800396183  -1.4739637354  -0.0511832531
1.1783652167  -1.4706532409  -0.0528907785
1.1766577102  -1.4672854502  -0.0546316307
1.1749168977  -1.4638604079  -0.0564060124
1.1731425835  -1.4603781794  -0.0582141230
1.1713345746  -1.4568388484  -0.0600561565
1.1694926808  -1.4532425176  -0.0619323019
1.1676167182  -1.4495893114  -0.0638427479
1.1657065026  -1.4458793677  -0.0657876806
1.1637618621  -1.4421128498  -0.0677672780
1.1617826542  -1.4382899652  -0.0697817123
1.1597687180  -1.4344109189  -0.0718311559
1.1577197985  -1.4304758353  -0.0739157777
1.1556356312  -1.4264848414  -0.0760357370
1.1535160587  -1.4224381873  -0.0781911881
1.1513609754  -1.4183361912  -0.0803822830
1.1491702457  -1.4141791546  -0.0826091704
1.1469437015  -1.4099673582  -0.0848719943
1.1446811819  -1.4057011031  -0.0871708918
1.1423825486  -1.4013807275  -0.0895059942
1.1400476720  -1.3970065922  -0.0918774293
1.1376764255  -1.3925790727  -0.0942853196
1.1352686905  -1.3880985642  -0.0967297801
1.1328243543  -1.3835654761  -0.0992109195
1.1303432856  -1.3789802046  -0.1017288424
1.1278253463  -1.3743431583  -0.1042836490
1.1252704691  -1.3696548414  -0.1068754333
1.1226786285  -1.3649158141  -0.1095042800
1.1200497385  -1.3601265830  -0.1121702690
1.1173836812  -1.3552876355  -0.1148734774
1.1146803747  -1.3503995257  -0.1176139745
1.1119397564  -1.3454628490  -0.1203918216
1.1091617655  -1.3404781211  -0.1232070744
1.1063463425  -1.3354456998  -0.1260597810
1.1034934449  -1.3303659539  -0.1289499846
1.1006030748  -1.3252395026  -0.1318777246
1.0976751996  -1.3200671136  -0.1348430310
1.0947096958  -1.3148495013  -0.1378459247
1.0917065382  -1.3095874540  -0.1408864235
1.0886658667  -1.3042819094  -0.1439645373
1.0855876778  -1.2989336485  -0.1470802646
1.0824717900  -1.2935432524  -0.1502335967
1.0793182281  -1.2881114887  -0.1534245206
1.0761271844  -1.2826392806  -0.1566530208
1.0728986187  -1.2771273022  -0.1599190770
1.0696323950  -1.2715761096  -0.1632226612
1.0663285700  -1.2659864383  -0.1665637372
1.0629872452  -1.2603590584  -0.1699422638
1.0596085114  -1.2546947139  -0.1733581921
1.0561924329  -1.2489941097  -0.1768114669
1.0527389897  -1.2432578560  -0.1803020283
1.0492482461  -1.2374866359  -0.1838298057
1.0457203506  -1.2316812119  -0.1873947233
1.0421553416  -1.2258422317  -0.1909967035
1.0385532329  -1.2199703130  -0.1946356593
1.0349141111  -1.2140661463  -0.1983114954
1.0312381079  -1.2081304678  -0.2020241121
1.0275254058  -1.2021640671  -0.2057734035
1.0237760411  -1.1961675894  -0.2095592539
1.0199900177  -1.1901416472  -0.2133815401
1.0161675746  -1.1840870916  -0.2172401315
1.0123089004  -1.1780047188  -0.2211348844
1.0084140542  -1.1718951520  -0.2250656320
1.0044831626  -1.1657591423  -0.2290322039
1.0005163745  -1.1595977888  -0.2330344945
0.9965137953  -1.1534122893  -0.2370724691
0.9924756822  -1.1472036002  -0.2411460469
0.9884023062  -1.1409723506  -0.2452550411
0.9842936679  -1.1347189902  -0.2493992193
0.9801499499  -1.1284443440  -0.2535783472
0.9759714925  -1.1221494768  -0.2577921852
0.9717583520  -1.1158351817  -0.2620404878
0.9675105979  -1.1095022744  -0.2663230083
0.9632284727  -1.1031517624  -0.2706394931
0.9589123056  -1.0967847507  -0.2749896783
0.9545623987  -1.0904023221  -0.2793732954
0.9501789520  -1.0840054597  -0.2837900806
0.9457621190  -1.0775951017  -0.2882397661
0.9413121924  -1.0711723260  -0.2927220711
0.9368295002  -1.0647382456  -0.2972367125
0.9323141888  -1.0582937844  -0.3017834050
0.9277666065  -1.0518400603  -0.3063618565
0.9231870316  -1.0453781128  -0.3109717706
0.9185755532  -1.0389087746  -0.3156128429
0.9139326407  -1.0324332449  -0.3202847593
0.9092586829  -1.0259526265  -0.3249871967
0.9045538505  -1.0194677771  -0.3297198170
0.8998184552  -1.0129796707  -0.3344822583
0.8950528456  -1.0064892947  -0.3392741236
0.8902573339  -0.9999975667  -0.3440949622
0.8854322176  -0.9935053582  -0.3489442345
0.8805778192  -0.9870135382  -0.3538212289
0.8756943982  -0.9805228821  -0.3587248653
0.8707818983  -0.9740338330  -0.3636531944
0.8658398281  -0.9675466797  -0.3686013858
0.8608689216  -0.9610623690  -0.3735698848
0.8558730765  -0.9545831780  -0.3785709695
0.8508555453  -0.9481115266  -0.3836133337
0.8458149178  -0.9416481112  -0.3886956972
0.8407487683  -0.9351927594  -0.3938156187
0.8356565000  -0.9287454929  -0.3989716427
0.8305382315  -0.9223063557  -0.4041623108
0.8253942920  -0.9158754806  -0.4093860750
0.8202250925  -0.9094529893  -0.4146413073
0.8150309286  -0.9030387964  -0.4199263029
0.8098120065  -0.8966326426  -0.4252392838
0.8045686838  -0.8902343465  -0.4305784056
0.7993013460  -0.8838436853  -0.4359417670
0.7940105955  -0.8774605883  -0.4413274184
0.7886966494  -0.8710845405  -0.4467333660
0.7833596823  -0.8647149353  -0.4521575761
0.7780003158  -0.8583515733  -0.4575979840
0.7726188664  -0.8519939162  -0.4630525000
0.7672155991  -0.8456413479  -0.4685190123
0.7617908420  -0.8392932967  -0.4739953990
0.7563448074  -0.8329490648  -0.4794795290
0.7508775849  -0.8266078300  -0.4849692628
0.7453891082  -0.8202686209  -0.4904624656
0.7398790080  -0.8139301861  -0.4959570123
0.7343464708  -0.8075908567  -0.5014507895
0.7287899890  -0.8012483180  -0.5069417024
0.7232067435  -0.7948990128  -0.5124276806
0.7175915359  -0.7885371049  -0.5179066847
0.7119344596  -0.7821522185  -0.5233767133
0.7062140569  -0.7757227099  -0.5288358199
0.7003800867  -0.7691987098  -0.5342821458
0.6942655349  -0.7624162880  -0.5397138946
0.6882349364  -0.7557428845  -0.5451291714
0.6827038314  -0.7495876049  -0.5505259236
0.6774150247  -0.7436842527  -0.5559021637
0.6721685852  -0.7378296755  -0.5612561336
0.6669482482  -0.7320061303  -0.5665862293
0.6617535725  -0.7262119855  -0.5718909249
0.6565843845  -0.7204460763  -0.5771687751
0.6514405230  -0.7147073496  -0.5824184248
0.6463218461  -0.7089948604  -0.5876386160
0.6412282319  -0.7033077701  -0.5928281965
0.6361595775  -0.6976453452  -0.5979861226
0.6311157961  -0.6920069545  -0.6031114613
0.6260968144  -0.6863920661  -0.6082033905
0.6211025727  -0.6808002442  -0.6132612083
0.6161330267  -0.6752311450  -0.6182843441
0.6111881432  -0.6696845122  -0.6232723535
0.6062678965  -0.6641601718  -0.6282249222
0.6013722695  -0.6586580275  -0.6331418774
0.5965012532  -0.6531780543  -0.6380231901
0.5916548432  -0.6477202933  -0.6428689804
0.5868330398  -0.6422848451  -0.6476795265
0.5820358469  -0.6368718643  -0.6524552738
0.5772632721  -0.6314815527  -0.6571968469
0.5725153267  -0.6261141540  -0.6619050687
0.5677920283  -0.6207699484  -0.6665809854
0.5630934048  -0.6154492474  -0.6712259093
0.5584195054  -0.6101523920  -0.6758414931
0.5537704224  -0.6048797538  -0.6804298686
0.5491463476  -0.5996317474  -0.6849939579
0.5445477185  -0.5944088763  -0.6895382325
0.5399757797  -0.5892117822  -0.6940714554
0.5354307520  -0.5840409208  -0.6985983107
0.5309087225  -0.5788960561  -0.7031100632
0.5264055051  -0.5737766189  -0.7075982410
0.5219215328  -0.5686824314  -0.7120627641
0.5174588987  -0.5636136316  -0.7165047698
0.5130182562  -0.5585703203  -0.7209244973
0.5085995175  -0.5535525228  -0.7253221039
0.5042025402  -0.5485602378  -0.7296977496
0.4998271828  -0.5435934470  -0.7340515976
0.4954733048  -0.5386521157  -0.7383838138
0.4911407668  -0.5337361927  -0.7426945666
0.4868294306  -0.5288456118  -0.7469840263
0.4825391588  -0.5239802916  -0.7512523643
0.4782698150  -0.5191401370  -0.7554997528
0.4740212636  -0.5143250396  -0.7597263641
0.4697933700  -0.5095348790  -0.7639323696
0.4655860005  -0.5047695234  -0.7681179399
0.4613990221  -0.5000288311  -0.7722832433
0.4572323031  -0.4953126517  -0.7764284458
0.4530857123  -0.4906208265  -0.7805537100
0.4489591198  -0.4859531907  -0.7846591946
0.4448523966  -0.4813095737  -0.7887450535
0.4407654146  -0.4766898006  -0.7928114355
0.4366980468  -0.4720936936  -0.7968584830
0.4326501672  -0.4675210723  -0.8008863317
0.4286216507  -0.4629717551  -0.8048951091
0.4246123733  -0.4584455596  -0.8088849337
0.4206222115  -0.4539423022  -0.8128559126
0.4166510426  -0.4494617968  -0.8168081386
0.4126987428  -0.4450038477  -0.8207416827
0.4087651853  -0.4405682260  -0.8246565736
0.4048502411  -0.4361547107  -0.8285528037
0.4009537981  -0.4317632659  -0.8324304239
0.3970757760  -0.4273940359  -0.8362896061
0.3932160992  -0.4230470426  -0.8401305509
0.3893746649  -0.4187220868  -0.8439533969
0.3855513519  -0.4144189464  -0.8477582457
0.3817460436  -0.4101374753  -0.8515451999
0.3779586322  -0.4058775635  -0.8553143646
0.3741890129  -0.4016391100  -0.8590658441
0.3704370821  -0.3974220191  -0.8627997416
0.3667027374  -0.3932261999  -0.8665161592
0.3629858769  -0.3890515663  -0.8702151980
0.3592864000  -0.3848980363  -0.8738969579
0.3556042069  -0.3807655320  -0.8775615380
0.3519391986  -0.3766539793  -0.8812090362
0.3482912770  -0.3725633068  -0.8848395496
0.3446603451  -0.3684934462  -0.8884531742
0.3410463063  -0.3644443310  -0.8920500053
0.3374490652  -0.3604158967  -0.8956301372
0.3338685270  -0.3564080800  -0.8991936634
0.3303045977  -0.3524208182  -0.9027406765
0.3267571842  -0.3484540489  -0.9062712685
0.3232261939  -0.3445077091  -0.9097855306
0.3197115352  -0.3405817352  -0.9132835533
0.3162131169  -0.3366760621  -0.9167654263
0.3127308488  -0.3327906229  -0.9202312389
0.3092646413  -0.3289253479  -0.9236810796
0.3058144053  -0.3250801646  -0.9271150367
0.3023800525  -0.3212549960  -0.9305331976
0.2989614952  -0.3174497595  -0.9339356495
0.2955586464  -0.3136643626  -0.9373224795
0.2921714195  -0.3098987007  -0.9406937742
0.2887997286  -0.3061526712  -0.9440496204
0.2854434885  -0.3024261947  -0.9473901035
0.2821026142  -0.2987192122  -0.9507153075
0.2787770213  -0.2950316621  -0.9540253153
0.2754666259  -0.2913634724  -0.9573202098
0.2721713451  -0.2877145672  -0.9606000734
0.2688910962  -0.2840848707  -0.9638649884
0.2656257971  -0.2804743077  -0.9671150363
0.2623753662  -0.2768828026  -0.9703502982
0.2591397224  -0.2733102800  -0.9735708548
0.2559187851  -0.2697566639  -0.9767767863
0.2527124740  -0.2662218785  -0.9799681723
0.2495207094  -0.2627058384  -0.9831450920
0.2463434121  -0.2592084396  -0.9863076244
0.2431805032  -0.2557295993  -0.9894558478
0.2400319044  -0.2522692851  -0.9925898401
0.2368975379  -0.2488274598  -0.9957096787
0.2337773262  -0.2454040461  -0.9988154405
0.2306711920  -0.2419989589  -1.0019072024
0.2275790588  -0.2386121171  -1.0049850405
0.2245008503  -0.2352434389  -1.0080490309
0.2214364906  -0.2318928418  -1.0110992489
0.2183859041  -0.2285602421  -1.0141357699
0.2153490157  -0.2252455561  -1.0171586686
0.2123257507  -0.2219486992  -1.0201680193
0.2093160346  -0.2186695870  -1.0231638962
0.2063197934  -0.2154081348  -1.0261463730
0.2033369536  -0.2121642577  -1.0291155229
0.2003674416  -0.2089378711  -1.0320714190
0.1974111847  -0.2057288906  -1.0350141339
0.1944681102  -0.2025372319  -1.0379437398
0.1915381457  -0.1993628111  -1.0408603088
0.1886212194  -0.1962055445  -1.0437639123
0.1857172597  -0.1930653489  -1.0466546217
0.1828261952  -0.1899421413  -1.0495325079
0.1799479550  -0.1868358393  -1.0523976415
0.1770824686  -0.1837463606  -1.0552500928
0.1742296655  -0.1806736235  -1.0580899316
0.1713894757  -0.1776175462  -1.0609172277
0.1685618296  -0.1745780476  -1.0637320504
0.1657466579  -0.1715550465  -1.0665344686
0.1629438913  -0.1685484619  -1.0693245511
0.1601534611  -0.1655582131  -1.0721023662
0.1573752989  -0.1625842191  -1.0748679821
0.1546093375  -0.1596265086  -1.0776214807
0.1518555109  -0.1566851438  -1.0803629598
0.1491137503  -0.1537597815  -1.0830924765
0.1463839832  -0.1508500079  -1.0858100502
0.1436661412  -0.1479558738  -1.0885157307
0.1409601600  -0.1450774733  -1.0912095865
0.1382659747  -0.1422147374  -1.0938916791
0.1355835194  -0.1393675945  -1.0965620705
0.1329127285  -0.1365359716  -1.0992208237
0.1302535368  -0.1337197940  -1.1018680026
0.1276058793  -0.1309189851  -1.1045036719
0.1249696912  -0.1281334668  -1.1071278975
0.1223449080  -0.1253631589  -1.1097407464
0.1197314656  -0.1226079795  -1.1123422868
0.1171292997  -0.1198678448  -1.1149325879
0.1145383468  -0.1171426692  -1.1175117201
0.1119585430  -0.1144323655  -1.1200797549
0.1093898251  -0.1117368451  -1.1226367650
0.1068321298  -0.1090560175  -1.1251828240
0.1042853941  -0.1063897912  -1.1277180066
0.1017495553  -0.1037380735  -1.1302423881
0.0992245508  -0.1011007705  -1.1327560448
0.0967103181  -0.0984777874  -1.1352590533
0.0942067952  -0.0958690288  -1.1377514908
0.0917139200  -0.0932743985  -1.1402334347
0.0892316308  -0.0906938000  -1.1427049624
0.0867598661  -0.0881271366  -1.1451661511
0.0842985645  -0.0855743112  -1.1476170774
0.0818476650  -0.0830352268  -1.1500578174
0.0794071068  -0.0805097867  -1.1524884460
0.0769768291  -0.0779978941  -1.1549090370
0.0745567717  -0.0754994530  -1.1573196623
0.0721477296  -0.0730144404  -1.1597551526
0.0697502018  -0.0705427982  -1.1622327948
0.0673619106  -0.0680842391  -1.1646932577
0.0649821451  -0.0656386226  -1.1671519218
0.0626119952  -0.0632059589  -1.1696077792
0.0602513835  -0.0607861575  -1.1720596768
0.0579002375  -0.0583791288  -1.1745063160
0.0555584896  -0.0559847846  -1.1769462528
0.0532260778  -0.0536030374  -1.1793778979
0.0509029456  -0.0512338009  -1.1817995164
0.0485890427  -0.0488769893  -1.1842092281
0.0462843249  -0.0465325178  -1.1866050075
0.0439887546  -0.0442003018  -1.1889846835
0.0417023007  -0.0418802573  -1.1913459396
0.0394249393  -0.0395723006  -1.1936863142
0.0371566532  -0.0372763480  -1.1960031998
0.0348974325  -0.0349923162  -1.1982938440
0.0326472744  -0.0327201213  -1.2005553486
0.0304061833  -0.0304596795  -1.2027846702
0.0281741708  -0.0282109068  -1.2049786199
0.0259512552  -0.0259737187  -1.2071338635
0.0237374620  -0.0237480305  -1.2092469213
0.0215328228  -0.0215337569  -1.2113141683
0.0193373756  -0.0193308126  -1.2133318339
0.0171511641  -0.0171391118  -1.2152960023
0.0149742372  -0.0149585686  -1.2172026122
0.0128066484  -0.0127890971  -1.2190474568
0.0106484548  -0.0106306114  -1.2208261842
0.0084997168  -0.0084830261  -1.2225342966
0.0063604964  -0.0063462563  -1.2241671514
0.0042308567  -0.0042202179  -1.2257199601
0.0021108603  -0.0021048277  -1.2271877890
0.0021096637  -0.0021048202  -1.2271877890
