0.157666
1.1769697226  -1.4902991374   0.0000512879
1.1769697226  -1.4902991374   0.0000512879
1.1769764426  -1.4903085910   0.0000447070
1.1769762018  -1.4902979859   0.0000256851
1.1769648500  -1.4902611267  -0.0000061177
1.1769404036  -1.4901948793  -0.0000510391
1.1769020552  -1.4900980120  -0.0001094141
1.1768493227  -1.4899698165  -0.0001815752
1.1767818482  -1.4898097806  -0.0002678523
1.1766993295  -1.4896174791  -0.0003685727
1.1766014925  -1.4893925280  -0.0004840615
1.1764880779  -1.4891345640  -0.0006146408
1.1763588349  -1.4888432333  -0.0007606306
1.1762135175  -1.4885181860  -0.0009223480
1.1760518818  -1.4881590726  -0.0011001077
1.1758736854  -1.4877655417  -0.0012942219
1.1756786859  -1.4873372392  -0.0015050003
1.1754666412  -1.4868738074  -0.0017327500
1.1752373081  -1.4863748845  -0.0019777754
1.1749904429  -1.4858401044  -0.0022403786
1.1747258010  -1.4852690967  -0.0025208592
1.1744431366  -1.4846614866  -0.0028195139
1.1741422030  -1.4840168952  -0.0031366373
1.1738227521  -1.4833349395  -0.0034725212
1.1734845350  -1.4826152325  -0.0038274549
1.1731273014  -1.4818573837  -0.0042017252
1.1727507999  -1.4810609991  -0.0045956163
1.1723547782  -1.4802256817  -0.0050094100
1.1719389827  -1.4793510316  -0.0054433855
1.1715031590  -1.4784366465  -0.0058978192
1.1710470515  -1.4774821217  -0.0063729854
1.1705704036  -1.4764870509  -0.0068691556
1.1700729538  -1.4754506458  -0.0073873755
1.1695544496  -1.4743728443  -0.0079272037
1.1690146381  -1.4732537313  -0.0084886442
1.1684532542  -1.4720926159  -0.0090719507
1.1678700354  -1.4708889601  -0.0096773738
1.1672647204  -1.4696423211  -0.0103051710
1.1666370481  -1.4683522716  -0.0109555993
1.1659867564  -1.4670183913  -0.0116289164
1.1653135833  -1.4656402654  -0.0123253803
1.1646172667  -1.4642174830  -0.0130452508
1.1638975444  -1.4627496371  -0.0137887884
1.1631541540  -1.4612363254  -0.0145562546
1.1623868335  -1.4596771507  -0.0153479108
1.1615953204  -1.4580717222  -0.0161640184
1.1607793526  -1.4564196555  -0.0170048383
1.1599386681  -1.4547205724  -0.0178706315
1.1590730059  -1.4529741018  -0.0187616587
1.1581821049  -1.4511798809  -0.0196781804
1.1572657051  -1.4493375555  -0.0206204567
1.1563235460  -1.4474467799  -0.0215887473
1.1553553684  -1.4455072176  -0.0225833113
1.1543609140  -1.4435185425  -0.0236044072
1.1533399259  -1.4414804389  -0.0246522923
1.1522921477  -1.4393926023  -0.0257272229
1.1512173236  -1.4372547385  -0.0268294543
1.1501151987  -1.4350665648  -0.0279592418
1.1489855204  -1.4328278109  -0.0291168402
1.1478280374  -1.4305382194  -0.0303025027
1.1466424988  -1.4281975459  -0.0315164805
1.1454286550  -1.4258055590  -0.0327590230
1.1441862588  -1.4233620417  -0.0340303784
1.1429150653  -1.4208666913  -0.0353307933
1.1416148291  -1.4183192822  -0.0366605125
1.1402853059  -1.4157198436  -0.0380197789
1.1389262591  -1.4130683140  -0.0394088331
1.1375374580  -1.4103644813  -0.0408279146
1.1361186807  -1.4076081959  -0.0422772612
1.1346696918  -1.4047993353  -0.0437571073
1.1331902243  -1.4019377616  -0.0452676834
1.1316800018  -1.3990233414  -0.0468092183
1.1301387802  -1.3960559854  -0.0483819411
1.1285663480  -1.3930356503  -0.0499860781
1.1269624981  -1.3899623112  -0.0516218492
1.1253270203  -1.3868359538  -0.0532894703
1.1236596934  -1.3836565652  -0.0549891573
1.1219602915  -1.3804241388  -0.0567211252
1.1202285951  -1.3771386876  -0.0584855822
1.1184643950  -1.3738002493  -0.0602827308
1.1166674879  -1.3704088802  -0.0621127712
1.1148376723  -1.3669646502  -0.0639759016
1.1129747504  -1.3634676444  -0.0658723171
1.1110785286  -1.3599179639  -0.0678022092
1.1091488207  -1.3563157298  -0.0697657641
1.1071854393  -1.3526610757  -0.0717631628
1.1051881869  -1.3489541370  -0.0737945831
1.1031568665  -1.3451950614  -0.0758601998
1.1010913154  -1.3413840427  -0.0779601816
1.0989914059  -1.3375213222  -0.0800946912
1.0968569936  -1.3336071373  -0.0822638871
1.0946879022  -1.3296417042  -0.0844679235
1.0924839578  -1.3256252518  -0.0867069516
1.0902450088  -1.3215580435  -0.0889811167
1.0879709134  -1.3174403620  -0.0912905562
1.0856615318  -1.3132724971  -0.0936354026
1.0833167294  -1.3090547607  -0.0960157867
1.0809363725  -1.3047874876  -0.0984318330
1.0785203424  -1.3004710407  -0.1008836588
1.0760685505  -1.2961058227  -0.1033713753
1.0735808964  -1.2916922409  -0.1058950877
1.0710572221  -1.2872306731  -0.1084548946
1.0684973725  -1.2827215140  -0.1110508917
1.0659013089  -1.2781651894  -0.1136831730
1.0632690473  -1.2735620361  -0.1163518247
1.0606004721  -1.2689122732  -0.1190569252
1.0578953705  -1.2642162248  -0.1217985502
1.0551536663  -1.2594745176  -0.1245767682
1.0523754329  -1.2546879618  -0.1273916370
1.0495606396  -1.2498572444  -0.1302432079
1.0467090997  -1.2449828756  -0.1331315288
1.0438207074  -1.2400654310  -0.1360566444
1.0408954772  -1.2351055973  -0.1390185940
1.0379334058  -1.2301040299  -0.1420174091
1.0349344950  -1.2250613738  -0.1450531134
1.0318987396  -1.2199782525  -0.1481257256
1.0288260661  -1.2148552071  -0.1512352601
1.0257164361  -1.2096927993  -0.1543817229
1.0225699082  -1.2044916758  -0.1575651148
1.0193865060  -1.1992524399  -0.1607854320
1.0161661720  -1.1939756039  -0.1640426592
1.0129088902  -1.1886617128  -0.1673367750
1.0096146878  -1.1833113498  -0.1706677567
1.0062836204  -1.1779251219  -0.1740355735
1.0029157913  -1.1725036832  -0.1774401855
0.9995111912  -1.1670475737  -0.1808815476
0.9960697513  -1.1615572713  -0.1843596083
0.9925915949  -1.1560334502  -0.1878743089
0.9890768779  -1.1504768250  -0.1914255838
0.9855256202  -1.1448879754  -0.1950133607
0.9819378556  -1.1392674965  -0.1986375584
0.9783136772  -1.1336160457  -0.2022980825
0.9746531359  -1.1279342259  -0.2059948277
0.9709562595  -1.1222225659  -0.2097276733
0.9672232484  -1.1164818748  -0.2134964959
0.9634543125  -1.1107134141  -0.2173012326
0.9596494545  -1.1049183692  -0.2211418815
0.9558088169  -1.0990974835  -0.2250183924
0.9519326757  -1.0932512020  -0.2289306161
0.9480210424  -1.0873798743  -0.2328783558
0.9440739024  -1.0814840874  -0.2368614102
0.9400913956  -1.0755646815  -0.2408795802
0.9360737545  -1.0696226117  -0.2449326634
0.9320212430  -1.0636588823  -0.2490204466
0.9279340474  -1.0576744339  -0.2531427082
0.9238122952  -1.0516701583  -0.2572992216
0.9196561118  -1.0456469556  -0.2614897575
0.9154657879  -1.0396058982  -0.2657140833
0.9112415548  -1.0335480056  -0.2699719567
0.9069835117  -1.0274741673  -0.2742631290
0.9026919872  -1.0213855028  -0.2785873496
0.8983672042  -1.0152830239  -0.2829443623
0.8940092030  -1.0091675502  -0.2873339046
0.8896183984  -1.0030402690  -0.2917557088
0.8851951604  -0.9969023155  -0.2962094977
0.8807396248  -0.9907545735  -0.3006949832
0.8762520458  -0.9845980249  -0.3052118646
0.8717327352  -0.9784336909  -0.3097598262
0.8671819931  -0.9722625582  -0.3143385272
0.8626000877  -0.9660855548  -0.3189475871
0.8579873257  -0.9599036215  -0.3235865663
0.8533440293  -0.9537176819  -0.3282549250
0.8486704191  -0.9475285262  -0.3329519324
0.8439665630  -0.9413367718  -0.3376764497
0.8392325590  -0.9351430629  -0.3424263437
0.8344680973  -0.9289478938  -0.3471967773
0.8296739475  -0.9227521638  -0.3519891567
0.8248540251  -0.9165581605  -0.3568165156
0.8200111144  -0.9103680837  -0.3616869040
0.8151436892  -0.9041826643  -0.3665985540
0.8102494851  -0.8980017888  -0.3715491270
0.8053278903  -0.8918253919  -0.3765371786
0.8003791709  -0.8856536913  -0.3815612390
0.7954037036  -0.8794869072  -0.3866197432
0.7904017622  -0.8733250624  -0.3917110355
0.7853735276  -0.8671679959  -0.3968333789
0.7803193236  -0.8610156092  -0.4019849644
0.7752395117  -0.8548677672  -0.4071639185
0.7701346235  -0.8487244345  -0.4123683074
0.7650049912  -0.8425853122  -0.4175961423
0.7598507212  -0.8364498181  -0.4228453905
0.7546723148  -0.8303177171  -0.4281139794
0.7494702204  -0.8241886828  -0.4333998006
0.7442446880  -0.8180621542  -0.4387007227
0.7389960453  -0.8119376215  -0.4440145928
0.7337245684  -0.8058145065  -0.4493392369
0.7284304255  -0.7996921139  -0.4546724730
0.7231137134  -0.7935696772  -0.4600121175
0.7177742982  -0.7874462067  -0.4653559872
0.7124117221  -0.7813204029  -0.4707019055
0.7070250815  -0.7751905595  -0.4760477086
0.7016126794  -0.7690542232  -0.4813912515
0.6961714216  -0.7629076149  -0.4867304126
0.6906955636  -0.7567444164  -0.4920631017
0.6851740274  -0.7505531447  -0.4973872724
0.6795829235  -0.7443098266  -0.5027009333
0.6738646337  -0.7379574067  -0.5080021743
0.6678648408  -0.7313451116  -0.5132891404
0.6619952134  -0.7248866770  -0.5185598726
0.6566405547  -0.7189595417  -0.5238122682
0.6515028321  -0.7132572644  -0.5290443096
0.6464034604  -0.7075985222  -0.5342542066
0.6413300843  -0.7019696583  -0.5394403169
0.6362822835  -0.6963691592  -0.5446010755
0.6312598849  -0.6907959189  -0.5497349976
0.6262627291  -0.6852489396  -0.5548406925
0.6212906777  -0.6797273295  -0.5599168733
0.6163436125  -0.6742303024  -0.5649623599
0.6114214323  -0.6687571750  -0.5699760809
0.6065240511  -0.6633073648  -0.5749570760
0.6016513973  -0.6578803863  -0.5799045016
0.5968034150  -0.6524758479  -0.5848176434
0.5919800622  -0.6470934478  -0.5896959161
0.5871813058  -0.6417329691  -0.5945388623
0.5824071212  -0.6363942747  -0.5993461632
0.5776574934  -0.6310773021  -0.6041176441
0.5729324136  -0.6257820580  -0.6088532781
0.5682318782  -0.6205086116  -0.6135531933
0.5635558878  -0.6152570895  -0.6182176808
0.5589044463  -0.6100276688  -0.6228472043
0.5542775609  -0.6048205717  -0.6274424146
0.5496752433  -0.5996360592  -0.6320041687
0.5450975109  -0.5944744262  -0.6365335576
0.5405443920  -0.5893359970  -0.6410319523
0.5360159375  -0.5842211232  -0.6455010856
0.5315122455  -0.5791301866  -0.6499432077
0.5270335217  -0.5740636135  -0.6543614325
0.5225802449  -0.5690219237  -0.6587606142
0.5181536437  -0.5640057714  -0.6631497825
0.5137536726  -0.5590155617  -0.6675327933
0.5093762075  -0.5540509430  -0.6719000089
0.5050173532  -0.5491113103  -0.6762434067
0.5006778602  -0.5441965598  -0.6805633556
0.4963597488  -0.5393068837  -0.6848609034
0.4920635497  -0.5344423897  -0.6891362695
0.4877891583  -0.5296031040  -0.6933896137
0.4835364306  -0.5247890273  -0.6976210979
0.4793052231  -0.5200001435  -0.7018308875
0.4750953935  -0.5152364194  -0.7060191507
0.4709068004  -0.5104978059  -0.7101860582
0.4667393036  -0.5057842383  -0.7143317824
0.4625927636  -0.5010956368  -0.7184564970
0.4584670419  -0.4964319078  -0.7225603765
0.4543620009  -0.4917929444  -0.7266435952
0.4502775038  -0.4871786277  -0.7307063270
0.4462134146  -0.4825888273  -0.7347487444
0.4421695982  -0.4780234033  -0.7387710179
0.4381459206  -0.4734822063  -0.7427733157
0.4341422485  -0.4689650795  -0.7467558022
0.4301584497  -0.4644718594  -0.7507186384
0.4261943927  -0.4600023768  -0.7546619800
0.4222499474  -0.4555564585  -0.7585859778
0.4183249844  -0.4511339277  -0.7624907761
0.4144193753  -0.4467346052  -0.7663765124
0.4105329929  -0.4423583106  -0.7702433159
0.4066657106  -0.4380048621  -0.7740913067
0.4028174027  -0.4336740763  -0.7779205935
0.3989879439  -0.4293657661  -0.7817312698
0.3951772082  -0.4250797326  -0.7855234064
0.3913850662  -0.4208157414  -0.7892970316
0.3876113877  -0.4165735780  -0.7930521422
0.3838560602  -0.4123532335  -0.7967888016
0.3801190009  -0.4081548694  -0.8005071911
0.3764001288  -0.4039784932  -0.8042075104
0.3726993355  -0.3998238892  -0.8078898956
0.3690164972  -0.3956908352  -0.8115544503
0.3653514959  -0.3915791876  -0.8152012805
0.3617042216  -0.3874888358  -0.8188304940
0.3580745666  -0.3834196770  -0.8224421979
0.3544624247  -0.3793716127  -0.8260364981
0.3508676904  -0.3753445494  -0.8296134994
0.3472902594  -0.3713383975  -0.8331733058
0.3437300281  -0.3673530714  -0.8367160201
0.3401868938  -0.3633884893  -0.8402417439
0.3366607549  -0.3594445722  -0.8437505781
0.3331515104  -0.3555212443  -0.8472426225
0.3296590604  -0.3516184319  -0.8507179761
0.3261833056  -0.3477360633  -0.8541767369
0.3227241476  -0.3438740682  -0.8576190020
0.3192814890  -0.3400323774  -0.8610448677
0.3158552328  -0.3362109221  -0.8644544297
0.3124452832  -0.3324096336  -0.8678477825
0.3090515447  -0.3286284427  -0.8712250202
0.3056739230  -0.3248672792  -0.8745862360
0.3023123241  -0.3211260715  -0.8779315227
0.2989666550  -0.3174047462  -0.8812609722
0.2956368233  -0.3137032273  -0.8845746760
0.2923227371  -0.3100214357  -0.8878727247
0.2890243055  -0.3063592883  -0.8911552088
0.2857414380  -0.3027166961  -0.8944222182
0.2824740448  -0.2990935608  -0.8976738425
0.2792220367  -0.2954897734  -0.9009101713
0.2759853252  -0.2919052281  -0.9041312936
0.2727638223  -0.2883398420  -0.9073372976
0.2695574404  -0.2847935496  -0.9105282697
0.2663660926  -0.2812662814  -0.9137042954
0.2631896924  -0.2777579584  -0.9168654603
0.2600281543  -0.2742684987  -0.9200118493
0.2568813932  -0.2707978206  -0.9231435472
0.2537493244  -0.2673458425  -0.9262606379
0.2506318638  -0.2639124831  -0.9293632050
0.2475289280  -0.2604976607  -0.9324513316
0.2444404338  -0.2571012934  -0.9355251002
0.2413662987  -0.2537232995  -0.9385845928
0.2383064406  -0.2503635889  -0.9416298910
0.2352607780  -0.2470220558  -0.9446610758
0.2322292297  -0.2436986124  -0.9476782280
0.2292117152  -0.2403932144  -0.9506814277
0.2262081544  -0.2371058130  -0.9536707542
0.2232184676  -0.2338363255  -0.9566462869
0.2202425757  -0.2305846621  -0.9596081045
0.2172803998  -0.2273507368  -0.9625562853
0.2143318616  -0.2241344632  -0.9654909073
0.2113968832  -0.2209357536  -0.9684120480
0.2084753871  -0.2177545203  -0.9713197844
0.2055672962  -0.2145906750  -0.9742141932
0.2026725339  -0.2114441289  -0.9770953507
0.1997910239  -0.2083147934  -0.9799633328
0.1969226905  -0.2052025797  -0.9828182148
0.1940674582  -0.2021073990  -0.9856600718
0.1912252519  -0.1990291629  -0.9884889785
0.1883959971  -0.1959677828  -0.9913050091
0.1855796194  -0.1929231707  -0.9941082375
0.1827760451  -0.1898952389  -0.9968987371
0.1799852006  -0.1868839000  -0.9996765811
0.1772070129  -0.1838890669  -1.0024418421
0.1744414092  -0.1809106529  -1.0051945925
0.1716883172  -0.1779485719  -1.0079349042
0.1689476649  -0.1750027380  -1.0106628489
0.1662193806  -0.1720730657  -1.0133784977
0.1635033931  -0.1691594699  -1.0160819216
0.1607996314  -0.1662618657  -1.0187731909
0.1581080251  -0.1633801684  -1.0214523759
0.1554285039  -0.1605142939  -1.0241195464
0.1527609979  -0.1576641577  -1.0267747717
0.1501054377  -0.1548296760  -1.0294181210
0.1474617549  -0.1520108580  -1.0320496758
0.1448298824  -0.1492077421  -1.0346695319
0.1422097507  -0.1464200201  -1.0372777484
0.1396012871  -0.1436473245  -1.0398743498
0.1370044226  -0.1408896843  -1.0424593885
0.1344190918  -0.1381471653  -1.0450329332
0.1318452289  -0.1354196942  -1.0475950467
0.1292827673  -0.1327071957  -1.0501457919
0.1267316408  -0.1300095931  -1.0526852327
0.1241917834  -0.1273268087  -1.0552134335
0.1216631297  -0.1246587631  -1.0577304597
0.1191456144  -0.1220053758  -1.0602363774
0.1166391725  -0.1193665646  -1.0627312538
0.1141437392  -0.1167422459  -1.0652151570
0.1116592503  -0.1141323347  -1.0676881560
0.1091856416  -0.1115367447  -1.0701503208
0.1067228491  -0.1089553880  -1.0726017225
0.1042708094  -0.1063881758  -1.0750424329
0.1018294590  -0.1038350182  -1.0774725248
0.0993987348  -0.1012958239  -1.0798920717
0.0969785740  -0.0987705012  -1.0823011479
0.0945689141  -0.0962589572  -1.0846998282
0.0921696925  -0.0937610987  -1.0870881878
0.0897808474  -0.0912768318  -1.0894663024
0.0874023168  -0.0888060622  -1.0918342478
0.0850340392  -0.0863486954  -1.0941920994
0.0826759534  -0.0839046369  -1.0965399329
0.0803279982  -0.0814737920  -1.0988778231
0.0779901129  -0.0790560662  -1.1012058442
0.0756622370  -0.0766513653  -1.1035240695
0.0733443104  -0.0742595952  -1.1058325710
0.0710362731  -0.0718806627  -1.1081314191
0.0687388401  -0.0695145359  -1.1104537780
0.0664524580  -0.0671611537  -1.1128161083
0.0641750592  -0.0648202620  -1.1151619244
0.0619059948  -0.0624917306  -1.1175058723
0.0596462468  -0.0601755562  -1.1198469952
0.0573957403  -0.0578716508  -1.1221841976
0.0551544046  -0.0555799274  -1.1245162459
0.0529221738  -0.0533003001  -1.1268417679
0.0506989869  -0.0510326839  -1.1291592530
0.0484847882  -0.0487769947  -1.1314670522
0.0462795274  -0.0465331492  -1.1337633782
0.0440831599  -0.0443010647  -1.1360463051
0.0418956471  -0.0420806591  -1.1383137687
0.0397169565  -0.0398718507  -1.1405635664
0.0375470620  -0.0376745583  -1.1427933572
0.0353859438  -0.0354887009  -1.1450006616
0.0332335886  -0.0333141974  -1.1471828617
0.0310899897  -0.0311509670  -1.1493372013
0.0289551469  -0.0289989288  -1.1514607857
0.0268290666  -0.0268580018  -1.1535505818
0.0247117614  -0.0247281046  -1.1556034180
0.0226032504  -0.0226091561  -1.1576159845
0.0205035584  -0.0205010745  -1.1595848329
0.0184127159  -0.0184037783  -1.1615063765
0.0163307586  -0.0163171855  -1.1633768901
0.0142577272  -0.0142412143  -1.1651925101
0.0121936662  -0.0121757829  -1.1669492345
0.0101386239  -0.0101208098  -1.1686429231
0.0080926512  -0.0080762139  -1.1702692969
0.0060558007  -0.0060419146  -1.1718239387
0.0040281260  -0.0040178322  -1.1733022929
0.0020096801  -0.0020038877  -1.1746996655
0.0020085955  -0.0020038809  -1.1746996655
