0.176346
1.0187285556  -1.4132448919   0.0000468402
1.0187285556  -1.4132448919   0.0000468402
1.0187359213  -1.4132608056   0.0000419561
1.0187372379  -1.4132589899   0.0000263023
1.0187284655  -1.4132308193  -0.0000004153
1.0187081874  -1.4131735070  -0.0000384885
1.0186757960  -1.4130858647  -0.0000882069
1.0186309150  -1.4129671594  -0.0001498580
1.0185732561  -1.4128168298  -0.0002237267
1.0185025700  -1.4126343899  -0.0003100961
1.0184186271  -1.4124193903  -0.0004092469
1.0183212080  -1.4121714002  -0.0005214575
1.0182100987  -1.4118899979  -0.0006470041
1.0180850882  -1.4115747662  -0.0007861608
1.0179459670  -1.4112252895  -0.0009391994
1.0177925260  -1.4108411520  -0.0011063894
1.0176245561  -1.4104219372  -0.0012879982
1.0174418480  -1.4099672266  -0.0014842908
1.0172441916  -1.4094766000  -0.0016955302
1.0170313761  -1.4089496351  -0.0019219769
1.0168031897  -1.4083859075  -0.0021638895
1.0165594199  -1.4077849908  -0.0024215242
1.0162998532  -1.4071464567  -0.0026951348
1.0160242749  -1.4064698749  -0.0029849732
1.0157324697  -1.4057548138  -0.0032912889
1.0154242212  -1.4050008402  -0.0036143292
1.0150993119  -1.4042075198  -0.0039543391
1.0147575238  -1.4033744176  -0.0043115616
1.0143986378  -1.4025010978  -0.0046862371
1.0140224339  -1.4015871243  -0.0050786041
1.0136286915  -1.4006320610  -0.0054888988
1.0132171893  -1.3996354721  -0.0059173551
1.0127877037  -1.3985966942  -0.0063649101
1.0123400146  -1.3975154966  -0.0068311445
1.0118739007  -1.3963917490  -0.0073160400
1.0113891355  -1.3952248545  -0.0078198304
1.0108854940  -1.3940143002  -0.0083427388
1.0103627515  -1.3927596401  -0.0088849875
1.0098206833  -1.3914604398  -0.0094467988
1.0092590641  -1.3901162711  -0.0100283963
1.0086776689  -1.3887267110  -0.0106300040
1.0080762723  -1.3872913410  -0.0112518465
1.0074546488  -1.3858097479  -0.0118941480
1.0068125734  -1.3842815240  -0.0125571331
1.0061498207  -1.3827062672  -0.0132410263
1.0054661658  -1.3810835819  -0.0139460518
1.0047613840  -1.3794130794  -0.0146724339
1.0040352507  -1.3776943784  -0.0154203963
1.0032875403  -1.3759271043  -0.0161901625
1.0025180274  -1.3741108904  -0.0169819555
1.0017264887  -1.3722453798  -0.0177959977
1.0009127013  -1.3703302245  -0.0186325107
1.0000764433  -1.3683650860  -0.0194917158
0.9992174937  -1.3663496357  -0.0203738330
0.9983356324  -1.3642835546  -0.0212790819
0.9974306400  -1.3621665345  -0.0222076808
0.9965022985  -1.3599982779  -0.0231598470
0.9955503911  -1.3577784988  -0.0241357967
0.9945747019  -1.3555069230  -0.0251357449
0.9935750166  -1.3531832884  -0.0261599052
0.9925511221  -1.3508073456  -0.0272084891
0.9915028070  -1.3483788580  -0.0282817068
0.9904298612  -1.3458976028  -0.0293797663
0.9893320763  -1.3433633129  -0.0305028740
0.9882092454  -1.3407757720  -0.0316512343
0.9870611635  -1.3381349166  -0.0328250493
0.9858876278  -1.3354406353  -0.0340245195
0.9846884376  -1.3326927324  -0.0352498431
0.9834633935  -1.3298910504  -0.0365012165
0.9822122984  -1.3270354642  -0.0377788338
0.9809349572  -1.3241258660  -0.0390828872
0.9796311771  -1.3211621645  -0.0404135683
0.9783007645  -1.3181442830  -0.0417710683
0.9769435207  -1.3150721563  -0.0431555763
0.9755592508  -1.3119457368  -0.0445672786
0.9741477692  -1.3087649968  -0.0460063587
0.9727088931  -1.3055299257  -0.0474729971
0.9712424423  -1.3022405282  -0.0489673719
0.9697482396  -1.2988968249  -0.0504896582
0.9682261104  -1.2954988528  -0.0520400284
0.9666758830  -1.2920466656  -0.0536186525
0.9650973887  -1.2885403347  -0.0552256975
0.9634904617  -1.2849799490  -0.0568613291
0.9618549391  -1.2813656155  -0.0585257129
0.9601906615  -1.2776974599  -0.0602190140
0.9584974721  -1.2739756268  -0.0619413956
0.9567752173  -1.2702002782  -0.0636930189
0.9550237462  -1.2663715934  -0.0654740432
0.9532429111  -1.2624897688  -0.0672846257
0.9514325685  -1.2585550261  -0.0691249216
0.9495925745  -1.2545676072  -0.0709950839
0.9477227797  -1.2505277588  -0.0728952634
0.9458230332  -1.2464357348  -0.0748256091
0.9438931849  -1.2422918008  -0.0767862679
0.9419330859  -1.2380962320  -0.0787773842
0.9399425887  -1.2338493140  -0.0807991000
0.9379215465  -1.2295513521  -0.0828515545
0.9358698140  -1.2252026735  -0.0849348839
0.9337872471  -1.2208036205  -0.0870492217
0.9316737030  -1.2163545485  -0.0891946983
0.9295290401  -1.2118558307  -0.0913714386
0.9273531179  -1.2073078712  -0.0935795606
0.9251458100  -1.2027111146  -0.0958191806
0.9229070578  -1.1980660318  -0.0980904196
0.9206368047  -1.1933729829  -0.1003934030
0.9183349323  -1.1886322637  -0.1027282593
0.9160013117  -1.1838443191  -0.1050951184
0.9136358140  -1.1790097215  -0.1074941097
0.9112383098  -1.1741290633  -0.1099253558
0.9088086681  -1.1692029231  -0.1123889651
0.9063467567  -1.1642318713  -0.1148850297
0.9038524432  -1.1592164716  -0.1174136267
0.9013255951  -1.1541572807  -0.1199748190
0.8987660812  -1.1490548487  -0.1225686558
0.8961738315  -1.1439097933  -0.1251951749
0.8935488368  -1.1387227956  -0.1278544135
0.8908910623  -1.1334944904  -0.1305464144
0.8882004487  -1.1282254712  -0.1332712191
0.8854769402  -1.1229163308  -0.1360288629
0.8827204856  -1.1175676638  -0.1388193763
0.8799310384  -1.1121800664  -0.1416427856
0.8771085576  -1.1067541372  -0.1444991134
0.8742530074  -1.1012904740  -0.1473883787
0.8713643586  -1.0957896790  -0.1503105955
0.8684426009  -1.0902524013  -0.1532657726
0.8654877299  -1.0846793161  -0.1562539162
0.8624997335  -1.0790710777  -0.1592750295
0.8594786022  -1.0734283331  -0.1623291132
0.8564243312  -1.0677517334  -0.1654161650
0.8533369208  -1.0620419407  -0.1685361774
0.8502163759  -1.0562996292  -0.1716891378
0.8470627054  -1.0505254816  -0.1748750289
0.8438757764  -1.0447200574  -0.1780938271
0.8406554457  -1.0388838614  -0.1813454885
0.8374018512  -1.0330177095  -0.1846299605
0.8341153114  -1.0271229607  -0.1879472553
0.8307961967  -1.0212011754  -0.1912974572
0.8274449006  -1.0152534576  -0.1946806033
0.8240618212  -1.0092805513  -0.1980966316
0.8206473287  -1.0032833428  -0.2015454442
0.8172015274  -0.9972627138  -0.2050269478
0.8137242397  -0.9912193048  -0.2085410502
0.8102152230  -0.9851536500  -0.2120876549
0.8066742014  -0.9790662578  -0.2156666636
0.8031008630  -0.9729576095  -0.2192779789
0.7994948597  -0.9668281585  -0.2229215010
0.7958559303  -0.9606784753  -0.2265971274
0.7921843069  -0.9545097118  -0.2303047520
0.7884803565  -0.9483231654  -0.2340442618
0.7847441728  -0.9421197998  -0.2378155415
0.7809758251  -0.9359005413  -0.2416184768
0.7771753885  -0.9296663189  -0.2454529523
0.7733429526  -0.9234180779  -0.2493188627
0.7694786635  -0.9171568737  -0.2532160766
0.7655826424  -0.9108837658  -0.2571442514
0.7616549413  -0.9045996899  -0.2611029665
0.7576956684  -0.8983055351  -0.2650920924
0.7537049890  -0.8920021770  -0.2691116435
0.7496830797  -0.8856905718  -0.2731615514
0.7456301434  -0.8793717772  -0.2772416981
0.7415463532  -0.8730467651  -0.2813519138
0.7374318316  -0.8667163870  -0.2854919392
0.7332866852  -0.8603814637  -0.2896613544
0.7291110393  -0.8540428909  -0.2938594084
0.7249049048  -0.8477015651  -0.2980842717
0.7206675266  -0.8413582266  -0.3023295651
0.7163992021  -0.8350134967  -0.3065963906
0.7121037617  -0.8286681222  -0.3109012039
0.7077840865  -0.8223234668  -0.3152534646
0.7034383863  -0.8159810326  -0.3196507493
0.6990642529  -0.8096416609  -0.3240907600
0.6946611502  -0.8033058757  -0.3285720492
0.6902292259  -0.7969742317  -0.3330931243
0.6857686069  -0.7906470819  -0.3376523832
0.6812793708  -0.7843246087  -0.3422481216
0.6767617363  -0.7780071589  -0.3468785423
0.6722159306  -0.7716949934  -0.3515417665
0.6676421157  -0.7653881684  -0.3562358412
0.6630405774  -0.7590869018  -0.3609587377
0.6584114465  -0.7527911711  -0.3657083507
0.6537547505  -0.7465007732  -0.3704825112
0.6490707383  -0.7402157380  -0.3752789979
0.6443596848  -0.7339360318  -0.3800955433
0.6396218268  -0.7276615870  -0.3849298409
0.6348581257  -0.7213930100  -0.3897795504
0.6300669679  -0.7151283401  -0.3946423057
0.6252372267  -0.7088560790  -0.3995157246
0.6203692871  -0.7025763070  -0.4043974138
0.6154740070  -0.6962997668  -0.4092849715
0.6105526422  -0.6900274778  -0.4141759932
0.6056039702  -0.6837578607  -0.4190680793
0.6006265282  -0.6774891201  -0.4239588427
0.5956175658  -0.6712182237  -0.4288459165
0.5905722202  -0.6649401170  -0.4337269617
0.5854812977  -0.6586455567  -0.4385996746
0.5803253511  -0.6523153039  -0.4434617991
0.5750410084  -0.6458867508  -0.4483111666
0.5693687116  -0.6391057869  -0.4531456823
0.5638461972  -0.6325125760  -0.4579631583
0.5589578733  -0.6265820710  -0.4627612623
0.5542899126  -0.6208914645  -0.4675377524
0.5496637045  -0.6152596675  -0.4722906184
0.5450661748  -0.6096725855  -0.4770179940
0.5404967636  -0.6041287169  -0.4817180924
0.5359552404  -0.5986269695  -0.4863892189
0.5314413918  -0.5931663297  -0.4910297841
0.5269550239  -0.5877458637  -0.4956383093
0.5224959609  -0.5823647171  -0.5002134298
0.5180640437  -0.5770221117  -0.5047539030
0.5136591291  -0.5717173435  -0.5092586126
0.5092810887  -0.5664497797  -0.5137265759
0.5049298080  -0.5612188557  -0.5181569537
0.5006051850  -0.5560240714  -0.5225490535
0.4963071265  -0.5508649879  -0.5269023310
0.4920355472  -0.5457412228  -0.5312163970
0.4877903661  -0.5406524465  -0.5354910103
0.4835715116  -0.5355983787  -0.5397261200
0.4793789652  -0.5305787851  -0.5439220973
0.4752127508  -0.5255934738  -0.5480796621
0.4710728175  -0.5206422908  -0.5521994978
0.4669590339  -0.5157251104  -0.5562823397
0.4628712950  -0.5108418282  -0.5603291963
0.4588095370  -0.5059923587  -0.5643413421
0.4547737062  -0.5011766336  -0.5683203434
0.4507637610  -0.4963945997  -0.5722681305
0.4467796877  -0.4916462170  -0.5761871250
0.4428215378  -0.4869314634  -0.5800805213
0.4388895845  -0.4822503582  -0.5839533187
0.4349850521  -0.4776029833  -0.5878168416
0.4311081417  -0.4729893664  -0.5916764507
0.4272548676  -0.4684092787  -0.5955199408
0.4234214560  -0.4638622848  -0.5993380219
0.4196087202  -0.4593480020  -0.6031317274
0.4158184617  -0.4548661786  -0.6069021438
0.4120510192  -0.4504166000  -0.6106495373
0.4083062368  -0.4459990398  -0.6143741107
0.4045839270  -0.4416132619  -0.6180760675
0.4008839030  -0.4372590227  -0.6217556143
0.3972059799  -0.4329360713  -0.6254129594
0.3935499744  -0.4286441505  -0.6290483128
0.3899157047  -0.4243829963  -0.6326618858
0.3863029908  -0.4201523392  -0.6362538899
0.3827116541  -0.4159519046  -0.6398245369
0.3791415173  -0.4117814129  -0.6433740377
0.3755924048  -0.4076405808  -0.6469026023
0.3720641424  -0.4035291216  -0.6504104387
0.3685565576  -0.3994467461  -0.6538977524
0.3650694791  -0.3953931628  -0.6573647463
0.3616027371  -0.3913680777  -0.6608116185
0.3581561632  -0.3873711932  -0.6642385604
0.3547295899  -0.3834022124  -0.6676457570
0.3513228522  -0.3794608435  -0.6710333892
0.3479357867  -0.3755467981  -0.6744016331
0.3445682320  -0.3716597880  -0.6777506581
0.3412200278  -0.3677995261  -0.6810806263
0.3378910152  -0.3639657275  -0.6843916910
0.3345810368  -0.3601581095  -0.6876839957
0.3312899365  -0.3563763906  -0.6909576718
0.3280175587  -0.3526202852  -0.6942128326
0.3247637460  -0.3488894770  -0.6974495503
0.3215283397  -0.3451836541  -0.7006678604
0.3183111940  -0.3415026614  -0.7038678578
0.3151121856  -0.3378464808  -0.7070497516
0.3119311936  -0.3342149769  -0.7102137647
0.3087680780  -0.3306078511  -0.7133600577
0.3056226890  -0.3270248076  -0.7164887635
0.3024948820  -0.3234656081  -0.7196000177
0.2993845186  -0.3199300369  -0.7226939566
0.2962914626  -0.3164178846  -0.7257707156
0.2932155796  -0.3129289462  -0.7288304283
0.2901567363  -0.3094630208  -0.7318732271
0.2871148007  -0.3060199116  -0.7348992428
0.2840896422  -0.3025994257  -0.7379086049
0.2810811317  -0.2992013738  -0.7409014415
0.2780891411  -0.2958255697  -0.7438778793
0.2751135438  -0.2924718306  -0.7468380438
0.2721542141  -0.2891399766  -0.7497820591
0.2692110280  -0.2858298302  -0.7527100480
0.2662838624  -0.2825412166  -0.7556221321
0.2633725954  -0.2792739628  -0.7585184319
0.2604771065  -0.2760278976  -0.7613990665
0.2575972761  -0.2728028509  -0.7642641539
0.2547329860  -0.2695986540  -0.7671138111
0.2518841189  -0.2664151395  -0.7699481540
0.2490505589  -0.2632521410  -0.7727672972
0.2462321908  -0.2601094930  -0.7755713545
0.2434289009  -0.2569870303  -0.7783604384
0.2406405763  -0.2538845880  -0.7811346607
0.2378671052  -0.2508020008  -0.7838941321
0.2351083770  -0.2477391031  -0.7866389624
0.2323642819  -0.2446957261  -0.7893692606
0.2296347114  -0.2416716971  -0.7920851351
0.2269195577  -0.2386668461  -0.7947866934
0.2242187142  -0.2356810159  -0.7974740417
0.2215320750  -0.2327140594  -0.8001472848
0.2188595354  -0.2297658286  -0.8028065258
0.2162009915  -0.2268361723  -0.8054518676
0.2135563406  -0.2239249393  -0.8080834121
0.2109254807  -0.2210319800  -0.8107012604
0.2083083108  -0.2181571466  -0.8133055126
0.2057047308  -0.2153002923  -0.8158962680
0.2031146416  -0.2124612719  -0.8184736249
0.2005379449  -0.2096399415  -0.8210376808
0.1979745432  -0.2068361585  -0.8235885323
0.1954243400  -0.2040497789  -0.8261262753
0.1928872396  -0.2012806554  -0.8286510045
0.1903631470  -0.1985286473  -0.8311628142
0.1878519684  -0.1957936291  -0.8336617975
0.1853536105  -0.1930754750  -0.8361480469
0.1828679810  -0.1903740499  -0.8386216538
0.1803949883  -0.1876892175  -0.8410827092
0.1779345417  -0.1850208442  -0.8435313031
0.1754865511  -0.1823687973  -0.8459675247
0.1730509274  -0.1797329450  -0.8483914625
0.1706275821  -0.1771131565  -0.8508032043
0.1682164277  -0.1745093024  -0.8532028369
0.1658173772  -0.1719212539  -0.8555904468
0.1634303444  -0.1693488837  -0.8579661192
0.1610552439  -0.1667920653  -0.8603299390
0.1586919910  -0.1642506738  -0.8626819903
0.1563405019  -0.1617245849  -0.8650223562
0.1540006932  -0.1592136760  -0.8673511194
0.1516724824  -0.1567178253  -0.8696683619
0.1493557876  -0.1542369124  -0.8719741647
0.1470505278  -0.1517708179  -0.8742686084
0.1447566225  -0.1493194236  -0.8765517728
0.1424739919  -0.1468826127  -0.8788237371
0.1402025569  -0.1444602693  -0.8810845797
0.1379422390  -0.1420522787  -0.8833343785
0.1356929605  -0.1396585273  -0.8855732105
0.1334546443  -0.1372789027  -0.8878011524
0.1312272138  -0.1349132934  -0.8900182799
0.1290105933  -0.1325615891  -0.8922246683
0.1268047076  -0.1302236805  -0.8944203922
0.1246094819  -0.1278994591  -0.8966055255
0.1224248424  -0.1255888177  -0.8987801417
0.1202507162  -0.1232916787  -0.9009443217
0.1180870312  -0.1210079740  -0.9030981556
0.1159337150  -0.1187375303  -0.9052417088
0.1137906937  -0.1164801564  -0.9073750246
0.1116578958  -0.1142357840  -0.9094981634
0.1095352519  -0.1120043576  -0.9116111962
0.1074226930  -0.1097857797  -0.9137141894
0.1053201498  -0.1075799526  -0.9158072096
0.1032275538  -0.1053867794  -0.9178903233
0.1011448372  -0.1032061633  -0.9199635971
0.0990719325  -0.1010380083  -0.9220270979
0.0970087727  -0.0988822185  -0.9240808928
0.0949552918  -0.0967386983  -0.9261250491
0.0929114237  -0.0946073528  -0.9281596345
0.0908771033  -0.0924880872  -0.9301847169
0.0888522657  -0.0903808070  -0.9322003647
0.0868368468  -0.0882854183  -0.9342066463
0.0848307828  -0.0862018276  -0.9362036306
0.0828340104  -0.0841299416  -0.9381913868
0.0808464668  -0.0820696677  -0.9401699842
0.0788680897  -0.0800209135  -0.9421394922
0.0768988173  -0.0779835874  -0.9440999804
0.0749385883  -0.0759575981  -0.9460515185
0.0729873417  -0.0739428550  -0.9479941758
0.0710450171  -0.0719392679  -0.9499280218
0.0691115545  -0.0699467475  -0.9518531253
0.0671868945  -0.0679652050  -0.9537695549
0.0652709779  -0.0659945521  -0.9556773787
0.0633637462  -0.0640347015  -0.9575766638
0.0614651411  -0.0620855665  -0.9594674765
0.0595751050  -0.0601470611  -0.9613498820
0.0576935805  -0.0582191002  -0.9632239444
0.0558210129  -0.0563016128  -0.9651165420
0.0539576748  -0.0543945225  -0.9670410172
0.0521022087  -0.0524977099  -0.9689516162
0.0502541754  -0.0506110845  -0.9708602138
0.0484141941  -0.0487345848  -0.9727660437
0.0465821988  -0.0468681309  -0.9746682272
0.0447581269  -0.0450116439  -0.9765657737
0.0429419189  -0.0431650457  -0.9784575806
0.0411335187  -0.0413282590  -0.9803424330
0.0393328741  -0.0395012074  -0.9822190040
0.0375399364  -0.0376838153  -0.9840858544
0.0357546611  -0.0358760078  -0.9859414331
0.0339770077  -0.0340777107  -0.9877840768
0.0322069400  -0.0322888505  -0.9896120101
0.0304444262  -0.0305093544  -0.9914233455
0.0286894388  -0.0287391502  -0.9932160834
0.0269419550  -0.0269781663  -0.9949881120
0.0252019563  -0.0252263316  -0.9967372075
0.0234694288  -0.0234835757  -0.9984610340
0.0217443633  -0.0217498285  -1.0001571432
0.0200267546  -0.0200250205  -1.0018229752
0.0183166021  -0.0183090827  -1.0034558575
0.0166139091  -0.0166019468  -1.0050530058
0.0149186830  -0.0149035446  -1.0066115235
0.0132309348  -0.0132138086  -1.0081284020
0.0115506786  -0.0115326720  -1.0096005207
0.0098779315  -0.0098600684  -1.0110246465
0.0082127132  -0.0081959319  -1.0123974346
0.0065550453  -0.0065401975  -1.0137154279
0.0049049504  -0.0048928006  -1.0149750571
0.0032624521  -0.0032536776  -1.0161726410
0.0016275738  -0.0016227655  -1.0173043863
0.0016268620  -0.0016227614  -1.0173043863
