0.15221
1.2129884999  -1.7981368936   0.0000754179
1.2129884999  -1.7981368936   0.0000754179
1.2129998387  -1.7981621366   0.0000661178
1.2130008034  -1.7981516847   0.0000386163
1.2129848636  -1.7980908613  -0.0000076331
1.2129493763  -1.7979739397  -0.0000731675
1.2128932324  -1.7977986011  -0.0001585153
1.2128157570  -1.7975634871  -0.0002641957
1.2127164418  -1.7972676041  -0.0003907192
1.2125948542  -1.7969101219  -0.0005385870
1.2124506008  -1.7964902915  -0.0007082915
1.2122833099  -1.7960074077  -0.0009003162
1.2120926232  -1.7954607892  -0.0011151354
1.2118781907  -1.7948497690  -0.0013532145
1.2116396680  -1.7941736888  -0.0016150100
1.2113767150  -1.7934318952  -0.0019009693
1.2110889948  -1.7926237385  -0.0022115309
1.2107761732  -1.7917485718  -0.0025471243
1.2104379182  -1.7908057506  -0.0029081700
1.2100739002  -1.7897946330  -0.0032950796
1.2096837914  -1.7887145801  -0.0037082554
1.2092672664  -1.7875649563  -0.0041480912
1.2088240021  -1.7863451304  -0.0046149715
1.2083536775  -1.7850544761  -0.0051092719
1.2078559744  -1.7836923727  -0.0056313589
1.2073305768  -1.7822582065  -0.0061815902
1.2067771721  -1.7807513713  -0.0067603145
1.2061954501  -1.7791712697  -0.0073678714
1.2055851042  -1.7775173138  -0.0080045916
1.2049458311  -1.7757889267  -0.0086707967
1.2042773311  -1.7739855434  -0.0093667995
1.2035793083  -1.7721066115  -0.0100929037
1.2028514703  -1.7701510182  -0.0108505776
1.2020935310  -1.7681187547  -0.0116390401
1.2013052055  -1.7660100607  -0.0124581723
1.2004862110  -1.7638240253  -0.0133082519
1.1996362729  -1.7615599793  -0.0141895376
1.1987551232  -1.7592174238  -0.0151022856
1.1978424990  -1.7567959025  -0.0160467460
1.1968981431  -1.7542949899  -0.0170231648
1.1959218042  -1.7517142868  -0.0180317830
1.1949132370  -1.7490534210  -0.0190728365
1.1938722027  -1.7463120471  -0.0201465553
1.1927984691  -1.7434898480  -0.0212531631
1.1916918106  -1.7405865354  -0.0223928772
1.1905520087  -1.7376018508  -0.0235659084
1.1893788520  -1.7345355662  -0.0247724601
1.1881721364  -1.7313874855  -0.0260127289
1.1869316651  -1.7281574452  -0.0272869036
1.1856572493  -1.7248453151  -0.0285951649
1.1843487077  -1.7214509987  -0.0299376852
1.1830058669  -1.7179744337  -0.0313146290
1.1816285620  -1.7144155922  -0.0327261535
1.1802166358  -1.7107744817  -0.0341724077
1.1787699373  -1.7070511431  -0.0356535329
1.1772883176  -1.7032456474  -0.0371696618
1.1757716378  -1.6993581038  -0.0387209193
1.1742197730  -1.6953886647  -0.0403074217
1.1726326075  -1.6913375205  -0.0419292767
1.1710100346  -1.6872048996  -0.0435865823
1.1693519565  -1.6829910679  -0.0452794272
1.1676582845  -1.6786963288  -0.0470078918
1.1659289393  -1.6743210225  -0.0487720487
1.1641638503  -1.6698653948  -0.0505719618
1.1623629556  -1.6653298115  -0.0524076870
1.1605262030  -1.6607149854  -0.0542792717
1.1586535505  -1.6560215213  -0.0561867553
1.1567449645  -1.6512498411  -0.0581301682
1.1548004179  -1.6464004565  -0.0601095309
1.1528198774  -1.6414739353  -0.0621248551
1.1508033146  -1.6364708788  -0.0641761444
1.1487507232  -1.6313919345  -0.0662633953
1.1466621107  -1.6262377868  -0.0683865968
1.1445374932  -1.6210091520  -0.0705457300
1.1423768959  -1.6157067776  -0.0727407689
1.1401803523  -1.6103314412  -0.0749716798
1.1379479043  -1.6048839497  -0.0772384196
1.1356796020  -1.5993651383  -0.0795409364
1.1333755031  -1.5937758695  -0.0818791714
1.1310356739  -1.5881170324  -0.0842530596
1.1286601740  -1.5823895299  -0.0866625302
1.1262490480  -1.5765942697  -0.0891075062
1.1238023591  -1.5707321944  -0.0915879044
1.1213201988  -1.5648042901  -0.0941036364
1.1188026668  -1.5588115667  -0.0966546075
1.1162498699  -1.5527550550  -0.0992407160
1.1136619212  -1.5466358052  -0.1018618521
1.1110389405  -1.5404548851  -0.1045178983
1.1083810536  -1.5342133798  -0.1072087302
1.1056883919  -1.5279123921  -0.1099342165
1.1029610678  -1.5215530218  -0.1126942199
1.1001991683  -1.5151363611  -0.1154886006
1.0974028094  -1.5086635372  -0.1183172201
1.0945721415  -1.5021357170  -0.1211799383
1.0917073197  -1.4955540760  -0.1240766084
1.0888085040  -1.4889197896  -0.1270070779
1.0858758587  -1.4822340503  -0.1299711892
1.0829095523  -1.4754980779  -0.1329687804
1.0799097578  -1.4687131025  -0.1359996879
1.0768766135  -1.4618803299  -0.1390637509
1.0738102226  -1.4550009456  -0.1421608136
1.0707107276  -1.4480761857  -0.1452907222
1.0675783112  -1.4411073455  -0.1484533231
1.0644131593  -1.4340956671  -0.1516484639
1.0612154608  -1.4270422349  -0.1548759938
1.0579854063  -1.4199480854  -0.1581357640
1.0547231887  -1.4128144193  -0.1614276281
1.0514289803  -1.4056425971  -0.1647514399
1.0481028805  -1.3984339730  -0.1681070538
1.0447450051  -1.3911898796  -0.1714943252
1.0413555417  -1.3839116650  -0.1749131105
1.0379346855  -1.3766006595  -0.1783632631
1.0344826325  -1.3692581691  -0.1818446330
1.0309995810  -1.3618854754  -0.1853570804
1.0274857331  -1.3544838353  -0.1889004842
1.0239412953  -1.3470545013  -0.1924747397
1.0203664480  -1.3395987175  -0.1960797547
1.0167613046  -1.3321176237  -0.1997154383
1.0131259317  -1.3246122511  -0.2033816828
1.0094603810  -1.3170835939  -0.2070783568
1.0057646937  -1.3095326160  -0.2108053083
1.0020389038  -1.3019602526  -0.2145623673
0.9982830417  -1.2943674130  -0.2183493561
0.9944973045  -1.2867551930  -0.2221661075
0.9906820011  -1.2791248155  -0.2260124655
0.9868372615  -1.2714772782  -0.2298882737
0.9829630845  -1.2638134089  -0.2337933747
0.9790594575  -1.2561340132  -0.2377276136
0.9751263593  -1.2484398769  -0.2416908375
0.9711637605  -1.2407317678  -0.2456828926
0.9671717151  -1.2330105544  -0.2497036226
0.9631504858  -1.2252773565  -0.2537528697
0.9591003435  -1.2175332874  -0.2578304743
0.9550214442  -1.2097793028  -0.2619362619
0.9509139406  -1.2020163462  -0.2660700436
0.9467779997  -1.1942453564  -0.2702316887
0.9426138127  -1.1864672918  -0.2744211582
0.9384215948  -1.1786832269  -0.2786383937
0.9342015414  -1.1708942853  -0.2828832340
0.9299538084  -1.1631014838  -0.2871554653
0.9256785530  -1.1553057714  -0.2914548775
0.9213759475  -1.1475080956  -0.2957812656
0.9170461653  -1.1397094060  -0.3001344210
0.9126891194  -1.1319104366  -0.3045141332
0.9083048118  -1.1241120179  -0.3089201913
0.9038938401  -1.1163155164  -0.3133523807
0.8994570869  -1.1085225599  -0.3178104842
0.8949954887  -1.1007348266  -0.3222942837
0.8905099809  -1.0929540044  -0.3268035609
0.8860010068  -1.0851813613  -0.3313380989
0.8814683358  -1.0774174425  -0.3358976789
0.8769114980  -1.0696624254  -0.3404820814
0.8723299659  -1.0619163956  -0.3450910920
0.8677231481  -1.0541793568  -0.3497245006
0.8630908835  -1.0464518062  -0.3543821124
0.8584336886  -1.0387350150  -0.3590636351
0.8537519721  -1.0310301250  -0.3637685625
0.8490458634  -1.0233378824  -0.3684964852
0.8443155863  -1.0156589952  -0.3732472859
0.8395614371  -1.0079942673  -0.3780208598
0.8347836970  -1.0003445883  -0.3828170068
0.8299825572  -0.9927107040  -0.3876354729
0.8251581416  -0.9850932156  -0.3924758885
0.8203105498  -0.9774927075  -0.3973376558
0.8154398892  -0.9699098620  -0.4022196291
0.8105454955  -0.9623453351  -0.4071162837
0.8056271685  -0.9547995888  -0.4120258559
0.8006883809  -0.9472730624  -0.4169610473
0.7957329324  -0.9397667969  -0.4219328828
0.7907598805  -0.9322822157  -0.4269409433
0.7857664615  -0.9248201402  -0.4319827580
0.7807516652  -0.9173808745  -0.4370569665
0.7757155874  -0.9099647336  -0.4421622768
0.7706583984  -0.9025718841  -0.4472973002
0.7655801853  -0.8952022538  -0.4524605619
0.7604811751  -0.8878559387  -0.4576505102
0.7553615952  -0.8805329551  -0.4628655101
0.7502215574  -0.8732330569  -0.4681038368
0.7450613021  -0.8659561655  -0.4733636785
0.7398810664  -0.8587021170  -0.4786431409
0.7346810818  -0.8514706589  -0.4839402602
0.7294615846  -0.8442615534  -0.4892530276
0.7242225920  -0.8370742425  -0.4945794063
0.7189642577  -0.8299083017  -0.4999173405
0.7136868732  -0.8227634086  -0.5052647648
0.7083906134  -0.8156390994  -0.5106196049
0.7030766380  -0.8085358952  -0.5159797666
0.6977389733  -0.8014471991  -0.5213431384
0.6923685741  -0.7943633786  -0.5267076068
0.6869723418  -0.7872909113  -0.5320710607
0.6815578226  -0.7802369762  -0.5374313913
0.6761230541  -0.7731990737  -0.5427864983
0.6706661098  -0.7661747405  -0.5481342995
0.6651834032  -0.7591599225  -0.5534727385
0.6596683336  -0.7521476741  -0.5587997921
0.6541076563  -0.7451246126  -0.5641134780
0.6484693174  -0.7380588757  -0.5694118921
0.6424928312  -0.7306928056  -0.5746932187
0.6365115444  -0.7233649622  -0.5799555775
0.6310664878  -0.7166108318  -0.5851969158
0.6259218505  -0.7101833250  -0.5904152041
0.6208349277  -0.7038356861  -0.5956086303
0.6157777416  -0.6975384558  -0.6007755469
0.6107496598  -0.6912897924  -0.6059143846
0.6057504493  -0.6850884155  -0.6110236504
0.6007798893  -0.6789331341  -0.6161019436
0.5958377786  -0.6728228432  -0.6211479605
0.5909239333  -0.6667565233  -0.6261604980
0.5860381869  -0.6607332381  -0.6311384614
0.5811803892  -0.6547521318  -0.6360808686
0.5763504043  -0.6488124274  -0.6409868531
0.5715481093  -0.6429134237  -0.6458556698
0.5667733933  -0.6370544921  -0.6506866997
0.5620261570  -0.6312350731  -0.6554794588
0.5573063114  -0.6254546727  -0.6602336039
0.5526137748  -0.6197128577  -0.6649489319
0.5479484704  -0.6140092518  -0.6696253855
0.5433103228  -0.6083435312  -0.6742630416
0.5386992802  -0.6027154203  -0.6788622374
0.5341153570  -0.5971246872  -0.6834237491
0.5295585652  -0.5915711427  -0.6879485211
0.5250288101  -0.5860546376  -0.6924374286
0.5205259593  -0.5805750490  -0.6968915172
0.5160499360  -0.5751322712  -0.7013121323
0.5116006980  -0.5697262167  -0.7057009110
0.5071782227  -0.5643568164  -0.7100598806
0.5027825368  -0.5590240190  -0.7143916452
0.4984137937  -0.5537278133  -0.7186998701
0.4940731259  -0.5484682211  -0.7229940178
0.4897613511  -0.5432452700  -0.7272815161
0.4854752685  -0.5380589323  -0.7315541636
0.4812105145  -0.5329089455  -0.7358018260
0.4769669417  -0.5277948321  -0.7400238160
0.4727464494  -0.5227161779  -0.7442214695
0.4685497160  -0.5176727040  -0.7483951291
0.4643766371  -0.5126641621  -0.7525449928
0.4602270284  -0.5076902963  -0.7566712592
0.4561007067  -0.5027508434  -0.7607741294
0.4519974904  -0.4978455332  -0.7648538069
0.4479171995  -0.4929740886  -0.7689104965
0.4438596558  -0.4881362266  -0.7729444046
0.4398246823  -0.4833316584  -0.7769557380
0.4358121039  -0.4785600902  -0.7809447038
0.4318217466  -0.4738212237  -0.7849115086
0.4278534381  -0.4691147568  -0.7888563582
0.4239070073  -0.4644403840  -0.7927794567
0.4199822847  -0.4597977967  -0.7966810062
0.4160791021  -0.4551866845  -0.8005612058
0.4121972929  -0.4506067355  -0.8044202516
0.4083366918  -0.4460576366  -0.8082583355
0.4044971347  -0.4415390731  -0.8120756429
0.4006784586  -0.4370507288  -0.8158723519
0.3968805020  -0.4325922917  -0.8196486340
0.3931031054  -0.4281634553  -0.8234046564
0.3893461115  -0.4237639164  -0.8271405801
0.3856093641  -0.4193933727  -0.8308565578
0.3818927081  -0.4150515244  -0.8345527327
0.3781959896  -0.4107380741  -0.8382292372
0.3745190556  -0.4064527242  -0.8418861884
0.3708617511  -0.4021951524  -0.8455236667
0.3672239175  -0.3979650206  -0.8491417057
0.3636054066  -0.3937621112  -0.8527403742
0.3600060963  -0.3895863676  -0.8563198569
0.3564258739  -0.3854376775  -0.8598803803
0.3528646077  -0.3813157609  -0.8634221169
0.3493221501  -0.3772203029  -0.8669452000
0.3457983564  -0.3731510423  -0.8704497614
0.3422930890  -0.3691077496  -0.8739359352
0.3388062138  -0.3650902047  -0.8774038544
0.3353375985  -0.3610981927  -0.8808536507
0.3318871116  -0.3571315038  -0.8842854544
0.3284546231  -0.3531899327  -0.8876993945
0.3250400045  -0.3492732787  -0.8910955985
0.3216431282  -0.3453813454  -0.8944741927
0.3182638680  -0.3415139403  -0.8978353021
0.3149020987  -0.3376708746  -0.9011790503
0.3115576967  -0.3338519630  -0.9045055599
0.3082305392  -0.3300570230  -0.9078149519
0.3049205046  -0.3262858752  -0.9111073466
0.3016274727  -0.3225383424  -0.9143828627
0.2983513240  -0.3188142498  -0.9176416179
0.2950919405  -0.3151134239  -0.9208837290
0.2918492050  -0.3114356925  -0.9241093116
0.2886230014  -0.3077808841  -0.9273184801
0.2854132150  -0.3041488283  -0.9305113482
0.2822197316  -0.3005393556  -0.9336880284
0.2790424383  -0.2969522969  -0.9368486325
0.2758812232  -0.2933874831  -0.9399932709
0.2727359754  -0.2898447447  -0.9431220538
0.2696065849  -0.2863239113  -0.9462350899
0.2664929426  -0.2828248092  -0.9493324876
0.2633949406  -0.2793472587  -0.9524143547
0.2603124716  -0.2758910803  -0.9554807982
0.2572454295  -0.2724561079  -0.9585319243
0.2541937088  -0.2690421903  -0.9615678371
0.2511572050  -0.2656491776  -0.9645886397
0.2481358145  -0.2622769151  -0.9675944344
0.2451294345  -0.2589252468  -0.9705853230
0.2421379632  -0.2555940182  -0.9735614066
0.2391612998  -0.2522830766  -0.9765227851
0.2361993439  -0.2489922704  -0.9794695580
0.2332519964  -0.2457214494  -0.9824018236
0.2303191586  -0.2424704649  -0.9853196798
0.2274007329  -0.2392391691  -0.9882232233
0.2244966223  -0.2360274114  -0.9911125503
0.2216067306  -0.2328350341  -0.9939877562
0.2187309626  -0.2296618904  -0.9968489355
0.2158692236  -0.2265078575  -0.9996961821
0.2130214199  -0.2233728116  -1.0025295888
0.2101874583  -0.2202566122  -1.0053492481
0.2073672465  -0.2171591160  -1.0081552515
0.2045606928  -0.2140801833  -1.0109476900
0.2017677065  -0.2110196750  -1.0137266536
0.1989881971  -0.2079774529  -1.0164922319
0.1962220754  -0.2049533794  -1.0192445137
0.1934692524  -0.2019473181  -1.0219835872
0.1907296400  -0.1989591336  -1.0247095396
0.1880031509  -0.1959886912  -1.0274224579
0.1852896983  -0.1930358576  -1.0301224280
0.1825891960  -0.1901005005  -1.0328095355
0.1799015587  -0.1871824886  -1.0354838651
0.1772267015  -0.1842816921  -1.0381455010
0.1745645404  -0.1813979819  -1.0407945266
0.1719149918  -0.1785312305  -1.0434310248
0.1692779729  -0.1756813113  -1.0460550778
0.1666534014  -0.1728480991  -1.0486667673
0.1640411957  -0.1700314698  -1.0512661741
0.1614412748  -0.1672313004  -1.0538533787
0.1588535582  -0.1644474692  -1.0564284609
0.1562779663  -0.1616798556  -1.0589914998
0.1537144196  -0.1589283400  -1.0615425740
0.1511628398  -0.1561928039  -1.0640817615
0.1486231486  -0.1534731299  -1.0666091397
0.1460952686  -0.1507692016  -1.0691247854
0.1435791230  -0.1480809035  -1.0716287749
0.1410746354  -0.1454081210  -1.0741211839
0.1385817306  -0.1427507892  -1.0766020985
0.1361003348  -0.1401088588  -1.0790716174
0.1336303725  -0.1374821016  -1.0815298065
0.1311717662  -0.1348702587  -1.0839767020
0.1287244414  -0.1322732780  -1.0864123637
0.1262883266  -0.1296911284  -1.0888368656
0.1238633504  -0.1271237068  -1.0912502759
0.1214494408  -0.1245709099  -1.0936526632
0.1190465268  -0.1220326345  -1.0960440961
0.1166545374  -0.1195087775  -1.0984246440
0.1142734025  -0.1169992356  -1.1007943764
0.1119030524  -0.1145039059  -1.1031533638
0.1095434178  -0.1120226852  -1.1055016768
0.1071944300  -0.1095554703  -1.1078393869
0.1048560206  -0.1071021581  -1.1101665663
0.1025281219  -0.1046626455  -1.1124832876
0.1002106665  -0.1022368292  -1.1147896241
0.0979035873  -0.0998246063  -1.1170856499
0.0956068180  -0.0974258737  -1.1193714393
0.0933202925  -0.0950405286  -1.1216470674
0.0910439451  -0.0926684684  -1.1239126097
0.0887777106  -0.0903095908  -1.1261681417
0.0865215242  -0.0879637937  -1.1284137396
0.0842753216  -0.0856309753  -1.1306494792
0.0820390389  -0.0833110344  -1.1328754366
0.0798126123  -0.0810038703  -1.1350916875
0.0775959789  -0.0787093827  -1.1372983073
0.0753890760  -0.0764274719  -1.1394953707
0.0731918411  -0.0741580390  -1.1416829517
0.0710042124  -0.0719009856  -1.1438611232
0.0688261285  -0.0696562143  -1.1460299568
0.0666575281  -0.0674236282  -1.1481895227
0.0644990233  -0.0652031560  -1.1503709147
0.0623509941  -0.0629947150  -1.1525895670
0.0602116373  -0.0607981454  -1.1547925338
0.0580803799  -0.0586133381  -1.1569935493
0.0559580657  -0.0564402361  -1.1591917211
0.0538446213  -0.0542787488  -1.1613860269
0.0517399772  -0.0521287865  -1.1635753149
0.0496440679  -0.0499902605  -1.1657583031
0.0475568328  -0.0478630833  -1.1679335801
0.0454782155  -0.0457471681  -1.1700996043
0.0434081648  -0.0436424289  -1.1722547046
0.0413466349  -0.0415487809  -1.1743970800
0.0392935849  -0.0394661398  -1.1765247996
0.0372489797  -0.0373944220  -1.1786358029
0.0352127899  -0.0353335446  -1.1807278994
0.0331849917  -0.0332834254  -1.1827987690
0.0311655674  -0.0312439828  -1.1848459617
0.0291545051  -0.0292151354  -1.1868668975
0.0271517988  -0.0271968026  -1.1888588670
0.0251574484  -0.0251889041  -1.1908190307
0.0231714594  -0.0231913599  -1.1927444194
0.0211938432  -0.0212040907  -1.1946319341
0.0192246163  -0.0192270173  -1.1964783460
0.0172638004  -0.0172600610  -1.1982802964
0.0153114219  -0.0153031436  -1.2000342969
0.0133675117  -0.0133561874  -1.2017367294
0.0114321041  -0.0114191150  -1.2033838459
0.0095052370  -0.0094918498  -1.2049717684
0.0075869504  -0.0075743160  -1.2064964894
0.0056772863  -0.0056664382  -1.2079538714
0.0037762873  -0.0037681422  -1.2093396474
0.0018839956  -0.0018793545  -1.2106494201
0.0018830426  -0.0018793493  -1.2106494201
