0.199267
0.8609604782  -1.1167617494   0.0000338574
0.8609604782  -1.1167617494   0.0000338574
0.8609659008  -1.1167720687   0.0000306608
0.8609671019  -1.1167720031   0.0000198789
0.8609611718  -1.1167561094   0.0000013157
0.8609471651  -1.1167227866  -0.0000252239
0.8609246720  -1.1166713371  -0.0000599347
0.8608934365  -1.1166013211  -0.0001030109
0.8608532605  -1.1165123954  -0.0001546462
0.8608039715  -1.1164042582  -0.0002150338
0.8607454095  -1.1162766277  -0.0002843662
0.8606774207  -1.1161292315  -0.0003628356
0.8605998545  -1.1159618014  -0.0004506335
0.8605125616  -1.1157740708  -0.0005479511
0.8604153933  -1.1155657731  -0.0006549786
0.8603082006  -1.1153366405  -0.0007719062
0.8601908337  -1.1150864035  -0.0008989233
0.8600631423  -1.1148147908  -0.0010362187
0.8599249747  -1.1145215286  -0.0011839809
0.8597761783  -1.1142063408  -0.0013423977
0.8596165992  -1.1138689490  -0.0015116564
0.8594460821  -1.1135090719  -0.0016919439
0.8592644704  -1.1131264261  -0.0018834463
0.8590716062  -1.1127207255  -0.0020863494
0.8588673300  -1.1122916815  -0.0023008383
0.8586514810  -1.1118390033  -0.0025270978
0.8584238972  -1.1113623979  -0.0027653120
0.8581844150  -1.1108615698  -0.0030156645
0.8579328691  -1.1103362213  -0.0032783384
0.8576690932  -1.1097860528  -0.0035535161
0.8573929191  -1.1092107625  -0.0038413797
0.8571041773  -1.1086100467  -0.0041421108
0.8568026958  -1.1079834849  -0.0044563874
0.8564883037  -1.1073308743  -0.0047839272
0.8561608292  -1.1066520616  -0.0051247323
0.8558200950  -1.1059466524  -0.0054789883
0.8554659238  -1.1052142910  -0.0058468738
0.8550981374  -1.1044546541  -0.0062285665
0.8547165563  -1.1036674222  -0.0066242456
0.8543209995  -1.1028522762  -0.0070340923
0.8539112847  -1.1020088965  -0.0074582895
0.8534872284  -1.1011369635  -0.0078970216
0.8530486454  -1.1002361574  -0.0083504750
0.8525953495  -1.0993061583  -0.0088188372
0.8521271531  -1.0983466465  -0.0093022975
0.8516438672  -1.0973573028  -0.0098010465
0.8511453015  -1.0963378084  -0.0103152760
0.8506312647  -1.0952878454  -0.0108451792
0.8501015639  -1.0942070967  -0.0113909503
0.8495560053  -1.0930952463  -0.0119527850
0.8489943936  -1.0919519799  -0.0125308801
0.8484165324  -1.0907769846  -0.0131254335
0.8478222243  -1.0895699495  -0.0137366441
0.8472112706  -1.0883305658  -0.0143647122
0.8465834715  -1.0870585265  -0.0150098390
0.8459386260  -1.0857535273  -0.0156722265
0.8452765322  -1.0844152663  -0.0163520781
0.8445969872  -1.0830434444  -0.0170495978
0.8438997868  -1.0816377656  -0.0177649907
0.8431847261  -1.0801979369  -0.0184984627
0.8424515991  -1.0787236686  -0.0192502205
0.8417001988  -1.0772146745  -0.0200204716
0.8409303175  -1.0756706720  -0.0208094243
0.8401417466  -1.0740913515  -0.0216172876
0.8393342764  -1.0724764277  -0.0224442711
0.8385076966  -1.0708256960  -0.0232905852
0.8376617962  -1.0691389226  -0.0241564406
0.8367963638  -1.0674158235  -0.0250420488
0.8359111869  -1.0656561321  -0.0259476216
0.8350060525  -1.0638595970  -0.0268733713
0.8340807470  -1.0620259733  -0.0278195106
0.8331350564  -1.0601550222  -0.0287862522
0.8321687660  -1.0582465103  -0.0297738095
0.8311816609  -1.0563002098  -0.0307823959
0.8301735308  -1.0543159046  -0.0318122249
0.8291441675  -1.0522933884  -0.0328635100
0.8280933597  -1.0502324568  -0.0339364651
0.8270208940  -1.0481329097  -0.0350313036
0.8259265573  -1.0459945534  -0.0361482390
0.8248101361  -1.0438172011  -0.0372874835
0.8236714173  -1.0416006727  -0.0384492479
0.8225101878  -1.0393447949  -0.0396337435
0.8213262349  -1.0370494018  -0.0408411829
0.8201193462  -1.0347143345  -0.0420717797
0.8188893097  -1.0323394417  -0.0433257480
0.8176359139  -1.0299245802  -0.0446033027
0.8163589476  -1.0274696144  -0.0459046591
0.8150582003  -1.0249744176  -0.0472300327
0.8137334621  -1.0224388716  -0.0485796394
0.8123845238  -1.0198628680  -0.0499536946
0.8110111770  -1.0172463063  -0.0513524135
0.8096132139  -1.0145890931  -0.0527760090
0.8081904277  -1.0118911422  -0.0542246899
0.8067426123  -1.0091523776  -0.0556986602
0.8052695626  -1.0063727319  -0.0571981199
0.8037710753  -1.0035521481  -0.0587232648
0.8022469507  -1.0006905866  -0.0602742863
0.8006969899  -0.9977880212  -0.0618513717
0.7991209935  -0.9948444317  -0.0634547041
0.7975187632  -0.9918598083  -0.0650844625
0.7958901022  -0.9888341619  -0.0667408224
0.7942348155  -0.9857675309  -0.0684239580
0.7925527104  -0.9826599362  -0.0701340465
0.7908435962  -0.9795113164  -0.0718712676
0.7891072839  -0.9763215762  -0.0736357993
0.7873435860  -0.9730907110  -0.0754278182
0.7855523169  -0.9698188356  -0.0772474984
0.7837332933  -0.9665061163  -0.0790950121
0.7818863347  -0.9631527232  -0.0809705300
0.7800112630  -0.9597588233  -0.0828742213
0.7781078924  -0.9563245752  -0.0848062545
0.7761759895  -0.9528500970  -0.0867667972
0.7742153416  -0.9493355242  -0.0887560157
0.7722258086  -0.9457810541  -0.0907740743
0.7702072692  -0.9421869013  -0.0928211354
0.7681596126  -0.9385532892  -0.0948973597
0.7660827378  -0.9348804504  -0.0970029059
0.7639765538  -0.9311686273  -0.0991379312
0.7618409800  -0.9274180735  -0.1013025923
0.7596759460  -0.9236290516  -0.1034970441
0.7574813913  -0.9198018302  -0.1057214389
0.7552572656  -0.9159366911  -0.1079759259
0.7530035157  -0.9120339403  -0.1102606527
0.7507200204  -0.9080938521  -0.1125757664
0.7484065930  -0.9041166288  -0.1149214129
0.7460630375  -0.9001024398  -0.1172977362
0.7436891499  -0.8960514500  -0.1197048767
0.7412847163  -0.8919638236  -0.1221429710
0.7388495127  -0.8878397246  -0.1246121517
0.7363833056  -0.8836793158  -0.1271125484
0.7338858515  -0.8794827579  -0.1296442879
0.7313568967  -0.8752502039  -0.1322074917
0.7287961791  -0.8709817188  -0.1348022643
0.7262035882  -0.8666775278  -0.1374286923
0.7235791568  -0.8623384814  -0.1400869009
0.7209228518  -0.8579657905  -0.1427770892
0.7182345778  -0.8535601305  -0.1454994532
0.7155142222  -0.8491214311  -0.1482541105
0.7127616627  -0.8446495693  -0.1510411251
0.7099767855  -0.8401447659  -0.1538605514
0.7071594911  -0.8356074582  -0.1567124427
0.7043096930  -0.8310381613  -0.1595968476
0.7014273384  -0.8264374768  -0.1625138128
0.6985123825  -0.8218060369  -0.1654633813
0.6955647589  -0.8171444443  -0.1684455874
0.6925844006  -0.8124533121  -0.1714604589
0.6895712463  -0.8077332738  -0.1745080204
0.6865252404  -0.8029849817  -0.1775882917
0.6834463330  -0.7982091058  -0.1807012865
0.6803345101  -0.7934063904  -0.1838470176
0.6771897916  -0.7885776402  -0.1870255000
0.6740121699  -0.7837236213  -0.1902366366
0.6708015985  -0.7788450696  -0.1934801358
0.6675580519  -0.7739427228  -0.1967558075
0.6642815685  -0.7690173166  -0.2000637257
0.6609722212  -0.7640696309  -0.2034039748
0.6576300947  -0.7591005373  -0.2067765633
0.6542552476  -0.7541108742  -0.2101814821
0.6508477022  -0.7491013916  -0.2136186907
0.6474074794  -0.7440728243  -0.2170881012
0.6439346015  -0.7390259018  -0.2205895524
0.6404291482  -0.7339614517  -0.2241227593
0.6368912028  -0.7288803158  -0.2276872009
0.6333207356  -0.7237831717  -0.2312818165
0.6297170682  -0.7186706178  -0.2349005997
0.6260797757  -0.7135432544  -0.2385404747
0.6224113057  -0.7084018398  -0.2422140825
0.6187148438  -0.7032474372  -0.2459349899
0.6149901699  -0.6980812422  -0.2497051245
0.6112351769  -0.6929041970  -0.2535221776
0.6074487739  -0.6877170121  -0.2573843911
0.6036308289  -0.6825202479  -0.2612903949
0.5997813650  -0.6773142466  -0.2652387012
0.5959004563  -0.6720993534  -0.2692277035
0.5919882701  -0.6668760098  -0.2732556837
0.5880448576  -0.6616444379  -0.2773208204
0.5840701578  -0.6564046417  -0.2814211977
0.5800643094  -0.6511568537  -0.2855548132
0.5760275102  -0.6459012859  -0.2897195854
0.5719599192  -0.6406380327  -0.2939133622
0.5678617341  -0.6353672475  -0.2981339270
0.5637334406  -0.6300892781  -0.3023790061
0.5595756647  -0.6248046161  -0.3066462761
0.5553822480  -0.6195069732  -0.3109333740
0.5511456053  -0.6141885181  -0.3152379045
0.5468728268  -0.6088562766  -0.3195574434
0.5425713172  -0.6035176700  -0.3238895427
0.5382401182  -0.5981715683  -0.3282317378
0.5338789052  -0.5928174251  -0.3325815560
0.5294870593  -0.5874544111  -0.3369365248
0.5250633632  -0.5820811228  -0.3412941789
0.5206056325  -0.5766952328  -0.3456520670
0.5161100171  -0.5712928067  -0.3500077585
0.5115695429  -0.5658668880  -0.3543588499
0.5069704497  -0.5604039172  -0.3587029758
0.5022812245  -0.5548729518  -0.3630378445
0.4972066838  -0.5489814740  -0.3673612547
0.4920476935  -0.5430356660  -0.3716709779
0.4874163763  -0.5376441730  -0.3759646533
0.4831725126  -0.5326566455  -0.3802399245
0.4790435665  -0.5277961845  -0.3844946153
0.4749436973  -0.5229759309  -0.3887267174
0.4708707253  -0.5181930482  -0.3929343223
0.4668241992  -0.5134464099  -0.3971156104
0.4628038990  -0.5087351661  -0.4012688631
0.4588096226  -0.5040585362  -0.4053924693
0.4548411852  -0.4994158098  -0.4094849330
0.4508984201  -0.4948063435  -0.4135448841
0.4469811770  -0.4902295590  -0.4175710827
0.4430893185  -0.4856849408  -0.4215624208
0.4392227198  -0.4811720324  -0.4255179299
0.4353812672  -0.4766904336  -0.4294367873
0.4315648562  -0.4722397965  -0.4333183151
0.4277733880  -0.4678198220  -0.4371619802
0.4240067910  -0.4634302588  -0.4409675287
0.4202650478  -0.4590709014  -0.4447351258
0.4165481350  -0.4547415829  -0.4484650882
0.4128559470  -0.4504421646  -0.4521576768
0.4091883521  -0.4461725314  -0.4558133128
0.4055452595  -0.4419325923  -0.4594326774
0.4019265970  -0.4377222762  -0.4630166712
0.3983322918  -0.4335415286  -0.4665664417
0.3947622746  -0.4293903078  -0.4700834190
0.3912164847  -0.4252685832  -0.4735693709
0.3876948782  -0.4211763332  -0.4770265001
0.3841974499  -0.4171135476  -0.4804576376
0.3807242907  -0.4130802465  -0.4838667117
0.3772763531  -0.4090765547  -0.4872641520
0.3738545323  -0.4051025883  -0.4906595743
0.3704563902  -0.4011580991  -0.4940460899
0.3670779514  -0.3972425540  -0.4974120438
0.3637184284  -0.3933555835  -0.5007547304
0.3603792567  -0.3894970391  -0.5040752416
0.3570612495  -0.3856667914  -0.5073742241
0.3537644225  -0.3818646645  -0.5106518833
0.3504885937  -0.3780904592  -0.5139084195
0.3472335783  -0.3743439683  -0.5171440340
0.3439991931  -0.3706249774  -0.5203589301
0.3407852561  -0.3669332658  -0.5235533129
0.3375915875  -0.3632686063  -0.5267273882
0.3344180088  -0.3596307661  -0.5298813626
0.3312643431  -0.3560195073  -0.5330154427
0.3281304152  -0.3524345873  -0.5361298346
0.3250160515  -0.3488757598  -0.5392247434
0.3219210798  -0.3453427748  -0.5423003727
0.3188453298  -0.3418353790  -0.5453569236
0.3157886321  -0.3383533145  -0.5483945932
0.3127508190  -0.3348963204  -0.5514135731
0.3097317244  -0.3314641372  -0.5544140510
0.3067311841  -0.3280565092  -0.5573962115
0.3037490360  -0.3246731807  -0.5603602352
0.3007851194  -0.3213138949  -0.5633062969
0.2978392751  -0.3179783958  -0.5662345654
0.2949113454  -0.3146664288  -0.5691452027
0.2920011743  -0.3113777412  -0.5720383633
0.2891086073  -0.3081120821  -0.5749141936
0.2862334914  -0.3048692019  -0.5777728297
0.2833756748  -0.3016488501  -0.5806143947
0.2805350050  -0.2984507491  -0.5834389798
0.2777113274  -0.2952745980  -0.5862466310
0.2749044938  -0.2921202043  -0.5890374145
0.2721143730  -0.2889875403  -0.5918114940
0.2693408435  -0.2858765472  -0.5945690837
0.2665837738  -0.2827870064  -0.5973103618
0.2638430212  -0.2797186431  -0.6000354674
0.2611184434  -0.2766712228  -0.6027445320
0.2584099032  -0.2736445450  -0.6054376886
0.2557172669  -0.2706384199  -0.6081150696
0.2530404025  -0.2676526618  -0.6107768062
0.2503791792  -0.2646870886  -0.6134230279
0.2477334678  -0.2617415214  -0.6160538629
0.2451031403  -0.2588157847  -0.6186694380
0.2424880703  -0.2559097056  -0.6212698785
0.2398881324  -0.2530231146  -0.6238553084
0.2373032027  -0.2501558444  -0.6264258503
0.2347331586  -0.2473077306  -0.6289816255
0.2321778786  -0.2444786109  -0.6315227541
0.2296372426  -0.2416683250  -0.6340493547
0.2271111317  -0.2388767142  -0.6365615448
0.2245994281  -0.2361036214  -0.6390594407
0.2221020155  -0.2333488911  -0.6415431575
0.2196187785  -0.2306123694  -0.6440128091
0.2171496030  -0.2278939034  -0.6464685083
0.2146943760  -0.2251933413  -0.6489103666
0.2122529856  -0.2225105321  -0.6513384945
0.2098253212  -0.2198453257  -0.6537530016
0.2074112731  -0.2171975721  -0.6561539962
0.2050107328  -0.2145671219  -0.6585415857
0.2026235928  -0.2119538255  -0.6609158765
0.2002497469  -0.2093575319  -0.6632769740
0.1978890897  -0.2067780869  -0.6656249830
0.1955415169  -0.2042153362  -0.6679600075
0.1932069253  -0.2016691331  -0.6702821500
0.1908852125  -0.1991393406  -0.6725915121
0.1885762774  -0.1966258243  -0.6748881936
0.1862800196  -0.1941284478  -0.6771722936
0.1839963398  -0.1916470739  -0.6794439104
0.1817251398  -0.1891815666  -0.6817031413
0.1794663222  -0.1867317914  -0.6839500829
0.1772197905  -0.1842976150  -0.6861848306
0.1749854494  -0.1818789055  -0.6884074790
0.1727632043  -0.1794755322  -0.6906181218
0.1705529615  -0.1770873657  -0.6928168518
0.1683546282  -0.1747142776  -0.6950037609
0.1661681126  -0.1723561396  -0.6971789401
0.1639933237  -0.1700128212  -0.6993424796
0.1618301714  -0.1676841969  -0.7014944686
0.1596785665  -0.1653701504  -0.7036349957
0.1575384204  -0.1630705656  -0.7057641483
0.1554096457  -0.1607853215  -0.7078820132
0.1532921557  -0.1585142965  -0.7099886765
0.1511858642  -0.1562573712  -0.7120842232
0.1490906864  -0.1540144272  -0.7141687378
0.1470065378  -0.1517853469  -0.7162423037
0.1449333348  -0.1495700140  -0.7183050039
0.1428709948  -0.1473683130  -0.7203569202
0.1408194358  -0.1451801295  -0.7223981340
0.1387785766  -0.1430053503  -0.7244287257
0.1367483366  -0.1408438631  -0.7264487751
0.1347286362  -0.1386955567  -0.7284583612
0.1327193964  -0.1365603211  -0.7304575624
0.1307205389  -0.1344380473  -0.7324464560
0.1287319864  -0.1323286274  -0.7344251190
0.1267536618  -0.1302319545  -0.7363936276
0.1247854892  -0.1281479229  -0.7383520571
0.1228273931  -0.1260764279  -0.7403004822
0.1208792988  -0.1240173657  -0.7422389770
0.1189411324  -0.1219706340  -0.7441676150
0.1170128204  -0.1199361310  -0.7460864687
0.1150942902  -0.1179137563  -0.7479956102
0.1131854697  -0.1159034103  -0.7498951109
0.1112862876  -0.1139049945  -0.7517850415
0.1093966732  -0.1119184113  -0.7536654722
0.1075165565  -0.1099435639  -0.7555364722
0.1056458678  -0.1079803569  -0.7573981105
0.1037845385  -0.1060286953  -0.7592504553
0.1019325006  -0.1040885023  -0.7610935800
0.1000896870  -0.1021597072  -0.7629275644
0.0982560305  -0.1002421768  -0.7647524705
0.0964314633  -0.0983357682  -0.7665683442
0.0946159194  -0.0964404114  -0.7683752438
0.0928093341  -0.0945560443  -0.7701732346
0.0910116432  -0.0926825802  -0.7719623787
0.0892227828  -0.0908199327  -0.7737427380
0.0874426895  -0.0889680160  -0.7755143743
0.0856713004  -0.0871267448  -0.7772773494
0.0839085533  -0.0852960344  -0.7790317248
0.0821543866  -0.0834758006  -0.7807775622
0.0804087389  -0.0816659598  -0.7825149235
0.0786715498  -0.0798664288  -0.7842438704
0.0769427591  -0.0780771249  -0.7859644647
0.0752223071  -0.0762979660  -0.7876767684
0.0735101349  -0.0745288704  -0.7893808433
0.0718061839  -0.0727697571  -0.7910767517
0.0701103959  -0.0710205454  -0.7927645555
0.0684227134  -0.0692811554  -0.7944443169
0.0667430793  -0.0675515074  -0.7961160978
0.0650714371  -0.0658315227  -0.7977799604
0.0634077305  -0.0641211229  -0.7994359664
0.0617519039  -0.0624202303  -0.8010841774
0.0601039022  -0.0607287677  -0.8027246549
0.0584636705  -0.0590466586  -0.8043574599
0.0568311547  -0.0573738272  -0.8059826529
0.0552063009  -0.0557101982  -0.8076002940
0.0535890558  -0.0540556973  -0.8092104425
0.0519793664  -0.0524102504  -0.8108131571
0.0503771803  -0.0507737844  -0.8124084954
0.0487824454  -0.0491462268  -0.8139965140
0.0471954682  -0.0475275137  -0.8155999017
0.0456164320  -0.0459175780  -0.8172299214
0.0440443581  -0.0443163284  -0.8188479632
0.0424789229  -0.0427236902  -0.8204640526
0.0409205570  -0.0411396058  -0.8220775469
0.0393692030  -0.0395640072  -0.8236877087
0.0378248060  -0.0379968273  -0.8252937062
0.0362873131  -0.0364379996  -0.8268946128
0.0347566743  -0.0348874582  -0.8284894076
0.0332328423  -0.0333451382  -0.8300769749
0.0317157724  -0.0318109750  -0.8316561046
0.0302054232  -0.0302849049  -0.8332254921
0.0287017559  -0.0287668648  -0.8347837381
0.0272047353  -0.0272567922  -0.8363293488
0.0257143290  -0.0257546250  -0.8378607359
0.0242305081  -0.0242603021  -0.8393762165
0.0227532468  -0.0227737624  -0.8408740132
0.0212825230  -0.0212949459  -0.8423522539
0.0198183175  -0.0198237925  -0.8438089722
0.0183606146  -0.0183602432  -0.8452421068
0.0169094017  -0.0169042391  -0.8466495022
0.0154646696  -0.0154557220  -0.8480289082
0.0140264118  -0.0140146340  -0.8493779799
0.0125946248  -0.0125809178  -0.8506942781
0.0111693078  -0.0111545166  -0.8519752689
0.0097504624  -0.0097353741  -0.8532183239
0.0083380923  -0.0083234345  -0.8544207200
0.0069322031  -0.0069186424  -0.8555796399
0.0055328018  -0.0055209432  -0.8566921713
0.0041398965  -0.0041302828  -0.8577553078
0.0027534956  -0.0027466075  -0.8587659480
0.0013736076  -0.0013698645  -0.8597208962
0.0013731007  -0.0013698617  -0.8597208962
