0.172773
0.9723183083  -1.5456601151   0.0000632198
0.9723183083  -1.5456601151   0.0000632198
0.9723300816  -1.5456954533   0.0000579349
0.9723340506  -1.5457062305   0.0000387327
0.9723242491  -1.5456746029   0.0000052013
0.9722991812  -1.5455962299  -0.0000430652
0.9722581750  -1.5454691603  -0.0001064668
0.9722007956  -1.5452921287  -0.0001853972
0.9721266964  -1.5450641276  -0.0002802445
0.9720355708  -1.5447842659  -0.0003913903
0.9719271314  -1.5444517109  -0.0005192106
0.9718011015  -1.5440656638  -0.0006640751
0.9716572104  -1.5436253463  -0.0008263476
0.9714951911  -1.5431299945  -0.0010063859
0.9713147791  -1.5425788554  -0.0012045418
0.9711157112  -1.5419711850  -0.0014211609
0.9708977258  -1.5413062477  -0.0016565829
0.9706605621  -1.5405833156  -0.0019111416
0.9704039599  -1.5398016690  -0.0021851646
0.9701276602  -1.5389605962  -0.0024789736
0.9698314048  -1.5380593941  -0.0027928842
0.9695149361  -1.5370973689  -0.0031272060
0.9691779978  -1.5360738363  -0.0034822426
0.9688203345  -1.5349881225  -0.0038582916
0.9684416921  -1.5338395645  -0.0042556444
0.9680418176  -1.5326275112  -0.0046745868
0.9676204597  -1.5313513238  -0.0051153981
0.9671773685  -1.5300103766  -0.0055783519
0.9667122959  -1.5286040579  -0.0060637156
0.9662249955  -1.5271317707  -0.0065717508
0.9657152230  -1.5255929334  -0.0071027127
0.9651827364  -1.5239869804  -0.0076568509
0.9646273001  -1.5223132354  -0.0082353751
0.9640486743  -1.5205712630  -0.0088376333
0.9634466179  -1.5187607334  -0.0094635097
0.9628208996  -1.5168810845  -0.0101132628
0.9621712924  -1.5149317876  -0.0107871266
0.9614975711  -1.5129123751  -0.0114853203
0.9607995131  -1.5108224096  -0.0122080598
0.9600768994  -1.5086614776  -0.0129555584
0.9593295143  -1.5064291892  -0.0137280265
0.9585571460  -1.5041251785  -0.0145256710
0.9577595864  -1.5017491041  -0.0153486950
0.9569366315  -1.4993006499  -0.0161972979
0.9560880808  -1.4967795250  -0.0170716749
0.9552137357  -1.4941854627  -0.0179720169
0.9543134019  -1.4915182230  -0.0188985096
0.9533868917  -1.4887775955  -0.0198513340
0.9524340221  -1.4859633980  -0.0208306664
0.9514546154  -1.4830754770  -0.0218366787
0.9504484987  -1.4801137085  -0.0228695379
0.9494155042  -1.4770779976  -0.0239294061
0.9483554695  -1.4739682800  -0.0250164405
0.9472682374  -1.4707845216  -0.0261307932
0.9461536560  -1.4675267190  -0.0272726111
0.9450115791  -1.4641949000  -0.0284420358
0.9438418661  -1.4607891235  -0.0296392035
0.9426443820  -1.4573094794  -0.0308642440
0.9414189975  -1.4537560894  -0.0321172807
0.9401655890  -1.4501291065  -0.0333984319
0.9388840389  -1.4464287156  -0.0347078101
0.9375742355  -1.4426551330  -0.0360455230
0.9362360728  -1.4388086068  -0.0374116724
0.9348694484  -1.4348893978  -0.0388063548
0.9334742560  -1.4308978002  -0.0402296610
0.9320503966  -1.4268341802  -0.0416816766
0.9305977859  -1.4226989245  -0.0431624815
0.9291163460  -1.4184924224  -0.0446721484
0.9276060053  -1.4142151004  -0.0462107435
0.9260666986  -1.4098674205  -0.0477783274
0.9244983667  -1.4054498750  -0.0493749557
0.9229009568  -1.4009629858  -0.0510006790
0.9212744220  -1.3964073035  -0.0526555426
0.9196187213  -1.3917834067  -0.0543395869
0.9179338199  -1.3870919020  -0.0560528470
0.9162196886  -1.3823334226  -0.0577953531
0.9144763037  -1.3775086281  -0.0595671303
0.9127036332  -1.3726181922  -0.0613681983
0.9109016375  -1.3676628037  -0.0631985703
0.9090702950  -1.3626431858  -0.0650582530
0.9072096010  -1.3575600943  -0.0669472474
0.9053195567  -1.3524143087  -0.0688655483
0.9034001688  -1.3472066302  -0.0708131455
0.9014514495  -1.3419378813  -0.0727900230
0.8994734162  -1.3366089046  -0.0747961611
0.8974660915  -1.3312205615  -0.0768315392
0.8954295034  -1.3257737319  -0.0788961361
0.8933636839  -1.3202693137  -0.0809899257
0.8912686578  -1.3147082145  -0.0831128760
0.8891444225  -1.3090913364  -0.0852649501
0.8869909877  -1.3034196010  -0.0874461066
0.8848083966  -1.2976939648  -0.0896563004
0.8825966985  -1.2919153996  -0.0918954832
0.8803559475  -1.2860848893  -0.0941636074
0.8780862021  -1.2802034273  -0.0964606283
0.8757875249  -1.2742720161  -0.0987865019
0.8734599819  -1.2682916701  -0.1011411831
0.8711036420  -1.2622634150  -0.1035246268
0.8687185608  -1.2561882745  -0.1059367872
0.8663047490  -1.2500672493  -0.1083776183
0.8638622310  -1.2439013512  -0.1108470743
0.8613910786  -1.2376916271  -0.1133451100
0.8588913697  -1.2314391342  -0.1158716798
0.8563631854  -1.2251449220  -0.1184267378
0.8538066091  -1.2188100196  -0.1210102381
0.8512217268  -1.2124354568  -0.1236221343
0.8486086264  -1.2060222940  -0.1262623783
0.8459673983  -1.1995716212  -0.1289309157
0.8432981286  -1.1930845568  -0.1316276901
0.8406008698  -1.1865621781  -0.1343526558
0.8378756418  -1.1800054887  -0.1371057811
0.8351224568  -1.1734154701  -0.1398870443
0.8323413216  -1.1667930915  -0.1426964316
0.8295322380  -1.1601393107  -0.1455339286
0.8266952012  -1.1534550756  -0.1483995063
0.8238302004  -1.1467413253  -0.1512931155
0.8209372806  -1.1399990656  -0.1542146884
0.8180166300  -1.1332294788  -0.1571641409
0.8150683786  -1.1264336745  -0.1601413748
0.8120925054  -1.1196125633  -0.1631462914
0.8090889768  -1.1127670219  -0.1661788043
0.8060577538  -1.1058979093  -0.1692388325
0.8029987913  -1.0990060709  -0.1723262913
0.7999120375  -1.0920923392  -0.1754410934
0.7967974741  -1.0851575800  -0.1785831496
0.7936552491  -1.0782028570  -0.1817523723
0.7904855537  -1.0712292718  -0.1849486737
0.7872884828  -1.0642377898  -0.1881719637
0.7840641220  -1.0572293522  -0.1914221483
0.7808125602  -1.0502048930  -0.1946991315
0.7775338906  -1.0431653396  -0.1980028178
0.7742282116  -1.0361116160  -0.2013331104
0.7708956456  -1.0290446915  -0.2046899070
0.7675363230  -1.0219655362  -0.2080730890
0.7641503551  -1.0148750630  -0.2114825329
0.7607378555  -1.0077742112  -0.2149181701
0.7572989512  -1.0006639607  -0.2183799911
0.7538337650  -0.9935452274  -0.2218679482
0.7503423299  -0.9864187628  -0.2253819139
0.7468244774  -0.9792851440  -0.2289217314
0.7432803282  -0.9721452440  -0.2324872443
0.7397104687  -0.9650003654  -0.2360782969
0.7361155717  -0.9578518912  -0.2396947342
0.7324963532  -0.9507012385  -0.2433363986
0.7288535354  -0.9435498355  -0.2470031316
0.7251874675  -0.9363987991  -0.2506947764
0.7214979695  -0.9292486835  -0.2544111771
0.7177846669  -0.9220997422  -0.2581521789
0.7140471380  -0.9149521538  -0.2619176224
0.7102849064  -0.9078060322  -0.2657073404
0.7064975398  -0.9006615398  -0.2695211656
0.7026852478  -0.8935195725  -0.2733589357
0.6988485484  -0.8863813468  -0.2772204907
0.6949876341  -0.8792476571  -0.2811056879
0.6911026109  -0.8721192000  -0.2850142728
0.6871935554  -0.8649966827  -0.2889457933
0.6832606220  -0.8578808948  -0.2928999364
0.6793040675  -0.8507726362  -0.2968766589
0.6753240987  -0.8436725801  -0.3008759051
0.6713208419  -0.8365813422  -0.3048975352
0.6672944071  -0.8294995417  -0.3089413685
0.6632449772  -0.8224279358  -0.3130071450
0.6591727672  -0.8153673482  -0.3170944622
0.6550779038  -0.8083184746  -0.3212026226
0.6509603843  -0.8012819830  -0.3253301253
0.6468196453  -0.7942589524  -0.3294710026
0.6426559800  -0.7872500694  -0.3336256113
0.6384725418  -0.7802542641  -0.3378090032
0.6342716990  -0.7732709853  -0.3420303492
0.6300520509  -0.7663021221  -0.3462875579
0.6258117645  -0.7593497969  -0.3505784713
0.6215504273  -0.7524149617  -0.3549017697
0.6172680717  -0.7454981008  -0.3592560982
0.6129648993  -0.7385998730  -0.3636399842
0.6086411188  -0.7317209026  -0.3680518412
0.6042968206  -0.7248615638  -0.3724899744
0.5999322151  -0.7180224042  -0.3769525924
0.5955475601  -0.7112039843  -0.3814378288
0.5911430465  -0.7044066734  -0.3859437578
0.5867189718  -0.6976309929  -0.3904684038
0.5822754609  -0.6908772223  -0.3950097509
0.5778125863  -0.6841455468  -0.3995657517
0.5733306121  -0.6774363433  -0.4041343227
0.5688298278  -0.6707499748  -0.4087133379
0.5643104632  -0.6640867344  -0.4133006399
0.5597736457  -0.6574477834  -0.4178940533
0.5552121889  -0.6508259895  -0.4224913927
0.5506184067  -0.6442137019  -0.4270904671
0.5460006357  -0.6376194485  -0.4316890816
0.5413654532  -0.6310500038  -0.4362850424
0.5367111955  -0.6245036997  -0.4408761665
0.5320365711  -0.6179792208  -0.4454602898
0.5273391620  -0.6114741570  -0.4500352718
0.5226145984  -0.6049841951  -0.4545990001
0.5178546642  -0.5985012828  -0.4591493988
0.5130421610  -0.5920085978  -0.4636844401
0.5081302830  -0.5854602054  -0.4682021744
0.5028575888  -0.5785994353  -0.4727007229
0.4977035213  -0.5719083147  -0.4771781555
0.4931453957  -0.5658559860  -0.4816324489
0.4888079137  -0.5600584982  -0.4860616602
0.4845161970  -0.5543384528  -0.4904640347
0.4802560481  -0.5486807444  -0.4948379440
0.4760268234  -0.5430838601  -0.4991818418
0.4718282063  -0.5375466259  -0.5034942707
0.4676598940  -0.5320679026  -0.5077738701
0.4635215991  -0.5266465888  -0.5120193844
0.4594130490  -0.5212816196  -0.5162296684
0.4553339843  -0.5159719673  -0.5204036888
0.4512841575  -0.5107166392  -0.5245405313
0.4472633322  -0.5055146767  -0.5286394041
0.4432712821  -0.5003651541  -0.5326996447
0.4393077909  -0.4952671775  -0.5367207285
0.4353726504  -0.4902198835  -0.5407022704
0.4314656585  -0.4852224384  -0.5446440262
0.4275866182  -0.4802740367  -0.5485458992
0.4237353355  -0.4753739006  -0.5524079279
0.4199116367  -0.4705212746  -0.5562304371
0.4161153938  -0.4657154187  -0.5600141845
0.4123464685  -0.4609556206  -0.5637600478
0.4086046523  -0.4562412070  -0.5674688396
0.4048897218  -0.4515715277  -0.5711415556
0.4012014915  -0.4469459425  -0.5747794681
0.3975397948  -0.4423638247  -0.5783841076
0.3939044740  -0.4378245639  -0.5819573315
0.3902953918  -0.4333275626  -0.5855014379
0.3867124555  -0.4288722327  -0.5890194123
0.3831556962  -0.4244579840  -0.5925156593
0.3796258118  -0.4200841332  -0.5960006435
0.3761229376  -0.4157501402  -0.5994800077
0.3726443461  -0.4114559705  -0.6029427915
0.3691872710  -0.4072014952  -0.6063801189
0.3657520633  -0.4029859737  -0.6097928598
0.3623398531  -0.3988085817  -0.6131821170
0.3589507879  -0.3946687233  -0.6165482045
0.3555846603  -0.3905658826  -0.6198913644
0.3522412385  -0.3864995565  -0.6232118376
0.3489202936  -0.3824692500  -0.6265098645
0.3456215995  -0.3784744761  -0.6297856857
0.3423449329  -0.3745147555  -0.6330395407
0.3390900735  -0.3705896162  -0.6362716684
0.3358568035  -0.3666985941  -0.6394823060
0.3326449081  -0.3628412321  -0.6426716895
0.3294541749  -0.3590170804  -0.6458400526
0.3262843944  -0.3552256966  -0.6489876265
0.3231353594  -0.3514666449  -0.6521146398
0.3200068653  -0.3477394969  -0.6552213180
0.3168987103  -0.3440438310  -0.6583078830
0.3138106946  -0.3403792324  -0.6613745528
0.3107426210  -0.3367452926  -0.6644215398
0.3076942945  -0.3331416092  -0.6674490501
0.3046655226  -0.3295677875  -0.6704572849
0.3016561153  -0.3260234398  -0.6734464412
0.2986658851  -0.3225081857  -0.6764167110
0.2956946470  -0.3190216504  -0.6793682797
0.2927422179  -0.3155634654  -0.6823013259
0.2898084168  -0.3121332685  -0.6852160203
0.2868930651  -0.3087307030  -0.6881125247
0.2839959856  -0.3053554171  -0.6909909879
0.2811170020  -0.3020070589  -0.6938515310
0.2782559381  -0.2986852798  -0.6966942468
0.2754126255  -0.2953897627  -0.6995192640
0.2725869087  -0.2921202268  -0.7023267886
0.2697786354  -0.2888763822  -0.7051170380
0.2669876449  -0.2856579101  -0.7078901869
0.2642137725  -0.2824644894  -0.7106463890
0.2614568574  -0.2792958138  -0.7133857985
0.2587167428  -0.2761515872  -0.7161085695
0.2559932747  -0.2730315192  -0.7188148544
0.2532863010  -0.2699353248  -0.7215048033
0.2505956713  -0.2668627235  -0.7241785650
0.2479212372  -0.2638134397  -0.7268362859
0.2452628520  -0.2607872023  -0.7294781110
0.2426203709  -0.2577837445  -0.7321041833
0.2399936507  -0.2548028043  -0.7347146441
0.2373825500  -0.2518441234  -0.7373096328
0.2347869291  -0.2489074481  -0.7398892875
0.2322066499  -0.2459925285  -0.7424537441
0.2296415762  -0.2430991187  -0.7450031373
0.2270915730  -0.2402269766  -0.7475375999
0.2245565074  -0.2373758638  -0.7500572633
0.2220362476  -0.2345455455  -0.7525622572
0.2195306636  -0.2317357906  -0.7550527099
0.2170396270  -0.2289463711  -0.7575287481
0.2145630107  -0.2261770627  -0.7599904971
0.2121006891  -0.2234276443  -0.7624380807
0.2096525383  -0.2206978979  -0.7648716215
0.2072184356  -0.2179876086  -0.7672912403
0.2047982599  -0.2152965646  -0.7696970569
0.2023918912  -0.2126245570  -0.7720891896
0.1999992111  -0.2099713794  -0.7744677557
0.1976201027  -0.2073368280  -0.7768328711
0.1952544502  -0.2047207019  -0.7791846505
0.1929021391  -0.2021228043  -0.7815232073
0.1905630563  -0.1995429423  -0.7838486531
0.1882370899  -0.1969809256  -0.7861610982
0.1859241293  -0.1944365660  -0.7884606519
0.1836240652  -0.1919096778  -0.7907474221
0.1813367894  -0.1894000780  -0.7930215157
0.1790621950  -0.1869075864  -0.7952830383
0.1768001764  -0.1844320251  -0.7975320945
0.1745506289  -0.1819732188  -0.7997687876
0.1723134492  -0.1795309946  -0.8019932197
0.1700885351  -0.1771051822  -0.8042054919
0.1678757853  -0.1746956133  -0.8064057041
0.1656751000  -0.1723021214  -0.8085939553
0.1634863801  -0.1699245429  -0.8107703432
0.1613095280  -0.1675627177  -0.8129349645
0.1591444467  -0.1652164878  -0.8150879149
0.1569910406  -0.1628856965  -0.8172292889
0.1548492150  -0.1605701887  -0.8193591801
0.1527188762  -0.1582698118  -0.8214776812
0.1505999317  -0.1559844151  -0.8235848837
0.1484922897  -0.1537138499  -0.8256808784
0.1463958595  -0.1514579696  -0.8277657547
0.1443105516  -0.1492166294  -0.8298396016
0.1422362771  -0.1469896865  -0.8319025066
0.1401729481  -0.1447770000  -0.8339545567
0.1381204780  -0.1425784307  -0.8359958379
0.1360787806  -0.1403938415  -0.8380264350
0.1340477709  -0.1382230968  -0.8400464322
0.1320273648  -0.1360660631  -0.8420559128
0.1300174790  -0.1339226084  -0.8440549592
0.1280180311  -0.1317926024  -0.8460436528
0.1260289396  -0.1296759167  -0.8480220743
0.1240501236  -0.1275724244  -0.8499903035
0.1220815035  -0.1254820003  -0.8519484195
0.1201230000  -0.1234045207  -0.8538965004
0.1181745351  -0.1213398637  -0.8558346235
0.1162360312  -0.1192879088  -0.8577628656
0.1143074119  -0.1172485370  -0.8596813022
0.1123886011  -0.1152216309  -0.8615900086
0.1104795239  -0.1132070746  -0.8634890589
0.1085801059  -0.1112047536  -0.8653785266
0.1066902737  -0.1092145548  -0.8672584844
0.1048099543  -0.1072363665  -0.8691290045
0.1029390760  -0.1052700814  -0.8709901639
0.1010775678  -0.1033155944  -0.8728420462
0.0992253589  -0.1013727914  -0.8746847169
0.0973823782  -0.0994415569  -0.8765182251
0.0955485560  -0.0975217889  -0.8783426321
0.0937238245  -0.0956133884  -0.8801580067
0.0919081161  -0.0937162538  -0.8819644139
0.0901013637  -0.0918302841  -0.8837619186
0.0883035008  -0.0899553796  -0.8855505854
0.0865144618  -0.0880914418  -0.8873304789
0.0847341814  -0.0862383734  -0.8891016633
0.0829625953  -0.0843960781  -0.8908642031
0.0811996394  -0.0825644606  -0.8926181626
0.0794452506  -0.0807434270  -0.8943636059
0.0776993662  -0.0789328842  -0.8961005973
0.0759619243  -0.0771327403  -0.8978292012
0.0742328634  -0.0753429044  -0.8995494817
0.0725121226  -0.0735632865  -0.9012615031
0.0707996416  -0.0717937977  -0.9029653297
0.0690953608  -0.0700343502  -0.9046610256
0.0673992211  -0.0682848570  -0.9063486550
0.0657111637  -0.0665452322  -0.9080282818
0.0640311307  -0.0648153907  -0.9096999697
0.0623590646  -0.0630952486  -0.9113637823
0.0606949083  -0.0613847226  -0.9130197828
0.0590386055  -0.0596837305  -0.9146680339
0.0573901001  -0.0579921912  -0.9163085979
0.0557493368  -0.0563100240  -0.9179415366
0.0541162605  -0.0546371497  -0.9195669108
0.0524908170  -0.0529734895  -0.9211847807
0.0508729522  -0.0513189657  -0.9227952054
0.0492626128  -0.0496735013  -0.9243982431
0.0476601068  -0.0480370161  -0.9260168012
0.0460656189  -0.0464094325  -0.9276622519
0.0444781613  -0.0447906875  -0.9292956144
0.0428974061  -0.0431807099  -0.9309270115
0.0413237868  -0.0415794215  -0.9325557949
0.0397572448  -0.0399867503  -0.9341812207
0.0381977236  -0.0384026254  -0.9358024496
0.0366451693  -0.0368269765  -0.9374185467
0.0350995308  -0.0352597340  -0.9390284815
0.0335607596  -0.0337008292  -0.9406311283
0.0320288103  -0.0321501942  -0.9422252655
0.0305036402  -0.0306077617  -0.9438095762
0.0289852101  -0.0290734651  -0.9453826480
0.0274734837  -0.0275472389  -0.9469429729
0.0259684284  -0.0260290178  -0.9484889475
0.0244700146  -0.0245187376  -0.9500188728
0.0229782162  -0.0230163348  -0.9515309543
0.0214930107  -0.0215217463  -0.9530233019
0.0200143787  -0.0200349101  -0.9544939302
0.0185423045  -0.0185557646  -0.9559407581
0.0170767755  -0.0170842490  -0.9573616091
0.0156177825  -0.0156203033  -0.9587542111
0.0141653194  -0.0141638681  -0.9601161966
0.0127193828  -0.0127148845  -0.9614451024
0.0112799724  -0.0112732946  -0.9627383700
0.0098470901  -0.0098390409  -0.9639933453
0.0084207404  -0.0084120668  -0.9652072787
0.0070009292  -0.0069923162  -0.9663773250
0.0055876643  -0.0055797337  -0.9675005435
0.0041809542  -0.0041742647  -0.9685738982
0.0027808084  -0.0027758552  -0.9695942574
0.0013872358  -0.0013844516  -0.9705583938
0.0013867192  -0.0013844491  -0.9705583938
