0.163319
1.0502067005  -1.7500887193   0.0000891362
1.0502067005  -1.7500887193   0.0000891362
1.0502234224  -1.7501423227   0.0000812890
1.0502288824  -1.7501575030   0.0000535156
1.0502145615  -1.7501070634   0.0000051836
1.0501782638  -1.7499842531  -0.0000643255
1.0501190021  -1.7497860408  -0.0001556160
1.0500361380  -1.7495104690  -0.0002692786
1.0499291666  -1.7491559909  -0.0004058898
1.0497976431  -1.7487212497  -0.0005660125
1.0496411547  -1.7482049902  -0.0007501953
1.0494593067  -1.7476060197  -0.0009589732
1.0492517167  -1.7469231892  -0.0011928670
1.0490180108  -1.7461553833  -0.0014523838
1.0487578217  -1.7453015162  -0.0017380166
1.0484707884  -1.7443605294  -0.0020502446
1.0481565549  -1.7433313905  -0.0023895330
1.0478147706  -1.7422130940  -0.0027563331
1.0474450902  -1.7410046618  -0.0031510823
1.0470471733  -1.7397051441  -0.0035742040
1.0466206855  -1.7383136209  -0.0040261077
1.0461652977  -1.7368292033  -0.0045071891
1.0456806868  -1.7352510349  -0.0050178299
1.0451665362  -1.7335782935  -0.0055583976
1.0446225355  -1.7318101928  -0.0061292462
1.0440483814  -1.7299459838  -0.0067307156
1.0434437777  -1.7279849565  -0.0073631317
1.0428084357  -1.7259264414  -0.0080268065
1.0421420744  -1.7237698113  -0.0087220382
1.0414444211  -1.7215144827  -0.0094491109
1.0407152115  -1.7191599171  -0.0102082950
1.0399541900  -1.7167056230  -0.0109998466
1.0391611193  -1.7141508863  -0.0118253722
1.0383357572  -1.7114955211  -0.0126838367
1.0374778621  -1.7087395783  -0.0135749595
1.0365872188  -1.7058826197  -0.0144989876
1.0356636243  -1.7029242838  -0.0154561267
1.0347068801  -1.6998643482  -0.0164465568
1.0337167969  -1.6967026635  -0.0174704475
1.0326931985  -1.6934391426  -0.0185279589
1.0316359201  -1.6900737577  -0.0196192406
1.0305448088  -1.6866065388  -0.0207444320
1.0294197232  -1.6830375745  -0.0219036614
1.0282605335  -1.6793670124  -0.0230970459
1.0270671221  -1.6755950590  -0.0243246903
1.0258393834  -1.6717219804  -0.0255866874
1.0245772239  -1.6677481021  -0.0268831177
1.0232805624  -1.6636738091  -0.0282140508
1.0219493300  -1.6594995457  -0.0295795445
1.0205834703  -1.6552258152  -0.0309796450
1.0191829389  -1.6508531796  -0.0324143872
1.0177477039  -1.6463822592  -0.0338837942
1.0162777456  -1.6418137315  -0.0353878775
1.0147730546  -1.6371483290  -0.0369266361
1.0132336229  -1.6323868283  -0.0385000563
1.0116594541  -1.6275300603  -0.0401081131
1.0100505730  -1.6225789199  -0.0417507705
1.0084070183  -1.6175343570  -0.0434279820
1.0067288405  -1.6123973731  -0.0451396906
1.0050161018  -1.6071690202  -0.0468858285
1.0032688760  -1.6018503989  -0.0486663180
1.0014872483  -1.5964426571  -0.0504810701
0.9996713146  -1.5909469878  -0.0523299841
0.9978211816  -1.5853645976  -0.0542129492
0.9959369660  -1.5796967536  -0.0561298455
0.9940187924  -1.5739448330  -0.0580805451
0.9920667745  -1.5681101963  -0.0600649118
0.9900810331  -1.5621941843  -0.0620828009
0.9880617170  -1.5561982024  -0.0641340597
0.9860089881  -1.5501237024  -0.0662185264
0.9839230173  -1.5439721675  -0.0683360298
0.9818039840  -1.5377451083  -0.0704863916
0.9796520759  -1.5314440609  -0.0726694276
0.9774674885  -1.5250705847  -0.0748849481
0.9752504243  -1.5186262596  -0.0771327577
0.9730010887  -1.5121126809  -0.0794126557
0.9707196618  -1.5055314293  -0.0817244357
0.9684063240  -1.4988840947  -0.0840678835
0.9660612917  -1.4921723074  -0.0864427796
0.9636847942  -1.4853977163  -0.0888489010
0.9612770668  -1.4785619797  -0.0912860221
0.9588383496  -1.4716667630  -0.0937539145
0.9563688872  -1.4647137367  -0.0962523477
0.9538689278  -1.4577045740  -0.0987810888
0.9513387158  -1.4506409421  -0.1013399027
0.9487784532  -1.4435244673  -0.1039285506
0.9461883424  -1.4363567704  -0.1065467895
0.9435686311  -1.4291395059  -0.1091943722
0.9409195774  -1.4218743315  -0.1118710485
0.9382414420  -1.4145628987  -0.1145765658
0.9355344874  -1.4072068509  -0.1173106705
0.9327989777  -1.3998078214  -0.1200731134
0.9300351756  -1.3923674289  -0.1228636508
0.9272432889  -1.3848872368  -0.1256820390
0.9244235060  -1.3773687775  -0.1285280311
0.9215760667  -1.3698136079  -0.1314013791
0.9187012322  -1.3622232898  -0.1343018353
0.9157992643  -1.3545993735  -0.1372291536
0.9128704249  -1.3469433913  -0.1401830953
0.9099149758  -1.3392568547  -0.1431634321
0.9069331648  -1.3315412473  -0.1461699421
0.9039251628  -1.3237979848  -0.1492024080
0.9008911376  -1.3160284639  -0.1522606175
0.8978313274  -1.3082340975  -0.1553443641
0.8947459812  -1.3004162605  -0.1584534471
0.8916353468  -1.2925763028  -0.1615876728
0.8884996699  -1.2847155858  -0.1647468523
0.8853391935  -1.2768354775  -0.1679308020
0.8821540913  -1.2689372864  -0.1711393439
0.8789444762  -1.2610222544  -0.1743723053
0.8757105207  -1.2530916316  -0.1776295134
0.8724524500  -1.2451466763  -0.1809107958
0.8691704884  -1.2371886212  -0.1842159954
0.8658648605  -1.2292186709  -0.1875449773
0.8625357890  -1.2212380037  -0.1908976249
0.8591834948  -1.2132477938  -0.1942738358
0.8558081606  -1.2052492047  -0.1976735088
0.8524098842  -1.1972432825  -0.2010965282
0.8489887090  -1.1892309575  -0.2045427585
0.8455446651  -1.1812131255  -0.2080120477
0.8420777723  -1.1731906513  -0.2115042297
0.8385880433  -1.1651643679  -0.2150191365
0.8350755379  -1.1571351397  -0.2185566148
0.8315405410  -1.1491040934  -0.2221165216
0.8279832971  -1.1410723042  -0.2256987153
0.8244038049  -1.1330405336  -0.2293030572
0.8208020211  -1.1250094722  -0.2329294142
0.8171778923  -1.1169797815  -0.2365776577
0.8135313554  -1.1089520964  -0.2402476599
0.8098623955  -1.1009270998  -0.2439392923
0.8061712263  -1.0929057410  -0.2476524256
0.8024581179  -1.0848890109  -0.2513869310
0.7987232123  -1.0768777118  -0.2551426811
0.7949666378  -1.0688726069  -0.2589195378
0.7911885232  -1.0608744447  -0.2627173569
0.7873890080  -1.0528839911  -0.2665360485
0.7835682712  -1.0449021020  -0.2703755885
0.7797264956  -1.0369296260  -0.2742359214
0.7758638182  -1.0289672692  -0.2781169117
0.7719803585  -1.0210156698  -0.2820183960
0.7680762456  -1.0130754776  -0.2859402175
0.7641515946  -1.0051473380  -0.2898822215
0.7602062486  -0.9972316690  -0.2938442521
0.7562402406  -0.9893290650  -0.2978261534
0.7522542137  -0.9814406581  -0.3018277658
0.7482490114  -0.9735677581  -0.3058489274
0.7442255228  -0.9657117099  -0.3098894753
0.7401845665  -0.9578738118  -0.3139492445
0.7361263708  -0.9500548292  -0.3180280704
0.7320505556  -0.9422548449  -0.3221257868
0.7279565987  -0.9344736886  -0.3262422269
0.7238439215  -0.9267111127  -0.3303772280
0.7197119156  -0.9189668302  -0.3345306321
0.7155605850  -0.9112412577  -0.3387022951
0.7113904587  -0.9035353970  -0.3428920302
0.7072017877  -0.8958499394  -0.3470994389
0.7029946436  -0.8881853520  -0.3513241084
0.6987691693  -0.8805420398  -0.3555659241
0.6945256128  -0.8729205110  -0.3598248525
0.6902642019  -0.8653213394  -0.3641007725
0.6859850642  -0.8577449633  -0.3683935276
0.6816882898  -0.8501917500  -0.3727028926
0.6773739800  -0.8426621158  -0.3770285127
0.6730422973  -0.8351566512  -0.3813697775
0.6686933198  -0.8276759442  -0.3857254356
0.6643264429  -0.8202207633  -0.3900899580
0.6599417446  -0.8127914493  -0.3944630697
0.6555422691  -0.8053868503  -0.3988584107
0.6511305625  -0.7980063148  -0.4032850760
0.6467053065  -0.7906513137  -0.4077414724
0.6422645318  -0.7833235963  -0.4122255148
0.6378078097  -0.7760240568  -0.4167359628
0.6333352187  -0.7687530962  -0.4212715748
0.6288468212  -0.7615109301  -0.4258310224
0.6243428151  -0.7542979723  -0.4304128961
0.6198233888  -0.7471145774  -0.4350156973
0.6152886255  -0.7399608882  -0.4396378333
0.6107387359  -0.7328372413  -0.4442776211
0.6061739306  -0.7257439168  -0.4489332931
0.6015944053  -0.7186811112  -0.4536030132
0.5970003876  -0.7116490823  -0.4582849008
0.5923918933  -0.7046477847  -0.4629770463
0.5877690460  -0.6976772829  -0.4676775181
0.5831321089  -0.6907377469  -0.4723843728
0.5784812883  -0.6838292695  -0.4770956518
0.5738174797  -0.6769526204  -0.4818093704
0.5691380736  -0.6701050776  -0.4865235255
0.5644325462  -0.6632760087  -0.4912361109
0.5597039418  -0.6564684458  -0.4959451218
0.5549618819  -0.6496920826  -0.5006485547
0.5502055447  -0.6429459975  -0.5053444129
0.5454337124  -0.6362288154  -0.5100307154
0.5406442465  -0.6295382714  -0.5147055047
0.5358332685  -0.6228704077  -0.5193668527
0.5309935109  -0.6162179742  -0.5240128647
0.5261100150  -0.6095662271  -0.5286416881
0.5211453778  -0.6028784196  -0.5332515432
0.5158465955  -0.5959054933  -0.5378407233
0.5106302498  -0.5890669757  -0.5424074751
0.5059655575  -0.5828249240  -0.5469499464
0.5015287723  -0.5768467629  -0.5514663509
0.4971405800  -0.5709504700  -0.5559550838
0.4927845009  -0.5651186010  -0.5604146632
0.4884598825  -0.5593495961  -0.5648436814
0.4841664026  -0.5536422408  -0.5692408138
0.4799037524  -0.5479953545  -0.5736048263
0.4756716376  -0.5424077965  -0.5779345793
0.4714697777  -0.5368784645  -0.5822290351
0.4672979056  -0.5314062933  -0.5864872617
0.4631557659  -0.5259902546  -0.5907084357
0.4590431138  -0.5206293557  -0.5948918472
0.4549597141  -0.5153226375  -0.5990369042
0.4509053412  -0.5100691740  -0.6031431409
0.4468797780  -0.5048680704  -0.6072102227
0.4428828140  -0.4997184622  -0.6112379462
0.4389142437  -0.4946195139  -0.6152262432
0.4349738645  -0.4895704186  -0.6191751729
0.4310614837  -0.4845703946  -0.6230849825
0.4271769488  -0.4796186778  -0.6269563209
0.4233201284  -0.4747145251  -0.6307900972
0.4194908309  -0.4698572318  -0.6345871436
0.4156888222  -0.4650461244  -0.6383483815
0.4119138987  -0.4602805411  -0.6420749975
0.4081658844  -0.4555598321  -0.6457684182
0.4044446125  -0.4508833644  -0.6494303656
0.4007499353  -0.4462505185  -0.6530629589
0.3970817447  -0.4416606857  -0.6566689274
0.3934400352  -0.4371132587  -0.6602521820
0.3898254490  -0.4326075363  -0.6638223588
0.3862381976  -0.4281429383  -0.6673853279
0.3826757677  -0.4237193870  -0.6709314394
0.3791354134  -0.4193367497  -0.6744520551
0.3756173268  -0.4149942925  -0.6779476861
0.3721225893  -0.4106911702  -0.6814194468
0.3686513740  -0.4064267601  -0.6848676657
0.3652034762  -0.4022005274  -0.6882925868
0.3617786623  -0.3980119513  -0.6916944522
0.3583767009  -0.3938605197  -0.6950735038
0.3549973637  -0.3897457287  -0.6984299833
0.3516404255  -0.3856670822  -0.7017641314
0.3483056636  -0.3816240923  -0.7050761878
0.3449928583  -0.3776162788  -0.7083663909
0.3417017925  -0.3736431692  -0.7116349773
0.3384322520  -0.3697042987  -0.7148821816
0.3351840249  -0.3657992097  -0.7181082360
0.3319569021  -0.3619274521  -0.7213133699
0.3287506771  -0.3580885832  -0.7244978096
0.3255651458  -0.3542821674  -0.7276617780
0.3224001067  -0.3505077761  -0.7308054943
0.3192553606  -0.3467649877  -0.7339291728
0.3161307105  -0.3430533867  -0.7370330213
0.3130259618  -0.3393725651  -0.7401172424
0.3099409226  -0.3357221225  -0.7431820344
0.3068754035  -0.3321016658  -0.7462275908
0.3038292174  -0.3285108084  -0.7492540992
0.3008021793  -0.3249491700  -0.7522617405
0.2977941066  -0.3214163765  -0.7552506881
0.2948048186  -0.3179120601  -0.7582211066
0.2918341364  -0.3144358579  -0.7611731491
0.2888818818  -0.3109874074  -0.7641069424
0.2859478769  -0.3075663484  -0.7670225846
0.2830319509  -0.3041723518  -0.7699202047
0.2801339458  -0.3008051258  -0.7728000055
0.2772537074  -0.2974643718  -0.7756622049
0.2743910739  -0.2941497622  -0.7785069806
0.2715458787  -0.2908609662  -0.7813344888
0.2687179591  -0.2875976671  -0.7841448854
0.2659071565  -0.2843595594  -0.7869383263
0.2631133151  -0.2811463436  -0.7897149656
0.2603362808  -0.2779577256  -0.7924749556
0.2575759016  -0.2747934160  -0.7952184465
0.2548320272  -0.2716531306  -0.7979455869
0.2521045092  -0.2685365896  -0.8006565232
0.2493932010  -0.2654435182  -0.8033514004
0.2466979576  -0.2623736457  -0.8060303615
0.2440186360  -0.2593267061  -0.8086935479
0.2413550946  -0.2563024377  -0.8113410991
0.2387071937  -0.2533005827  -0.8139731530
0.2360747952  -0.2503208877  -0.8165898459
0.2334577627  -0.2473631031  -0.8191913124
0.2308559612  -0.2444269831  -0.8217776856
0.2282692575  -0.2415122857  -0.8243490970
0.2256975199  -0.2386187725  -0.8269056764
0.2231406183  -0.2357462086  -0.8294475523
0.2205984238  -0.2328943629  -0.8319748516
0.2180708095  -0.2300630072  -0.8344877000
0.2155576495  -0.2272519170  -0.8369862214
0.2130588196  -0.2244608709  -0.8394705385
0.2105741970  -0.2216896504  -0.8419407727
0.2081036603  -0.2189380403  -0.8443970439
0.2056470894  -0.2162058279  -0.8468394709
0.2032043657  -0.2134928031  -0.8492681713
0.2007753718  -0.2107987588  -0.8516832614
0.1983599919  -0.2081234921  -0.8540848561
0.1959581111  -0.2054668043  -0.8564730686
0.1935696160  -0.2028284992  -0.8588480110
0.1911943944  -0.2002083828  -0.8612097938
0.1888323355  -0.1976062640  -0.8635585266
0.1864833297  -0.1950219541  -0.8658943180
0.1841472684  -0.1924552673  -0.8682172749
0.1818240446  -0.1899060204  -0.8705275036
0.1795135520  -0.1873740328  -0.8728251087
0.1772156859  -0.1848591263  -0.8751101940
0.1749303425  -0.1823611254  -0.8773828620
0.1726574192  -0.1798798566  -0.8796432141
0.1703968146  -0.1774151484  -0.8818913508
0.1681484282  -0.1749668321  -0.8841273712
0.1659121608  -0.1725347430  -0.8863513735
0.1636879142  -0.1701187183  -0.8885634548
0.1614755913  -0.1677185966  -0.8907637112
0.1592750958  -0.1653342182  -0.8929522376
0.1570863329  -0.1629654258  -0.8951291281
0.1549092083  -0.1606120640  -0.8972944757
0.1527436292  -0.1582739797  -0.8994483724
0.1505895033  -0.1559510218  -0.9015909094
0.1484467396  -0.1536430412  -0.9037221767
0.1463152480  -0.1513498906  -0.9058422634
0.1441949394  -0.1490714248  -0.9079512578
0.1420857254  -0.1468075006  -0.9100492471
0.1399875189  -0.1445579765  -0.9121363178
0.1379002333  -0.1423227129  -0.9142125552
0.1358237832  -0.1401015722  -0.9162780440
0.1337580840  -0.1378944184  -0.9183328679
0.1317030520  -0.1357011172  -0.9203771097
0.1296586043  -0.1335215364  -0.9224108514
0.1276246590  -0.1313555452  -0.9244341741
0.1256011348  -0.1292030146  -0.9264471581
0.1235879514  -0.1270638173  -0.9284498828
0.1215850294  -0.1249378275  -0.9304424270
0.1195922900  -0.1228249211  -0.9324248685
0.1176096554  -0.1207249756  -0.9343972843
0.1156370485  -0.1186378700  -0.9363597507
0.1136743929  -0.1165634849  -0.9383123432
0.1117216132  -0.1145017023  -0.9402551365
0.1097786344  -0.1124524057  -0.9421882047
0.1078453827  -0.1104154801  -0.9441116209
0.1059217850  -0.1083908153  -0.9460254640
0.1040077691  -0.1063783036  -0.9479298193
0.1021032631  -0.1043778264  -0.9498247534
0.1002081946  -0.1023892636  -0.9517103154
0.0983224926  -0.1004125105  -0.9535865674
0.0964460881  -0.0984474658  -0.9554535792
0.0945789125  -0.0964940249  -0.9573114171
0.0927208975  -0.0945520838  -0.9591601469
0.0908719755  -0.0926215398  -0.9609998344
0.0890320796  -0.0907022914  -0.9628305452
0.0872011436  -0.0887942384  -0.9646523448
0.0853791018  -0.0868972816  -0.9664652988
0.0835658893  -0.0850113230  -0.9682694725
0.0817614416  -0.0831362657  -0.9700649315
0.0799656952  -0.0812720138  -0.9718517412
0.0781785867  -0.0794184726  -0.9736299672
0.0764000538  -0.0775755483  -0.9753996751
0.0746300344  -0.0757431485  -0.9771609305
0.0728684672  -0.0739211814  -0.9789137989
0.0711152915  -0.0721095565  -0.9806583460
0.0693704469  -0.0703081841  -0.9823946371
0.0676338739  -0.0685169757  -0.9841227378
0.0659055134  -0.0667358437  -0.9858427133
0.0641853067  -0.0649647013  -0.9875546284
0.0624731959  -0.0632034630  -0.9892585479
0.0607691233  -0.0614520438  -0.9909545359
0.0590730322  -0.0597103601  -0.9926426563
0.0573848659  -0.0579783290  -0.9943229722
0.0557045685  -0.0562558684  -0.9959955459
0.0540320846  -0.0545428973  -0.9976604389
0.0523673592  -0.0528393356  -0.9993177118
0.0507103380  -0.0511451040  -1.0009674240
0.0490613495  -0.0494601193  -1.0026331646
0.0474205919  -0.0477843018  -1.0043266443
0.0457870200  -0.0461175867  -1.0060077202
0.0441602884  -0.0444599007  -1.0076868163
0.0425408587  -0.0428111629  -1.0093632642
0.0409286708  -0.0411712994  -1.0110362972
0.0393236669  -0.0395402367  -1.0127050504
0.0377257919  -0.0379179026  -1.0143685604
0.0361349935  -0.0363042253  -1.0160257653
0.0345512223  -0.0346991340  -1.0176755050
0.0329744321  -0.0331025586  -1.0193165210
0.0314045797  -0.0315144298  -1.0209474564
0.0298416253  -0.0299346790  -1.0225668560
0.0282855326  -0.0283632385  -1.0241731662
0.0267362685  -0.0268000412  -1.0257647349
0.0251938038  -0.0252450208  -1.0273398118
0.0236581126  -0.0236981118  -1.0288965481
0.0221291727  -0.0221592494  -1.0304329968
0.0206069656  -0.0206283694  -1.0319471123
0.0190914763  -0.0191054084  -1.0334367508
0.0175826932  -0.0175903039  -1.0348996702
0.0160806085  -0.0160829939  -1.0363335297
0.0145852171  -0.0145834170  -1.0377358905
0.0130965175  -0.0130915128  -1.0391042152
0.0116145110  -0.0116072215  -1.0404358682
0.0101392013  -0.0101304838  -1.0417281152
0.0086705947  -0.0086612414  -1.0429781240
0.0072086994  -0.0071994365  -1.0441829637
0.0057535251  -0.0057450120  -1.0453396052
0.0043050827  -0.0042979116  -1.0464449207
0.0028633836  -0.0028580795  -1.0474956846
0.0014284391  -0.0014254609  -1.0484885723
0.0014278912  -0.0014254583  -1.0484885723
