0.213915
0.8854087686  -0.9230307107   0.0000283704
0.8854087686  -0.9230307107   0.0000283704
0.8854122411  -0.9230330072   0.0000248074
0.8854119557  -0.9230277158   0.0000144308
0.8854057047  -0.9230131723  -0.0000029324
0.8853923692  -0.9229883953  -0.0000274554
0.8853714982  -0.9229530007  -0.0000593111
0.8853428245  -0.9229067660  -0.0000986722
0.8853061502  -0.9228495287  -0.0001457113
0.8852613088  -0.9227811523  -0.0002006009
0.8852081491  -0.9227015122  -0.0002635132
0.8851465280  -0.9226104888  -0.0003346205
0.8850763066  -0.9225079644  -0.0004140946
0.8849973482  -0.9223938211  -0.0005021074
0.8849095171  -0.9222679399  -0.0005988306
0.8848126775  -0.9221301997  -0.0007044358
0.8847066935  -0.9219804771  -0.0008190942
0.8845914282  -0.9218186463  -0.0009429771
0.8844667439  -0.9216445782  -0.0010762556
0.8843325018  -0.9214581413  -0.0012191006
0.8841885618  -0.9212592006  -0.0013716828
0.8840347826  -0.9210476184  -0.0015341729
0.8838710213  -0.9208232536  -0.0017067412
0.8836971338  -0.9205859622  -0.0018895582
0.8835129743  -0.9203355970  -0.0020827938
0.8833183955  -0.9200720077  -0.0022866182
0.8831132488  -0.9197950408  -0.0025012011
0.8828973837  -0.9195045399  -0.0027267122
0.8826706482  -0.9192003455  -0.0029633211
0.8824328889  -0.9188822950  -0.0032111972
0.8821839504  -0.9185502229  -0.0034705096
0.8819236761  -0.9182039609  -0.0037414274
0.8816519032  -0.9178431668  -0.0040245353
0.8813684763  -0.9174678235  -0.0043196189
0.8810732390  -0.9170779817  -0.0046267051
0.8807660240  -0.9166733384  -0.0049459537
0.8804466642  -0.9162536507  -0.0052775248
0.8801149923  -0.9158187160  -0.0056215849
0.8797708396  -0.9153683357  -0.0059783020
0.8794140357  -0.9149023121  -0.0063478466
0.8790444086  -0.9144204461  -0.0067303911
0.8786617847  -0.9139225371  -0.0071261101
0.8782659886  -0.9134083824  -0.0075351801
0.8778568434  -0.9128777781  -0.0079577792
0.8774341703  -0.9123305183  -0.0083940873
0.8769977892  -0.9117663958  -0.0088442863
0.8765475181  -0.9111852023  -0.0093085593
0.8760831734  -0.9105867281  -0.0097870916
0.8756045701  -0.9099707628  -0.0102800698
0.8751115217  -0.9093370946  -0.0107876824
0.8746038398  -0.9086855110  -0.0113101193
0.8740813342  -0.9080157984  -0.0118475720
0.8735438135  -0.9073277427  -0.0124002339
0.8729910844  -0.9066211293  -0.0129682995
0.8724229521  -0.9058957434  -0.0135519653
0.8718392201  -0.9051513699  -0.0141514291
0.8712396905  -0.9043877933  -0.0147668905
0.8706241637  -0.9036047986  -0.0153985506
0.8699924387  -0.9028021706  -0.0160466121
0.8693443130  -0.9019796944  -0.0167112794
0.8686795821  -0.9011371556  -0.0173927581
0.8679980402  -0.9002743400  -0.0180912556
0.8672994801  -0.8993910340  -0.0188069806
0.8665836933  -0.8984869757  -0.0195401430
0.8658504700  -0.8975619354  -0.0202909544
0.8650995988  -0.8966158061  -0.0210596271
0.8643308675  -0.8956484293  -0.0218463750
0.8635440628  -0.8946595617  -0.0226514137
0.8627389699  -0.8936489789  -0.0234749599
0.8619153724  -0.8926164706  -0.0243172321
0.8610730527  -0.8915618299  -0.0251784499
0.8602117913  -0.8904848504  -0.0260588346
0.8593313672  -0.8893853266  -0.0269586082
0.8584315584  -0.8882630550  -0.0278779939
0.8575121419  -0.8871178341  -0.0288172155
0.8565728935  -0.8859494638  -0.0297764977
0.8556135877  -0.8847577456  -0.0307560664
0.8546339981  -0.8835424815  -0.0317561490
0.8536338974  -0.8823034751  -0.0327769742
0.8526130578  -0.8810405320  -0.0338187724
0.8515712503  -0.8797534586  -0.0348817746
0.8505082439  -0.8784420620  -0.0359662127
0.8494238065  -0.8771061502  -0.0370723189
0.8483177048  -0.8757455328  -0.0382003261
0.8471897047  -0.8743600208  -0.0393504679
0.8460395710  -0.8729494272  -0.0405229785
0.8448670684  -0.8715135675  -0.0417180931
0.8436719623  -0.8700522606  -0.0429360472
0.8424540188  -0.8685653283  -0.0441770769
0.8412130039  -0.8670525955  -0.0454414190
0.8399486835  -0.8655138900  -0.0467293104
0.8386608235  -0.8639490429  -0.0480409886
0.8373491889  -0.8623578878  -0.0493766915
0.8360135416  -0.8607402590  -0.0507366568
0.8346536415  -0.8590959897  -0.0521211225
0.8332692471  -0.8574249135  -0.0535303264
0.8318601165  -0.8557268703  -0.0549645066
0.8304260075  -0.8540017098  -0.0564239010
0.8289666807  -0.8522492926  -0.0579087476
0.8274819014  -0.8504694971  -0.0594192838
0.8259714367  -0.8486622205  -0.0609557468
0.8244350556  -0.8468273266  -0.0625183735
0.8228725288  -0.8449645707  -0.0641074007
0.8212836246  -0.8430736428  -0.0657230647
0.8196681022  -0.8411543132  -0.0673656005
0.8180257141  -0.8392065004  -0.0690352416
0.8163562122  -0.8372302059  -0.0707322213
0.8146593508  -0.8352254433  -0.0724567719
0.8129348971  -0.8331922260  -0.0742091244
0.8111826328  -0.8311305675  -0.0759895087
0.8094023452  -0.8290404735  -0.0777981534
0.8075938229  -0.8269219378  -0.0796352861
0.8057568431  -0.8247749294  -0.0815011329
0.8038911718  -0.8225993918  -0.0833959188
0.8019965745  -0.8203952536  -0.0853198658
0.8000728188  -0.8181624327  -0.0872731942
0.7981196835  -0.8159008470  -0.0892561233
0.7961369543  -0.8136104100  -0.0912688718
0.7941244151  -0.8112910229  -0.0933116561
0.7920818514  -0.8089425805  -0.0953846890
0.7900090504  -0.8065649737  -0.0974881802
0.7879058040  -0.8041580927  -0.0996223379
0.7857719085  -0.8017218276  -0.1017873676
0.7836071627  -0.7992560705  -0.1039834725
0.7814113648  -0.7967607136  -0.1062108526
0.7791843124  -0.7942356475  -0.1084697044
0.7769258056  -0.7916807677  -0.1107602196
0.7746356513  -0.7890959809  -0.1130825854
0.7723136650  -0.7864812015  -0.1154369841
0.7699596668  -0.7838363405  -0.1178235928
0.7675734773  -0.7811612874  -0.1202425828
0.7651549165  -0.7784557886  -0.1226941117
0.7627038080  -0.7757196156  -0.1251783254
0.7602199981  -0.7729535172  -0.1276953991
0.7577033436  -0.7701592574  -0.1302455686
0.7551536811  -0.7673376954  -0.1328290717
0.7525708333  -0.7644878453  -0.1354460802
0.7499546405  -0.7616082718  -0.1380967109
0.7473049702  -0.7586982992  -0.1407810635
0.7446216857  -0.7557578758  -0.1434992317
0.7419046462  -0.7527871611  -0.1462513028
0.7391537260  -0.7497863925  -0.1490373557
0.7363688105  -0.7467558620  -0.1518574622
0.7335497926  -0.7436959041  -0.1547116879
0.7306965814  -0.7406069053  -0.1576000921
0.7278090747  -0.7374892741  -0.1605227271
0.7248871451  -0.7343434200  -0.1634796389
0.7219307061  -0.7311698216  -0.1664708668
0.7189397334  -0.7279690417  -0.1694964439
0.7159142110  -0.7247416714  -0.1725563958
0.7128540707  -0.7214882656  -0.1756507401
0.7097592228  -0.7182093676  -0.1787794854
0.7066296346  -0.7149055873  -0.1819426311
0.7034653103  -0.7115775735  -0.1851401645
0.7002662508  -0.7082259740  -0.1883720584
0.6970324765  -0.7048514503  -0.1916382667
0.6937640137  -0.7014546622  -0.1949387165
0.6904608500  -0.6980362160  -0.1982732970
0.6871229800  -0.6945967073  -0.2016418393
0.6837503966  -0.6911367080  -0.2050440835
0.6803430800  -0.6876567495  -0.2084796040
0.6769010337  -0.6841573530  -0.2119476666
0.6734242065  -0.6806389264  -0.2154469491
0.6699121503  -0.6771015373  -0.2189734991
0.6663646760  -0.6735454313  -0.2225254195
0.6627837627  -0.6699724098  -0.2261114971
0.6591722357  -0.6663851346  -0.2297434836
0.6555302545  -0.6627847186  -0.2334251784
0.6518560635  -0.6591708341  -0.2371552089
0.6481485262  -0.6555431303  -0.2409319075
0.6444073127  -0.6519013949  -0.2447539734
0.6406323910  -0.6482454375  -0.2486200726
0.6368237748  -0.6445749885  -0.2525287619
0.6329814906  -0.6408896800  -0.2564784927
0.6291056192  -0.6371891022  -0.2604676177
0.6251962637  -0.6334727648  -0.2644943984
0.6212535222  -0.6297400815  -0.2685570125
0.6172774672  -0.6259903622  -0.2726535616
0.6132681934  -0.6222228556  -0.2767820787
0.6092258138  -0.6184367581  -0.2809405331
0.6051504300  -0.6146311999  -0.2851268366
0.6010421202  -0.6108052346  -0.2893388515
0.5969009107  -0.6069578157  -0.2935743986
0.5927267947  -0.6030878284  -0.2978312630
0.5885196976  -0.5991940689  -0.3021071990
0.5842794106  -0.5952751856  -0.3063999369
0.5800055591  -0.5913296573  -0.3107071889
0.5756974320  -0.5873556351  -0.3150266552
0.5713538828  -0.5833508573  -0.3193560314
0.5669729383  -0.5793122735  -0.3236930151
0.5625514325  -0.5752357054  -0.3280353126
0.5580840082  -0.5711148819  -0.3323806460
0.5535607768  -0.5669391441  -0.3367267609
0.5489634076  -0.5626896340  -0.3410714361
0.5442570525  -0.5583314882  -0.3454125097
0.5392840964  -0.5537084483  -0.3497478866
0.5342189185  -0.5489970440  -0.3540754381
0.5295120484  -0.5446443676  -0.3583929002
0.5251765255  -0.5406556684  -0.3626979808
0.5209869050  -0.5368012284  -0.3669885373
0.5168346572  -0.5329714523  -0.3712625953
0.5127040957  -0.5291500779  -0.3755182846
0.5085942557  -0.5253353739  -0.3797538164
0.5045049246  -0.5215263801  -0.3839674903
0.5004360051  -0.5177223469  -0.3881577040
0.4963874206  -0.5139226491  -0.3923229587
0.4923591139  -0.5101267848  -0.3964618652
0.4883510470  -0.5063343731  -0.4005731496
0.4843631999  -0.5025451503  -0.4046556603
0.4803955690  -0.4987589663  -0.4087083744
0.4764481660  -0.4949757795  -0.4127304031
0.4725210156  -0.4911956512  -0.4167209974
0.4686141545  -0.4874187400  -0.4206795556
0.4647276296  -0.4836452948  -0.4246056302
0.4608614963  -0.4798756484  -0.4284989356
0.4570158173  -0.4761102094  -0.4323593559
0.4531906600  -0.4723494556  -0.4361869547
0.4493860966  -0.4685939254  -0.4399819872
0.4456022024  -0.4648442112  -0.4437449152
0.4418390569  -0.4611009516  -0.4474764285
0.4380967444  -0.4573648257  -0.4511774746
0.4343753587  -0.4536365473  -0.4548493041
0.4306750101  -0.4499168639  -0.4584935415
0.4269958444  -0.4462065601  -0.4621123208
0.4233380825  -0.4425064753  -0.4657085365
0.4197020961  -0.4388175552  -0.4692863194
0.4160889151  -0.4351410652  -0.4728537058
0.4124993582  -0.4314781302  -0.4764182243
0.4089311161  -0.4278283802  -0.4799762880
0.4053799101  -0.4241903859  -0.4835184387
0.4018442276  -0.4205637104  -0.4870405885
0.3983254733  -0.4169491340  -0.4905430331
0.3948249565  -0.4133474836  -0.4940263635
0.3913430092  -0.4097592197  -0.4974907786
0.3878795745  -0.4061846276  -0.5009364081
0.3844345447  -0.4026239451  -0.5043633836
0.3810078098  -0.3990773828  -0.5077718406
0.3775992599  -0.3955451254  -0.5111619185
0.3742087850  -0.3920273324  -0.5145337604
0.3708362753  -0.3885241392  -0.5178875120
0.3674816213  -0.3850356574  -0.5212233213
0.3641447133  -0.3815619764  -0.5245413378
0.3608254418  -0.3781031640  -0.5278417116
0.3575236976  -0.3746592684  -0.5311245931
0.3542393713  -0.3712303189  -0.5343901316
0.3509723540  -0.3678163275  -0.5376384751
0.3477225371  -0.3644172904  -0.5408697691
0.3444898120  -0.3610331895  -0.5440841561
0.3412740709  -0.3576639938  -0.5472817745
0.3380752061  -0.3543096611  -0.5504627581
0.3348931105  -0.3509701391  -0.5536272347
0.3317276776  -0.3476453669  -0.5567753260
0.3285788011  -0.3443352757  -0.5599071458
0.3254463756  -0.3410397899  -0.5630227988
0.3223302956  -0.3377588260  -0.5661223791
0.3192304560  -0.3344922907  -0.5692059672
0.3161467515  -0.3312400738  -0.5722736243
0.3130790741  -0.3280020110  -0.5753253772
0.3100273130  -0.3247779063  -0.5783612094
0.3069913653  -0.3215677784  -0.5813811247
0.3039711515  -0.3183719902  -0.5843852286
0.3009666063  -0.3151908894  -0.5873736975
0.2979776516  -0.3120244827  -0.5903466843
0.2950041887  -0.3088725894  -0.5933042952
0.2920461143  -0.3057350819  -0.5962466201
0.2891033304  -0.3026119147  -0.5991737501
0.2861757439  -0.2995030727  -0.6020857773
0.2832632631  -0.2964085475  -0.6049827931
0.2803657971  -0.2933283334  -0.6078648883
0.2774832559  -0.2902624277  -0.6107321530
0.2746155497  -0.2872108298  -0.6135846766
0.2717625895  -0.2841735416  -0.6164225475
0.2689242869  -0.2811505664  -0.6192458536
0.2661005540  -0.2781419091  -0.6220546823
0.2632913034  -0.2751475757  -0.6248491200
0.2604964484  -0.2721675726  -0.6276292527
0.2577159026  -0.2692019065  -0.6303951658
0.2549495805  -0.2662505835  -0.6331469439
0.2521973968  -0.2633136091  -0.6358846712
0.2494592668  -0.2603909875  -0.6386084315
0.2467351064  -0.2574827207  -0.6413183078
0.2440248318  -0.2545888089  -0.6440143828
0.2413283600  -0.2517092489  -0.6466967388
0.2386456082  -0.2488440345  -0.6493654574
0.2359764941  -0.2459931554  -0.6520206201
0.2333209360  -0.2431565968  -0.6546623080
0.2306788525  -0.2403343385  -0.6572906017
0.2280501629  -0.2375263536  -0.6599055816
0.2254347866  -0.2347326056  -0.6625073280
0.2228326436  -0.2319530451  -0.6650959211
0.2202436544  -0.2291876169  -0.6676714412
0.2176677399  -0.2264362790  -0.6702339677
0.2151048211  -0.2236990095  -0.6727835791
0.2125548199  -0.2209757925  -0.6753203530
0.2100176580  -0.2182666043  -0.6778443661
0.2074932581  -0.2155714139  -0.6803556956
0.2049815431  -0.2128901873  -0.6828544179
0.2024824364  -0.2102228898  -0.6853406094
0.1999958616  -0.2075694857  -0.6878143458
0.1975217430  -0.2049299378  -0.6902757028
0.1950600051  -0.2023042084  -0.6927247552
0.1926105727  -0.1996922582  -0.6951615779
0.1901733712  -0.1970940471  -0.6975862451
0.1877483263  -0.1945095340  -0.6999988308
0.1853353640  -0.1919386710  -0.7023994084
0.1829344107  -0.1893813986  -0.7047880512
0.1805453933  -0.1868376689  -0.7071648320
0.1781682389  -0.1843074631  -0.7095298233
0.1758028753  -0.1817907587  -0.7118830968
0.1734492303  -0.1792875088  -0.7142247245
0.1711072323  -0.1767976607  -0.7165547775
0.1687768100  -0.1743211639  -0.7188733268
0.1664578923  -0.1718579664  -0.7211804430
0.1641504087  -0.1694080152  -0.7234761965
0.1618542890  -0.1669712561  -0.7257606570
0.1595694632  -0.1645476340  -0.7280338941
0.1572958618  -0.1621370932  -0.7302959770
0.1550334157  -0.1597395772  -0.7325469745
0.1527820560  -0.1573550288  -0.7347869550
0.1505417143  -0.1549833903  -0.7370159868
0.1483123225  -0.1526246038  -0.7392341374
0.1460938127  -0.1502786109  -0.7414414744
0.1438861177  -0.1479453527  -0.7436380648
0.1416891704  -0.1456247704  -0.7458239753
0.1395029039  -0.1433168047  -0.7479992722
0.1373272521  -0.1410213962  -0.7501640216
0.1351621488  -0.1387384853  -0.7523182891
0.1330075285  -0.1364680124  -0.7544621400
0.1308633257  -0.1342099176  -0.7565956393
0.1287294755  -0.1319641409  -0.7587188515
0.1266059132  -0.1297306222  -0.7608318410
0.1244925746  -0.1275093012  -0.7629346717
0.1223893957  -0.1253001175  -0.7650274072
0.1202963129  -0.1231030105  -0.7671101106
0.1182132630  -0.1209179194  -0.7691828450
0.1161401829  -0.1187447831  -0.7712456729
0.1140770105  -0.1165836050  -0.7732986640
0.1120236845  -0.1144344075  -0.7753418968
0.1099801423  -0.1122969735  -0.7773754271
0.1079463201  -0.1101710461  -0.7793992906
0.1059221560  -0.1080566423  -0.7814135392
0.1039075904  -0.1059538029  -0.7834182345
0.1019025631  -0.1038624723  -0.7854134342
0.0999070141  -0.1017825935  -0.7873991963
0.0979208836  -0.0997141085  -0.7893755789
0.0959441122  -0.0976569582  -0.7913426404
0.0939766408  -0.0956110824  -0.7933004398
0.0920184106  -0.0935764197  -0.7952490361
0.0900693630  -0.0915529076  -0.7971884889
0.0881294401  -0.0895404825  -0.7991188583
0.0861985838  -0.0875390797  -0.8010402048
0.0842767367  -0.0855486337  -0.8029525892
0.0823638415  -0.0835690776  -0.8048560727
0.0804598413  -0.0816003439  -0.8067507172
0.0785646793  -0.0796423643  -0.8086365846
0.0766782994  -0.0776950697  -0.8105137373
0.0748006454  -0.0757583904  -0.8123822379
0.0729316615  -0.0738322560  -0.8142421494
0.0710712923  -0.0719165960  -0.8160935345
0.0692194827  -0.0700113391  -0.8179364564
0.0673761778  -0.0681164140  -0.8197709779
0.0655413231  -0.0662317494  -0.8215971617
0.0637148643  -0.0643572735  -0.8234150703
0.0618967475  -0.0624929149  -0.8252247658
0.0600869191  -0.0606386020  -0.8270263095
0.0582853258  -0.0587942635  -0.8288197621
0.0564919145  -0.0569598284  -0.8306051836
0.0547066327  -0.0551352259  -0.8323826325
0.0529298892  -0.0533204317  -0.8341775705
0.0511619328  -0.0515153989  -0.8360026356
0.0494015153  -0.0497199368  -0.8378144836
0.0476482346  -0.0479339473  -0.8396243625
0.0459026594  -0.0461574268  -0.8414315452
0.0441647291  -0.0443903082  -0.8432351989
0.0424343856  -0.0426325253  -0.8450343844
0.0407115741  -0.0408840126  -0.8468280567
0.0389962425  -0.0391447052  -0.8486150645
0.0372883421  -0.0374145389  -0.8503941508
0.0355878275  -0.0356934500  -0.8521639521
0.0338946569  -0.0339813752  -0.8539229992
0.0322087921  -0.0322782516  -0.8556697166
0.0305301985  -0.0305840168  -0.8574024230
0.0288588455  -0.0288986086  -0.8591193307
0.0271947064  -0.0272219648  -0.8608185464
0.0255377583  -0.0255540236  -0.8624980702
0.0238879824  -0.0238947230  -0.8641557966
0.0222453638  -0.0222440013  -0.8657895139
0.0206098916  -0.0206017965  -0.8673969042
0.0189815588  -0.0189680468  -0.8689755437
0.0173603620  -0.0173426902  -0.8705229025
0.0157463014  -0.0157256646  -0.8720363447
0.0141393809  -0.0141169079  -0.8735131282
0.0125396074  -0.0125163581  -0.8749504049
0.0109469905  -0.0109239529  -0.8763452208
0.0093615427  -0.0093396304  -0.8776945156
0.0077832784  -0.0077633290  -0.8789951231
0.0062122138  -0.0061949871  -0.8802437711
0.0046483662  -0.0046345436  -0.8814370811
0.0030917535  -0.0030819381  -0.8825715687
0.0015423935  -0.0015371107  -0.8836436435
0.0015417548  -0.0015371061  -0.8836436435
