0.197138
0.9951951433  -1.0575886043   0.0000327061
0.9951951433  -1.0575886043   0.0000327061
0.9951990079  -1.0575910376   0.0000284332
0.9951984919  -1.0575839793   0.0000162139
0.9951910686  -1.0575654819  -0.0000041562
0.9951753912  -1.0575342508  -0.0000328811
0.9951509221  -1.0574897893  -0.0000701645
0.9951173443  -1.0574318148  -0.0001162098
0.9950744244  -1.0573601245  -0.0001712197
0.9950219665  -1.0572745499  -0.0002353970
0.9949597933  -1.0571749386  -0.0003089436
0.9948877374  -1.0570611454  -0.0003920613
0.9948056365  -1.0569330276  -0.0004849515
0.9947133312  -1.0567904428  -0.0005878153
0.9946106633  -1.0566332472  -0.0007008532
0.9944974746  -1.0564612948  -0.0008242655
0.9943736070  -1.0562744368  -0.0009582519
0.9942389013  -1.0560725214  -0.0011030120
0.9940931977  -1.0558553931  -0.0012587449
0.9939363348  -1.0556228933  -0.0014256492
0.9937681503  -1.0553748592  -0.0016039233
0.9935884801  -1.0551111249  -0.0017937650
0.9933971589  -1.0548315204  -0.0019953720
0.9931940196  -1.0545358720  -0.0022089414
0.9929788938  -1.0542240024  -0.0024346700
0.9927516111  -1.0538957307  -0.0026727541
0.9925119998  -1.0535508722  -0.0029233899
0.9922598862  -1.0531892385  -0.0031867729
0.9919950950  -1.0528106379  -0.0034630984
0.9917174494  -1.0524148750  -0.0037525613
0.9914267705  -1.0520017511  -0.0040553561
0.9911228781  -1.0515710642  -0.0043716768
0.9908055851  -1.0511223916  -0.0047021996
0.9904747130  -1.0506557240  -0.0050466752
0.9901300827  -1.0501711368  -0.0054051341
0.9897715022  -1.0496682583  -0.0057777570
0.9893987799  -1.0491467958  -0.0061647263
0.9890117245  -1.0486065065  -0.0065662318
0.9886101429  -1.0480471534  -0.0069824654
0.9881938407  -1.0474685010  -0.0074136213
0.9877626217  -1.0468703128  -0.0078598959
0.9873162879  -1.0462523506  -0.0083214881
0.9868546399  -1.0456143749  -0.0087985985
0.9863774763  -1.0449561446  -0.0092914297
0.9858845942  -1.0442774174  -0.0098001860
0.9853757893  -1.0435779496  -0.0103250736
0.9848508551  -1.0428574967  -0.0108663003
0.9843095841  -1.0421158132  -0.0114240753
0.9837517667  -1.0413526530  -0.0119986095
0.9831771918  -1.0405677693  -0.0125901155
0.9825856471  -1.0397609155  -0.0131988070
0.9819769184  -1.0389318447  -0.0138248994
0.9813507904  -1.0380803099  -0.0144686099
0.9807070459  -1.0372060641  -0.0151301569
0.9800454665  -1.0363088606  -0.0158097607
0.9793658320  -1.0353884534  -0.0165076430
0.9786679210  -1.0344445974  -0.0172240271
0.9779515105  -1.0334770485  -0.0179591377
0.9772163763  -1.0324855636  -0.0187132009
0.9764622928  -1.0314699009  -0.0194864435
0.9756890329  -1.0304298197  -0.0202790938
0.9748963685  -1.0293650812  -0.0210913811
0.9740840704  -1.0282754489  -0.0219235359
0.9732519076  -1.0271606253  -0.0227757901
0.9723996476  -1.0260203547  -0.0236483769
0.9715270564  -1.0248545343  -0.0245415305
0.9706338997  -1.0236629976  -0.0254554859
0.9697199418  -1.0224454738  -0.0263904794
0.9687849456  -1.0212017167  -0.0273467485
0.9678286726  -1.0199314988  -0.0283245318
0.9668508835  -1.0186345974  -0.0293240692
0.9658513392  -1.0173107941  -0.0303456012
0.9648298006  -1.0159598738  -0.0313893694
0.9637860284  -1.0145816245  -0.0324556157
0.9627197828  -1.0131758376  -0.0335445830
0.9616308235  -1.0117423082  -0.0346565148
0.9605189098  -1.0102808347  -0.0357916552
0.9593837991  -1.0087912170  -0.0369502486
0.9582252459  -1.0072732555  -0.0381325398
0.9570430031  -1.0057267517  -0.0393387739
0.9558368225  -1.0041515095  -0.0405691969
0.9546064550  -1.0025473348  -0.0418240553
0.9533516509  -1.0009140361  -0.0431035964
0.9520721608  -0.9992514269  -0.0444080674
0.9507677390  -0.9975593278  -0.0457377151
0.9494381425  -0.9958375658  -0.0470927860
0.9480831293  -0.9940859725  -0.0484735263
0.9467024584  -0.9923043835  -0.0498801828
0.9452958889  -0.9904926390  -0.0513130026
0.9438631763  -0.9886505791  -0.0527722333
0.9424040698  -0.9867780420  -0.0542581212
0.9409183163  -0.9848748676  -0.0557709112
0.9394056617  -0.9829408996  -0.0573108466
0.9378658539  -0.9809759881  -0.0588781712
0.9362986490  -0.9789799936  -0.0604731295
0.9347038060  -0.9769527812  -0.0620959663
0.9330810811  -0.9748942227  -0.0637469251
0.9314302310  -0.9728042028  -0.0654262471
0.9297510110  -0.9706826126  -0.0671341724
0.9280431785  -0.9685293564  -0.0688709401
0.9263064994  -0.9663443688  -0.0706367881
0.9245407444  -0.9641275866  -0.0724319531
0.9227456848  -0.9618788546  -0.0742566711
0.9209210859  -0.9595978901  -0.0761111774
0.9190667107  -0.9572844315  -0.0779957062
0.9171823250  -0.9549383926  -0.0799104890
0.9152676983  -0.9525598347  -0.0818557541
0.9133226047  -0.9501488600  -0.0838317276
0.9113468147  -0.9477055543  -0.0858386335
0.9093400945  -0.9452299825  -0.0878766937
0.9073022116  -0.9427221989  -0.0899461284
0.9052329447  -0.9401822549  -0.0920471553
0.9031320877  -0.9376102003  -0.0941799891
0.9009994421  -0.9350060771  -0.0963448408
0.8988348082  -0.9323699114  -0.0985419196
0.8966379716  -0.9297017010  -0.1007714339
0.8944087064  -0.9270014170  -0.1030335900
0.8921467882  -0.9242690199  -0.1053285902
0.8898520133  -0.9215044814  -0.1076566337
0.8875242039  -0.9187077892  -0.1100179160
0.8851631952  -0.9158789356  -0.1124126289
0.8827688120  -0.9130178979  -0.1148409593
0.8803408416  -0.9101246109  -0.1173030892
0.8778790471  -0.9071989811  -0.1197991987
0.8753832198  -0.9042409443  -0.1223294647
0.8728532140  -0.9012505008  -0.1248940580
0.8702889208  -0.8982276904  -0.1274931432
0.8676902029  -0.8951725293  -0.1301268805
0.8650568766  -0.8920849886  -0.1327954256
0.8623887499  -0.8889650286  -0.1354989287
0.8596856610  -0.8858126297  -0.1382375325
0.8569474690  -0.8826277117  -0.1410113663
0.8541740283  -0.8794100666  -0.1438205404
0.8513652029  -0.8761599637  -0.1466651704
0.8485208896  -0.8728789076  -0.1495454308
0.8456410109  -0.8695685466  -0.1524615434
0.8427254656  -0.8662287955  -0.1554136850
0.8397741099  -0.8628582936  -0.1584019527
0.8367868004  -0.8594561074  -0.1614264041
0.8337634274  -0.8560221232  -0.1644870829
0.8307039026  -0.8525565876  -0.1675840241
0.8276081438  -0.8490598402  -0.1707172615
0.8244760840  -0.8455322747  -0.1738868240
0.8213076595  -0.8419743298  -0.1770927306
0.8181027621  -0.8383864362  -0.1803349906
0.8148612968  -0.8347690694  -0.1836136060
0.8115832699  -0.8311228353  -0.1869285724
0.8082687160  -0.8274483951  -0.1902798790
0.8049176264  -0.8237463901  -0.1936675073
0.8015299899  -0.8200174765  -0.1970914320
0.7981058131  -0.8162623450  -0.2005516202
0.7946451201  -0.8124817139  -0.2040480300
0.7911479242  -0.8086762998  -0.2075806085
0.7876141945  -0.8048467766  -0.2111492922
0.7840439577  -0.8009938754  -0.2147540060
0.7804373420  -0.7971184243  -0.2183946589
0.7767944251  -0.7932211924  -0.2220711378
0.7731151991  -0.7893028484  -0.2257832964
0.7693997139  -0.7853640983  -0.2295309400
0.7656480786  -0.7814056846  -0.2333138007
0.7618603935  -0.7774283106  -0.2371314886
0.7580367530  -0.7734326395  -0.2409833833
0.7541771505  -0.7694191746  -0.2448684324
0.7502813114  -0.7653881310  -0.2487838784
0.7463487143  -0.7613395226  -0.2527255237
0.7423802610  -0.7572744149  -0.2566967996
0.7383792053  -0.7531957547  -0.2607105660
0.7343476260  -0.7491060812  -0.2647748521
0.7302842391  -0.7450056424  -0.2688891752
0.7261872506  -0.7408938418  -0.2730515328
0.7220559780  -0.7367703096  -0.2772604542
0.7178900649  -0.7326345743  -0.2815145702
0.7136895839  -0.7284864307  -0.2858124030
0.7094548513  -0.7243258103  -0.2901523676
0.7051860123  -0.7201523657  -0.2945327795
0.7008831528  -0.7159655782  -0.2989518631
0.6965463735  -0.7117648477  -0.3034077598
0.6921758398  -0.7075495528  -0.3078985336
0.6877717546  -0.7033190253  -0.3124221767
0.6833342756  -0.6990724729  -0.3169766172
0.6788635375  -0.6948090166  -0.3215597273
0.6743597218  -0.6905277690  -0.3261693298
0.6698229850  -0.6862277691  -0.3308032042
0.6652534229  -0.6819079554  -0.3354590937
0.6606510541  -0.6775671593  -0.3401347129
0.6560158259  -0.6732041231  -0.3448277542
0.6513475336  -0.6688174305  -0.3495358914
0.6466457321  -0.6644054304  -0.3542567861
0.6419096361  -0.6599661504  -0.3589880964
0.6371378421  -0.6554970345  -0.3637274842
0.6323279311  -0.6509945613  -0.3684726187
0.6274758538  -0.6464536584  -0.3732211832
0.6225744143  -0.6418662348  -0.3779708830
0.6176099394  -0.6372179229  -0.3827194551
0.6125570566  -0.6324830197  -0.3874646899
0.6073135819  -0.6275597081  -0.3922044568
0.6018220146  -0.6223933971  -0.3969366540
0.5965010990  -0.6174030799  -0.4016590626
0.5916468478  -0.6128774006  -0.4063693396
0.5870292035  -0.6085791882  -0.4110652246
0.5824719100  -0.6043297943  -0.4157446588
0.5779372751  -0.6000906711  -0.4204057251
0.5734239496  -0.5958595461  -0.4250465975
0.5689316849  -0.5916352550  -0.4296655400
0.5644603735  -0.5874168749  -0.4342609075
0.5600099267  -0.5832036129  -0.4388311557
0.5555802784  -0.5789948076  -0.4433748512
0.5511713849  -0.5747899278  -0.4478906777
0.5467832221  -0.5705885685  -0.4523774407
0.5424157837  -0.5663904483  -0.4568340720
0.5380690797  -0.5621954045  -0.4612596363
0.5337431360  -0.5580033884  -0.4656533385
0.5294379919  -0.5538144598  -0.4700145290
0.5251536982  -0.5496287806  -0.4743427090
0.5208903160  -0.5454466079  -0.4786375386
0.5166479146  -0.5412682869  -0.4828988448
0.5124265706  -0.5370942438  -0.4871266297
0.5082263657  -0.5329249774  -0.4913210809
0.5040473862  -0.5287610515  -0.4954825845
0.4998897222  -0.5246030872  -0.4996117423
0.4957534688  -0.5204517558  -0.5037093956
0.4916387290  -0.5163077727  -0.5077766624
0.4875456199  -0.5121718934  -0.5118149944
0.4834742859  -0.5080449141  -0.5158262737
0.4794249293  -0.5039276808  -0.5198130024
0.4753978708  -0.4998211245  -0.5237786501
0.4713938926  -0.4957264097  -0.5277293503
0.4674143302  -0.4916449159  -0.5316742998
0.4634585551  -0.4875771664  -0.5356158529
0.4595221964  -0.4835220613  -0.5395448664
0.4556016408  -0.4794785176  -0.5434537685
0.4516975263  -0.4754469024  -0.5473419513
0.4478117895  -0.4714281485  -0.5512102242
0.4439451835  -0.4674228545  -0.5550588991
0.4400977371  -0.4634313619  -0.5588881038
0.4362693472  -0.4594539389  -0.5626979662
0.4324599070  -0.4554908241  -0.5664886183
0.4286693094  -0.4515422296  -0.5702601969
0.4248974480  -0.4476083408  -0.5740128424
0.4211442163  -0.4436893169  -0.5777466985
0.4174095082  -0.4397852922  -0.5814619116
0.4136932175  -0.4358963769  -0.5851586298
0.4099952381  -0.4320226585  -0.5888370024
0.4063154643  -0.4281642023  -0.5924971789
0.4026537903  -0.4243210538  -0.5961393084
0.3990101106  -0.4204932392  -0.5997635388
0.3953843200  -0.4166807675  -0.6033700157
0.3917763135  -0.4128836318  -0.6069588817
0.3881859865  -0.4091018110  -0.6105302757
0.3846132350  -0.4053352712  -0.6140843319
0.3810579551  -0.4015839675  -0.6176211787
0.3775200438  -0.3978478456  -0.6211409380
0.3739993982  -0.3941268427  -0.6246437242
0.3704959161  -0.3904208888  -0.6281296426
0.3670094957  -0.3867299065  -0.6315987882
0.3635400354  -0.3830538106  -0.6350512426
0.3600874334  -0.3793925032  -0.6384870704
0.3566515860  -0.3757458509  -0.6419063069
0.3532323853  -0.3721136587  -0.6453089388
0.3498297244  -0.3684958117  -0.6486949325
0.3464435179  -0.3648925384  -0.6520643338
0.3430737089  -0.3613042764  -0.6554173036
0.3397202388  -0.3577312056  -0.6587540195
0.3363830222  -0.3541731852  -0.6620746022
0.3330619576  -0.3506300492  -0.6653791384
0.3297569475  -0.3471017349  -0.6686677130
0.3264679017  -0.3435882319  -0.6719404129
0.3231947332  -0.3400895428  -0.6751973253
0.3199373558  -0.3366056745  -0.6784385363
0.3166956840  -0.3331366378  -0.6816641313
0.3134696330  -0.3296824469  -0.6848741950
0.3102591185  -0.3262431194  -0.6880688113
0.3070640568  -0.3228186757  -0.6912480635
0.3038843647  -0.3194091384  -0.6944120340
0.3007199596  -0.3160145324  -0.6975608048
0.2975707596  -0.3126348837  -0.7006944570
0.2944366831  -0.3092702192  -0.7038130711
0.2913176491  -0.3059205664  -0.7069167273
0.2882135771  -0.3025859520  -0.7100055049
0.2851243872  -0.2992664022  -0.7130794828
0.2820499997  -0.2959619414  -0.7161387396
0.2789903358  -0.2926725919  -0.7191833533
0.2759453166  -0.2893983732  -0.7222134012
0.2729148642  -0.2861393013  -0.7252289607
0.2698989007  -0.2828953882  -0.7282301086
0.2668973489  -0.2796666409  -0.7312169212
0.2639101318  -0.2764530606  -0.7341894750
0.2609371730  -0.2732546414  -0.7371478459
0.2579783963  -0.2700713679  -0.7400921097
0.2550337260  -0.2669032098  -0.7430223425
0.2521030868  -0.2637501234  -0.7459386204
0.2491864036  -0.2606120705  -0.7488410193
0.2462836016  -0.2574890386  -0.7517296142
0.2433946065  -0.2543810329  -0.7546044787
0.2405193441  -0.2512880542  -0.7574656858
0.2376577407  -0.2482100918  -0.7603133084
0.2348097229  -0.2451471293  -0.7631474195
0.2319752179  -0.2420991493  -0.7659680916
0.2291541530  -0.2390661330  -0.7687753973
0.2263464557  -0.2360480605  -0.7715694084
0.2235520542  -0.2330449103  -0.7743501968
0.2207708766  -0.2300566598  -0.7771178338
0.2180028515  -0.2270832852  -0.7798723907
0.2152479077  -0.2241247611  -0.7826139382
0.2125059743  -0.2211810527  -0.7853425469
0.2097769808  -0.2182521083  -0.7880582871
0.2070608568  -0.2153378931  -0.7907612289
0.2043575324  -0.2124384155  -0.7934514420
0.2016669379  -0.2095536783  -0.7961289957
0.1989890038  -0.2066836488  -0.7987939591
0.1963236610  -0.2038282861  -0.8014464013
0.1936708405  -0.2009875521  -0.8040863909
0.1910304737  -0.1981614072  -0.8067139962
0.1884024921  -0.1953498097  -0.8093292855
0.1857868276  -0.1925527167  -0.8119323267
0.1831834123  -0.1897700838  -0.8145231874
0.1805921786  -0.1870018654  -0.8171019350
0.1780130590  -0.1842480151  -0.8196686367
0.1754459864  -0.1815084851  -0.8222233594
0.1728908940  -0.1787832274  -0.8247661697
0.1703477150  -0.1760721929  -0.8272971339
0.1678163831  -0.1733753321  -0.8298163184
0.1652968322  -0.1706925948  -0.8323237889
0.1627889964  -0.1680239305  -0.8348196111
0.1602928099  -0.1653692882  -0.8373038504
0.1578082074  -0.1627286166  -0.8397765719
0.1553351238  -0.1601018638  -0.8422378406
0.1528734940  -0.1574889780  -0.8446877211
0.1504232534  -0.1548899067  -0.8471262779
0.1479843376  -0.1523045972  -0.8495535750
0.1455566824  -0.1497329964  -0.8519696764
0.1431402237  -0.1471750510  -0.8543746458
0.1407348980  -0.1446307072  -0.8567685467
0.1383406416  -0.1420999106  -0.8591514421
0.1359573913  -0.1395826068  -0.8615233951
0.1335850842  -0.1370787404  -0.8638844684
0.1312236582  -0.1345883514  -0.8662347346
0.1288730520  -0.1321115083  -0.8685742778
0.1265332025  -0.1296479243  -0.8709031527
0.1242040441  -0.1271972528  -0.8732213867
0.1218855143  -0.1247595524  -0.8755290292
0.1195775532  -0.1223349178  -0.8778261432
0.1172801003  -0.1199233005  -0.8801127861
0.1149930948  -0.1175246498  -0.8823890163
0.1127164760  -0.1151389130  -0.8846548924
0.1104501837  -0.1127660359  -0.8869104737
0.1081941577  -0.1104059623  -0.8891558202
0.1059483380  -0.1080586340  -0.8913909925
0.1037126650  -0.1057239908  -0.8936160521
0.1014870792  -0.1034019709  -0.8958310612
0.0992715213  -0.1010925102  -0.8980360827
0.0970659324  -0.0987955432  -0.9002311803
0.0948702536  -0.0965110024  -0.9024164185
0.0926844261  -0.0942388189  -0.9045918625
0.0905083917  -0.0919789221  -0.9067575781
0.0883420920  -0.0897312403  -0.9089136318
0.0861854690  -0.0874957002  -0.9110600906
0.0840384649  -0.0852722277  -0.9131970220
0.0819010221  -0.0830607475  -0.9153244938
0.0797730832  -0.0808611838  -0.9174425739
0.0776545910  -0.0786734597  -0.9195513305
0.0755454886  -0.0764974981  -0.9216508317
0.0734457192  -0.0743332213  -0.9237411452
0.0713552263  -0.0721805515  -0.9258223386
0.0692739538  -0.0700394105  -0.9278944786
0.0672018456  -0.0679097203  -0.9299576313
0.0651388459  -0.0657914028  -0.9320118618
0.0630848993  -0.0636843804  -0.9340572337
0.0610405670  -0.0615886445  -0.9361231538
0.0590061957  -0.0595041529  -0.9382242174
0.0569801317  -0.0574306467  -0.9403103481
0.0549618520  -0.0553680056  -0.9423945338
0.0529521306  -0.0533162514  -0.9444759294
0.0509509005  -0.0512753102  -0.9465535668
0.0489580982  -0.0492451092  -0.9486263558
0.0469736636  -0.0472255762  -0.9506930832
0.0449975410  -0.0452166401  -0.9527524135
0.0430296785  -0.0432182301  -0.9548028887
0.0410700286  -0.0412302761  -0.9568429280
0.0391185484  -0.0392527086  -0.9588708281
0.0371751998  -0.0372854583  -0.9608847634
0.0352399493  -0.0353284562  -0.9628827853
0.0333127686  -0.0333816334  -0.9648628231
0.0313936342  -0.0314449213  -0.9668226830
0.0294825280  -0.0295182508  -0.9687600492
0.0275794369  -0.0276015529  -0.9706724829
0.0256843530  -0.0256947584  -0.9725574230
0.0237972735  -0.0237977978  -0.9744121857
0.0219182005  -0.0219106010  -0.9762339646
0.0200471412  -0.0200330978  -0.9780198310
0.0181841073  -0.0181652175  -0.9797667333
0.0163291152  -0.0163068892  -0.9814714975
0.0144821850  -0.0144580415  -0.9831308271
0.0126433409  -0.0126186030  -0.9847413029
0.0108126103  -0.0107885020  -0.9862993832
0.0089900233  -0.0089676671  -0.9878014036
0.0071756121  -0.0071560268  -0.9892435775
0.0053694105  -0.0053535102  -0.9906219954
0.0035714528  -0.0035600470  -0.9919326252
0.0017817732  -0.0017755676  -0.9931713126
0.0017809207  -0.0017755612  -0.9931713126
