0.0997635
1.8413921555  -2.1901460191   0.0000875624
1.8413921555  -2.1901460191   0.0000875624
1.8413995826  -2.1901413877   0.0000718170
1.8413939188  -2.1900931006   0.0000323396
1.8413685882  -2.1899968033  -0.0000315749
1.8413185675  -2.1898441532  -0.0001206205
1.8412419915  -2.1896324799  -0.0002354803
1.8411378034  -2.1893605139  -0.0003768261
1.8410052520  -2.1890275019  -0.0005453189
1.8408437249  -2.1886329165  -0.0007416087
1.8406526816  -2.1881763371  -0.0009663342
1.8404316221  -2.1876573953  -0.0012201234
1.8401800699  -2.1870757456  -0.0015035931
1.8398975641  -2.1864310507  -0.0018173490
1.8395836539  -2.1857229726  -0.0021619859
1.8392378954  -2.1849511673  -0.0025380874
1.8388598497  -2.1841152821  -0.0029462263
1.8384490820  -2.1832149542  -0.0033869643
1.8380051607  -2.1822498093  -0.0038608519
1.8375276569  -2.1812194625  -0.0043684287
1.8370161441  -2.1801235175  -0.0049102233
1.8364701985  -2.1789615679  -0.0054867532
1.8358893986  -2.1777331976  -0.0060985249
1.8352733253  -2.1764379815  -0.0067460338
1.8346215622  -2.1750754867  -0.0074297645
1.8339336955  -2.1736452730  -0.0081501901
1.8332093143  -2.1721468947  -0.0089077733
1.8324480110  -2.1705799018  -0.0097029651
1.8316493814  -2.1689438407  -0.0105362061
1.8308130246  -2.1672382555  -0.0114079253
1.8299385434  -2.1654626897  -0.0123185412
1.8290255448  -2.1636166876  -0.0132684607
1.8280736344  -2.1616986740  -0.0142594645
1.8270824391  -2.1597092373  -0.0152907145
1.8260515871  -2.1576493188  -0.0163621617
1.8249806915  -2.1555176394  -0.0174741025
1.8238693788  -2.1533134597  -0.0186268518
1.8227172855  -2.1510362546  -0.0198207566
1.8215240545  -2.1486855475  -0.0210561562
1.8202893354  -2.1462609013  -0.0223333863
1.8190127839  -2.1437619016  -0.0236527779
1.8176940628  -2.1411881544  -0.0250146561
1.8163328421  -2.1385392868  -0.0264193398
1.8149287995  -2.1358149478  -0.0278671406
1.8134816197  -2.1330148067  -0.0293583629
1.8119909957  -2.1301385564  -0.0308933032
1.8104566284  -2.1271859148  -0.0324722497
1.8088782272  -2.1241566283  -0.0340954826
1.8072555108  -2.1210504722  -0.0357632730
1.8055882059  -2.1178672474  -0.0374758835
1.8038760488  -2.1146067833  -0.0392335674
1.8021187847  -2.1112689386  -0.0410365686
1.8003161681  -2.1078536026  -0.0428851218
1.7984679629  -2.1043606962  -0.0447794516
1.7965739430  -2.1007901722  -0.0467197732
1.7946338930  -2.0971420166  -0.0487062915
1.7926476070  -2.0934162471  -0.0507392013
1.7906148895  -2.0896129143  -0.0528186871
1.7885355548  -2.0857321028  -0.0549449231
1.7864094282  -2.0817739312  -0.0571180729
1.7842363451  -2.0777385519  -0.0593382896
1.7820161521  -2.0736261519  -0.0616057155
1.7797487062  -2.0694369531  -0.0639204822
1.7774338755  -2.0651709340  -0.0662827108
1.7750715377  -2.0608282887  -0.0686925112
1.7726615810  -2.0564098954  -0.0711499824
1.7702039089  -2.0519163599  -0.0736552125
1.7676984355  -2.0473478857  -0.0762082793
1.7651450829  -2.0427048230  -0.0788092496
1.7625437825  -2.0379876104  -0.0814581795
1.7598944785  -2.0331967275  -0.0841551146
1.7571971260  -2.0283326882  -0.0869000895
1.7544516907  -2.0233960432  -0.0896931285
1.7516581492  -2.0183873732  -0.0925342456
1.7488164870  -2.0133072844  -0.0954234458
1.7459267011  -2.0081564164  -0.0983607209
1.7429887973  -2.0029354380  -0.1013460428
1.7400027923  -1.9976450428  -0.1043793746
1.7369687137  -1.9922859527  -0.1074606746
1.7338865978  -1.9868589203  -0.1105898919
1.7307564929  -1.9813647229  -0.1137669667
1.7275784561  -1.9758041602  -0.1169918326
1.7243525528  -1.9701780614  -0.1202644150
1.7210788589  -1.9644872811  -0.1235846313
1.7177574575  -1.9587326931  -0.1269523940
1.7143884429  -1.9529152024  -0.1303676116
1.7109719179  -1.9470357356  -0.1338301846
1.7075079899  -1.9410952315  -0.1373400056
1.7039967764  -1.9350946576  -0.1408969618
1.7004384036  -1.9290350067  -0.1445009353
1.6968330034  -1.9229172875  -0.1481518039
1.6931807164  -1.9167425262  -0.1518494375
1.6894816889  -1.9105117675  -0.1555937010
1.6857360714  -1.9042260744  -0.1593844576
1.6819440232  -1.8978865093  -0.1632215623
1.6781057097  -1.8914941316  -0.1671048645
1.6742213000  -1.8850500362  -0.1710342121
1.6702909700  -1.8785553688  -0.1750094437
1.6663149001  -1.8720112883  -0.1790303919
1.6622932736  -1.8654189486  -0.1830968897
1.6582262790  -1.8587795137  -0.1872087662
1.6541141102  -1.8520941824  -0.1913658434
1.6499569635  -1.8453641903  -0.1955679401
1.6457550366  -1.8385906996  -0.1998148708
1.6415085291  -1.8317746664  -0.2041064439
1.6372176548  -1.8249169558  -0.2084424652
1.6328827209  -1.8180187132  -0.2128227386
1.6285036720  -1.8110809905  -0.2172470612
1.6240803555  -1.8041048338  -0.2217152231
1.6196130647  -1.7970917168  -0.2262270140
1.6151020437  -1.7900430327  -0.2307822194
1.6105474407  -1.7829600420  -0.2353806186
1.6059494766  -1.7758440449  -0.2400219853
1.6013083899  -1.7686963211  -0.2447060902
1.5966243723  -1.7615180661  -0.2494327030
1.5918976050  -1.7543104291  -0.2542015876
1.5871284578  -1.7470747136  -0.2590125038
1.5823172395  -1.7398121249  -0.2638652084
1.5774641213  -1.7325236911  -0.2687594486
1.5725693535  -1.7252104856  -0.2736949667
1.5676331968  -1.7178735593  -0.2786715052
1.5626559678  -1.7105139887  -0.2836888039
1.5576379937  -1.7031328366  -0.2887465948
1.5525794123  -1.6957309462  -0.2938446042
1.5474806111  -1.6883093849  -0.2989825550
1.5423419985  -1.6808692279  -0.3041601640
1.5371636397  -1.6734111818  -0.3093771429
1.5319459907  -1.6659363256  -0.3146331964
1.5266893768  -1.6584456015  -0.3199280227
1.5213938729  -1.6509396850  -0.3252613188
1.5160598668  -1.6434195602  -0.3306327741
1.5106878107  -1.6358862804  -0.3360420685
1.5052779922  -1.6283407382  -0.3414888745
1.4998306668  -1.6207838354  -0.3469728456
1.4943462386  -1.6132166241  -0.3524936201
1.4888249895  -1.6056397171  -0.3580508829
1.4832671905  -1.5980533615  -0.3636444069
1.4776732786  -1.5904583879  -0.3692739594
1.4720436653  -1.5828563928  -0.3749392086
1.4663785165  -1.5752488006  -0.3806397603
1.4606781764  -1.5676367936  -0.3863752130
1.4549431189  -1.5600214662  -0.3921451650
1.4491736189  -1.5524036848  -0.3979492153
1.4433700085  -1.5447843672  -0.4037869623
1.4375325578  -1.5371643664  -0.4096580032
1.4316617144  -1.5295447144  -0.4155619375
1.4257579429  -1.5219264592  -0.4214983661
1.4198214961  -1.5143104265  -0.4274668861
1.4138528824  -1.5066976951  -0.4334670923
1.4078524336  -1.4990891566  -0.4394985859
1.4018203129  -1.4914855202  -0.4455609712
1.3957569805  -1.4838877885  -0.4516538482
1.3896629641  -1.4762970231  -0.4577768183
1.3835386949  -1.4687141719  -0.4639294838
1.3773844469  -1.4611400052  -0.4701114466
1.3712006501  -1.4535754293  -0.4763223069
1.3649877337  -1.4460213285  -0.4825616573
1.3587460260  -1.4384784624  -0.4888290867
1.3524759938  -1.4309477027  -0.4951241735
1.3461778644  -1.4234296487  -0.5014464727
1.3398521012  -1.4159251002  -0.5077955124
1.3334992304  -1.4084348853  -0.5141707671
1.3271194755  -1.4009594799  -0.5205715999
1.3207131668  -1.3934994052  -0.5269971546
1.3142805256  -1.3860549690  -0.5334460598
1.3078211893  -1.3786258888  -0.5399147531
1.3013351980  -1.3712123007  -0.5464012719
1.2948257853  -1.3638171583  -0.5529130766
1.2882971670  -1.3564446044  -0.5594595008
1.2817493861  -1.3490957897  -0.5660413999
1.2751797452  -1.3417692301  -0.5726562420
1.2685869262  -1.3344637053  -0.5793026231
1.2619709590  -1.3271787014  -0.5859792653
1.2553320921  -1.3199138046  -0.5926848227
1.2486706683  -1.3126685925  -0.5994178878
1.2419869588  -1.3054424659  -0.6061769974
1.2352813346  -1.2982348244  -0.6129606362
1.2285542300  -1.2910450398  -0.6197672394
1.2218059272  -1.2838722451  -0.6265952027
1.2150367121  -1.2767154998  -0.6334428862
1.2082469658  -1.2695738950  -0.6403086179
1.2014372640  -1.2624466590  -0.6471907057
1.1946078992  -1.2553326844  -0.6540874387
1.1877590740  -1.2482307333  -0.6609970860
1.1808912913  -1.2411398392  -0.6679179031
1.1740048480  -1.2340588090  -0.6748481414
1.1670999679  -1.2269863623  -0.6817860508
1.1601768504  -1.2199211870  -0.6887298819
1.1532355578  -1.2128618440  -0.6956778922
1.1462759837  -1.2058067440  -0.7026283495
1.1392976809  -1.1987539802  -0.7095795383
1.1322997180  -1.1917012022  -0.7165297631
1.1252803762  -1.1846453336  -0.7234773479
1.1182363869  -1.1775818180  -0.7304206457
1.1111614561  -1.1705031695  -0.7373580470
1.1040426283  -1.1633953803  -0.7442879865
1.0968496399  -1.1562271823  -0.7512089748
1.0894539955  -1.1488703888  -0.7581196051
1.0819931894  -1.1414670006  -0.7650184108
1.0748804768  -1.1344299012  -0.7719037277
1.0680681702  -1.1277037665  -0.7787738556
1.0613080998  -1.1210343899  -0.7856273002
1.0545677488  -1.1143852113  -0.7924627599
1.0478466500  -1.1077532406  -0.7992790146
1.0411446229  -1.1011367067  -0.8060749056
1.0344614912  -1.0945340450  -0.8128493494
1.0277970973  -1.0879438221  -0.8196013445
1.0211513043  -1.0813647368  -0.8263299743
1.0145239938  -1.0747956207  -0.8330344082
1.0079150657  -1.0682354377  -0.8397139074
1.0013244386  -1.0616832846  -0.8463678306
0.9947520482  -1.0551383892  -0.8529956352
0.9881978430  -1.0486001075  -0.8595968758
0.9816617839  -1.0420679210  -0.8661712098
0.9751438467  -1.0355414329  -0.8727184075
0.9686440190  -1.0290203625  -0.8792383494
0.9621622960  -1.0225045405  -0.8857310287
0.9556986815  -1.0159939043  -0.8921965598
0.9492531879  -1.0094884909  -0.8986351824
0.9428258335  -1.0029884306  -0.9050472673
0.9364166426  -0.9964939399  -0.9114333254
0.9300256459  -0.9900053146  -0.9177940200
0.9236528828  -0.9835229233  -0.9241301853
0.9172984047  -0.9770472013  -0.9304428537
0.9109622835  -0.9705786465  -0.9367333031
0.9046446317  -0.9641178212  -0.9430031472
0.8983456484  -0.9576653663  -0.9492545209
0.8920657389  -0.9512220669  -0.9554905335
0.8858061526  -0.9447889477  -0.9617174615
0.8795679442  -0.9383669631  -0.9679411964
0.8733481340  -0.9319562226  -0.9741577010
0.8671413033  -0.9255560100  -0.9803584911
0.8609462572  -0.9191658027  -0.9865416572
0.8547654373  -0.9127856750  -0.9927084850
0.8486002130  -0.9064158601  -0.9988592894
0.8424506105  -0.9000565002  -1.0049942137
0.8363165017  -0.8937076842  -1.0111134036
0.8301977595  -0.8873694764  -1.0172170075
0.8240942591  -0.8810419197  -1.0233051768
0.8180058771  -0.8747250360  -1.0293780650
0.8119324919  -0.8684188260  -1.0354358275
0.8058739832  -0.8621232701  -1.0414786203
0.7998302322  -0.8558383291  -1.0475066005
0.7938011213  -0.8495639448  -1.0535199244
0.7877865344  -0.8433000404  -1.0595187480
0.7817863568  -0.8370465221  -1.0655032256
0.7758004752  -0.8308032810  -1.0714735090
0.7698287773  -0.8245701932  -1.0774297472
0.7638711526  -0.8183471221  -1.0833720855
0.7579274918  -0.8121339197  -1.0893006644
0.7519976873  -0.8059304286  -1.0952156191
0.7460816328  -0.7997364831  -1.1011170788
0.7401792236  -0.7935519117  -1.1070051653
0.7342903564  -0.7873765388  -1.1128799927
0.7284149296  -0.7812101870  -1.1187416658
0.7225528430  -0.7750526795  -1.1245902790
0.7167039976  -0.7689038432  -1.1304259142
0.7108682951  -0.7627635133  -1.1362486379
0.7050456370  -0.7566315417  -1.1420584945
0.6992359193  -0.7505078268  -1.1478554862
0.6934390306  -0.7443923003  -1.1536395617
0.6876548774  -0.7382847601  -1.1594106963
0.6818834215  -0.7321848084  -1.1651689962
0.6761246566  -0.7260921147  -1.1709146444
0.6703785397  -0.7200065790  -1.1766477714
0.6646449813  -0.7139281707  -1.1823684460
0.6589238902  -0.7078568100  -1.1880767286
0.6532151924  -0.7017924022  -1.1937726837
0.6475188232  -0.6957348669  -1.1994563743
0.6418347208  -0.6896841391  -1.2051278610
0.6361628252  -0.6836401683  -1.2107872023
0.6305030788  -0.6776029190  -1.2164344541
0.6248554261  -0.6715723697  -1.2220696702
0.6192198135  -0.6655485129  -1.2276929020
0.6135961897  -0.6595313542  -1.2333041985
0.6079845054  -0.6535209123  -1.2389036065
0.6023847135  -0.6475172172  -1.2444911708
0.5967967689  -0.6415203097  -1.2500669335
0.5912206285  -0.6355302405  -1.2556309349
0.5856562515  -0.6295470683  -1.2611832130
0.5801035990  -0.6235708595  -1.2667238036
0.5745626340  -0.6176016864  -1.2722527405
0.5690333219  -0.6116396260  -1.2777700554
0.5635156299  -0.6056847585  -1.2832757781
0.5580095271  -0.5997371660  -1.2887699364
0.5525149848  -0.5937969307  -1.2942525560
0.5470319764  -0.5878641335  -1.2997236611
0.5415604768  -0.5819388512  -1.3051832739
0.5361004634  -0.5760211545  -1.3106314150
0.5306519152  -0.5701111027  -1.3160681032
0.5252148133  -0.5642087324  -1.3214933563
0.5197891408  -0.5583140435  -1.3269071909
0.5143748826  -0.5524270259  -1.3323096226
0.5089720253  -0.5465477307  -1.3377006647
0.5035805569  -0.5406762933  -1.3430803271
0.4982004668  -0.5348128704  -1.3484486166
0.4928317465  -0.5289575902  -1.3538055383
0.4874743898  -0.5231105655  -1.3591510964
0.4821283922  -0.5172719139  -1.3644852937
0.4767937512  -0.5114417595  -1.3698081311
0.4714704656  -0.5056202320  -1.3751196079
0.4661585362  -0.4998074658  -1.3804197216
0.4608579652  -0.4940036003  -1.3857084681
0.4555687565  -0.4882087800  -1.3909858419
0.4502909158  -0.4824230713  -1.3962518357
0.4450244498  -0.4766463826  -1.4015064413
0.4397693675  -0.4708788073  -1.4067496486
0.4345256793  -0.4651208995  -1.4119814452
0.4292933969  -0.4593731842  -1.4172018166
0.4240725337  -0.4536358422  -1.4224107475
0.4188631044  -0.4479089827  -1.4276082219
0.4136651254  -0.4421927625  -1.4327942225
0.4084786142  -0.4364873364  -1.4379687304
0.4033035896  -0.4307928564  -1.4431317260
0.3981400717  -0.4251094734  -1.4482831881
0.3929880820  -0.4194373382  -1.4534230944
0.3878476429  -0.4137766032  -1.4585514215
0.3827187784  -0.4081274235  -1.4636681449
0.3776015132  -0.4024899577  -1.4687732390
0.3724958733  -0.3968643697  -1.4738666771
0.3674018857  -0.3912508292  -1.4789484314
0.3623195786  -0.3856495124  -1.4840184731
0.3572489808  -0.3800606032  -1.4890767726
0.3521901222  -0.3744842937  -1.4941232990
0.3471430337  -0.3689207840  -1.4991580209
0.3421077467  -0.3633702831  -1.5041809057
0.3370842937  -0.3578330089  -1.5091919203
0.3320727076  -0.3523091878  -1.5141910307
0.3270730223  -0.3467990553  -1.5191782023
0.3220852720  -0.3413028553  -1.5241534000
0.3171094918  -0.3358208399  -1.5291165879
0.3121457168  -0.3303532685  -1.5340677298
0.3071939830  -0.3249004080  -1.5390067890
0.3022543266  -0.3194625311  -1.5439337286
0.2973267841  -0.3140399162  -1.5488485114
0.2924113923  -0.3086328462  -1.5537510998
0.2875081958  -0.3032427072  -1.5586415119
0.2826172492  -0.2978712582  -1.5635198288
0.2777385793  -0.2925161815  -1.5683859726
0.2728721802  -0.2871743804  -1.5732397189
0.2680180763  -0.2818474260  -1.5780809653
0.2631763257  -0.2765373699  -1.5829096831
0.2583469776  -0.2712446296  -1.5877258177
0.2535300713  -0.2659696064  -1.5925293190
0.2487256462  -0.2607126891  -1.5973201415
0.2439337412  -0.2554742517  -1.6020982450
0.2391543946  -0.2502546508  -1.6068635948
0.2343876443  -0.2450542241  -1.6116161621
0.2296335272  -0.2398732889  -1.6163559241
0.2248920790  -0.2347121410  -1.6210828642
0.2201633344  -0.2295710545  -1.6257969721
0.2154473267  -0.2244502807  -1.6304982440
0.2107440876  -0.2193500489  -1.6351866820
0.2060536476  -0.2142705658  -1.6398622948
0.2013760351  -0.2092120168  -1.6445250967
0.1967112771  -0.2041745664  -1.6491751079
0.1920593990  -0.1991583588  -1.6538123537
0.1874204242  -0.1941635198  -1.6584368646
0.1827943746  -0.1891901571  -1.6630486752
0.1781812701  -0.1842383626  -1.6676478242
0.1735811291  -0.1793082131  -1.6722343532
0.1689939682  -0.1743997723  -1.6768083064
0.1644198024  -0.1695130921  -1.6813697298
0.1598586448  -0.1646482140  -1.6859186698
0.1553105071  -0.1598051714  -1.6904551729
0.1507753990  -0.1549839900  -1.6949792845
0.1462533286  -0.1501846900  -1.6994910477
0.1417443022  -0.1454072905  -1.7039905022
0.1372516815  -0.1406528198  -1.7085447047
0.1327776424  -0.1359218381  -1.7131869080
0.1283134754  -0.1312116658  -1.7178025291
0.1238566395  -0.1265216361  -1.7224211186
0.1194116482  -0.1218531898  -1.7270406114
0.1149784301  -0.1172063545  -1.7316586616
0.1105569296  -0.1125811660  -1.7362726417
0.1061471083  -0.1079776670  -1.7408796432
0.1017489452  -0.1033959055  -1.7454764765
0.0973624386  -0.0988359337  -1.7500596708
0.0929876063  -0.0942978065  -1.7546254738
0.0886244864  -0.0897815793  -1.7591698524
0.0842731385  -0.0852873063  -1.7636884922
0.0799336437  -0.0808150381  -1.7681767975
0.0756061055  -0.0763648196  -1.7726298916
0.0712906500  -0.0719366877  -1.7770426163
0.0669874259  -0.0675306687  -1.7814095327
0.0626966050  -0.0631467764  -1.7857249202
0.0584183818  -0.0587850097  -1.7899827773
0.0541529732  -0.0544453513  -1.7941768214
0.0499006181  -0.0501277654  -1.7983004884
0.0456615767  -0.0458321972  -1.8023469333
0.0414361293  -0.0415585720  -1.8063090297
0.0372245753  -0.0373067949  -1.8101793703
0.0330272318  -0.0330767514  -1.8139502662
0.0288444313  -0.0288683083  -1.8176137477
0.0246765202  -0.0246813158  -1.8211615636
0.0205238557  -0.0205156094  -1.8245851819
0.0163868033  -0.0163710131  -1.8278757890
0.0122657335  -0.0122473431  -1.8310242904
0.0081610180  -0.0081444115  -1.8340213102
0.0040730257  -0.0040620308  -1.8368571915
0.0040685669  -0.0040619987  -1.8368571915
