0.0657547
2.4457493749  -2.5027669757   0.0000905321
2.4457493749  -2.5027669757   0.0000905321
2.4457543523  -2.5027489452   0.0000722752
2.4457456051  -2.5026877441   0.0000284556
2.4457167404  -2.5025839395  -0.0000416781
2.4456616078  -2.5024284897  -0.0001388660
2.4455780285  -2.5022187795  -0.0002638377
2.4454647959  -2.5019536797  -0.0004173119
2.4453210666  -2.5016325999  -0.0005999965
2.4451461629  -2.5012551824  -0.0008125885
2.4449394915  -2.5008211780  -0.0010557741
2.4447005064  -2.5003303875  -0.0013302287
2.4444286897  -2.4997826325  -0.0016366170
2.4441235410  -2.4991777390  -0.0019755927
2.4437845711  -2.4985155281  -0.0023477986
2.4434112986  -2.4977958107  -0.0027538670
2.4430032472  -2.4970183842  -0.0031944191
2.4425599448  -2.4961830313  -0.0036700653
2.4420809217  -2.4952895187  -0.0041814054
2.4415657111  -2.4943375972  -0.0047290281
2.4410138477  -2.4933270016  -0.0053135114
2.4404248685  -2.4922574514  -0.0059354225
2.4397983119  -2.4911286514  -0.0065953177
2.4391337184  -2.4899402926  -0.0072937427
2.4384306302  -2.4886920530  -0.0080312320
2.4376885916  -2.4873835984  -0.0088083096
2.4369071486  -2.4860145839  -0.0096254885
2.4360858500  -2.4845846546  -0.0104832710
2.4352242468  -2.4830934473  -0.0113821484
2.4343218931  -2.4815405916  -0.0123226015
2.4333783456  -2.4799257108  -0.0133050998
2.4323931643  -2.4782484235  -0.0143301025
2.4313659027  -2.4765070804  -0.0153994919
2.4302961437  -2.4747024658  -0.0165124564
2.4291834713  -2.4728357366  -0.0176690010
2.4280274441  -2.4709055770  -0.0188694331
2.4268276351  -2.4689112848  -0.0201141018
2.4255836279  -2.4668523511  -0.0214034069
2.4242950126  -2.4647283175  -0.0227377401
2.4229613842  -2.4625387684  -0.0241174908
2.4215823435  -2.4602833086  -0.0255430447
2.4201574975  -2.4579615601  -0.0270147832
2.4186864603  -2.4555731629  -0.0285330820
2.4171688521  -2.4531177727  -0.0300983107
2.4156042996  -2.4505950629  -0.0317108326
2.4139924369  -2.4480047267  -0.0333710036
2.4123329057  -2.4453464785  -0.0350791728
2.4106253546  -2.4426200519  -0.0368356812
2.4088694408  -2.4398252016  -0.0386408621
2.4070648300  -2.4369617059  -0.0404950407
2.4052111951  -2.4340293666  -0.0423985334
2.4033082183  -2.4310280126  -0.0443516481
2.4013555908  -2.4279574991  -0.0463546839
2.3993530119  -2.4248177054  -0.0484079307
2.3973001906  -2.4216085390  -0.0505116690
2.3951968451  -2.4183299358  -0.0526661698
2.3930427027  -2.4149818602  -0.0548716945
2.3908375017  -2.4115643075  -0.0571284945
2.3885809893  -2.4080773018  -0.0594368114
2.3862729231  -2.4045208975  -0.0617968763
2.3839130709  -2.4008951784  -0.0642089104
2.3815012102  -2.3972002616  -0.0666731242
2.3790371299  -2.3934362997  -0.0691897179
2.3765206279  -2.3896031509  -0.0717588811
2.3739515127  -2.3857009115  -0.0743807933
2.3713296043  -2.3817304596  -0.0770556241
2.3686547370  -2.3776923596  -0.0797835284
2.3659267537  -2.3735867151  -0.0825646436
2.3631455058  -2.3694137790  -0.0853990979
2.3603108565  -2.3651738870  -0.0882870134
2.3574226808  -2.3608674219  -0.0912285014
2.3544808644  -2.3564948050  -0.0942236623
2.3514853037  -2.3520564834  -0.0972725874
2.3484359058  -2.3475529304  -0.1003753591
2.3453325888  -2.3429846503  -0.1035320497
2.3421752814  -2.3383521778  -0.1067427213
2.3389639234  -2.3336560754  -0.1100074275
2.3356984657  -2.3288969334  -0.1133262163
2.3323788699  -2.3240753676  -0.1166991262
2.3290051066  -2.3191920167  -0.1201261844
2.3255771567  -2.3142475467  -0.1236074097
2.3220950112  -2.3092426475  -0.1271428123
2.3185586712  -2.3041780274  -0.1307323942
2.3149681482  -2.2990544163  -0.1343761502
2.3113234634  -2.2938725702  -0.1380740648
2.3076246471  -2.2886332669  -0.1418261122
2.3038717380  -2.2833373047  -0.1456322624
2.3000647857  -2.2779855005  -0.1494924773
2.2962038460  -2.2725786867  -0.1534067050
2.2922889844  -2.2671177133  -0.1573748890
2.2883202732  -2.2616034439  -0.1613969664
2.2842977948  -2.2560367645  -0.1654728603
2.2802216391  -2.2504185758  -0.1696024855
2.2760919015  -2.2447497860  -0.1737857535
2.2719086876  -2.2390313069  -0.1780225682
2.2676721013  -2.2332640395  -0.1823128236
2.2633822983  -2.2274489566  -0.1866564052
2.2590394687  -2.2215871065  -0.1910531926
2.2546434825  -2.2156792218  -0.1955030556
2.2501942106  -2.2097260226  -0.2000058547
2.2456918940  -2.2037286163  -0.2045614442
2.2411367250  -2.1976880958  -0.2091696731
2.2365287950  -2.1916054691  -0.2138303800
2.2318682489  -2.1854816995  -0.2185433943
2.2271552624  -2.1793175521  -0.2233085418
2.2223900228  -2.1731137277  -0.2281256424
2.2175726863  -2.1668711321  -0.2329945058
2.2127033783  -2.1605909051  -0.2379149324
2.2077823893  -2.1542744234  -0.2428867130
2.2028100322  -2.1479230516  -0.2479096332
2.1977864695  -2.1415379568  -0.2529834736
2.1927118948  -2.1351202989  -0.2581080049
2.1875865534  -2.1286712527  -0.2632829917
2.1824106840  -2.1221919433  -0.2685081932
2.1771845729  -2.1156835017  -0.2737833558
2.1719085440  -2.1091470580  -0.2791082181
2.1665827495  -2.1025835263  -0.2844825158
2.1612074408  -2.0959938760  -0.2899059803
2.1557831248  -2.0893793015  -0.2953783341
2.1503099599  -2.0827406111  -0.3008992905
2.1447881015  -2.0760785634  -0.3064685571
2.1392180950  -2.0693942830  -0.3120858354
2.1336001593  -2.0626885403  -0.3177508181
2.1279344076  -2.0559619623  -0.3234631926
2.1222212403  -2.0492154444  -0.3292226366
2.1164610901  -2.0424498990  -0.3350288211
2.1106543000  -2.0356661290  -0.3408814148
2.1048011053  -2.0288648114  -0.3467800775
2.0989018869  -2.0220467542  -0.3527244582
2.0929570319  -2.0152127678  -0.3587142043
2.0869667879  -2.0083635216  -0.3647489658
2.0809314704  -2.0014997541  -0.3708283861
2.0748515076  -1.9946223353  -0.3769520964
2.0687273299  -1.9877322097  -0.3831197097
2.0625591481  -1.9808300737  -0.3893308272
2.0563473284  -1.9739163064  -0.3955851117
2.0500924313  -1.9669911183  -0.4018823202
2.0437948113  -1.9600552055  -0.4082221889
2.0374547910  -1.9531101710  -0.4146043414
2.0310726835  -1.9461575696  -0.4210283354
2.0246487776  -1.9391984118  -0.4274937241
2.0181836048  -1.9322337266  -0.4340000649
2.0116775737  -1.9252643974  -0.4405469156
2.0051309609  -1.9182911690  -0.4471338345
1.9985443406  -1.9113150914  -0.4537603802
1.9919180544  -1.9043369779  -0.4604261080
1.9852523103  -1.8973574983  -0.4671305707
1.9785475532  -1.8903775660  -0.4738733250
1.9718043317  -1.8833982014  -0.4806539345
1.9650231460  -1.8764203700  -0.4874719587
1.9582043378  -1.8694448680  -0.4943269521
1.9513482680  -1.8624725028  -0.5012184792
1.9444554648  -1.8555042421  -0.5081461047
1.9375263098  -1.8485408942  -0.5151093884
1.9305612062  -1.8415832750  -0.5221078970
1.9235606601  -1.8346322909  -0.5291411969
1.9165249104  -1.8276885576  -0.5362088478
1.9094544968  -1.8207529684  -0.5433104021
1.9023499848  -1.8138264221  -0.5504454033
1.8952116711  -1.8069095135  -0.5576133767
1.8880399798  -1.8000029240  -0.5648138140
1.8808353596  -1.7931073198  -0.5720461507
1.8735981932  -1.7862232387  -0.5793097144
1.8663288147  -1.7793510770  -0.5866035966
1.8590274559  -1.7724909323  -0.5939263352
1.8516936530  -1.7656419454  -0.6012742402
1.8443276079  -1.7588042902  -0.6086464083
1.8369332479  -1.7519831127  -0.6160511172
1.8295148256  -1.7451844698  -0.6234960805
1.8220716147  -1.7384084426  -0.6309810441
1.8146006657  -1.7316516478  -0.6385037354
1.8071008576  -1.7249121070  -0.6460628110
1.7995724103  -1.7181891868  -0.6536569931
1.7920155851  -1.7114822485  -0.6612849408
1.7844307006  -1.7047905963  -0.6689452602
1.7768182056  -1.6981135482  -0.6766365055
1.7691784364  -1.6914501978  -0.6843571848
1.7615116336  -1.6847994369  -0.6921057726
1.7538181726  -1.6781602030  -0.6998807117
1.7460984585  -1.6715313846  -0.7076804129
1.7383530691  -1.6649119702  -0.7155032602
1.7305822242  -1.6583005216  -0.7233476196
1.7227861539  -1.6516955562  -0.7312118460
1.7149654505  -1.6450959164  -0.7390942828
1.7071203973  -1.6385001033  -0.7469932673
1.6992512766  -1.6319065925  -0.7549071377
1.6913583773  -1.6253138541  -0.7628342337
1.6834418761  -1.6187202445  -0.7707729049
1.6755018485  -1.6121240280  -0.7787215131
1.6675381619  -1.6055232801  -0.7866784304
1.6595503491  -1.5989157664  -0.7946420492
1.6515374672  -1.5922988203  -0.8026107874
1.6434977100  -1.5856689637  -0.8105830888
1.6354276707  -1.5790211731  -0.8185574294
1.6273207541  -1.5723472974  -0.8265323244
1.6191630051  -1.5656318595  -0.8345063387
1.6109222823  -1.5588408710  -0.8424781224
1.6024678250  -1.5518433565  -0.8504464060
1.5940085248  -1.5448531502  -0.8584098255
1.5859055040  -1.5382333855  -0.8663668032
1.5780313872  -1.5318511457  -0.8743157656
1.5701905317  -1.5255035537  -0.8822553751
1.5623613623  -1.5191632135  -0.8901844771
1.5545434065  -1.5128265321  -0.8981019887
1.5467364184  -1.5064914226  -0.9060068886
1.5389401574  -1.5001560322  -0.9138982335
1.5311544017  -1.4938186520  -0.9217751590
1.5233789480  -1.4874777192  -0.9296368841
1.5156136133  -1.4811318216  -0.9374827177
1.5078582340  -1.4747797007  -0.9453120610
1.5001126627  -1.4684202504  -0.9531244072
1.4923767656  -1.4620525138  -0.9609193420
1.4846504231  -1.4556756839  -0.9686965502
1.4769335325  -1.4492891050  -0.9764558247
1.4692260028  -1.4428922679  -0.9841970604
1.4615277510  -1.4364848036  -0.9919202579
1.4538387040  -1.4300664805  -0.9996255322
1.4461587981  -1.4236371984  -1.0073131138
1.4384879758  -1.4171969821  -1.0149833536
1.4308261854  -1.4107459749  -1.0226367297
1.4231733812  -1.4042844307  -1.0302738552
1.4155295241  -1.3978127064  -1.0378954911
1.4078945835  -1.3913312564  -1.0455025639
1.4002685422  -1.3848406284  -1.0530961940
1.3926514069  -1.3783414612  -1.0606777448
1.3850432322  -1.3718344942  -1.0682489160
1.3774441771  -1.3653206025  -1.0758119458
1.3698546518  -1.3588009265  -1.0833700911
1.3622760412  -1.3522770798  -1.0909298417
1.3547090486  -1.3457503334  -1.0984959536
1.3471496243  -1.3392199848  -1.1060631350
1.3395921866  -1.3326841264  -1.1136241309
1.3320362940  -1.3261420152  -1.1211781479
1.3244844866  -1.3195941172  -1.1287263543
1.3169378272  -1.3130408648  -1.1362691061
1.3093962022  -1.3064824018  -1.1438066495
1.3018593830  -1.2999187787  -1.1513392344
1.2943271410  -1.2933500111  -1.1588671157
1.2867992478  -1.2867760863  -1.1663905523
1.2792754755  -1.2801969642  -1.1739098071
1.2717555961  -1.2736125777  -1.1814251463
1.2642393813  -1.2670228324  -1.1889368385
1.2567266028  -1.2604276062  -1.1964451544
1.2492170321  -1.2538267506  -1.2039503661
1.2417104403  -1.2472200928  -1.2114527465
1.2342065982  -1.2406074370  -1.2189525682
1.2267052765  -1.2339885638  -1.2264501029
1.2192062453  -1.2273632318  -1.2339456209
1.2117092746  -1.2207311802  -1.2414393899
1.2042141342  -1.2140921307  -1.2489316743
1.1967205934  -1.2074457887  -1.2564227345
1.1892284215  -1.2007918463  -1.2639128257
1.1817373876  -1.1941299851  -1.2714021975
1.1742472604  -1.1874598792  -1.2788910921
1.1667578085  -1.1807811999  -1.2863797438
1.1592688001  -1.1740936212  -1.2938683770
1.1517800024  -1.1673968305  -1.3013572042
1.1442911815  -1.1606905477  -1.3088464222
1.1368020998  -1.1539745706  -1.3163362046
1.1293125098  -1.1472489514  -1.3238266777
1.1218221529  -1.1405138385  -1.3313179168
1.1143307996  -1.1337683949  -1.3388100473
1.1068382932  -1.1270105645  -1.3463033417
1.0993445041  -1.1202388131  -1.3537981324
1.0918492441  -1.1134529947  -1.3612946867
1.0843522689  -1.1066532776  -1.3687932170
1.0768533367  -1.0998394401  -1.3762939330
1.0693522256  -1.0930110777  -1.3837970493
1.0618487215  -1.0861677853  -1.3913027804
1.0543426117  -1.0793091737  -1.3988113398
1.0468336840  -1.0724348692  -1.4063229400
1.0393217268  -1.0655445141  -1.4138377928
1.0318065292  -1.0586377656  -1.4213561089
1.0242878811  -1.0517142933  -1.4288780983
1.0167655729  -1.0447737804  -1.4364039699
1.0092393959  -1.0378159311  -1.4439339318
1.0017091418  -1.0308404705  -1.4514681907
0.9941746032  -1.0238471324  -1.4590069526
0.9866355735  -1.0168356498  -1.4665504227
0.9790918469  -1.0098057580  -1.4740988050
0.9715432185  -1.0027571973  -1.4816523031
0.9639894841  -0.9956897106  -1.4892111194
0.9564304404  -0.9886030405  -1.4967754555
0.9488658850  -0.9814969271  -1.5043455120
0.9412956165  -0.9743711047  -1.5119214888
0.9337194344  -0.9672252985  -1.5195035849
0.9261371391  -0.9600592211  -1.5270919985
0.9185485323  -0.9528725672  -1.5346869268
0.9109534165  -0.9456650068  -1.5422885663
0.9033515958  -0.9384361729  -1.5498971131
0.8957428751  -0.9311856321  -1.5575127625
0.8881270613  -0.9239128559  -1.5651357100
0.8805039623  -0.9166172978  -1.5727661507
0.8728733869  -0.9092985613  -1.5804042775
0.8652351438  -0.9019564232  -1.5880502795
0.8575890426  -0.8945906735  -1.5957043431
0.8499348952  -0.8872010198  -1.6033666536
0.8422725160  -0.8797871301  -1.6110373953
0.8346017212  -0.8723486769  -1.6187167514
0.8269223284  -0.8648853395  -1.6264049030
0.8192341572  -0.8573967995  -1.6341020293
0.8115370289  -0.8498827407  -1.6418083076
0.8038307667  -0.8423428488  -1.6495239129
0.7961151962  -0.8347768117  -1.6572490183
0.7883901456  -0.8271838693  -1.6649837951
0.7806554468  -0.8195623539  -1.6727284150
0.7729109338  -0.8119115494  -1.6804830469
0.7651564384  -0.8042332805  -1.6882478492
0.7573917931  -0.7965292675  -1.6960229726
0.7496168372  -0.7887993021  -1.7038085689
0.7418314170  -0.7810427383  -1.7116047924
0.7340353822  -0.7732591836  -1.7194117945
0.7262285845  -0.7654482203  -1.7272297233
0.7184108785  -0.7576093917  -1.7350587239
0.7105821228  -0.7497422084  -1.7428989380
0.7027421794  -0.7418461569  -1.7507505035
0.6948909148  -0.7339207067  -1.7586135542
0.6870281994  -0.7259653191  -1.7664882197
0.6791539080  -0.7179794550  -1.7743746242
0.6712679202  -0.7099625830  -1.7822728871
0.6633701203  -0.7019141877  -1.7901831215
0.6554603978  -0.6938337775  -1.7981054348
0.6475386475  -0.6857208923  -1.8060399274
0.6396047699  -0.6775751103  -1.8139866926
0.6316586714  -0.6693960549  -1.8219458166
0.6237002649  -0.6611833994  -1.8299173773
0.6157294695  -0.6529368731  -1.8379014449
0.6077462117  -0.6446562665  -1.8458980808
0.5997504250  -0.6363414364  -1.8539073377
0.5917420506  -0.6279923096  -1.8619292592
0.5837210379  -0.6196088856  -1.8699638793
0.5756873444  -0.6111912385  -1.8780112226
0.5676409366  -0.6027395194  -1.8860713035
0.5595817903  -0.5942539560  -1.8941441262
0.5515098906  -0.5857348536  -1.9022296846
0.5434252328  -0.5771825941  -1.9103279616
0.5353278756  -0.5686049342  -1.9184391809
0.5272179706  -0.5600125366  -1.9265638441
0.5190954920  -0.5513891477  -1.9347017174
0.5109601413  -0.5427123881  -1.9428518865
0.5028118347  -0.5339906971  -1.9510139781
0.4946507985  -0.5252363709  -1.9591879402
0.4864772167  -0.5164510886  -1.9673735886
0.4782912035  -0.5076365581  -1.9755707438
0.4700928901  -0.4987945233  -1.9837792324
0.4618824237  -0.4899267427  -1.9919988883
0.4536599670  -0.4810349705  -2.0002295535
0.4454256966  -0.4721209390  -2.0084710791
0.4371798026  -0.4631863434  -2.0167233254
0.4289224877  -0.4542328285  -2.0249861623
0.4206539666  -0.4452619769  -2.0332594684
0.4123744649  -0.4362753006  -2.0415431310
0.4040842194  -0.4272742332  -2.0498370451
0.3957834773  -0.4182601258  -2.0581411119
0.3874724964  -0.4092342439  -2.0664552376
0.3791515456  -0.4001977672  -2.0747793313
0.3708209045  -0.3911517917  -2.0831133033
0.3624808647  -0.3820973326  -2.0914570623
0.3541317299  -0.3730353309  -2.0998105133
0.3457738169  -0.3639666604  -2.1081735541
0.3374074560  -0.3548921373  -2.1165460731
0.3290329921  -0.3458125308  -2.1249279454
0.3206507850  -0.3367285756  -2.1333190301
0.3122612102  -0.3276409851  -2.1417191666
0.3038646590  -0.3185504660  -2.1501281710
0.2954615389  -0.3094577335  -2.1585458331
0.2870522734  -0.3003635267  -2.1669719126
0.2786373007  -0.2912686633  -2.1754061348
0.2702323470  -0.2821842780  -2.1839843063
0.2618478044  -0.2731175330  -2.1927736499
0.2534445339  -0.2640420391  -2.2015409561
0.2450114242  -0.2549513361  -2.2103457653
0.2365694923  -0.2458610581  -2.2191833848
0.2281189304  -0.2367725203  -2.2280485274
0.2196600318  -0.2276872808  -2.2369353116
0.2111931865  -0.2186071103  -2.2458372615
0.2027188833  -0.2095339868  -2.2547473068
0.1942377125  -0.2004700860  -2.2636577827
0.1857503665  -0.1914177652  -2.2725604301
0.1772576410  -0.1823795417  -2.2814463956
0.1687604343  -0.1733580662  -2.2903062312
0.1602597464  -0.1643560893  -2.2991298946
0.1517566768  -0.1553764245  -2.3079067492
0.1432524221  -0.1464219049  -2.3166255638
0.1347482717  -0.1374953380  -2.3252745131
0.1262456035  -0.1285994563  -2.3338411772
0.1177458782  -0.1197368680  -2.3423125418
0.1092506334  -0.1109100074  -2.3506749982
0.1007614760  -0.1021210876  -2.3589143434
0.0922800751  -0.0933720573  -2.3670157800
0.0838081530  -0.0846645637  -2.3749639162
0.0753474767  -0.0759999243  -2.3827427657
0.0668998485  -0.0673791082  -2.3903357480
0.0584670962  -0.0588027304  -2.3977256880
0.0500510639  -0.0502710592  -2.4048948163
0.0416536012  -0.0417840394  -2.4118247691
0.0332765544  -0.0333413300  -2.4184965883
0.0249217558  -0.0249423578  -2.4248907212
0.0165910155  -0.0165863845  -2.4309870210
0.0082861112  -0.0082725843  -2.4367647462
0.0082676389  -0.0082723525  -2.4367647462
