0.111639
1.8324824666  -1.8241969086   0.0000580729
1.8324824666  -1.8241969086   0.0000580729
1.8324864955  -1.8241902827   0.0000477280
1.8324821475  -1.8241614165   0.0000217766
1.8324653194  -1.8241100694  -0.0000202080
1.8324325212  -1.8240322314  -0.0000786496
1.8323824824  -1.8239266494  -0.0001539693
1.8323144895  -1.8237927288  -0.0002465849
1.8322280376  -1.8236301160  -0.0003569116
1.8321227163  -1.8234385620  -0.0004853614
1.8319981627  -1.8232178670  -0.0006323437
1.8318540396  -1.8229678541  -0.0007982647
1.8316900246  -1.8226883553  -0.0009835279
1.8315058035  -1.8223792047  -0.0011885335
1.8313010670  -1.8220402336  -0.0014136793
1.8310755081  -1.8216712682  -0.0016593599
1.8308288209  -1.8212721275  -0.0019259668
1.8305606997  -1.8208426231  -0.0022138890
1.8302708381  -1.8203825579  -0.0025235122
1.8299589289  -1.8198917262  -0.0028552193
1.8296246634  -1.8193699132  -0.0032093905
1.8292677318  -1.8188168954  -0.0035864027
1.8288878224  -1.8182324406  -0.0039866302
1.8284846220  -1.8176163077  -0.0044104442
1.8280578157  -1.8169682471  -0.0048582130
1.8276070867  -1.8162880013  -0.0053303020
1.8271321166  -1.8155753047  -0.0058270736
1.8266325852  -1.8148298840  -0.0063488875
1.8261081707  -1.8140514586  -0.0068961003
1.8255585493  -1.8132397412  -0.0074690657
1.8249833959  -1.8123944378  -0.0080681345
1.8243823836  -1.8115152481  -0.0086936545
1.8237551733  -1.8106012115  -0.0093468603
1.8231014483  -1.8096526094  -0.0100273066
1.8224208925  -1.8086699482  -0.0107350604
1.8217131615  -1.8076524447  -0.0114703988
1.8209779163  -1.8065995927  -0.0122336221
1.8202148210  -1.8055109953  -0.0130250605
1.8194235389  -1.8043862771  -0.0138450441
1.8186037329  -1.8032250778  -0.0146939058
1.8177550651  -1.8020270418  -0.0155719808
1.8168771969  -1.8007918165  -0.0164796058
1.8159697890  -1.7995190513  -0.0174171187
1.8150325019  -1.7982083978  -0.0183848582
1.8140649953  -1.7968595106  -0.0193831638
1.8130669289  -1.7954720476  -0.0204123757
1.8120379622  -1.7940456707  -0.0214728343
1.8109777544  -1.7925800468  -0.0225648803
1.8098859650  -1.7910748482  -0.0236888535
1.8087622540  -1.7895297534  -0.0248450932
1.8076062813  -1.7879444466  -0.0260339383
1.8064177060  -1.7863186166  -0.0272557283
1.8051961876  -1.7846519596  -0.0285108026
1.8039413854  -1.7829441795  -0.0297995009
1.8026529596  -1.7811949893  -0.0311221608
1.8013305703  -1.7794041100  -0.0324791181
1.7999738803  -1.7775712736  -0.0338707062
1.7985825566  -1.7756962247  -0.0352972583
1.7971562691  -1.7737787193  -0.0367591075
1.7956946895  -1.7718185246  -0.0382565865
1.7941974909  -1.7698154191  -0.0397900260
1.7926643443  -1.7677691900  -0.0413597532
1.7910949191  -1.7656796341  -0.0429660922
1.7894888863  -1.7635463812  -0.0446093659
1.7878459176  -1.7613691838  -0.0462898959
1.7861656881  -1.7591482284  -0.0480080016
1.7844478802  -1.7568835334  -0.0497639997
1.7826921789  -1.7545748480  -0.0515582053
1.7808982690  -1.7522219935  -0.0533909310
1.7790658379  -1.7498248373  -0.0552624859
1.7771945762  -1.7473832687  -0.0571731753
1.7752841774  -1.7448971937  -0.0591233015
1.7733343381  -1.7423665303  -0.0611131644
1.7713447579  -1.7397912073  -0.0631430613
1.7693151378  -1.7371711645  -0.0652132855
1.7672451858  -1.7345063587  -0.0673241251
1.7651346189  -1.7317967662  -0.0694758647
1.7629831606  -1.7290423783  -0.0716687850
1.7607905348  -1.7262431953  -0.0739031630
1.7585564560  -1.7233992145  -0.0761792722
1.7562806315  -1.7205104333  -0.0784973825
1.7539627717  -1.7175768599  -0.0808577592
1.7516026115  -1.7145985347  -0.0832606609
1.7491999202  -1.7115755392  -0.0857063405
1.7467544819  -1.7085079776  -0.0881950483
1.7442660621  -1.7053959433  -0.0907270315
1.7417343876  -1.7022394969  -0.0933025311
1.7391591678  -1.6990386878  -0.0959217817
1.7365401376  -1.6957935980  -0.0985850123
1.7338770906  -1.6925043756  -0.1012924470
1.7311698606  -1.6891712161  -0.1040443035
1.7284182676  -1.6857943087  -0.1068407925
1.7256220764  -1.6823737934  -0.1096821190
1.7227810161  -1.6789097797  -0.1125684849
1.7198948516  -1.6754024124  -0.1155000867
1.7169634042  -1.6718518916  -0.1184771116
1.7139865139  -1.6682584540  -0.1214997395
1.7109640049  -1.6646223462  -0.1245681472
1.7078957074  -1.6609438295  -0.1276825064
1.7047814766  -1.6572231951  -0.1308429784
1.7016211562  -1.6534607423  -0.1340497156
1.6984145635  -1.6496567777  -0.1373028642
1.6951615190  -1.6458115961  -0.1406025647
1.6918618878  -1.6419253746  -0.1439489535
1.6885155762  -1.6379981461  -0.1473421614
1.6851224767  -1.6340300058  -0.1507823123
1.6816824394  -1.6300212957  -0.1542695202
1.6781953137  -1.6259725485  -0.1578038891
1.6746609908  -1.6218843590  -0.1613855157
1.6710793813  -1.6177573109  -0.1650144912
1.6674503949  -1.6135919618  -0.1686908978
1.6637739784  -1.6093888806  -0.1724148086
1.6600501043  -1.6051486358  -0.1761862933
1.6562786789  -1.6008717007  -0.1800054142
1.6524595533  -1.5965584621  -0.1838722205
1.6485926663  -1.5922093649  -0.1877867546
1.6446780639  -1.5878249368  -0.1917490555
1.6407157528  -1.5834056421  -0.1957591533
1.6367056643  -1.5789518413  -0.1998170688
1.6326477497  -1.5744638900  -0.2039228161
1.6285420003  -1.5699421652  -0.2080764025
1.6243884217  -1.5653870401  -0.2122778261
1.6201869939  -1.5607988464  -0.2165270747
1.6159376709  -1.5561778748  -0.2208241281
1.6116405064  -1.5515245069  -0.2251689597
1.6072956460  -1.5468392124  -0.2295615363
1.6029031164  -1.5421223360  -0.2340018142
1.5984628345  -1.5373741036  -0.2384897375
1.5939748618  -1.5325948874  -0.2430252428
1.5894394079  -1.5277852158  -0.2476082601
1.5848565386  -1.5229454713  -0.2522387088
1.5802261925  -1.5180758935  -0.2569164948
1.5755484112  -1.5131767752  -0.2616415043
1.5708232858  -1.5082484061  -0.2664135970
1.5660509611  -1.5032914649  -0.2712326489
1.5612316641  -1.4983074262  -0.2760986256
1.5563655833  -1.4932976461  -0.2810115436
1.5514528550  -1.4882623921  -0.2859713357
1.5464935311  -1.4832013475  -0.2909778204
1.5414876605  -1.4781145815  -0.2960307746
1.5364354589  -1.4730027230  -0.3011299710
1.5313371414  -1.4678665200  -0.3062751761
1.5261927743  -1.4627066041  -0.3114661490
1.5210025288  -1.4575237386  -0.3167026406
1.5157667439  -1.4523188879  -0.3219843978
1.5104855463  -1.4470928254  -0.3273111632
1.5051589744  -1.4418462509  -0.3326826672
1.4997874146  -1.4365802343  -0.3380986338
1.4943712451  -1.4312958582  -0.3435587844
1.4889106097  -1.4259939788  -0.3490628339
1.4834057205  -1.4206755224  -0.3546104908
1.4778568672  -1.4153415012  -0.3602014593
1.4722643560  -1.4099929461  -0.3658354378
1.4666284873  -1.4046308766  -0.3715121177
1.4609495383  -1.3992562800  -0.3772311850
1.4552278307  -1.3938701764  -0.3829923160
1.4494637077  -1.3884735908  -0.3887951712
1.4436575091  -1.3830675185  -0.3946393919
1.4378094694  -1.3776528190  -0.4005245976
1.4319198267  -1.3722303225  -0.4064503706
1.4259890194  -1.3668010169  -0.4124162258
1.4200174446  -1.3613657914  -0.4184215671
1.4140053716  -1.3559253291  -0.4244655881
1.4079530051  -1.3504801104  -0.4305470304
1.4018600715  -1.3450298978  -0.4366629798
1.3957260454  -1.3395741467  -0.4428094189
1.3895528623  -1.3341154400  -0.4489904613
1.3833454696  -1.3286603618  -0.4552185642
1.3771062643  -1.3232129908  -0.4614993948
1.3708328477  -1.3177715734  -0.4678307557
1.3645227229  -1.3123333023  -0.4742105178
1.3581753861  -1.3068970455  -0.4806372294
1.3517909612  -1.3014622295  -0.4871093804
1.3453696987  -1.2960282938  -0.4936253750
1.3389119486  -1.2905946361  -0.5001835384
1.3324180185  -1.2851604729  -0.5067821187
1.3258884470  -1.2797251193  -0.5134192971
1.3193234853  -1.2742874819  -0.5200931997
1.3127232122  -1.2688461826  -0.5268018990
1.3060881717  -1.2634002123  -0.5335434153
1.2994188165  -1.2579483846  -0.5403157293
1.2927154325  -1.2524892669  -0.5471167903
1.2859783487  -1.2470214021  -0.5539445193
1.2792079574  -1.2415433437  -0.5607968137
1.2724045650  -1.2360535169  -0.5676715538
1.2655684250  -1.2305502634  -0.5745666090
1.2586997547  -1.2250318706  -0.5814798431
1.2517985944  -1.2194964420  -0.5884091182
1.2448647807  -1.2139418820  -0.5953523009
1.2378978359  -1.2083657997  -0.6023072690
1.2308968069  -1.2027653710  -0.6092719189
1.2238598059  -1.1971368827  -0.6162441667
1.2167834343  -1.1914751836  -0.6232219522
1.2096614527  -1.1857723829  -0.6302032490
1.2024813509  -1.1800144458  -0.6371860757
1.1952166168  -1.1741734601  -0.6441685224
1.1877697421  -1.1681509073  -0.6511487828
1.1801012740  -1.1619103412  -0.6581250616
1.1726546786  -1.1558975503  -0.6650953620
1.1656599825  -1.1503371505  -0.6720575169
1.1588211010  -1.1449255260  -0.6790095031
1.1520038428  -1.1395231142  -0.6859495678
1.1452014438  -1.1341196028  -0.6928761050
1.1384135278  -1.1287124137  -0.6997875819
1.1316399213  -1.1232996380  -0.7066825502
1.1248804685  -1.1178795399  -0.7135596555
1.1181350382  -1.1124505492  -0.7204176434
1.1114035233  -1.1070112635  -0.7272553601
1.1046858402  -1.1015604512  -0.7340717600
1.0979819319  -1.0960970538  -0.7408659183
1.0912917647  -1.0906201845  -0.7476370282
1.0846153218  -1.0851291245  -0.7543844002
1.0779526051  -1.0796233224  -0.7611074732
1.0713036355  -1.0741023918  -0.7678058196
1.0646684499  -1.0685661057  -0.7744791474
1.0580470982  -1.0630143903  -0.7811273055
1.0514396425  -1.0574473195  -0.7877502904
1.0448461556  -1.0518651073  -0.7943482519
1.0382667195  -1.0462680999  -0.8009215013
1.0317014245  -1.0406567681  -0.8074705228
1.0251503698  -1.0350316982  -0.8139959869
1.0186136640  -1.0293935844  -0.8204987696
1.0120914292  -1.0237432219  -0.8269799840
1.0055838106  -1.0180815023  -0.8334410305
0.9990909951  -1.0124094171  -0.8398836844
0.9926132556  -1.0067280767  -0.8463102721
0.9861510566  -1.0010387868  -0.8527240576
0.9797055459  -0.9953432655  -0.8591308567
0.9732785709  -0.9896435066  -0.8655390775
0.9668688481  -0.9839401849  -0.8719494868
0.9604698786  -0.9782317098  -0.8783522014
0.9540772685  -0.9725165764  -0.8847411246
0.9476929157  -0.9667951813  -0.8911170103
0.9413195523  -0.9610685531  -0.8974806875
0.9349578035  -0.9553372930  -0.9038323349
0.9286075730  -0.9496017601  -0.9101721032
0.9222687324  -0.9438622559  -0.9165001475
0.9159411542  -0.9381190468  -0.9228166281
0.9096247118  -0.9323723658  -0.9291217096
0.9033192799  -0.9266224116  -0.9354155605
0.8970247337  -0.9208693496  -0.9416983525
0.8907409490  -0.9151133120  -0.9479702594
0.8844678025  -0.9093543982  -0.9542314565
0.8782051711  -0.9035926754  -0.9604821197
0.8719529327  -0.8978281804  -0.9667224246
0.8657109655  -0.8920609206  -0.9729525451
0.8594791486  -0.8862908757  -0.9791726532
0.8532573616  -0.8805179992  -0.9853829173
0.8470454850  -0.8747422208  -0.9915835011
0.8408434002  -0.8689634485  -0.9977745632
0.8346509894  -0.8631815708  -1.0039562550
0.8284681359  -0.8573964596  -1.0101287206
0.8222947239  -0.8516079728  -1.0162920944
0.8161306386  -0.8458159573  -1.0224465006
0.8099757664  -0.8400202528  -1.0285920510
0.8038299941  -0.8342206961  -1.0347288428
0.7976932091  -0.8284171274  -1.0408569551
0.7915652975  -0.8226093999  -1.0469764427
0.7854461407  -0.8167974117  -1.0530873181
0.7793356078  -0.8109811314  -1.0591895259
0.7732335734  -0.8051604367  -1.0652829903
0.7671399705  -0.7993348694  -1.0713677605
0.7610548017  -0.7935038496  -1.0774440394
0.7549780557  -0.7876671145  -1.0835120252
0.7489096483  -0.7818246611  -1.0895718243
0.7428494640  -0.7759764548  -1.0956235062
0.7367974056  -0.7701223912  -1.1016671443
0.7307533941  -0.7642623651  -1.1077028130
0.7247173563  -0.7583962901  -1.1137305847
0.7186892214  -0.7525240984  -1.1197505290
0.7126689208  -0.7466457405  -1.1257627130
0.7066563885  -0.7407611858  -1.1317672012
0.7006515602  -0.7348704214  -1.1377640554
0.6946543745  -0.7289734520  -1.1437533350
0.6886647720  -0.7230702987  -1.1497350965
0.6826826957  -0.7171609998  -1.1557093940
0.6767080909  -0.7112456097  -1.1616762788
0.6707409055  -0.7053241953  -1.1676357998
0.6647810895  -0.6993968341  -1.1735880031
0.6588285956  -0.6934636127  -1.1795329325
0.6528833788  -0.6875246259  -1.1854706289
0.6469453966  -0.6815799743  -1.1914011311
0.6410146089  -0.6756297626  -1.1973244752
0.6350909780  -0.6696740967  -1.2032406946
0.6291744690  -0.6637130816  -1.2091498208
0.6232650492  -0.6577468184  -1.2150518826
0.6173626886  -0.6517754010  -1.2209469064
0.6114673597  -0.6457989115  -1.2268349165
0.6055790376  -0.6398174140  -1.2327159352
0.5996977000  -0.6338309401  -1.2385899827
0.5938233273  -0.6278394646  -1.2444570777
0.5879559025  -0.6218429134  -1.2503172376
0.5820954114  -0.6158412610  -1.2561704776
0.5762418412  -0.6098346220  -1.2620168084
0.5703951812  -0.6038231977  -1.2678562358
0.5645554232  -0.5978071637  -1.2736887623
0.5587225624  -0.5917866515  -1.2795143888
0.5528965973  -0.5857617869  -1.2853331141
0.5470775288  -0.5797327069  -1.2911449345
0.5412653606  -0.5736995563  -1.2969498436
0.5354600987  -0.5676624877  -1.3027478321
0.5296617521  -0.5616216608  -1.3085388880
0.5238703323  -0.5555772432  -1.3143229969
0.5180858534  -0.5495294097  -1.3201001413
0.5123083325  -0.5434782064  -1.3258703015
0.5065377891  -0.5374234163  -1.3316334553
0.5007742457  -0.5313651244  -1.3373895780
0.4950177276  -0.5253041796  -1.3431386403
0.4892682623  -0.5192413909  -1.3488806092
0.4835258802  -0.5131770002  -1.3546154500
0.4777906151  -0.5071111322  -1.3603431265
0.4720625035  -0.5010439896  -1.3660635996
0.4663415844  -0.4949757721  -1.3717768279
0.4606278992  -0.4889066759  -1.3774827672
0.4549214924  -0.4828368960  -1.3831813707
0.4492224109  -0.4767666285  -1.3888725891
0.4435307043  -0.4706960734  -1.3945563703
0.4378464249  -0.4646254368  -1.4002326598
0.4321696275  -0.4585549331  -1.4059014003
0.4265003697  -0.4524847873  -1.4115625319
0.4208387115  -0.4464152369  -1.4172159921
0.4151847156  -0.4403465339  -1.4228617156
0.4095384470  -0.4342789462  -1.4284996345
0.4038999736  -0.4282127594  -1.4341296783
0.3982693653  -0.4221482769  -1.4397517740
0.3926466949  -0.4160858213  -1.4453658459
0.3870320373  -0.4100257350  -1.4509718160
0.3814254699  -0.4039683806  -1.4565696037
0.3758270723  -0.3979141415  -1.4621591263
0.3702369265  -0.3918634219  -1.4677402985
0.3646551164  -0.3858166459  -1.4733130329
0.3590817284  -0.3797742574  -1.4788772402
0.3535168508  -0.3737367195  -1.4844328287
0.3479605739  -0.3677045129  -1.4899797051
0.3424129899  -0.3616781353  -1.4955177741
0.3368741930  -0.3556580997  -1.5010469390
0.3313442918  -0.3496468926  -1.5065671795
0.3258234134  -0.3436476959  -1.5120785643
0.3203116403  -0.3376564340  -1.5175809344
0.3148089996  -0.3316675920  -1.5230739215
0.3093155702  -0.3256839773  -1.5285573298
0.3038314914  -0.3197092932  -1.5340310664
0.2983568891  -0.3137443440  -1.5394950006
0.2928918735  -0.3077899173  -1.5449490066
0.2874365566  -0.3018467883  -1.5503929642
0.2819910508  -0.2959157147  -1.5558267593
0.2765554698  -0.2899974318  -1.5612502845
0.2711299269  -0.2840926489  -1.5666634393
0.2657145357  -0.2782020463  -1.5720661308
0.2603094093  -0.2723262724  -1.5774582738
0.2549146599  -0.2664659424  -1.5828397908
0.2495303988  -0.2606216366  -1.5882106121
0.2441567361  -0.2547938997  -1.5935706759
0.2387937802  -0.2489832410  -1.5989199282
0.2334416380  -0.2431901346  -1.6042583223
0.2281004146  -0.2374150203  -1.6095858186
0.2227702133  -0.2316583046  -1.6149023842
0.2174511354  -0.2259203626  -1.6202079922
0.2121432804  -0.2202015398  -1.6255026213
0.2068467456  -0.2145021543  -1.6307862549
0.2015616263  -0.2088224994  -1.6360588803
0.1962880161  -0.2031628456  -1.6413204877
0.1910260061  -0.1975234440  -1.6465710694
0.1857756858  -0.1919045286  -1.6518106183
0.1805371421  -0.1863063192  -1.6570391273
0.1753104601  -0.1807290241  -1.6622565875
0.1700957223  -0.1751728426  -1.6674629871
0.1648930089  -0.1696379742  -1.6726583097
0.1597071622  -0.1641266398  -1.6779209091
0.1545413274  -0.1586401472  -1.6832896168
0.1493832122  -0.1531733068  -1.6886303484
0.1442292931  -0.1477249321  -1.6939775988
0.1390860493  -0.1422980674  -1.6993288849
0.1339534522  -0.1368929346  -1.7046813944
0.1288314960  -0.1315097753  -1.7100319857
0.1237201981  -0.1261488467  -1.7153771875
0.1186196004  -0.1208104201  -1.7207131996
0.1135297706  -0.1154947774  -1.7260358922
0.1084508025  -0.1102022080  -1.7313408062
0.1033828178  -0.1049330053  -1.7366231532
0.0983259657  -0.0996874617  -1.7418778154
0.0932804244  -0.0944658644  -1.7470993457
0.0882464009  -0.0892684901  -1.7522819678
0.0832241317  -0.0840956002  -1.7574195756
0.0782138823  -0.0789474354  -1.7625057343
0.0732159476  -0.0738242104  -1.7675336792
0.0682306513  -0.0687261095  -1.7724963165
0.0632583452  -0.0636532821  -1.7773862232
0.0582994085  -0.0586058385  -1.7821956466
0.0533542468  -0.0535838477  -1.7869165050
0.0484232904  -0.0485873347  -1.7915403871
0.0435069927  -0.0436162800  -1.7960585525
0.0386058284  -0.0386706199  -1.8004619313
0.0337202904  -0.0337502480  -1.8047411242
0.0288508878  -0.0288550192  -1.8088864027
0.0239981420  -0.0239847535  -1.8128877090
0.0191625836  -0.0191392425  -1.8167346557
0.0143447477  -0.0143182573  -1.8204165263
0.0095451698  -0.0095215559  -1.8239222748
0.0047643803  -0.0047488934  -1.8272405261
0.0047582780  -0.0047488367  -1.8272405261
