0.155242
1.0159781820  -1.6219297565   0.0000855004
1.0159781820  -1.6219297565   0.0000855004
1.0159939932  -1.6219770041   0.0000780165
1.0159990636  -1.6219897339   0.0000514805
1.0159853179  -1.6219439395   0.0000053054
1.0159506470  -1.6218336220  -0.0000610844
1.0158941052  -1.6216560935  -0.0001482530
1.0158150828  -1.6214096206  -0.0002567529
1.0157130973  -1.6210928345  -0.0003871253
1.0155877245  -1.6207045330  -0.0005399001
1.0154385695  -1.6202436025  -0.0007155954
1.0152652544  -1.6197089824  -0.0009147182
1.0150674121  -1.6190996479  -0.0011377637
1.0148446827  -1.6184146017  -0.0013852159
1.0145967119  -1.6176528693  -0.0016575473
1.0143231501  -1.6168134972  -0.0019552190
1.0140236513  -1.6158955517  -0.0022786804
1.0136978738  -1.6148981193  -0.0026283699
1.0133454794  -1.6138203068  -0.0030047139
1.0129661337  -1.6126612425  -0.0034081277
1.0125595061  -1.6114200767  -0.0038390153
1.0121252701  -1.6100959831  -0.0042977687
1.0116631037  -1.6086881600  -0.0047847690
1.0111726889  -1.6071958313  -0.0053003856
1.0106537127  -1.6056182484  -0.0058449764
1.0101058671  -1.6039546907  -0.0064188880
1.0095288492  -1.6022044676  -0.0070224555
1.0089223615  -1.6003669195  -0.0076560024
1.0082861125  -1.5984414194  -0.0083198410
1.0076198163  -1.5964273739  -0.0090142720
1.0069231937  -1.5943242246  -0.0097395847
1.0061959719  -1.5921314496  -0.0104960569
1.0054378927  -1.5898483211  -0.0112852588
1.0046486930  -1.5874745835  -0.0121062398
1.0038281085  -1.5850101793  -0.0129587727
1.0029758971  -1.5824546055  -0.0138431330
1.0020918260  -1.5798074329  -0.0147595594
1.0011756682  -1.5770683534  -0.0157082684
1.0002272041  -1.5742371192  -0.0166894686
0.9992462225  -1.5713135307  -0.0177033615
0.9982325206  -1.5682974356  -0.0187501407
0.9971859046  -1.5651887288  -0.0198299918
0.9961061895  -1.5619873531  -0.0209430920
0.9949931995  -1.5586932996  -0.0220896097
0.9938467681  -1.5553066083  -0.0232697042
0.9926667380  -1.5518273683  -0.0244835261
0.9914529580  -1.5482557163  -0.0257312165
0.9902052739  -1.5445918311  -0.0270129071
0.9889235417  -1.5408359412  -0.0283287204
0.9876076362  -1.5369883309  -0.0296787694
0.9862574434  -1.5330493354  -0.0310631573
0.9848728587  -1.5290193398  -0.0324819778
0.9834537879  -1.5248987793  -0.0339353152
0.9820001465  -1.5206881384  -0.0354232439
0.9805118600  -1.5163879512  -0.0369458286
0.9789888641  -1.5119988004  -0.0385031247
0.9774311041  -1.5075213169  -0.0400951777
0.9758385355  -1.5029561793  -0.0417220238
0.9742111234  -1.4983041125  -0.0433836911
0.9725488429  -1.4935658867  -0.0450802000
0.9708516789  -1.4887423173  -0.0468115614
0.9691196255  -1.4838342643  -0.0485777761
0.9673526864  -1.4788426309  -0.0503788345
0.9655508746  -1.4737683304  -0.0522147172
0.9637142122  -1.4686123372  -0.0540853950
0.9618427304  -1.4633757429  -0.0559908293
0.9599364698  -1.4580596420  -0.0579309724
0.9579954796  -1.4526651091  -0.0599057668
0.9560198172  -1.4471932669  -0.0619151463
0.9540095486  -1.4416452820  -0.0639590357
0.9519647479  -1.4360223540  -0.0660373512
0.9498854973  -1.4303257132  -0.0681500005
0.9477718869  -1.4245566185  -0.0702968833
0.9456240144  -1.4187163560  -0.0724778916
0.9434419849  -1.4128062370  -0.0746929095
0.9412259106  -1.4068275966  -0.0769418139
0.9389759108  -1.4007817919  -0.0792244747
0.9366921115  -1.3946702003  -0.0815407554
0.9343746455  -1.3884942181  -0.0838905129
0.9320236516  -1.3822552590  -0.0862735991
0.9296392749  -1.3759547523  -0.0886898600
0.9272216665  -1.3695941410  -0.0911391367
0.9247709830  -1.3631748809  -0.0936212649
0.9222873864  -1.3566984385  -0.0961360763
0.9197710443  -1.3501662897  -0.0986833978
0.9172221290  -1.3435799183  -0.1012630527
0.9146408178  -1.3369408141  -0.1038748625
0.9120272931  -1.3302504707  -0.1065186506
0.9093817420  -1.3235103845  -0.1091942406
0.9067043647  -1.3167220754  -0.1119014520
0.9039954315  -1.3098872037  -0.1146401004
0.9012552186  -1.3030074422  -0.1174099973
0.8984839376  -1.2960843271  -0.1202109510
0.8956817872  -1.2891193574  -0.1230427662
0.8928489657  -1.2821140208  -0.1259052443
0.8899856717  -1.2750697928  -0.1287981836
0.8870921041  -1.2679881396  -0.1317213791
0.8841684616  -1.2608705192  -0.1346746227
0.8812149435  -1.2537183765  -0.1376577034
0.8782317489  -1.2465331410  -0.1406704074
0.8752190770  -1.2393162291  -0.1437125179
0.8721771274  -1.2320690461  -0.1467838156
0.8691060998  -1.2247929790  -0.1498840784
0.8660061943  -1.2174893812  -0.1530130822
0.8628776112  -1.2101595738  -0.1561706003
0.8597205512  -1.2028048723  -0.1593564041
0.8565352157  -1.1954266030  -0.1625702625
0.8533218070  -1.1880260900  -0.1658119418
0.8500805284  -1.1806046380  -0.1690812075
0.8468115843  -1.1731635280  -0.1723778250
0.8435151806  -1.1657040203  -0.1757015581
0.8401915241  -1.1582273569  -0.1790521690
0.8368408231  -1.1507347610  -0.1824294177
0.8334632878  -1.1432274359  -0.1858330626
0.8300591302  -1.1357065658  -0.1892628599
0.8266285645  -1.1281733154  -0.1927185638
0.8231718074  -1.1206288312  -0.1961999262
0.8196890785  -1.1130742418  -0.1997066971
0.8161807257  -1.1055108697  -0.2032386237
0.8126472255  -1.0979402256  -0.2067954510
0.8090889556  -1.0903636200  -0.2103769206
0.8055061902  -1.0827821600  -0.2139827701
0.8018992020  -1.0751969259  -0.2176127314
0.7982682631  -1.0676089760  -0.2212665323
0.7946136465  -1.0600193441  -0.2249438988
0.7909356257  -1.0524290394  -0.2286445564
0.7872344748  -1.0448390480  -0.2323682280
0.7835104670  -1.0372503382  -0.2361146283
0.7797638754  -1.0296638619  -0.2398834642
0.7759949731  -1.0220805528  -0.2436744350
0.7722040338  -1.0145013249  -0.2474872329
0.7683913321  -1.0069270735  -0.2513215431
0.7645571429  -0.9993586728  -0.2551770398
0.7607017406  -0.9917969753  -0.2590533828
0.7568254036  -0.9842428256  -0.2629502425
0.7529284192  -0.9766970799  -0.2668673334
0.7490110799  -0.9691605877  -0.2708043855
0.7450736703  -0.9616341464  -0.2747610881
0.7411164666  -0.9541184984  -0.2787370973
0.7371397582  -0.9466144072  -0.2827320736
0.7331438959  -0.9391228398  -0.2867456822
0.7291292507  -0.9316447700  -0.2907775852
0.7250961626  -0.9241809832  -0.2948274433
0.7210449678  -0.9167322209  -0.2988949169
0.7169760048  -0.9092992091  -0.3029796660
0.7128896148  -0.9018826586  -0.3070813514
0.7087861417  -0.8944832655  -0.3111996349
0.7046659329  -0.8871017091  -0.3153341893
0.7005293413  -0.8797386509  -0.3194847052
0.6963767218  -0.8723947403  -0.3236508775
0.6922084281  -0.8650706220  -0.3278323907
0.6880248128  -0.8577669346  -0.3320289189
0.6838262305  -0.8504843036  -0.3362401307
0.6796130397  -0.8432233391  -0.3404656947
0.6753856049  -0.8359846340  -0.3447052953
0.6711442959  -0.8287687666  -0.3489586275
0.6668895617  -0.8215764943  -0.3532253628
0.6626219290  -0.8144088029  -0.3575051359
0.6583417788  -0.8072663991  -0.3617975753
0.6540493413  -0.8001496431  -0.3661023155
0.6497448286  -0.7930588613  -0.3704189403
0.6454284310  -0.7859943620  -0.3747469639
0.6411003194  -0.7789564304  -0.3790858038
0.6367606301  -0.7719453328  -0.3834346567
0.6324092144  -0.7649614401  -0.3877907963
0.6280458098  -0.7580051292  -0.3921511548
0.6236714935  -0.7510760940  -0.3965201067
0.6192885190  -0.7441735457  -0.4009067293
0.6148975215  -0.7372975846  -0.4053140345
0.6104973517  -0.7304494762  -0.4097401060
0.6060876734  -0.7236309727  -0.4141833113
0.6016689453  -0.7168431541  -0.4186424424
0.5972414084  -0.7100862611  -0.4231162346
0.5928052774  -0.7033604517  -0.4276033600
0.5883607647  -0.6966658519  -0.4321024336
0.5839080795  -0.6900025588  -0.4366120187
0.5794474256  -0.6833706413  -0.4411306321
0.5749789992  -0.6767701411  -0.4456567504
0.5705030149  -0.6702011171  -0.4501888141
0.5660201956  -0.6636643643  -0.4547252336
0.5615314396  -0.6571608641  -0.4592643935
0.5570371466  -0.6506907876  -0.4638046582
0.5525374939  -0.6442539713  -0.4683443764
0.5480326103  -0.6378501963  -0.4728818861
0.5435225671  -0.6314791878  -0.4774155193
0.5390077141  -0.6251410806  -0.4819436059
0.5344891671  -0.6188370388  -0.4864644784
0.5299674368  -0.6125674006  -0.4909764743
0.5254417486  -0.6063308681  -0.4954779380
0.5209109548  -0.6001258314  -0.4999672268
0.5163751873  -0.5939523771  -0.5044427198
0.5118342404  -0.5878102125  -0.5089028234
0.5072850557  -0.5816957903  -0.5133459766
0.5027246488  -0.5756060346  -0.5177706558
0.4981465176  -0.5695344015  -0.5221753808
0.4935377438  -0.5634679433  -0.5265587299
0.4887824798  -0.5572915521  -0.5309193560
0.4839072181  -0.5510348293  -0.5352559466
0.4792745603  -0.5450595713  -0.5395671527
0.4749749996  -0.5394496931  -0.5438516228
0.4707917883  -0.5339842379  -0.5481081147
0.4666421619  -0.5285791495  -0.5523355117
0.4625234481  -0.5232310317  -0.5565327723
0.4584351830  -0.5179387085  -0.5606989227
0.4543770552  -0.5127011679  -0.5648330692
0.4503487660  -0.5075174277  -0.5689344027
0.4463500281  -0.5023865377  -0.5730022018
0.4423805650  -0.4973075792  -0.5770358369
0.4384401102  -0.4922796635  -0.5810347742
0.4345284060  -0.4873019315  -0.5849985787
0.4306452017  -0.4823735535  -0.5889269074
0.4267902502  -0.4774937295  -0.5928195022
0.4229633099  -0.4726616862  -0.5966762001
0.4191641471  -0.4678766723  -0.6004969469
0.4153925355  -0.4631379579  -0.6042818017
0.4116482543  -0.4584448353  -0.6080309402
0.4079310861  -0.4537966188  -0.6117446536
0.4042408137  -0.4491926454  -0.6154233324
0.4005772187  -0.4446322737  -0.6190674699
0.3969400886  -0.4401148784  -0.6226776997
0.3933292206  -0.4356398475  -0.6262548218
0.3897444152  -0.4312065852  -0.6297997829
0.3861854697  -0.4268145148  -0.6333136685
0.3826521864  -0.4224630731  -0.6367977740
0.3791443819  -0.4181517070  -0.6402536504
0.3756618882  -0.4138798759  -0.6436831711
0.3722045691  -0.4096470491  -0.6470887280
0.3687725639  -0.4054526697  -0.6504753317
0.3653661997  -0.4012961758  -0.6538495110
0.3619846891  -0.3971771937  -0.6572104792
0.3586259605  -0.3930955102  -0.6605507706
0.3552888756  -0.3890507142  -0.6638668817
0.3519738753  -0.3850421589  -0.6671596556
0.3486814276  -0.3810692358  -0.6704297627
0.3454114636  -0.3771314428  -0.6736774501
0.3421637589  -0.3732283112  -0.6769029528
0.3389380874  -0.3693593803  -0.6801065042
0.3357342261  -0.3655241963  -0.6832883363
0.3325519545  -0.3617223125  -0.6864486800
0.3293910551  -0.3579532892  -0.6895877643
0.3262513134  -0.3542166935  -0.6927058164
0.3231325174  -0.3505120992  -0.6958030616
0.3200344579  -0.3468390870  -0.6988797226
0.3169569282  -0.3431972441  -0.7019360200
0.3138997245  -0.3395861642  -0.7049721715
0.3108626455  -0.3360054475  -0.7079883921
0.3078454922  -0.3324547005  -0.7109848932
0.3048480683  -0.3289335360  -0.7139618828
0.3018701800  -0.3254415731  -0.7169195654
0.2989116359  -0.3219784372  -0.7198581415
0.2959722468  -0.3185437599  -0.7227778078
0.2930518263  -0.3151371789  -0.7256787565
0.2901501899  -0.3117583375  -0.7285611749
0.2872671556  -0.3084068855  -0.7314252457
0.2844025436  -0.3050824782  -0.7342711462
0.2815561765  -0.3017847768  -0.7370990483
0.2787278788  -0.2985134481  -0.7399091175
0.2759174773  -0.2952681641  -0.7427015117
0.2731248002  -0.2920485994  -0.7454763757
0.2703496766  -0.2888544295  -0.7482338325
0.2675919383  -0.2856853425  -0.7509740020
0.2648514247  -0.2825410563  -0.7536970420
0.2621279821  -0.2794213028  -0.7564031467
0.2594214564  -0.2763257986  -0.7590925013
0.2567316893  -0.2732542462  -0.7617652660
0.2540585223  -0.2702063535  -0.7644215917
0.2514018006  -0.2671818398  -0.7670616294
0.2487613723  -0.2641804315  -0.7696855287
0.2461370876  -0.2612018601  -0.7722934377
0.2435287986  -0.2582458611  -0.7748855026
0.2409363592  -0.2553121748  -0.7774618676
0.2383596250  -0.2524005454  -0.7800226754
0.2357984535  -0.2495107213  -0.7825680667
0.2332527038  -0.2466424550  -0.7850981805
0.2307222367  -0.2437955029  -0.7876131544
0.2282069149  -0.2409696251  -0.7901131240
0.2257066023  -0.2381645857  -0.7925982233
0.2232211649  -0.2353801521  -0.7950685849
0.2207504700  -0.2326160955  -0.7975243395
0.2182943866  -0.2298721905  -0.7999656165
0.2158527852  -0.2271482150  -0.8023925436
0.2134255378  -0.2244439504  -0.8048052471
0.2110125181  -0.2217591811  -0.8072038518
0.2086136010  -0.2190936946  -0.8095884810
0.2062286630  -0.2164472816  -0.8119592566
0.2038575821  -0.2138197358  -0.8143162991
0.2015002377  -0.2112108537  -0.8166597276
0.1991565104  -0.2086204346  -0.8189896599
0.1968262825  -0.2060482806  -0.8213062124
0.1945094373  -0.2034941964  -0.8236095003
0.1922058598  -0.2009579890  -0.8258996376
0.1899154361  -0.1984394679  -0.8281767369
0.1876380537  -0.1959384458  -0.8304409098
0.1853736012  -0.1934547390  -0.8326922663
0.1831219686  -0.1909881668  -0.8349309151
0.1808830471  -0.1885385508  -0.8371569634
0.1786567291  -0.1861057147  -0.8393705175
0.1764429084  -0.1836894847  -0.8415716826
0.1742414798  -0.1812896892  -0.8437605626
0.1720523393  -0.1789061593  -0.8459372602
0.1698753841  -0.1765387283  -0.8481018771
0.1677105124  -0.1741872317  -0.8502545138
0.1655576239  -0.1718515074  -0.8523952696
0.1634166190  -0.1695313955  -0.8545242429
0.1612873994  -0.1672267380  -0.8566415310
0.1591698678  -0.1649373783  -0.8587472299
0.1570639280  -0.1626631628  -0.8608414347
0.1549694850  -0.1604039413  -0.8629242396
0.1528864445  -0.1581595656  -0.8649957376
0.1508147135  -0.1559298882  -0.8670560207
0.1487541999  -0.1537147634  -0.8691051799
0.1467048127  -0.1515140474  -0.8711433053
0.1446664617  -0.1493275987  -0.8731704860
0.1426390578  -0.1471552771  -0.8751868102
0.1406225128  -0.1449969446  -0.8771923650
0.1386167395  -0.1428524648  -0.8791872368
0.1366216515  -0.1407217033  -0.8811715110
0.1346371635  -0.1386045272  -0.8831452719
0.1326631910  -0.1365008054  -0.8851086032
0.1306996504  -0.1344104085  -0.8870615876
0.1287464590  -0.1323332087  -0.8890043069
0.1268035349  -0.1302690801  -0.8909368420
0.1248707972  -0.1282178980  -0.8928592731
0.1229481657  -0.1261795397  -0.8947716794
0.1210355610  -0.1241538839  -0.8966741394
0.1191329048  -0.1221408107  -0.8985667307
0.1172401194  -0.1201402019  -0.9004495302
0.1153571279  -0.1181519408  -0.9023226139
0.1134838542  -0.1161759121  -0.9041860571
0.1116202230  -0.1142120020  -0.9060399342
0.1097661598  -0.1122600981  -0.9078843190
0.1079215910  -0.1103200894  -0.9097192844
0.1060864434  -0.1083918663  -0.9115449026
0.1042606449  -0.1064753205  -0.9133612451
0.1024441238  -0.1045703450  -0.9151683826
0.1006368095  -0.1026768343  -0.9169663853
0.0988386320  -0.1007946872  -0.9187553278
0.0970495224  -0.0989238051  -0.9205352907
0.0952694118  -0.0970640785  -0.9223063380
0.0934982311  -0.0952153967  -0.9240685185
0.0917359127  -0.0933776636  -0.9258218921
0.0899823905  -0.0915507865  -0.9275665256
0.0882375988  -0.0897346690  -0.9293024823
0.0865014724  -0.0879292156  -0.9310298256
0.0847739466  -0.0861343318  -0.9327486182
0.0830549575  -0.0843499242  -0.9344589230
0.0813444418  -0.0825759006  -0.9361608025
0.0796423368  -0.0808121697  -0.9378543193
0.0779485804  -0.0790586413  -0.9395395359
0.0762631111  -0.0773152260  -0.9412165146
0.0745858679  -0.0755818358  -0.9428853178
0.0729167907  -0.0738583833  -0.9445460078
0.0712558196  -0.0721447821  -0.9461986470
0.0696028956  -0.0704409471  -0.9478432976
0.0679579600  -0.0687467936  -0.9494800218
0.0663209548  -0.0670622382  -0.9511088818
0.0646918224  -0.0653871984  -0.9527299396
0.0630705060  -0.0637215924  -0.9543432570
0.0614569491  -0.0620653395  -0.9559488958
0.0598510958  -0.0604183596  -0.9575469174
0.0582528908  -0.0587805739  -0.9591373827
0.0566622791  -0.0571519040  -0.9607203525
0.0550792064  -0.0555322728  -0.9622958870
0.0535036188  -0.0539216037  -0.9638640458
0.0519354629  -0.0523198210  -0.9654248877
0.0503746860  -0.0507268500  -0.9669784708
0.0488212355  -0.0491426167  -0.9685248524
0.0472750595  -0.0475670479  -0.9700640886
0.0457364395  -0.0460000691  -0.9716181565
0.0442055428  -0.0444416080  -0.9731979665
0.0426814566  -0.0428915988  -0.9747661231
0.0411638761  -0.0413499727  -0.9763323385
0.0396531984  -0.0398166579  -0.9778959913
0.0381493667  -0.0382915858  -0.9794563689
0.0366523268  -0.0367746889  -0.9810126667
0.0351620265  -0.0352659001  -0.9825639886
0.0336784161  -0.0337651534  -0.9841093470
0.0322014486  -0.0322723832  -0.9856476627
0.0307310796  -0.0307875248  -0.9871777647
0.0292672677  -0.0293105142  -0.9886983906
0.0278099742  -0.0278412882  -0.9902081861
0.0263591634  -0.0263797839  -0.9917057057
0.0249148028  -0.0249259397  -0.9931894120
0.0234768629  -0.0234796941  -0.9946576760
0.0220453175  -0.0220409867  -0.9961087771
0.0206201433  -0.0206097576  -0.9975409034
0.0192013205  -0.0191859476  -0.9989521509
0.0177888322  -0.0177694981  -1.0003405243
0.0163826646  -0.0163603513  -1.0017039366
0.0149828070  -0.0149584498  -1.0030402092
0.0135892515  -0.0135637372  -1.0043470719
0.0122019930  -0.0121761574  -1.0056221629
0.0108210289  -0.0107956552  -1.0068630288
0.0094463589  -0.0094221758  -1.0080671245
0.0080779848  -0.0080556654  -1.0092318134
0.0067159102  -0.0066960704  -1.0103543673
0.0053601400  -0.0053433380  -1.0114319661
0.0040106801  -0.0039974163  -1.0124616986
0.0026675369  -0.0026582535  -1.0134405616
0.0013307168  -0.0013257988  -1.0143654604
0.0013302413  -0.0013257950  -1.0143654604
