0.159485
0.9818002585  -1.5349533279   0.0000747126
0.9818002585  -1.5349533279   0.0000747126
0.9818140978  -1.5349933232   0.0000682548
0.9818186128  -1.5350045516   0.0000452174
0.9818067552  -1.5349667413   0.0000051004
0.9817767102  -1.5348748795  -0.0000525880
0.9817276642  -1.5347267182  -0.0001283313
0.9816590921  -1.5345208050  -0.0002226047
0.9815705773  -1.5342559886  -0.0003358751
0.9814617523  -1.5339312544  -0.0004686014
0.9813322737  -1.5335456586  -0.0006212338
0.9811818119  -1.5330982986  -0.0007942147
0.9810100453  -1.5325882984  -0.0009879779
0.9808166574  -1.5320148014  -0.0012029493
0.9806013353  -1.5313769662  -0.0014395461
0.9803637689  -1.5306739652  -0.0016981777
0.9801036500  -1.5299049833  -0.0019792448
0.9798206727  -1.5290692178  -0.0022831403
0.9795145326  -1.5281658786  -0.0026102485
0.9791849272  -1.5271941886  -0.0029609456
0.9788315560  -1.5261533845  -0.0033355994
0.9784541201  -1.5250427174  -0.0037345697
0.9780523229  -1.5238614534  -0.0041582079
0.9776258701  -1.5226088750  -0.0046068570
0.9771744694  -1.5212842816  -0.0050808520
0.9766978313  -1.5198869905  -0.0055805194
0.9761956689  -1.5184163380  -0.0061061778
0.9756676982  -1.5168716804  -0.0066581372
0.9751136383  -1.5152523948  -0.0072366994
0.9745332116  -1.5135578802  -0.0078421581
0.9739261437  -1.5117875586  -0.0084747986
0.9732921644  -1.5099408758  -0.0091348981
0.9726310127  -1.5080171209  -0.0098238699
0.9719424230  -1.5060159301  -0.0105409210
0.9712261280  -1.5039370836  -0.0112858933
0.9704818748  -1.5017800295  -0.0120590700
0.9697094172  -1.4995442694  -0.0128607037
0.9689085116  -1.4972293918  -0.0136910294
0.9680789194  -1.4948350271  -0.0145502768
0.9672204067  -1.4923608394  -0.0154386712
0.9663327454  -1.4898065259  -0.0163564331
0.9654157127  -1.4871718172  -0.0173037774
0.9644690917  -1.4844564778  -0.0182809138
0.9634926716  -1.4816603069  -0.0192880458
0.9624862476  -1.4787831389  -0.0203253708
0.9614496211  -1.4758248441  -0.0213930801
0.9603826001  -1.4727853295  -0.0224913583
0.9592849992  -1.4696645387  -0.0236203837
0.9581566396  -1.4664624530  -0.0247803275
0.9569973495  -1.4631790915  -0.0259713543
0.9558069637  -1.4598145117  -0.0271936216
0.9545853246  -1.4563688093  -0.0284472801
0.9533322815  -1.4528421189  -0.0297324745
0.9520476910  -1.4492346141  -0.0310493430
0.9507314172  -1.4455465073  -0.0323980165
0.9493833314  -1.4417780505  -0.0337786176
0.9480033126  -1.4379295350  -0.0351912610
0.9465912472  -1.4340012909  -0.0366360533
0.9451470292  -1.4299936876  -0.0381130931
0.9436705604  -1.4259071330  -0.0396224708
0.9421617501  -1.4217420738  -0.0411642687
0.9406205154  -1.4174989945  -0.0427385609
0.9390467811  -1.4131784177  -0.0443454136
0.9374404796  -1.4087808778  -0.0459848846
0.9358015510  -1.4043069617  -0.0476570236
0.9341299432  -1.3997573545  -0.0493618728
0.9324256119  -1.3951327493  -0.0510994665
0.9306885205  -1.3904338297  -0.0528698311
0.9289186397  -1.3856613235  -0.0546729851
0.9271159478  -1.3808160000  -0.0565089398
0.9252804304  -1.3758986621  -0.0583776988
0.9234120809  -1.3709101441  -0.0602792584
0.9215108997  -1.3658513113  -0.0622136078
0.9195768947  -1.3607230583  -0.0641807292
0.9176100810  -1.3555263088  -0.0661805978
0.9156104805  -1.3502620136  -0.0682131824
0.9135781224  -1.3449311505  -0.0702784450
0.9115130427  -1.3395347225  -0.0723763416
0.9094152841  -1.3340737575  -0.0745068218
0.9072848962  -1.3285493065  -0.0766698296
0.9051219349  -1.3229624429  -0.0788653028
0.9029264628  -1.3173142614  -0.0810931742
0.9006985487  -1.3116058766  -0.0833533707
0.8984382839  -1.3058384550  -0.0856458158
0.8961458065  -1.3000132652  -0.0879704319
0.8938212473  -1.2941315670  -0.0903271400
0.8914647013  -1.2881945542  -0.0927158563
0.8890762645  -1.2822034267  -0.0951364908
0.8866560359  -1.2761593940  -0.0975889482
0.8842041179  -1.2700636739  -0.1000731280
0.8817206161  -1.2639174912  -0.1025889243
0.8792056391  -1.2577220765  -0.1051362265
0.8766592986  -1.2514786654  -0.1077149184
0.8740817093  -1.2451884972  -0.1103248792
0.8714729885  -1.2388528128  -0.1129659831
0.8688332566  -1.2324728537  -0.1156380991
0.8661626367  -1.2260498634  -0.1183410918
0.8634612547  -1.2195850885  -0.1210748208
0.8607292392  -1.2130797748  -0.1238391411
0.8579667215  -1.2065351647  -0.1266339031
0.8551738356  -1.1999524996  -0.1294589526
0.8523507185  -1.1933330212  -0.1323141313
0.8494975096  -1.1866779638  -0.1351992763
0.8466143514  -1.1799885395  -0.1381142206
0.8437013890  -1.1732659411  -0.1410587936
0.8407587703  -1.1665113679  -0.1440328203
0.8377866466  -1.1597260383  -0.1470361225
0.8347851722  -1.1529111756  -0.1500685189
0.8317545051  -1.1460679944  -0.1531298259
0.8286948064  -1.1391976987  -0.1562198560
0.8256062404  -1.1323014830  -0.1593384183
0.8224889752  -1.1253805313  -0.1624853179
0.8193431824  -1.1184360171  -0.1656603563
0.8161690375  -1.1114691026  -0.1688633314
0.8129667201  -1.1044809399  -0.1720940367
0.8097364942  -1.0974728059  -0.1753522606
0.8064787574  -1.0904461830  -0.1786377860
0.8031938524  -1.0834024334  -0.1819503908
0.7998820146  -1.0763427125  -0.1852898487
0.7965434789  -1.0692681512  -0.1886559289
0.7931784815  -1.0621798629  -0.1920483957
0.7897872604  -1.0550789440  -0.1954670092
0.7863700554  -1.0479664743  -0.1989115247
0.7829271083  -1.0408435166  -0.2023816944
0.7794586628  -1.0337111156  -0.2058772690
0.7759649646  -1.0265702981  -0.2093979962
0.7724462606  -1.0194220772  -0.2129436152
0.7689027987  -1.0122674543  -0.2165138564
0.7653348283  -1.0051074172  -0.2201084422
0.7617426011  -0.9979429388  -0.2237270877
0.7581263705  -0.9907749770  -0.2273695001
0.7544863924  -0.9836044749  -0.2310353799
0.7508229243  -0.9764323578  -0.2347244153
0.7471362249  -0.9692595318  -0.2384362798
0.7434265579  -0.9620869062  -0.2421706605
0.7396941978  -0.9549154144  -0.2459272893
0.7359394248  -0.9477459777  -0.2497059106
0.7321625129  -0.9405794533  -0.2535062306
0.7283637657  -0.9334167836  -0.2573279279
0.7245435283  -0.9262590126  -0.2611706777
0.7207021365  -0.9191070762  -0.2650341546
0.7168399113  -0.9119618192  -0.2689180315
0.7129571771  -0.9048240744  -0.2728219793
0.7090542617  -0.8976946612  -0.2767456683
0.7051314967  -0.8905743859  -0.2806887677
0.7011892173  -0.8834640419  -0.2846509470
0.6972277620  -0.8763644095  -0.2886318767
0.6932474738  -0.8692762549  -0.2926312354
0.6892487004  -0.8622003306  -0.2966487114
0.6852317921  -0.8551373796  -0.3006839913
0.6811970995  -0.8480881375  -0.3047367534
0.6771449754  -0.8410533305  -0.3088066703
0.6730757753  -0.8340336729  -0.3128934078
0.6689898596  -0.8270298652  -0.3169966353
0.6648875958  -0.8200425914  -0.3211160397
0.6607694202  -0.8130726694  -0.3252513104
0.6566358651  -0.8061211709  -0.3294021079
0.6524873361  -0.7991889494  -0.3335680580
0.6483240743  -0.7922764979  -0.3377487854
0.6441463103  -0.7853842577  -0.3419439173
0.6399542599  -0.7785126478  -0.3461530219
0.6357481182  -0.7716620694  -0.3503755965
0.6315280620  -0.7648328998  -0.3546110348
0.6272942340  -0.7580254975  -0.3588585038
0.6230464548  -0.7512403433  -0.3631149269
0.6187844818  -0.7444778977  -0.3673773133
0.6145095521  -0.7377378786  -0.3716508983
0.6102239403  -0.7310195993  -0.3759448729
0.6059281540  -0.7243233782  -0.3802618616
0.6016213754  -0.7176510841  -0.3845998947
0.5973033744  -0.7110045512  -0.3889573166
0.5929743273  -0.7043844723  -0.3933328726
0.5886344583  -0.6977911314  -0.3977252471
0.5842839937  -0.6912247720  -0.4021330594
0.5799231586  -0.6846856070  -0.4065548685
0.5755521747  -0.6781738200  -0.4109891796
0.5711712588  -0.6716895658  -0.4154344491
0.5667806196  -0.6652329707  -0.4198890910
0.5623806045  -0.6588043551  -0.4243514816
0.5579720981  -0.6524047980  -0.4288199653
0.5535559092  -0.6460351811  -0.4332928599
0.5491323165  -0.6396955482  -0.4377684612
0.5447015071  -0.6333858099  -0.4422450488
0.5402636208  -0.6271058230  -0.4467208907
0.5358187385  -0.6208553868  -0.4511942480
0.5313674819  -0.6146350568  -0.4556633796
0.5269109960  -0.6084460778  -0.4601265452
0.5224494955  -0.6022884418  -0.4645820070
0.5179821221  -0.5961608134  -0.4690280358
0.5135078397  -0.5900617910  -0.4734629197
0.5090269957  -0.5839917682  -0.4778849709
0.5045391343  -0.5779501936  -0.4822925294
0.5000409866  -0.5719333482  -0.4866839691
0.4955295100  -0.5659381779  -0.4910577030
0.4909977013  -0.5599576783  -0.4954121892
0.4864324511  -0.5539787602  -0.4997459478
0.4816982204  -0.5478667979  -0.5040575761
0.4768571659  -0.5416871817  -0.5083457032
0.4722894450  -0.5358189538  -0.5126089186
0.4680481294  -0.5303084326  -0.5168458180
0.4639188223  -0.5249371734  -0.5210551069
0.4598224960  -0.5196249271  -0.5252356111
0.4557567766  -0.5143686158  -0.5293862386
0.4517212071  -0.5091670846  -0.5335059723
0.4477154801  -0.5040193406  -0.5375938775
0.4437393004  -0.4989244206  -0.5416491067
0.4397923841  -0.4938813935  -0.5456709039
0.4358744585  -0.4888893584  -0.5496586081
0.4319852605  -0.4839474446  -0.5536116581
0.4281245361  -0.4790548100  -0.5575295927
0.4242920370  -0.4742106425  -0.5614120426
0.4204875191  -0.4694141587  -0.5652587266
0.4167107450  -0.4646646001  -0.5690694673
0.4129614853  -0.4599612294  -0.5728442012
0.4092395180  -0.4553033313  -0.5765829821
0.4055446259  -0.4506902122  -0.5802859850
0.4018765945  -0.4461212003  -0.5839534999
0.3982352086  -0.4415956471  -0.5875859170
0.3946202535  -0.4371129238  -0.5911837400
0.3910315213  -0.4326724168  -0.5947476241
0.3874688134  -0.4282735258  -0.5982783938
0.3839319325  -0.4239156675  -0.6017770204
0.3804206782  -0.4195982769  -0.6052446224
0.3769348568  -0.4153208015  -0.6086825424
0.3734742891  -0.4110826989  -0.6120923882
0.3700388110  -0.4068834390  -0.6154761075
0.3666282914  -0.4027225014  -0.6188361857
0.3632429134  -0.3985993340  -0.6221781176
0.3598830129  -0.3945133860  -0.6255085531
0.3565476678  -0.3904643121  -0.6288259054
0.3532347508  -0.3864519094  -0.6321224895
0.3499432376  -0.3824757553  -0.6353951029
0.3466736194  -0.3785352082  -0.6386446055
0.3434263386  -0.3746296759  -0.6418716488
0.3402013175  -0.3707586674  -0.6450764771
0.3369983325  -0.3669217227  -0.6482593244
0.3338171592  -0.3631183894  -0.6514204232
0.3306575757  -0.3593482221  -0.6545600046
0.3275193631  -0.3556107822  -0.6576782984
0.3244023054  -0.3519056380  -0.6607755328
0.3213061893  -0.3482323645  -0.6638519342
0.3182308042  -0.3445905432  -0.6669077269
0.3151759424  -0.3409797622  -0.6699431330
0.3121413986  -0.3373996163  -0.6729583721
0.3091269702  -0.3338497064  -0.6759536613
0.3061324572  -0.3303296399  -0.6789292146
0.3031576622  -0.3268390302  -0.6818852424
0.3002023901  -0.3233774969  -0.6848219521
0.2972664483  -0.3199446661  -0.6877395470
0.2943496467  -0.3165401697  -0.6906382269
0.2914517976  -0.3131636458  -0.6935181874
0.2885727157  -0.3098147384  -0.6963796196
0.2857122178  -0.3064930973  -0.6992227098
0.2828701233  -0.3031983781  -0.7020476394
0.2800462535  -0.2999302423  -0.7048545847
0.2772404323  -0.2966883572  -0.7076437161
0.2744524855  -0.2934723951  -0.7104151977
0.2716822410  -0.2902820338  -0.7131691859
0.2689295282  -0.2871169532  -0.7159058229
0.2661941774  -0.2839768338  -0.7186252284
0.2634760216  -0.2808613703  -0.7213275215
0.2607749019  -0.2777702874  -0.7240128620
0.2580906661  -0.2747033213  -0.7266814444
0.2554231607  -0.2716601923  -0.7293334520
0.2527722284  -0.2686406074  -0.7319690431
0.2501377120  -0.2656442801  -0.7345883678
0.2475194578  -0.2626709347  -0.7371915758
0.2449173152  -0.2597203022  -0.7397788160
0.2423311355  -0.2567921188  -0.7423502354
0.2397607719  -0.2538861246  -0.7449059790
0.2372060795  -0.2510020642  -0.7474461902
0.2346669151  -0.2481396864  -0.7499710105
0.2321431371  -0.2452987438  -0.7524805798
0.2296346059  -0.2424789931  -0.7549750360
0.2271411834  -0.2396801949  -0.7574545156
0.2246627331  -0.2369021134  -0.7599191534
0.2221991204  -0.2341445167  -0.7623690823
0.2197502121  -0.2314071762  -0.7648044339
0.2173158767  -0.2286898669  -0.7672253381
0.2148959842  -0.2259923673  -0.7696319232
0.2124904061  -0.2233144591  -0.7720243160
0.2100990157  -0.2206559273  -0.7744026418
0.2077216873  -0.2180165600  -0.7767670245
0.2053582973  -0.2153961483  -0.7791175865
0.2030087229  -0.2127944865  -0.7814544486
0.2006728433  -0.2102113717  -0.7837777305
0.1983505388  -0.2076466038  -0.7860875505
0.1960416911  -0.2050999855  -0.7883840252
0.1937461835  -0.2025713224  -0.7906672704
0.1914639002  -0.2000604224  -0.7929374002
0.1891947273  -0.1975670957  -0.7951945276
0.1869385517  -0.1950911551  -0.7974387647
0.1846952620  -0.1926324164  -0.7996702219
0.1824647478  -0.1901906991  -0.8018890084
0.1802468999  -0.1877658255  -0.8040952319
0.1780416107  -0.1853576203  -0.8062889990
0.1758487734  -0.1829659101  -0.8084704150
0.1736682827  -0.1805905240  -0.8106395841
0.1715000343  -0.1782312933  -0.8127966096
0.1693439253  -0.1758880521  -0.8149415932
0.1671998536  -0.1735606362  -0.8170746357
0.1650677186  -0.1712488842  -0.8191958369
0.1629474206  -0.1689526366  -0.8213052953
0.1608388611  -0.1666717361  -0.8234031084
0.1587419426  -0.1644060275  -0.8254893725
0.1566565688  -0.1621553568  -0.8275641830
0.1545826443  -0.1599195732  -0.8296276343
0.1525200749  -0.1576985287  -0.8316798196
0.1504687673  -0.1554920777  -0.8337208310
0.1484286293  -0.1533000751  -0.8357507599
0.1463995697  -0.1511223776  -0.8377696965
0.1443814982  -0.1489588441  -0.8397777300
0.1423743257  -0.1468093352  -0.8417749489
0.1403779638  -0.1446737133  -0.8437614404
0.1383923251  -0.1425518426  -0.8457372911
0.1364173233  -0.1404435891  -0.8477025864
0.1344528729  -0.1383488205  -0.8496574110
0.1324988892  -0.1362674063  -0.8516018485
0.1305552887  -0.1341992177  -0.8535359818
0.1286219885  -0.1321441273  -0.8554598928
0.1266989067  -0.1301020097  -0.8573736626
0.1247859622  -0.1280727409  -0.8592773715
0.1228830750  -0.1260561985  -0.8611710988
0.1209901655  -0.1240522617  -0.8630549231
0.1191071554  -0.1220608114  -0.8649289220
0.1172339668  -0.1200817297  -0.8667931726
0.1153705230  -0.1181149004  -0.8686477510
0.1135167477  -0.1161602087  -0.8704927324
0.1116725657  -0.1142175415  -0.8723281914
0.1098379024  -0.1122867866  -0.8741542019
0.1080126841  -0.1103678337  -0.8759708368
0.1061968378  -0.1084605736  -0.8777781684
0.1043902912  -0.1065648986  -0.8795762682
0.1025929729  -0.1046807022  -0.8813652071
0.1008048119  -0.1028078793  -0.8831450550
0.0990257382  -0.1009463261  -0.8849158815
0.0972556827  -0.0990959430  -0.8866777603
0.0954945770  -0.0972566327  -0.8884307711
0.0937423531  -0.0954282881  -0.8901749772
0.0919989426  -0.0936108009  -0.8919104274
0.0902642786  -0.0918040766  -0.8936371812
0.0885382957  -0.0900080235  -0.8953553046
0.0868209288  -0.0882225470  -0.8970648606
0.0851121133  -0.0864475530  -0.8987659116
0.0834117855  -0.0846829488  -0.9004585201
0.0817198819  -0.0829286425  -0.9021427480
0.0800363399  -0.0811845434  -0.9038186576
0.0783610975  -0.0794505619  -0.9054863105
0.0766940932  -0.0777266091  -0.9071457687
0.0750352662  -0.0760125974  -0.9087970939
0.0733845563  -0.0743084400  -0.9104403478
0.0717419037  -0.0726140511  -0.9120755920
0.0701072495  -0.0709293460  -0.9137028882
0.0684805351  -0.0692542407  -0.9153222978
0.0668617025  -0.0675886522  -0.9169338825
0.0652506943  -0.0659324985  -0.9185377035
0.0636474536  -0.0642856984  -0.9201338222
0.0620519242  -0.0626481717  -0.9217222998
0.0604640501  -0.0610198389  -0.9233031970
0.0588837762  -0.0594006216  -0.9248765746
0.0573110476  -0.0577904420  -0.9264424929
0.0557458102  -0.0561892233  -0.9280010117
0.0541880100  -0.0545968896  -0.9295521905
0.0526375939  -0.0530133657  -0.9310960881
0.0510945090  -0.0514385773  -0.9326327627
0.0495587032  -0.0498724509  -0.9341622716
0.0480301246  -0.0483149138  -0.9356846714
0.0465087218  -0.0467658941  -0.9372000174
0.0449947663  -0.0452253187  -0.9387299389
0.0434884195  -0.0436931167  -0.9402851736
0.0419887959  -0.0421692232  -0.9418289188
0.0404955992  -0.0406535704  -0.9433707331
0.0390092133  -0.0391460878  -0.9449100054
0.0375295821  -0.0376467082  -0.9464460344
0.0360566521  -0.0361553652  -0.9479780288
0.0345903718  -0.0346719929  -0.9495051071
0.0331306921  -0.0331965264  -0.9510262974
0.0316775666  -0.0317289013  -0.9525405380
0.0302309514  -0.0302690540  -0.9540466768
0.0287908053  -0.0288169215  -0.9555434718
0.0273570901  -0.0273724418  -0.9570295905
0.0259297702  -0.0259355532  -0.9585036106
0.0245088133  -0.0245061949  -0.9599640194
0.0230941899  -0.0230843068  -0.9614092141
0.0216858737  -0.0216698293  -0.9628375019
0.0202838414  -0.0202627037  -0.9642470996
0.0188880728  -0.0188628717  -0.9656361341
0.0174985508  -0.0174702758  -0.9670026419
0.0161152612  -0.0160848591  -0.9683445696
0.0147381928  -0.0147065655  -0.9696597734
0.0133673371  -0.0133353393  -0.9709460195
0.0120026883  -0.0119711256  -0.9722009840
0.0106442431  -0.0106138700  -0.9734222527
0.0092920005  -0.0092635187  -0.9746073213
0.0079459614  -0.0079200188  -0.9757535953
0.0066061284  -0.0065833178  -0.9768583903
0.0052725055  -0.0052533637  -0.9779189313
0.0039450977  -0.0039301054  -0.9789323536
0.0026239103  -0.0026134923  -0.9798957020
0.0013089490  -0.0013034743  -0.9808059314
0.0013084885  -0.0013034705  -0.9808059314
