0.160499
0.9741392261  -1.5157004452   0.0000726554
0.9741392261  -1.5157004452   0.0000726554
0.9741526758  -1.5157389855   0.0000664062
0.9741570776  -1.5157498861   0.0000440565
0.9741455850  -1.5157136216   0.0000051236
0.9741164397  -1.5156253734  -0.0000508677
0.9740688537  -1.5154829801  -0.0001243845
0.9740023180  -1.5152850445  -0.0002158866
0.9739164288  -1.5150304584  -0.0003258260
0.9738108294  -1.5147182448  -0.0004546470
0.9736851868  -1.5143474936  -0.0006027863
0.9735391806  -1.5139173340  -0.0007706727
0.9733724984  -1.5134269200  -0.0009587276
0.9731848323  -1.5128754238  -0.0011673647
0.9729758777  -1.5122620315  -0.0013969898
0.9727453325  -1.5115859413  -0.0016480012
0.9724928964  -1.5108463632  -0.0019207896
0.9722182708  -1.5100425178  -0.0022157378
0.9719211584  -1.5091736374  -0.0025332211
0.9716012638  -1.5082389657  -0.0028736071
0.9712582927  -1.5072377588  -0.0032372557
0.9708919526  -1.5061692854  -0.0036245191
0.9705019527  -1.5050328280  -0.0040357418
0.9700880041  -1.5038276837  -0.0044712608
0.9696498196  -1.5025531647  -0.0049314051
0.9691871146  -1.5012085995  -0.0054164965
0.9686996063  -1.4997933334  -0.0059268487
0.9681870148  -1.4983067300  -0.0064627678
0.9676490625  -1.4967481718  -0.0070245525
0.9670854749  -1.4951170609  -0.0076124935
0.9664959804  -1.4934128205  -0.0082268739
0.9658803105  -1.4916348951  -0.0088679694
0.9652382058  -1.4897825823  -0.0095371600
0.9645694021  -1.4878555034  -0.0102336824
0.9638736330  -1.4858534141  -0.0109573902
0.9631506460  -1.4837757588  -0.0117085661
0.9624001941  -1.4816220315  -0.0124874638
0.9616220329  -1.4793918069  -0.0132943197
0.9608159222  -1.4770846985  -0.0141293658
0.9599816263  -1.4747003508  -0.0149928301
0.9591189142  -1.4722384386  -0.0158849364
0.9582275604  -1.4696986679  -0.0168059034
0.9573073441  -1.4670807757  -0.0177559450
0.9563580504  -1.4643845314  -0.0187352695
0.9553794695  -1.4616097369  -0.0197440800
0.9543713977  -1.4587562274  -0.0207825735
0.9533336370  -1.4558238724  -0.0218509412
0.9522659954  -1.4528125756  -0.0229493684
0.9511682872  -1.4497222757  -0.0240780340
0.9500403328  -1.4465529468  -0.0252371108
0.9488819592  -1.4433045990  -0.0264267657
0.9476929999  -1.4399772782  -0.0276471606
0.9464732950  -1.4365710671  -0.0288984502
0.9452226914  -1.4330860851  -0.0301807824
0.9439410427  -1.4295224890  -0.0314942974
0.9426282096  -1.4258804723  -0.0328391281
0.9412840596  -1.4221602660  -0.0342154001
0.9399084674  -1.4183621380  -0.0356232312
0.9385013148  -1.4144863935  -0.0370627319
0.9370624908  -1.4105333747  -0.0385340048
0.9355918916  -1.4065034607  -0.0400371450
0.9340894209  -1.4023970673  -0.0415722401
0.9325549893  -1.3982146467  -0.0431393697
0.9309885150  -1.3939566628  -0.0447386060
0.9293899233  -1.3896236304  -0.0463700133
0.9277591472  -1.3852161579  -0.0480336489
0.9260961270  -1.3807348627  -0.0497295624
0.9244008103  -1.3761803538  -0.0514577960
0.9226731518  -1.3715532833  -0.0532183846
0.9209131137  -1.3668543440  -0.0550113558
0.9191206652  -1.3620842617  -0.0568367301
0.9172957829  -1.3572437935  -0.0586945210
0.9154384504  -1.3523337271  -0.0605847351
0.9135486585  -1.3473548799  -0.0625073721
0.9116264051  -1.3423080981  -0.0644624253
0.9096716949  -1.3371942558  -0.0664498812
0.9076845396  -1.3320142538  -0.0684697204
0.9056649577  -1.3267690192  -0.0705219169
0.9036129744  -1.3214595042  -0.0726064391
0.9015286216  -1.3160866852  -0.0747232491
0.8994119378  -1.3106515616  -0.0768723038
0.8972629738  -1.3051551675  -0.0790535541
0.8950818264  -1.2995986391  -0.0812669467
0.8928685998  -1.2939831382  -0.0835124260
0.8906233661  -1.2883097673  -0.0857899358
0.8883461940  -1.2825796283  -0.0880994152
0.8860371559  -1.2767938374  -0.0904407969
0.8836963278  -1.2709535236  -0.0928140082
0.8813237894  -1.2650598276  -0.0952189707
0.8789196244  -1.2591138998  -0.0976556008
0.8764839195  -1.2531168998  -0.1001238093
0.8740167655  -1.2470699952  -0.1026235015
0.8715182562  -1.2409743602  -0.1051545778
0.8689884889  -1.2348311754  -0.1077169331
0.8664275642  -1.2286416250  -0.1103104569
0.8638355861  -1.2224068957  -0.1129350341
0.8612126617  -1.2161281790  -0.1155905439
0.8585589012  -1.2098066710  -0.1182768609
0.8558744182  -1.2034435695  -0.1209938546
0.8531593295  -1.1970400715  -0.1237413896
0.8504137548  -1.1905973748  -0.1265193259
0.8476378173  -1.1841166800  -0.1293275184
0.8448316433  -1.1775991824  -0.1321658178
0.8419953624  -1.1710460575  -0.1350340702
0.8391291074  -1.1644584638  -0.1379321175
0.8362330144  -1.1578375691  -0.1408597975
0.8333072232  -1.1511845614  -0.1438169442
0.8303518773  -1.1445006357  -0.1468033889
0.8273671240  -1.1377869809  -0.1498189595
0.8243531143  -1.1310447779  -0.1528634794
0.8213100030  -1.1242751996  -0.1559367683
0.8182379488  -1.1174794103  -0.1590386418
0.8151371146  -1.1106585658  -0.1621689112
0.8120076675  -1.1038138132  -0.1653273826
0.8088498200  -1.0969463606  -0.1685138567
0.8056639346  -1.0900576513  -0.1717281285
0.8024503671  -1.0831490921  -0.1749699889
0.7992093511  -1.0762218581  -0.1782392240
0.7959411096  -1.0692770846  -0.1815356151
0.7926458676  -1.0623158909  -0.1848589387
0.7893238522  -1.0553393805  -0.1882089664
0.7859752925  -1.0483486417  -0.1915854650
0.7826004197  -1.0413447478  -0.1949881969
0.7791994676  -1.0343287562  -0.1984169213
0.7757726720  -1.0273017075  -0.2018713963
0.7723202712  -1.0202646265  -0.2053513750
0.7688425046  -1.0132185268  -0.2088566015
0.7653396131  -1.0061644105  -0.2123868114
0.7618118399  -0.9991032674  -0.2159417321
0.7582594303  -0.9920360731  -0.2195210836
0.7546826322  -0.9849637896  -0.2231245784
0.7510816960  -0.9778873653  -0.2267519218
0.7474568739  -0.9708077312  -0.2304028067
0.7438084197  -0.9637258001  -0.2340769117
0.7401365929  -0.9566424910  -0.2377739291
0.7364416638  -0.9495587496  -0.2414935966
0.7327239085  -0.9424755080  -0.2452356637
0.7289836042  -0.9353936598  -0.2489998428
0.7252210711  -0.9283142225  -0.2527858190
0.7214366500  -0.9212382239  -0.2565932719
0.7176306592  -0.9141665481  -0.2604218800
0.7138034155  -0.9071000510  -0.2642713201
0.7099552400  -0.9000395782  -0.2681412672
0.7060864575  -0.8929859626  -0.2720313950
0.7021973967  -0.8859400247  -0.2759413767
0.6982883899  -0.8789025728  -0.2798708843
0.6943597728  -0.8718744034  -0.2838195889
0.6904118858  -0.8648562995  -0.2877871696
0.6864450744  -0.8578490297  -0.2917733162
0.6824596871  -0.8508533527  -0.2957777166
0.6784560732  -0.8438700212  -0.2998000502
0.6744345837  -0.8368997785  -0.3038399898
0.6703955732  -0.8299433564  -0.3078972022
0.6663394010  -0.8230014730  -0.3119713583
0.6622664345  -0.8160748307  -0.3160621472
0.6581771498  -0.8091643607  -0.3201692579
0.6540720663  -0.8022711407  -0.3242923490
0.6499515328  -0.7953959273  -0.3284310458
0.6458157851  -0.7885392194  -0.3325849735
0.6416650536  -0.7817014767  -0.3367537586
0.6374995537  -0.7748831369  -0.3409369666
0.6333194807  -0.7680846205  -0.3451340920
0.6291250116  -0.7613063239  -0.3493445239
0.6249162899  -0.7545486247  -0.3535674232
0.6206931280  -0.7478120271  -0.3577996299
0.6164552881  -0.7410970085  -0.3620381812
0.6122040452  -0.7344032906  -0.3662885284
0.6079416750  -0.7277302113  -0.3705598777
0.6036686820  -0.7210781849  -0.3748547481
0.5993843166  -0.7144492017  -0.3791711589
0.5950883390  -0.7078450583  -0.3835074520
0.5907808685  -0.7012663699  -0.3878623632
0.5864621306  -0.6947134371  -0.3922345666
0.5821323537  -0.6881865224  -0.3966226703
0.5777917649  -0.6816858579  -0.4010252217
0.5734405881  -0.6752116463  -0.4054407136
0.5690790422  -0.6687640615  -0.4098675897
0.5647073384  -0.6623432486  -0.4143042506
0.5603258738  -0.6559496172  -0.4187490592
0.5559355597  -0.6495842940  -0.4232003458
0.5515371631  -0.6432481069  -0.4276564137
0.5471309433  -0.6369410843  -0.4321155441
0.5427170890  -0.6306631539  -0.4365760018
0.5382957420  -0.6244141901  -0.4410360396
0.5338669855  -0.6181940096  -0.4454939035
0.5294315238  -0.6120032925  -0.4499478369
0.5249904942  -0.6058432826  -0.4543960833
0.5205440184  -0.5997138607  -0.4588368884
0.5160912279  -0.5936136961  -0.4632685074
0.5116311305  -0.5875414580  -0.4676892141
0.5071641182  -0.5814976041  -0.4720973060
0.5026896545  -0.5754814965  -0.4764911092
0.4982044392  -0.5694893988  -0.4808689835
0.4937054047  -0.5635182499  -0.4852293282
0.4891854166  -0.5575609229  -0.4895705884
0.4846313379  -0.5516043148  -0.4938912717
0.4799028671  -0.5455090836  -0.4981899637
0.4750712314  -0.5393497095  -0.5024652806
0.4705205261  -0.5335090857  -0.5067157988
0.4662940907  -0.5280237690  -0.5109401024
0.4621783841  -0.5226762193  -0.5151368849
0.4580955114  -0.5173873395  -0.5193049598
0.4540431705  -0.5121541282  -0.5234432245
0.4500209062  -0.5069754366  -0.5275506527
0.4460284121  -0.5018502766  -0.5316263009
0.4420653935  -0.4967776904  -0.5356693133
0.4381315677  -0.4917567519  -0.5396789264
0.4342266624  -0.4867865650  -0.5436544729
0.4303504156  -0.4818662635  -0.5475953856
0.4265025737  -0.4769950103  -0.5515011974
0.4226828892  -0.4721719977  -0.5553715328
0.4188911186  -0.4673964467  -0.5592061059
0.4151270253  -0.4626676025  -0.5630047364
0.4113903812  -0.4579847317  -0.5667673592
0.4076809649  -0.4533471227  -0.5704940269
0.4039985601  -0.4487540856  -0.5741849145
0.4003429530  -0.4442049525  -0.5778403119
0.3967139286  -0.4396990784  -0.5814606085
0.3931112731  -0.4352358379  -0.5850463112
0.3895347797  -0.4308146203  -0.5885980802
0.3859842507  -0.4264348284  -0.5921167459
0.3824594892  -0.4220958822  -0.5956032848
0.3789602954  -0.4177972196  -0.5990588231
0.3754864764  -0.4135382910  -0.6024847145
0.3720378539  -0.4093185567  -0.6058825798
0.3686142650  -0.4051374892  -0.6092543843
0.3652155793  -0.4009945709  -0.6126026353
0.3618419904  -0.3968892512  -0.6159329437
0.3584938349  -0.3928209821  -0.6192519781
0.3551701575  -0.3887894253  -0.6225579465
0.3518688199  -0.3847943797  -0.6258431196
0.3485888282  -0.3808354197  -0.6291043792
0.3453306856  -0.3769119055  -0.6323425893
0.3420948265  -0.3730232493  -0.6355583951
0.3388811709  -0.3691689630  -0.6387520405
0.3356894953  -0.3653485887  -0.6419237590
0.3325195756  -0.3615616763  -0.6450737828
0.3293711904  -0.3578077826  -0.6482023428
0.3262441211  -0.3540864710  -0.6513096686
0.3231381520  -0.3503973119  -0.6543959880
0.3200530702  -0.3467398822  -0.6574615271
0.3169886655  -0.3431137656  -0.6605065101
0.3139447303  -0.3395185521  -0.6635311587
0.3109210599  -0.3359538383  -0.6665356924
0.3079174520  -0.3324192271  -0.6695203279
0.3049337069  -0.3289143277  -0.6724852789
0.3019696274  -0.3254387553  -0.6754307558
0.2990250189  -0.3219921313  -0.6783569653
0.2960996891  -0.3185740835  -0.6812641108
0.2931934482  -0.3151842455  -0.6841523917
0.2903061088  -0.3118222572  -0.6870220032
0.2874374860  -0.3084877641  -0.6898731362
0.2845873968  -0.3051804176  -0.6927059767
0.2817556610  -0.3018998751  -0.6955207058
0.2789421003  -0.2986457995  -0.6983174994
0.2761465387  -0.2954178595  -0.7010965275
0.2733688025  -0.2922157292  -0.7038579539
0.2706087198  -0.2890390876  -0.7066019346
0.2678661204  -0.2858876160  -0.7093286111
0.2651408348  -0.2827609964  -0.7120381024
0.2624326963  -0.2796589252  -0.7147305273
0.2597415466  -0.2765811284  -0.7174060462
0.2570672335  -0.2735273438  -0.7200648538
0.2544096040  -0.2704972923  -0.7227071325
0.2517685009  -0.2674906823  -0.7253330404
0.2491437673  -0.2645072285  -0.7279427271
0.2465352499  -0.2615466566  -0.7305363422
0.2439427983  -0.2586086989  -0.7331140342
0.2413662641  -0.2556930926  -0.7356759499
0.2388055009  -0.2527995791  -0.7382222341
0.2362603640  -0.2499279041  -0.7407530298
0.2337307104  -0.2470778175  -0.7432684782
0.2312163989  -0.2442490730  -0.7457687190
0.2287172901  -0.2414414285  -0.7482538899
0.2262332462  -0.2386546455  -0.7507241271
0.2237641311  -0.2358884894  -0.7531795649
0.2213098103  -0.2331427291  -0.7556203363
0.2188701509  -0.2304171373  -0.7580465724
0.2164450217  -0.2277114898  -0.7604584029
0.2140342930  -0.2250255661  -0.7628559558
0.2116378365  -0.2223591490  -0.7652393578
0.2092555257  -0.2197120242  -0.7676087338
0.2068872354  -0.2170839809  -0.7699642075
0.2045328420  -0.2144748111  -0.7723059009
0.2021922232  -0.2118843100  -0.7746339349
0.1998652583  -0.2093122755  -0.7769484287
0.1975518278  -0.2067585085  -0.7792495002
0.1952518137  -0.2042228126  -0.7815372662
0.1929650996  -0.2017049941  -0.7838118418
0.1906915700  -0.1992048618  -0.7860733412
0.1884311111  -0.1967222267  -0.7883218770
0.1861836102  -0.1942569024  -0.7905575611
0.1839489560  -0.1918087056  -0.7927805036
0.1817270384  -0.1893774566  -0.7949908135
0.1795177485  -0.1869629785  -0.7971885984
0.1773209788  -0.1845650966  -0.7993739645
0.1751366229  -0.1821836383  -0.8015470169
0.1729645756  -0.1798184335  -0.8037078596
0.1708047330  -0.1774693144  -0.8058565956
0.1686569922  -0.1751361155  -0.8079933265
0.1665212515  -0.1728186735  -0.8101181529
0.1643974105  -0.1705168277  -0.8122311742
0.1622853697  -0.1682304192  -0.8143324888
0.1601850308  -0.1659592915  -0.8164221939
0.1580962966  -0.1637032900  -0.8185003857
0.1560190709  -0.1614622615  -0.8205671594
0.1539532587  -0.1592360555  -0.8226226089
0.1518987659  -0.1570245252  -0.8246668275
0.1498554994  -0.1548275251  -0.8266999070
0.1478233673  -0.1526449109  -0.8287219385
0.1458022786  -0.1504765401  -0.8307330121
0.1437921432  -0.1483222721  -0.8327332168
0.1417928721  -0.1461819679  -0.8347226408
0.1398043772  -0.1440554908  -0.8367013712
0.1378265715  -0.1419427054  -0.8386694942
0.1358593686  -0.1398434784  -0.8406270952
0.1339026833  -0.1377576781  -0.8425742586
0.1319564312  -0.1356851744  -0.8445110679
0.1300205289  -0.1336258391  -0.8464376057
0.1280948937  -0.1315795456  -0.8483539537
0.1261794440  -0.1295461687  -0.8502601930
0.1242740990  -0.1275255851  -0.8521564034
0.1223787785  -0.1255176730  -0.8540426641
0.1204934035  -0.1235223121  -0.8559190536
0.1186178957  -0.1215393837  -0.8577856494
0.1167521774  -0.1195687704  -0.8596425282
0.1148961720  -0.1176103567  -0.8614897659
0.1130498037  -0.1156640283  -0.8633274377
0.1112129972  -0.1137296722  -0.8651556180
0.1093856783  -0.1118071772  -0.8669743803
0.1075677734  -0.1098964332  -0.8687837975
0.1057592095  -0.1079973315  -0.8705839417
0.1039599148  -0.1061097649  -0.8723748842
0.1021698177  -0.1042336273  -0.8741566957
0.1003888478  -0.1023688141  -0.8759294460
0.0986169351  -0.1005152220  -0.8776932043
0.0968540107  -0.0986727517  -0.8794480444
0.0951000064  -0.0968413064  -0.8811940455
0.0933548542  -0.0950207794  -0.8829312709
0.0916184860  -0.0932110631  -0.8846597692
0.0898908352  -0.0914120633  -0.8863795999
0.0881718363  -0.0896236887  -0.8880908289
0.0864614247  -0.0878458450  -0.8897935189
0.0847595358  -0.0860784387  -0.8914877323
0.0830661059  -0.0843213773  -0.8931735312
0.0813810720  -0.0825745694  -0.8948509776
0.0797043715  -0.0808379246  -0.8965201334
0.0780359425  -0.0791113537  -0.8981810603
0.0763757238  -0.0773947684  -0.8998338200
0.0747236547  -0.0756880812  -0.9014784740
0.0730796751  -0.0739912058  -0.9031150837
0.0714437256  -0.0723040568  -0.9047437108
0.0698157471  -0.0706265498  -0.9063644166
0.0681956814  -0.0689586012  -0.9079772625
0.0665834706  -0.0673001284  -0.9095823098
0.0649790575  -0.0656510497  -0.9111796197
0.0633823854  -0.0640112842  -0.9127692533
0.0617933980  -0.0623807522  -0.9143512716
0.0602120398  -0.0607593745  -0.9159257352
0.0586382556  -0.0591470730  -0.9174927045
0.0570719907  -0.0575437702  -0.9190522398
0.0555131912  -0.0559493898  -0.9206044006
0.0539618033  -0.0543638562  -0.9221492463
0.0524177739  -0.0527870944  -0.9236868353
0.0508810505  -0.0512190305  -0.9252172258
0.0493515808  -0.0496595914  -0.9267404749
0.0478293133  -0.0481087046  -0.9282566389
0.0463141967  -0.0465662987  -0.9297657730
0.0448065001  -0.0450323008  -0.9312894160
0.0433063830  -0.0435066402  -0.9328382607
0.0418129670  -0.0419892525  -0.9343756587
0.0403259584  -0.0404800701  -0.9359111284
0.0388457371  -0.0389790228  -0.9374440615
0.0373722477  -0.0374860437  -0.9389737597
0.0359054365  -0.0360010667  -0.9404994350
0.0344452523  -0.0345240262  -0.9420202097
0.0329916463  -0.0330548576  -0.9435351162
0.0315445720  -0.0315934967  -0.9450430972
0.0301039858  -0.0301398803  -0.9465430056
0.0286698465  -0.0286939457  -0.9480336045
0.0272421160  -0.0272556310  -0.9495135673
0.0258207588  -0.0258248750  -0.9509814775
0.0244057425  -0.0244016169  -0.9524358290
0.0229970377  -0.0229857971  -0.9538750258
0.0215946182  -0.0215773562  -0.9552973822
0.0201984604  -0.0201762356  -0.9567011227
0.0188085443  -0.0187823775  -0.9580843819
0.0174248525  -0.0173957245  -0.9594452049
0.0160473708  -0.0160162201  -0.9607815468
0.0146760878  -0.0146438082  -0.9620912729
0.0133109950  -0.0132784335  -0.9633721590
0.0119520863  -0.0119200414  -0.9646218908
0.0105993582  -0.0105685776  -0.9658380645
0.0092528096  -0.0092239887  -0.9670181863
0.0079124410  -0.0078862219  -0.9681596728
0.0065782549  -0.0065552249  -0.9692598507
0.0052502551  -0.0052309461  -0.9703159570
0.0039284462  -0.0039133346  -0.9713251390
0.0026128335  -0.0026023398  -0.9722844539
0.0013034221  -0.0012979120  -0.9731908696
0.0013029654  -0.0012979082  -0.9731908696
