0.173713
0.8819537543  -1.2946438309   0.0000539710
0.8819537543  -1.2946438309   0.0000539710
0.8819636358  -1.2946690794   0.0000495928
0.8819669609  -1.2946766837   0.0000334410
0.8819587214  -1.2946539042   0.0000051844
0.8819376608  -1.2945976515  -0.0000355049
0.8819032158  -1.2945065383  -0.0000889516
0.8818550220  -1.2943796640  -0.0001554769
0.8817927892  -1.2942163104  -0.0002353989
0.8817162597  -1.2940158397  -0.0003290321
0.8816251914  -1.2937776541  -0.0004366878
0.8815193505  -1.2935011771  -0.0005586742
0.8813985074  -1.2931858448  -0.0006952959
0.8812624345  -1.2928311007  -0.0008468541
0.8811109055  -1.2924363937  -0.0010136471
0.8809436944  -1.2920011758  -0.0011959694
0.8807605751  -1.2915249021  -0.0013941126
0.8805613215  -1.2910070302  -0.0016083646
0.8803457067  -1.2904470198  -0.0018390102
0.8801135036  -1.2898443333  -0.0020863309
0.8798644845  -1.2891984352  -0.0023506047
0.8795984211  -1.2885087931  -0.0026321065
0.8793150846  -1.2877748772  -0.0029311077
0.8790142460  -1.2869961612  -0.0032478765
0.8786956754  -1.2861721225  -0.0035826776
0.8783591430  -1.2853022423  -0.0039357726
0.8780044184  -1.2843860063  -0.0043074197
0.8776312709  -1.2834229047  -0.0046978738
0.8772394698  -1.2824124332  -0.0051073862
0.8768287843  -1.2813540928  -0.0055362054
0.8763989834  -1.2802473908  -0.0059845761
0.8759498363  -1.2790918405  -0.0064527400
0.8754811150  -1.2778868822  -0.0069417491
0.8749925877  -1.2766321063  -0.0074510867
0.8744840199  -1.2753271611  -0.0079806909
0.8739551821  -1.2739715434  -0.0085308162
0.8734058466  -1.2725647722  -0.0091016984
0.8728357861  -1.2711064025  -0.0096935632
0.8722447742  -1.2695960046  -0.0103066351
0.8716325845  -1.2680331584  -0.0109411388
0.8709989911  -1.2664174547  -0.0115972984
0.8703437693  -1.2647484953  -0.0122753370
0.8696666953  -1.2630258939  -0.0129754770
0.8689675466  -1.2612492761  -0.0136979395
0.8682461017  -1.2594182805  -0.0144429442
0.8675021408  -1.2575325587  -0.0152107098
0.8667354453  -1.2555917757  -0.0160014530
0.8659457982  -1.2535956109  -0.0168153891
0.8651329844  -1.2515437580  -0.0176527317
0.8642967902  -1.2494359258  -0.0185136925
0.8634370039  -1.2472718383  -0.0193984811
0.8625534159  -1.2450512356  -0.0203073054
0.8616458185  -1.2427738740  -0.0212403709
0.8607140060  -1.2404395264  -0.0221978808
0.8597577753  -1.2380479828  -0.0231800364
0.8587769253  -1.2355990509  -0.0241870361
0.8577712575  -1.2330925560  -0.0252190761
0.8567405758  -1.2305283417  -0.0262763498
0.8556846870  -1.2279062701  -0.0273590482
0.8546034004  -1.2252262222  -0.0284673593
0.8534965279  -1.2224880982  -0.0296014681
0.8523638847  -1.2196918179  -0.0307615572
0.8512052886  -1.2168373206  -0.0319478056
0.8500205608  -1.2139245523  -0.0331603894
0.8488095253  -1.2109534874  -0.0343994817
0.8475720096  -1.2079241536  -0.0356652520
0.8463078443  -1.2048365846  -0.0369578669
0.8450168637  -1.2016908112  -0.0382774894
0.8436989053  -1.1984868905  -0.0396242790
0.8423538102  -1.1952249048  -0.0409983924
0.8409814232  -1.1919049576  -0.0423999844
0.8395815928  -1.1885271736  -0.0438292073
0.8381541712  -1.1850916987  -0.0452862095
0.8366990145  -1.1815987003  -0.0467711347
0.8352159825  -1.1780483670  -0.0482841222
0.8337049390  -1.1744409089  -0.0498253071
0.8321657518  -1.1707765569  -0.0513948196
0.8305982928  -1.1670555633  -0.0529927852
0.8290024382  -1.1632782014  -0.0546193247
0.8273780682  -1.1594447653  -0.0562745537
0.8257250674  -1.1555555700  -0.0579585829
0.8240433246  -1.1516109511  -0.0596715179
0.8223327332  -1.1476112649  -0.0614134591
0.8205931910  -1.1435568878  -0.0631845012
0.8188246002  -1.1394482163  -0.0649847340
0.8170268678  -1.1352856669  -0.0668142415
0.8151999053  -1.1310696759  -0.0686731024
0.8133436291  -1.1268006989  -0.0705613894
0.8114579602  -1.1224792107  -0.0724791700
0.8095428245  -1.1181057052  -0.0744265057
0.8075981531  -1.1136806946  -0.0764034524
0.8056238817  -1.1092047093  -0.0784100601
0.8036199513  -1.1046782979  -0.0804463730
0.8015863081  -1.1001020266  -0.0825124294
0.7995229034  -1.0954764782  -0.0846082616
0.7974296939  -1.0908022520  -0.0867338963
0.7953066419  -1.0860799649  -0.0888893540
0.7931537148  -1.0813102516  -0.0910746494
0.7909708859  -1.0764937628  -0.0932897914
0.7887581342  -1.0716311641  -0.0955347833
0.7865154447  -1.0667231375  -0.0978096237
0.7842428541  -1.0617704602  -0.1001143059
0.7819404504  -1.0567739949  -0.1024488173
0.7796082908  -1.0517345378  -0.1048131395
0.7772464011  -1.0466528257  -0.1072072486
0.7748548117  -1.0415296198  -0.1096311150
0.7724335580  -1.0363657104  -0.1120847026
0.7699826804  -1.0311619043  -0.1145679691
0.7675022248  -1.0259190148  -0.1170808663
0.7649922416  -1.0206378604  -0.1196233398
0.7624527865  -1.0153192649  -0.1221953294
0.7598839204  -1.0099640571  -0.1247967686
0.7572857088  -1.0045730703  -0.1274275851
0.7546582225  -0.9991471418  -0.1300877005
0.7520015373  -0.9936871130  -0.1327770305
0.7493157338  -0.9881938284  -0.1354954847
0.7466008979  -0.9826681357  -0.1382429668
0.7438571204  -0.9771108847  -0.1410193746
0.7410844970  -0.9715229280  -0.1438245995
0.7382831288  -0.9659051195  -0.1466585288
0.7354531220  -0.9602583141  -0.1495210463
0.7325945882  -0.9545833686  -0.1524120304
0.7297076433  -0.9488811432  -0.1553313504
0.7267924081  -0.9431525017  -0.1582788665
0.7238490083  -0.9373983096  -0.1612544303
0.7208775749  -0.9316194338  -0.1642578851
0.7178782443  -0.9258167428  -0.1672890663
0.7148511581  -0.9199911062  -0.1703478018
0.7117964634  -0.9141433948  -0.1734339121
0.7087143130  -0.9082744799  -0.1765472102
0.7056048675  -0.9023852445  -0.1796875025
0.7024683239  -0.8964766896  -0.1828545878
0.6993048989  -0.8905498367  -0.1860482505
0.6961147949  -0.8846055962  -0.1892682591
0.6928982169  -0.8786448887  -0.1925144072
0.6896553855  -0.8726686811  -0.1957865468
0.6863865282  -0.8666778959  -0.1990845350
0.6830918667  -0.8606733681  -0.2024081734
0.6797716190  -0.8546559100  -0.2057572214
0.6764260106  -0.8486263652  -0.2091314288
0.6730552777  -0.8425856022  -0.2125305425
0.6696596648  -0.8365344965  -0.2159543046
0.6662394227  -0.8304739222  -0.2194024522
0.6627948083  -0.8244047509  -0.2228747173
0.6593260846  -0.8183278513  -0.2263708281
0.6558335214  -0.8122440871  -0.2298905174
0.6523173968  -0.8061543156  -0.2334335296
0.6487779948  -0.8000593907  -0.2369996098
0.6452156032  -0.7939601676  -0.2405884940
0.6416305139  -0.7878575010  -0.2441999102
0.6380230247  -0.7817522423  -0.2478335786
0.6343935264  -0.7756454371  -0.2514892118
0.6307424590  -0.7695382514  -0.2551665262
0.6270701401  -0.7634315897  -0.2588652549
0.6233767995  -0.7573261574  -0.2625851286
0.6196626548  -0.7512226422  -0.2663258482
0.6159279136  -0.7451217171  -0.2700870808
0.6121727796  -0.7390240325  -0.2738684868
0.6083974583  -0.7329302112  -0.2776697366
0.6046021481  -0.7268408587  -0.2814904576
0.6007870325  -0.7207565688  -0.2853302095
0.5969522845  -0.7146779175  -0.2891884856
0.5930980586  -0.7086054649  -0.2930646225
0.5892244716  -0.7025397624  -0.2969576686
0.5853312252  -0.6964815213  -0.3008634573
0.5814181857  -0.6904313338  -0.3047798370
0.5774873329  -0.6843893058  -0.3087152352
0.5735414965  -0.6783560657  -0.3126785374
0.5695810330  -0.6723330762  -0.3166705869
0.5656047124  -0.6663217262  -0.3206893604
0.5616119709  -0.6603229476  -0.3247332458
0.5576028836  -0.6543373224  -0.3288008951
0.5535776773  -0.6483653343  -0.3328908864
0.5495365833  -0.6424074374  -0.3370017239
0.5454798331  -0.6364640577  -0.3411318445
0.5414076568  -0.6305355939  -0.3452796236
0.5373203134  -0.6246224666  -0.3494433816
0.5332185483  -0.6187257906  -0.3536213900
0.5291032640  -0.6128468376  -0.3578118774
0.5249749060  -0.6069861257  -0.3620130352
0.5208337361  -0.6011438797  -0.3662230240
0.5166799850  -0.5953202738  -0.3704399785
0.5125138470  -0.5895154342  -0.3746620122
0.5083354734  -0.5837294421  -0.3788872201
0.5041456868  -0.5779632963  -0.3831136856
0.4999456741  -0.5722184518  -0.3873394898
0.4957356307  -0.5664950132  -0.3915627170
0.4915149221  -0.5607920570  -0.3957814609
0.4872826182  -0.5551084145  -0.3999938301
0.4830390545  -0.5494445723  -0.4041979531
0.4787845445  -0.5438009913  -0.4083919840
0.4745166420  -0.5381749121  -0.4125741086
0.4702328282  -0.5325638020  -0.4167425500
0.4659289786  -0.5269636733  -0.4208955747
0.4615957318  -0.5213652425  -0.4250315000
0.4572168334  -0.5157525805  -0.4291487141
0.4525980336  -0.5099331173  -0.4332456878
0.4479453344  -0.5041158831  -0.4373209033
0.4436721267  -0.4987116373  -0.4413727833
0.4396762402  -0.4936115583  -0.4453997715
0.4357689412  -0.4886237828  -0.4494004451
0.4318926199  -0.4836897724  -0.4533735119
0.4280456681  -0.4788072915  -0.4573177688
0.4242276598  -0.4739752936  -0.4612320951
0.4204382993  -0.4691928756  -0.4651154601
0.4166773025  -0.4644591627  -0.4689669288
0.4129443973  -0.4597733086  -0.4727856665
0.4092393220  -0.4551344952  -0.4765709424
0.4055618238  -0.4505419322  -0.4803221241
0.4019116552  -0.4459948578  -0.4840386712
0.3982885761  -0.4414925356  -0.4877201461
0.3946923549  -0.4370342508  -0.4913662268
0.3911227689  -0.4326193100  -0.4949767115
0.3875796014  -0.4282470411  -0.4985515216
0.3840626410  -0.4239167928  -0.5020907073
0.3805716793  -0.4196279349  -0.5055944387
0.3771065073  -0.4153798589  -0.5090629917
0.3736669173  -0.4111719748  -0.5124967660
0.3702527086  -0.4070037066  -0.5158963186
0.3668636891  -0.4028744912  -0.5192623809
0.3634996686  -0.3987837817  -0.5225958404
0.3601604526  -0.3947310482  -0.5258977278
0.3568458502  -0.3907157740  -0.5291692802
0.3535556825  -0.3867374519  -0.5324119891
0.3502897807  -0.3827955859  -0.5356276316
0.3470479947  -0.3788896905  -0.5388184105
0.3438302170  -0.3750192879  -0.5419871830
0.3406367598  -0.3711838583  -0.5451410258
0.3374679044  -0.3673829094  -0.5482863524
0.3343222474  -0.3636161860  -0.5514183745
0.3311976186  -0.3598834917  -0.5545291798
0.3280935013  -0.3561843634  -0.5576170588
0.3250105212  -0.3525182021  -0.5606828793
0.3219489714  -0.3488844906  -0.5637271749
0.3189087321  -0.3452827847  -0.5667501801
0.3158895846  -0.3417126617  -0.5697521231
0.3128913108  -0.3381737053  -0.5727332304
0.3099136953  -0.3346655055  -0.5756937276
0.3069565258  -0.3311876588  -0.5786338389
0.3040195923  -0.3277397675  -0.5815537868
0.3011026880  -0.3243214404  -0.5844537923
0.2982056085  -0.3209322920  -0.5873340743
0.2953281522  -0.3175719429  -0.5901948495
0.2924701200  -0.3142400196  -0.5930363321
0.2896313155  -0.3109361540  -0.5958587337
0.2868115447  -0.3076599842  -0.5986622624
0.2840106160  -0.3044111535  -0.6014471234
0.2812283404  -0.3011893114  -0.6042135184
0.2784645313  -0.2979941127  -0.6069616452
0.2757190045  -0.2948252180  -0.6096916981
0.2729915780  -0.2916822930  -0.6124038668
0.2702820724  -0.2885650091  -0.6150983364
0.2675903101  -0.2854730430  -0.6177752876
0.2649161163  -0.2824060767  -0.6204348957
0.2622593181  -0.2793637976  -0.6230773310
0.2596197448  -0.2763458981  -0.6257027575
0.2569972279  -0.2733520754  -0.6283113328
0.2543916008  -0.2703820316  -0.6309032063
0.2518026982  -0.2674354696  -0.6334785105
0.2492303557  -0.2645120930  -0.6360373544
0.2466744124  -0.2616116242  -0.6385798568
0.2441347164  -0.2587338144  -0.6411061853
0.2416111204  -0.2558784178  -0.6436165320
0.2391034746  -0.2530451698  -0.6461110688
0.2366116260  -0.2502337985  -0.6485899462
0.2341354230  -0.2474440401  -0.6510533097
0.2316747175  -0.2446756402  -0.6535013044
0.2292293640  -0.2419283502  -0.6559340742
0.2267992189  -0.2392019256  -0.6583517612
0.2243841404  -0.2364961260  -0.6607545057
0.2219839885  -0.2338107149  -0.6631424461
0.2195986249  -0.2311454595  -0.6655157193
0.2172279131  -0.2285001308  -0.6678744602
0.2148717182  -0.2258745033  -0.6702188023
0.2125299068  -0.2232683553  -0.6725488773
0.2102023475  -0.2206814682  -0.6748648153
0.2078889102  -0.2181136270  -0.6771667447
0.2055894664  -0.2155646199  -0.6794547926
0.2033038894  -0.2130342384  -0.6817290842
0.2010320537  -0.2105222769  -0.6839897435
0.1987738355  -0.2080285332  -0.6862368928
0.1965291125  -0.2055528077  -0.6884706529
0.1942977639  -0.2030949039  -0.6906911435
0.1920796701  -0.2006546282  -0.6928984824
0.1898747131  -0.1982317897  -0.6950927863
0.1876827764  -0.1958262000  -0.6972741706
0.1855037446  -0.1934376736  -0.6994427491
0.1833375040  -0.1910660275  -0.7015986346
0.1811839419  -0.1887110810  -0.7037419384
0.1790429471  -0.1863726560  -0.7058727706
0.1769144096  -0.1840505764  -0.7079912401
0.1747982210  -0.1817446683  -0.7100974548
0.1726942736  -0.1794547611  -0.7121915210
0.1706024614  -0.1771806874  -0.7142735440
0.1685226795  -0.1749222822  -0.7163436273
0.1664548240  -0.1726793826  -0.7184018735
0.1643987924  -0.1704518276  -0.7204483842
0.1623544834  -0.1682394585  -0.7224832596
0.1603217968  -0.1660421188  -0.7245065989
0.1583006334  -0.1638596543  -0.7265185001
0.1562908953  -0.1616919128  -0.7285190604
0.1542924857  -0.1595387441  -0.7305083754
0.1523053089  -0.1574000002  -0.7324865400
0.1503292700  -0.1552755350  -0.7344536479
0.1483642756  -0.1531652044  -0.7364097919
0.1464102330  -0.1510688656  -0.7383550635
0.1444670507  -0.1489863783  -0.7402895534
0.1425346382  -0.1469176051  -0.7422133513
0.1406129059  -0.1448624104  -0.7441265456
0.1387017652  -0.1428206594  -0.7460292242
0.1368011287  -0.1407922191  -0.7479214737
0.1349109098  -0.1387769584  -0.7498033798
0.1330310227  -0.1367747477  -0.7516750274
0.1311613827  -0.1347854593  -0.7535365003
0.1293019061  -0.1328089670  -0.7553878816
0.1274525099  -0.1308451463  -0.7572292534
0.1256131122  -0.1288938744  -0.7590606968
0.1237836319  -0.1269550300  -0.7608822922
0.1219639887  -0.1250284933  -0.7626941191
0.1201541033  -0.1231141462  -0.7644962560
0.1183538971  -0.1212118720  -0.7662887808
0.1165632924  -0.1193215555  -0.7680717703
0.1147822125  -0.1174430830  -0.7698453008
0.1130105812  -0.1155763423  -0.7716094475
0.1112483233  -0.1137212226  -0.7733642850
0.1094953645  -0.1118776144  -0.7751098870
0.1077516309  -0.1100454098  -0.7768463265
0.1060170498  -0.1082245021  -0.7785736756
0.1042915491  -0.1064147859  -0.7802920058
0.1025750574  -0.1046161572  -0.7820013878
0.1008675040  -0.1028285134  -0.7837018916
0.0991688191  -0.1010517530  -0.7853935863
0.0974789335  -0.0992857759  -0.7870765405
0.0957977788  -0.0975304830  -0.7887508219
0.0941252872  -0.0957857767  -0.7904164978
0.0924613918  -0.0940515605  -0.7920736344
0.0908060263  -0.0923277412  -0.7937223021
0.0891591253  -0.0906142277  -0.7953625760
0.0875206237  -0.0889109216  -0.7969945172
0.0858904564  -0.0872177240  -0.7986181738
0.0842685593  -0.0855345463  -0.8002336033
0.0826548699  -0.0838613025  -0.8018408689
0.0810493260  -0.0821979044  -0.8034400307
0.0794518659  -0.0805442646  -0.8050311489
0.0778624284  -0.0789002969  -0.8066142830
0.0762809531  -0.0772659157  -0.8081894925
0.0747073802  -0.0756410367  -0.8097568368
0.0731416503  -0.0740255764  -0.8113163749
0.0715837047  -0.0724194524  -0.8128681659
0.0700334854  -0.0708225830  -0.8144122686
0.0684909347  -0.0692348877  -0.8159487419
0.0669559958  -0.0676562867  -0.8174776443
0.0654286123  -0.0660867011  -0.8189990346
0.0639087282  -0.0645260529  -0.8205129713
0.0623962882  -0.0629742651  -0.8220195126
0.0608912375  -0.0614312613  -0.8235187169
0.0593935219  -0.0598969661  -0.8250106423
0.0579030877  -0.0583713050  -0.8264953467
0.0564198815  -0.0568542041  -0.8279728877
0.0549438506  -0.0553455905  -0.8294433228
0.0534749429  -0.0538453921  -0.8309067090
0.0520131065  -0.0523535375  -0.8323631029
0.0505582902  -0.0508699561  -0.8338125608
0.0491104433  -0.0493945782  -0.8352551381
0.0476695154  -0.0479273346  -0.8366908900
0.0462354567  -0.0464681571  -0.8381198706
0.0448082179  -0.0450169782  -0.8395421334
0.0433877500  -0.0435737311  -0.8409577309
0.0419742854  -0.0421383484  -0.8423868417
0.0405679605  -0.0407107642  -0.8438394837
0.0391679999  -0.0392909174  -0.8452813255
0.0377741416  -0.0378787449  -0.8467212853
0.0363867158  -0.0364741815  -0.8481587943
0.0350056700  -0.0350771649  -0.8495931995
0.0336309535  -0.0336876333  -0.8510237637
0.0322625177  -0.0323055255  -0.8524496660
0.0309003161  -0.0309307812  -0.8538700009
0.0295443043  -0.0295633405  -0.8552837794
0.0281944405  -0.0282031444  -0.8566899280
0.0268506851  -0.0268501344  -0.8580872892
0.0255130011  -0.0255042527  -0.8594746217
0.0241813539  -0.0241654421  -0.8608505996
0.0228557118  -0.0228336462  -0.8622138135
0.0215360455  -0.0215088088  -0.8635627694
0.0202223287  -0.0201908749  -0.8648958897
0.0189145375  -0.0188797896  -0.8662115124
0.0176126509  -0.0175754990  -0.8675078915
0.0163166506  -0.0162779496  -0.8687831969
0.0150265207  -0.0149870885  -0.8700355145
0.0137422482  -0.0137028634  -0.8712628462
0.0124638224  -0.0124252228  -0.8724631095
0.0111912349  -0.0111541154  -0.8736341382
0.0099244796  -0.0098894908  -0.8747736817
0.0086635522  -0.0086312990  -0.8758794056
0.0074084505  -0.0073794907  -0.8769488913
0.0061591734  -0.0061340172  -0.8779796360
0.0049157212  -0.0048948301  -0.8789690530
0.0036780953  -0.0036618818  -0.8799144715
0.0024462971  -0.0024351253  -0.8808131366
0.0012203283  -0.0012145140  -0.8816622092
0.0012199275  -0.0012145105  -0.8816622092
