0.168386
0.9196969394  -1.3822055580   0.0000602891
0.9196969394  -1.3822055580   0.0000602891
0.9197080482  -1.3822353316   0.0000552840
0.9197117534  -1.3822441260   0.0000370478
0.9197024172  -1.3822168989   0.0000051995
0.9196786145  -1.3821499819  -0.0000406377
0.9196397068  -1.3820417284  -0.0001008356
0.9195852808  -1.3818910708  -0.0001757617
0.9195150082  -1.3816971594  -0.0002657787
0.9194285977  -1.3814592416  -0.0003712448
0.9193257762  -1.3811766130  -0.0004925135
0.9192062804  -1.3808485965  -0.0006299339
0.9190698520  -1.3804745310  -0.0007838503
0.9189162358  -1.3800537659  -0.0009546024
0.9187451783  -1.3795856581  -0.0011425255
0.9185564268  -1.3790695708  -0.0013479501
0.9183497291  -1.3785048718  -0.0015712021
0.9181248333  -1.3778909340  -0.0018126030
0.9178814875  -1.3772271348  -0.0020724694
0.9176194397  -1.3765128565  -0.0023511135
0.9173384382  -1.3757474866  -0.0026488429
0.9170382311  -1.3749304176  -0.0029659605
0.9167185665  -1.3740610482  -0.0033027647
0.9163791928  -1.3731387831  -0.0036595493
0.9160198584  -1.3721630339  -0.0040366033
0.9156403123  -1.3711332195  -0.0044342113
0.9152403034  -1.3700487663  -0.0048526533
0.9148195815  -1.3689091094  -0.0052922045
0.9143778966  -1.3677136924  -0.0057531358
0.9139149996  -1.3664619688  -0.0062357133
0.9134306421  -1.3651534019  -0.0067401985
0.9129245767  -1.3637874657  -0.0072668484
0.9123965604  -1.3623635384  -0.0078168324
0.9118463462  -1.3608811998  -0.0083895552
0.9112736844  -1.3593401099  -0.0089849316
0.9106783327  -1.3577397297  -0.0096032309
0.9100600518  -1.3560795500  -0.0102447008
0.9094186026  -1.3543591098  -0.0109095760
0.9087537477  -1.3525779692  -0.0115980894
0.9080652512  -1.3507357056  -0.0123104725
0.9073528796  -1.3488319130  -0.0130469551
0.9066164013  -1.3468662023  -0.0138077647
0.9058555870  -1.3448382020  -0.0145931267
0.9050702099  -1.3427475590  -0.0154032639
0.9042600458  -1.3405939387  -0.0162383962
0.9034248732  -1.3383770258  -0.0170987410
0.9025644731  -1.3360965252  -0.0179845122
0.9016786299  -1.3337521617  -0.0188959209
0.9007671307  -1.3313436815  -0.0198331749
0.8998297661  -1.3288708518  -0.0207964785
0.8988663298  -1.3263334620  -0.0217860325
0.8978766190  -1.3237313239  -0.0228020341
0.8968604345  -1.3210642723  -0.0238446767
0.8958175808  -1.3183321653  -0.0249141502
0.8947478661  -1.3155348847  -0.0260106401
0.8936511027  -1.3126723367  -0.0271343282
0.8925271067  -1.3097444519  -0.0282853921
0.8913756986  -1.3067511857  -0.0294640053
0.8901967030  -1.3036925191  -0.0306703370
0.8889899487  -1.3005684583  -0.0319045520
0.8877552694  -1.2973790354  -0.0331668109
0.8864925029  -1.2941243085  -0.0344572697
0.8852014919  -1.2908043620  -0.0357760799
0.8838820894  -1.2874193010  -0.0371233884
0.8825341617  -1.2839692856  -0.0384993374
0.8811575754  -1.2804545344  -0.0399040648
0.8797521944  -1.2768752588  -0.0413377036
0.8783178867  -1.2732316657  -0.0428003822
0.8768545251  -1.2695239945  -0.0442922242
0.8753619868  -1.2657525158  -0.0458133483
0.8738401537  -1.2619175259  -0.0473638687
0.8722889125  -1.2580193467  -0.0489438944
0.8707081546  -1.2540583249  -0.0505535299
0.8690977761  -1.2500348323  -0.0521928746
0.8674576780  -1.2459492649  -0.0538620234
0.8657877660  -1.2418020430  -0.0555610665
0.8640879509  -1.2375936107  -0.0572900915
0.8623581481  -1.2333244349  -0.0590491839
0.8605982783  -1.2289950065  -0.0608384245
0.8588082666  -1.2246058394  -0.0626578884
0.8569880429  -1.2201574708  -0.0645076450
0.8551375422  -1.2156504599  -0.0663877580
0.8532567040  -1.2110853876  -0.0682982858
0.8513454731  -1.2064628560  -0.0702392809
0.8494037988  -1.2017834879  -0.0722107899
0.8474316355  -1.1970479261  -0.0742128537
0.8454289424  -1.1922568332  -0.0762455073
0.8433956837  -1.1874108909  -0.0783087799
0.8413318285  -1.1825107992  -0.0804026946
0.8392373507  -1.1775572763  -0.0825272684
0.8371122293  -1.1725510578  -0.0846825126
0.8349564482  -1.1674928956  -0.0868684321
0.8327699962  -1.1623835582  -0.0890850261
0.8305528671  -1.1572238293  -0.0913322876
0.8283050599  -1.1520145070  -0.0936102031
0.8260265785  -1.1467564028  -0.0959187532
0.8237174317  -1.1414503433  -0.0982579115
0.8213776338  -1.1360971703  -0.1006276458
0.8190072039  -1.1306977382  -0.1030279173
0.8166061667  -1.1252529125  -0.1054586814
0.8141745519  -1.1197635718  -0.1079198871
0.8117123948  -1.1142306088  -0.1104114773
0.8092197361  -1.1086549217  -0.1129333894
0.8066966219  -1.1030374006  -0.1154855563
0.8041431042  -1.0973789347  -0.1180679057
0.8015592405  -1.0916804373  -0.1206803599
0.7989450939  -1.0859428533  -0.1233228347
0.7963007596  -1.0801671880  -0.1259952401
0.7936264354  -1.0743546150  -0.1286974798
0.7909223201  -1.0685062979  -0.1314294516
0.7881885343  -1.0626232573  -0.1341910475
0.7854251944  -1.0567064965  -0.1369821537
0.7826324208  -1.0507570171  -0.1398026500
0.7798103385  -1.0447758192  -0.1426524109
0.7769590767  -1.0387639003  -0.1455313045
0.7740787690  -1.0327222555  -0.1484391935
0.7711695532  -1.0266518772  -0.1513759344
0.7682315713  -1.0205537538  -0.1543413782
0.7652649696  -1.0144288704  -0.1573353696
0.7622698987  -1.0082782078  -0.1603577480
0.7592465131  -1.0021027430  -0.1634083465
0.7561949720  -0.9959034481  -0.1664869948
0.7531154391  -0.9896812897  -0.1695935200
0.7500080822  -0.9834372299  -0.1727277429
0.7468730724  -0.9771722289  -0.1758894746
0.7437105849  -0.9708872443  -0.1790785172
0.7405207989  -0.9645832296  -0.1822946640
0.7373038980  -0.9582611344  -0.1855377007
0.7340600703  -0.9519219037  -0.1888074052
0.7307895083  -0.9455664775  -0.1921035478
0.7274924092  -0.9391957911  -0.1954258914
0.7241689745  -0.9328107747  -0.1987741919
0.7208194100  -0.9264123465  -0.2021481916
0.7174439256  -0.9200014180  -0.2055476188
0.7140427714  -0.9135790544  -0.2089722213
0.7106162365  -0.9071464329  -0.2124217967
0.7071645999  -0.9007045878  -0.2158961574
0.7036881235  -0.8942544053  -0.2193950775
0.7001870642  -0.8877967333  -0.2229182914
0.6966616833  -0.8813324420  -0.2264655186
0.6931122513  -0.8748624253  -0.2300364740
0.6895390463  -0.8683875810  -0.2336308677
0.6859423525  -0.8619088009  -0.2372484057
0.6823224596  -0.8554269697  -0.2408887898
0.6786796623  -0.8489429646  -0.2445517178
0.6750142607  -0.8424576557  -0.2482368861
0.6713265616  -0.8359719026  -0.2519439994
0.6676168788  -0.8294865547  -0.2556727746
0.6638855307  -0.8230024563  -0.2594229262
0.6601328378  -0.8165204494  -0.2631941593
0.6563591242  -0.8100413716  -0.2669861718
0.6525647188  -0.8035660525  -0.2707986545
0.6487499602  -0.7970953223  -0.2746312943
0.6449153082  -0.7906302622  -0.2784837914
0.6410612411  -0.7841720081  -0.2823558586
0.6371880716  -0.7777213645  -0.2862471892
0.6332960338  -0.7712789803  -0.2901574399
0.6293853511  -0.7648454781  -0.2940862481
0.6254562455  -0.7584214492  -0.2980332589
0.6215089348  -0.7520074589  -0.3019980984
0.6175436212  -0.7456040570  -0.3059803231
0.6135604913  -0.7392117760  -0.3099794200
0.6095597143  -0.7328311270  -0.3139947469
0.6055414262  -0.7264626058  -0.3180254182
0.6015053724  -0.7201068603  -0.3220676431
0.5974513633  -0.7137644599  -0.3261188211
0.5933809564  -0.7074351432  -0.3301861698
0.5892965830  -0.7011187274  -0.3342788263
0.5851990346  -0.6948168163  -0.3383983602
0.5810875207  -0.6885314288  -0.3425427435
0.5769613955  -0.6822635505  -0.3467103311
0.5728207097  -0.6760137208  -0.3508998026
0.5686656939  -0.6697823609  -0.3551097675
0.5644965834  -0.6635698602  -0.3593387649
0.5603136126  -0.6573765784  -0.3635852686
0.5561170141  -0.6512028465  -0.3678476939
0.5519070155  -0.6450489666  -0.3721244034
0.5476839599  -0.6389153950  -0.3764137130
0.5434487212  -0.6328033363  -0.3807138977
0.5392021418  -0.6267138643  -0.3850231972
0.5349445518  -0.6206472323  -0.3893398216
0.5306761853  -0.6146035437  -0.3936619571
0.5263972387  -0.6085828504  -0.3979877714
0.5221078611  -0.6025851508  -0.4023154185
0.5178083776  -0.5966107025  -0.4066430418
0.5134999643  -0.5906609072  -0.4109687769
0.5091834211  -0.5847366304  -0.4152907594
0.5048582703  -0.5788370634  -0.4196071343
0.5005235686  -0.5729609195  -0.4239160608
0.4961789511  -0.5671077629  -0.4282157179
0.4918249554  -0.5612782930  -0.4325043093
0.4874600899  -0.5554708136  -0.4367800689
0.4830812107  -0.5496819391  -0.4410412666
0.4786848195  -0.5439082824  -0.4452862146
0.4742625909  -0.5381415780  -0.4495132733
0.4698007474  -0.5323682246  -0.4537208714
0.4651229333  -0.5264132339  -0.4579075190
0.4603778684  -0.5204285680  -0.4620717487
0.4559741472  -0.5148208259  -0.4662120469
0.4518711273  -0.5095425287  -0.4703269104
0.4478668688  -0.5043882086  -0.4744149509
0.4438943303  -0.4992897807  -0.4784749090
0.4399517275  -0.4942447999  -0.4825056173
0.4360386210  -0.4892521713  -0.4865059879
0.4321547097  -0.4843109522  -0.4904750200
0.4282997044  -0.4794202298  -0.4944118055
0.4244733277  -0.4745791208  -0.4983155339
0.4206753131  -0.4697867711  -0.5021854957
0.4169054036  -0.4650423552  -0.5060210852
0.4131633494  -0.4603450762  -0.5098217918
0.4094489058  -0.4556941658  -0.5135871966
0.4057618347  -0.4510888803  -0.5173169870
0.4021019073  -0.4465284975  -0.5210109677
0.3984689021  -0.4420123164  -0.5246690633
0.3948626032  -0.4375396579  -0.5282913227
0.3912827990  -0.4331098639  -0.5318779204
0.3877292784  -0.4287222984  -0.5354291400
0.3842018296  -0.4243763467  -0.5389453724
0.3807002450  -0.4200714103  -0.5424271505
0.3772243264  -0.4158069039  -0.5458751771
0.3737738807  -0.4115822566  -0.5492903199
0.3703487127  -0.4073969156  -0.5526735901
0.3669486263  -0.4032503436  -0.5560261762
0.3635734363  -0.3991420136  -0.5593495144
0.3602229698  -0.3950714092  -0.5626453207
0.3568970710  -0.3910380255  -0.5659156972
0.3535956190  -0.3870413668  -0.5691633301
0.3503188824  -0.3830808967  -0.5723947267
0.3470671836  -0.3791560955  -0.5756165401
0.3438392990  -0.3752666756  -0.5788252390
0.3406330413  -0.3714124429  -0.5820128865
0.3374476872  -0.3675929470  -0.5851771507
0.3342838216  -0.3638075675  -0.5883189089
0.3311418020  -0.3600557551  -0.5914387470
0.3280215251  -0.3563370458  -0.5945369030
0.3249227692  -0.3526510006  -0.5976136075
0.3218453133  -0.3489971874  -0.6006690900
0.3187889386  -0.3453751809  -0.6037035784
0.3157534295  -0.3417845623  -0.6067172996
0.3127385730  -0.3382249191  -0.6097104787
0.3097441592  -0.3346958453  -0.6126833391
0.3067699806  -0.3311969410  -0.6156361023
0.3038158326  -0.3277278127  -0.6185689874
0.3008815129  -0.3242880730  -0.6214822114
0.2979668222  -0.3208773404  -0.6243759880
0.2950715635  -0.3174952396  -0.6272505284
0.2921955423  -0.3141414008  -0.6301060400
0.2893385666  -0.3108154604  -0.6329427271
0.2865004469  -0.3075170608  -0.6357607902
0.2836809961  -0.3042458500  -0.6385604259
0.2808800294  -0.3010014817  -0.6413418267
0.2780973645  -0.2977836153  -0.6441051804
0.2753328211  -0.2945919158  -0.6468506701
0.2725862215  -0.2914260537  -0.6495784738
0.2698573901  -0.2882857050  -0.6522887643
0.2671461534  -0.2851705512  -0.6549817087
0.2644523403  -0.2820802786  -0.6576574670
0.2617757815  -0.2790145787  -0.6603161918
0.2591163090  -0.2759731443  -0.6629580196
0.2564737558  -0.2729556687  -0.6655830631
0.2538479582  -0.2699618623  -0.6681914407
0.2512387610  -0.2669914651  -0.6707833173
0.2486460146  -0.2640442237  -0.6733588867
0.2460695674  -0.2611198663  -0.6759183256
0.2435092642  -0.2582181120  -0.6784617879
0.2409649507  -0.2553386868  -0.6809894209
0.2384364762  -0.2524813272  -0.6835013719
0.2359236927  -0.2496457758  -0.6859977869
0.2334264542  -0.2468317794  -0.6884788099
0.2309446166  -0.2440390892  -0.6909445835
0.2284780374  -0.2412674605  -0.6933952482
0.2260265760  -0.2385166523  -0.6958309428
0.2235900936  -0.2357864276  -0.6982518044
0.2211684529  -0.2330765532  -0.7006579684
0.2187615183  -0.2303867995  -0.7030495686
0.2163691561  -0.2277169405  -0.7054267370
0.2139912340  -0.2250667537  -0.7077896041
0.2116276212  -0.2224360200  -0.7101382989
0.2092781888  -0.2198245237  -0.7124729485
0.2069428092  -0.2172320522  -0.7147936788
0.2046213564  -0.2146583962  -0.7171006141
0.2023137059  -0.2121033494  -0.7193938771
0.2000197347  -0.2095667087  -0.7216735893
0.1977393213  -0.2070482736  -0.7239398704
0.1954723455  -0.2045478467  -0.7261928390
0.1932186886  -0.2020652334  -0.7284326123
0.1909782333  -0.1996002418  -0.7306593059
0.1887508638  -0.1971526826  -0.7328730344
0.1865364653  -0.1947223690  -0.7350739108
0.1843349248  -0.1923091169  -0.7372620471
0.1821461303  -0.1899127442  -0.7394375540
0.1799699711  -0.1875330711  -0.7416005411
0.1778063379  -0.1851699211  -0.7437511164
0.1756551226  -0.1828231211  -0.7458893870
0.1735162183  -0.1804925006  -0.7480154581
0.1713895194  -0.1781778911  -0.7501294340
0.1692749215  -0.1758791263  -0.7522314179
0.1671723212  -0.1735960421  -0.7543215117
0.1650816166  -0.1713284769  -0.7563998164
0.1630027066  -0.1690762709  -0.7584664316
0.1609354916  -0.1668392671  -0.7605214559
0.1588798729  -0.1646173102  -0.7625649868
0.1568357529  -0.1624102472  -0.7645971207
0.1548030352  -0.1602179272  -0.7666179528
0.1527816243  -0.1580402010  -0.7686275776
0.1507714259  -0.1558769212  -0.7706260882
0.1487723468  -0.1537279428  -0.7726135768
0.1467842947  -0.1515931238  -0.7745901345
0.1448071783  -0.1494723240  -0.7765558516
0.1428409075  -0.1473654043  -0.7785108171
0.1408853929  -0.1452722273  -0.7804551194
0.1389405464  -0.1431926572  -0.7823888456
0.1370062805  -0.1411265604  -0.7843120821
0.1350825090  -0.1390738048  -0.7862249142
0.1331691464  -0.1370342600  -0.7881274264
0.1312661083  -0.1350077974  -0.7900197022
0.1293733109  -0.1329942900  -0.7919018244
0.1274906717  -0.1309936124  -0.7937738745
0.1256181087  -0.1290056411  -0.7956359336
0.1237555412  -0.1270302537  -0.7974880817
0.1219028890  -0.1250673299  -0.7993303979
0.1200600729  -0.1231167506  -0.8011629606
0.1182270145  -0.1211783983  -0.8029858472
0.1164036362  -0.1192521571  -0.8047991345
0.1145898614  -0.1173379124  -0.8066028984
0.1127856141  -0.1154355513  -0.8083972138
0.1109908192  -0.1135449620  -0.8101821552
0.1092054024  -0.1116660346  -0.8119577961
0.1074292899  -0.1097986600  -0.8137242091
0.1056624092  -0.1079427309  -0.8154814663
0.1039046881  -0.1060981412  -0.8172296389
0.1021560553  -0.1042647861  -0.8189687975
0.1004164403  -0.1024425621  -0.8206990119
0.0986857732  -0.1006313670  -0.8224203510
0.0969639849  -0.0988310999  -0.8241328832
0.0952510070  -0.0970416610  -0.8258366763
0.0935467719  -0.0952629544  -0.8275318020
0.0918512130  -0.0934948862  -0.8292183373
0.0901642637  -0.0917373543  -0.8308963442
0.0884858576  -0.0899902559  -0.8325658711
0.0868159292  -0.0882534997  -0.8342269765
0.0851544147  -0.0865269973  -0.8358797247
0.0835012507  -0.0848106575  -0.8375241770
0.0818563741  -0.0831043902  -0.8391603946
0.0802197225  -0.0814081061  -0.8407884382
0.0785912343  -0.0797217171  -0.8424083684
0.0769708483  -0.0780451360  -0.8440202456
0.0753585040  -0.0763782767  -0.8456241302
0.0737541414  -0.0747210538  -0.8472200823
0.0721577012  -0.0730733833  -0.8488081620
0.0705691247  -0.0714351817  -0.8503884293
0.0689883537  -0.0698063667  -0.8519609441
0.0674153306  -0.0681868570  -0.8535257663
0.0658499983  -0.0665765718  -0.8550829557
0.0642923002  -0.0649754316  -0.8566325719
0.0627421806  -0.0633833576  -0.8581746745
0.0611995838  -0.0618002718  -0.8597093229
0.0596644550  -0.0602260972  -0.8612365764
0.0581367399  -0.0586607576  -0.8627564940
0.0566163845  -0.0571041777  -0.8642691344
0.0551033354  -0.0555562828  -0.8657745560
0.0535975399  -0.0540169993  -0.8672728169
0.0520989455  -0.0524862542  -0.8687639744
0.0506075003  -0.0509639755  -0.8702480857
0.0491231530  -0.0494500918  -0.8717252069
0.0476458526  -0.0479445325  -0.8731953936
0.0461755487  -0.0464472280  -0.8746587005
0.0447121912  -0.0449581092  -0.8761151814
0.0432560282  -0.0434771062  -0.8775856088
0.0418072059  -0.0420041510  -0.8790802953
0.0403649046  -0.0405391808  -0.8805638978
0.0389288487  -0.0390821305  -0.8820455967
0.0374993895  -0.0376329328  -0.8835248058
0.0360764731  -0.0361915230  -0.8850008523
0.0346600476  -0.0347578375  -0.8864729771
0.0332500632  -0.0333318130  -0.8879403342
0.0318464721  -0.0319133871  -0.8894019914
0.0304492291  -0.0305024981  -0.8908569294
0.0290582915  -0.0290990849  -0.8923040430
0.0276736189  -0.0277030872  -0.8937421399
0.0262951736  -0.0263144453  -0.8951699414
0.0249229208  -0.0249331000  -0.8965860824
0.0235568283  -0.0235589930  -0.8979891111
0.0221968666  -0.0221920665  -0.8993774890
0.0208430094  -0.0208322634  -0.9007495914
0.0194952329  -0.0194795273  -0.9021037065
0.0181535163  -0.0181338022  -0.9034380365
0.0168178418  -0.0167950331  -0.9047506967
0.0154881940  -0.0154631652  -0.9060397160
0.0141645606  -0.0141381445  -0.9073030364
0.0128469317  -0.0128199178  -0.9085385139
0.0115352998  -0.0115084323  -0.9097439174
0.0102296598  -0.0102036357  -0.9109169296
0.0089300088  -0.0089054765  -0.9120551464
0.0076363456  -0.0076139037  -0.9131560773
0.0063486707  -0.0063288670  -0.9142171450
0.0050669857  -0.0050503166  -0.9152356861
0.0037912932  -0.0037782032  -0.9162089501
0.0025215964  -0.0025124782  -0.9171341002
0.0012578983  -0.0012530936  -0.9180082131
0.0012574735  -0.0012530900  -0.9180082131
