0.239959
0.4983033374  -0.5953367185   0.0000203355
0.4983033374  -0.5953367185   0.0000203355
0.4983069858  -0.5953424728   0.0000188788
0.4983082755  -0.5953443943   0.0000131159
0.4983053722  -0.5953395994   0.0000029392
0.4982978358  -0.5953274115  -0.0000117589
0.4982854688  -0.5953075264  -0.0000310861
0.4982681430  -0.5952797459  -0.0000551500
0.4982457553  -0.5952439101  -0.0000840582
0.4982182138  -0.5951998760  -0.0001179182
0.4981854313  -0.5951475081  -0.0001568378
0.4981473229  -0.5950866743  -0.0002009243
0.4981038048  -0.5950172441  -0.0002502854
0.4980547932  -0.5949390874  -0.0003050286
0.4980002043  -0.5948520739  -0.0003652613
0.4979399536  -0.5947560726  -0.0004310911
0.4978739561  -0.5946509518  -0.0005026254
0.4978021261  -0.5945365786  -0.0005799716
0.4977243770  -0.5944128192  -0.0006632373
0.4976406213  -0.5942795385  -0.0007525297
0.4975507707  -0.5941366002  -0.0008479564
0.4974547358  -0.5939838669  -0.0009496246
0.4973524265  -0.5938211998  -0.0010576418
0.4972437513  -0.5936484589  -0.0011721153
0.4971286182  -0.5934655028  -0.0012931524
0.4970069337  -0.5932721889  -0.0014208605
0.4968786036  -0.5930683733  -0.0015553467
0.4967435326  -0.5928539108  -0.0016967185
0.4966016242  -0.5926286549  -0.0018450831
0.4964527811  -0.5923924579  -0.0020005476
0.4962969046  -0.5921451707  -0.0021632194
0.4961338953  -0.5918866429  -0.0023332056
0.4959636527  -0.5916167160  -0.0025109073
0.4957860751  -0.5913352432  -0.0026961553
0.4956010591  -0.5910420804  -0.0028889471
0.4954085008  -0.5907370676  -0.0030893980
0.4952082953  -0.5904200452  -0.0032976172
0.4950003365  -0.5900908548  -0.0035137115
0.4947845174  -0.5897493372  -0.0037377887
0.4945607295  -0.5893953321  -0.0039699579
0.4943288635  -0.5890286781  -0.0042103297
0.4940888088  -0.5886492127  -0.0044590155
0.4938404538  -0.5882567723  -0.0047161284
0.4935836858  -0.5878511922  -0.0049817821
0.4933183909  -0.5874323067  -0.0052560919
0.4930444540  -0.5869999492  -0.0055391740
0.4927617591  -0.5865539520  -0.0058311458
0.4924701889  -0.5860941464  -0.0061321258
0.4921696252  -0.5856203629  -0.0064422337
0.4918599484  -0.5851324310  -0.0067615901
0.4915410379  -0.5846301795  -0.0070903169
0.4912127722  -0.5841134363  -0.0074285371
0.4908750282  -0.5835820284  -0.0077763749
0.4905276823  -0.5830357823  -0.0081339553
0.4901706092  -0.5824745235  -0.0085014047
0.4898036828  -0.5818980770  -0.0088788505
0.4894267760  -0.5813062672  -0.0092664212
0.4890397605  -0.5806989178  -0.0096642462
0.4886425066  -0.5800758521  -0.0100724564
0.4882348841  -0.5794368929  -0.0104911834
0.4878167612  -0.5787818624  -0.0109205600
0.4873880054  -0.5781105824  -0.0113607202
0.4869484828  -0.5774228747  -0.0118117988
0.4864980588  -0.5767185585  -0.0122739319
0.4860365975  -0.5759974543  -0.0127472565
0.4855639620  -0.5752593868  -0.0132319106
0.4850800144  -0.5745041787  -0.0137280334
0.4845846166  -0.5737316504  -0.0142357650
0.4840776292  -0.5729416235  -0.0147552465
0.4835589115  -0.5721339192  -0.0152866201
0.4830283219  -0.5713083583  -0.0158300288
0.4824857174  -0.5704647621  -0.0163856167
0.4819309544  -0.5696029519  -0.0169535289
0.4813638881  -0.5687227493  -0.0175339113
0.4807843729  -0.5678239762  -0.0181269108
0.4801922621  -0.5669064550  -0.0187326753
0.4795874082  -0.5659700082  -0.0193513534
0.4789696628  -0.5650144593  -0.0199830947
0.4783388767  -0.5640396321  -0.0206280498
0.4776948996  -0.5630453511  -0.0212863698
0.4770375806  -0.5620314416  -0.0219582069
0.4763667678  -0.5609977298  -0.0226437140
0.4756823087  -0.5599440428  -0.0233430447
0.4749840499  -0.5588702086  -0.0240563536
0.4742718371  -0.5577760563  -0.0247837957
0.4735455156  -0.5566614164  -0.0255255270
0.4728049298  -0.5555261203  -0.0262817040
0.4720499234  -0.5543700010  -0.0270524840
0.4712803396  -0.5531928930  -0.0278380247
0.4704960209  -0.5519946321  -0.0286384846
0.4696968091  -0.5507750559  -0.0294540226
0.4688825457  -0.5495340039  -0.0302847985
0.4680530715  -0.5482713170  -0.0311309720
0.4672082268  -0.5469868386  -0.0319927038
0.4663478516  -0.5456804137  -0.0328701548
0.4654717853  -0.5443518896  -0.0337634863
0.4645798672  -0.5430011161  -0.0346728600
0.4636719359  -0.5416279461  -0.0355984378
0.4627478300  -0.5402322357  -0.0365403820
0.4618073877  -0.5388138423  -0.0374988553
0.4608504473  -0.5373726208  -0.0384740219
0.4598768465  -0.5359084266  -0.0394660471
0.4588864234  -0.5344211215  -0.0404750966
0.4578790157  -0.5329105750  -0.0415013356
0.4568544610  -0.5313766635  -0.0425449286
0.4558125971  -0.5298192669  -0.0436060399
0.4547532620  -0.5282382687  -0.0446848333
0.4536762937  -0.5266335550  -0.0457814720
0.4525815304  -0.5250050149  -0.0468961185
0.4514688109  -0.5233525407  -0.0480289347
0.4503379740  -0.5216760281  -0.0491800814
0.4491888590  -0.5199753760  -0.0503497187
0.4480213059  -0.5182504868  -0.0515380057
0.4468351550  -0.5165012665  -0.0527451000
0.4456302474  -0.5147276253  -0.0539711583
0.4444064250  -0.5129294775  -0.0552163358
0.4431635303  -0.5111067415  -0.0564807863
0.4419014067  -0.5092593406  -0.0577646621
0.4406198989  -0.5073872029  -0.0590681140
0.4393188524  -0.5054902616  -0.0603912909
0.4379981140  -0.5035684545  -0.0617343400
0.4366575316  -0.5016217252  -0.0630974063
0.4352969547  -0.4996500227  -0.0644806330
0.4339162343  -0.4976533026  -0.0658841607
0.4325152228  -0.4956315264  -0.0673081285
0.4310937746  -0.4935846615  -0.0687526747
0.4296517462  -0.4915126819  -0.0702179384
0.4281889959  -0.4894155685  -0.0717040566
0.4267053839  -0.4872933075  -0.0732111614
0.4252007725  -0.4851458819  -0.0747393762
0.4236750257  -0.4829732818  -0.0762888169
0.4221280291  -0.4807755766  -0.0778596097
0.4205597181  -0.4785529484  -0.0794519003
0.4189700219  -0.4763055324  -0.0810658322
0.4173588321  -0.4740333502  -0.0827015265
0.4157260389  -0.4717364095  -0.0843590831
0.4140715356  -0.4694147411  -0.0860385897
0.4123952195  -0.4670684039  -0.0877401262
0.4106969920  -0.4646974785  -0.0894637679
0.4089767589  -0.4623020589  -0.0912095885
0.4072344307  -0.4598822491  -0.0929776645
0.4054699218  -0.4574381625  -0.0947680720
0.4036831506  -0.4549699231  -0.0965808784
0.4018740390  -0.4524776651  -0.0984161411
0.4000425132  -0.4499615328  -0.1002739083
0.3981885040  -0.4474216801  -0.1021542190
0.3963119473  -0.4448582709  -0.1040571025
0.3944127836  -0.4422714787  -0.1059825780
0.3924909596  -0.4396614865  -0.1079306631
0.3905464286  -0.4370284863  -0.1099013847
0.3885791504  -0.4343726794  -0.1118947681
0.3865890889  -0.4316942786  -0.1139108173
0.3845762121  -0.4289935076  -0.1159495121
0.3825404938  -0.4262706003  -0.1180108118
0.3804819155  -0.4235257991  -0.1200946744
0.3784004674  -0.4207593555  -0.1222010563
0.3762961572  -0.4179715517  -0.1243298647
0.3741691053  -0.4151628465  -0.1264809452
0.3720194588  -0.4123337329  -0.1286540892
0.3698472749  -0.4094845586  -0.1308490504
0.3676525405  -0.4066156513  -0.1330647961
0.3654350292  -0.4037273956  -0.1352974996
0.3631946810  -0.4008201348  -0.1375457463
0.3609323025  -0.3978940099  -0.1398162309
0.3586488799  -0.3949491649  -0.1421162726
0.3563445310  -0.3919859969  -0.1444486201
0.3540188427  -0.3890050284  -0.1468136258
0.3516714475  -0.3860067473  -0.1492103222
0.3493021488  -0.3829915864  -0.1516374608
0.3469109214  -0.3799599345  -0.1540939137
0.3444978200  -0.3769121652  -0.1565784803
0.3420631126  -0.3738489177  -0.1590898785
0.3396072767  -0.3707710927  -0.1616267505
0.3371305977  -0.3676793073  -0.1641876686
0.3346331522  -0.3645738836  -0.1667711412
0.3321149993  -0.3614551146  -0.1693756190
0.3295761824  -0.3583232683  -0.1719995011
0.3270167240  -0.3551785843  -0.1746411409
0.3244366187  -0.3520212695  -0.1772988522
0.3218358276  -0.3488514941  -0.1799709151
0.3192148054  -0.3456700366  -0.1826555813
0.3165743786  -0.3424781007  -0.1853510803
0.3139147669  -0.3392761168  -0.1880556248
0.3112356399  -0.3360638618  -0.1907674166
0.3085365045  -0.3328409599  -0.1934846521
0.3058168695  -0.3296070903  -0.1962055276
0.3030771952  -0.3263630702  -0.1989282450
0.3003173030  -0.3231089931  -0.2016510166
0.2975348956  -0.3198426146  -0.2043720684
0.2947276803  -0.3165618679  -0.2070896436
0.2918924204  -0.3132638404  -0.2098020091
0.2890268857  -0.3099465215  -0.2125074645
0.2860818733  -0.3065611758  -0.2152043567
0.2829100164  -0.3029617073  -0.2178910845
0.2796995807  -0.2993382516  -0.2205660669
0.2767465349  -0.2959862965  -0.2232277186
0.2740126446  -0.2928648429  -0.2258744869
0.2714178633  -0.2898918223  -0.2285048975
0.2688938655  -0.2869978896  -0.2311175635
0.2663964260  -0.2841383858  -0.2337111798
0.2639208285  -0.2813083702  -0.2362845204
0.2614661997  -0.2785067514  -0.2388364387
0.2590320774  -0.2757328539  -0.2413658686
0.2566182098  -0.2729862190  -0.2438718224
0.2542243725  -0.2702664211  -0.2463533964
0.2518503496  -0.2675730468  -0.2488097819
0.2494959335  -0.2649056949  -0.2512402721
0.2471609239  -0.2622639753  -0.2536442652
0.2448451269  -0.2596475096  -0.2560212701
0.2425483544  -0.2570559299  -0.2583709115
0.2402704234  -0.2544888789  -0.2606929357
0.2380111550  -0.2519460090  -0.2629872055
0.2357703719  -0.2494269829  -0.2652536907
0.2335478991  -0.2469314721  -0.2674924786
0.2313435662  -0.2444591558  -0.2697037980
0.2291572080  -0.2420097203  -0.2718880311
0.2269886626  -0.2395828593  -0.2740457189
0.2248377688  -0.2371782738  -0.2761775479
0.2227043649  -0.2347956723  -0.2782843539
0.2205882931  -0.2324347688  -0.2803671811
0.2184894034  -0.2300952824  -0.2824273169
0.2164075508  -0.2277769379  -0.2844663124
0.2143425926  -0.2254794659  -0.2864859916
0.2122944485  -0.2232025999  -0.2884893563
0.2102632993  -0.2209460700  -0.2904832500
0.2082492355  -0.2187096178  -0.2924733630
0.2062514740  -0.2164930253  -0.2944569000
0.2042688706  -0.2142960813  -0.2964284577
0.2023009544  -0.2121185358  -0.2983855321
0.2003477647  -0.2099601197  -0.3003272393
0.1984093808  -0.2078205713  -0.3022537321
0.1964857985  -0.2056996404  -0.3041653780
0.1945769058  -0.2035970870  -0.3060623641
0.1926825419  -0.2015126771  -0.3079448625
0.1908025432  -0.1994461801  -0.3098130438
0.1889367480  -0.1973973690  -0.3116670764
0.1870849965  -0.1953660200  -0.3135071272
0.1852471312  -0.1933519126  -0.3153333618
0.1834229970  -0.1913548294  -0.3171459439
0.1816124409  -0.1893745563  -0.3189450355
0.1798153122  -0.1874108821  -0.3207307966
0.1780314623  -0.1854635988  -0.3225033850
0.1762607447  -0.1835325016  -0.3242629561
0.1745030150  -0.1816173887  -0.3260096631
0.1727581309  -0.1797180612  -0.3277436565
0.1710259521  -0.1778343235  -0.3294650842
0.1693063403  -0.1759659827  -0.3311740911
0.1675991592  -0.1741128490  -0.3328708191
0.1659042741  -0.1722747354  -0.3345554070
0.1642215526  -0.1704514579  -0.3362279901
0.1625508640  -0.1686428353  -0.3378887004
0.1608920794  -0.1668486894  -0.3395376660
0.1592450717  -0.1650688445  -0.3411750113
0.1576097156  -0.1633031278  -0.3428008562
0.1559858874  -0.1615513687  -0.3444153150
0.1543734649  -0.1598133971  -0.3460184905
0.1527723269  -0.1580890437  -0.3476104710
0.1511823546  -0.1563781489  -0.3491913493
0.1496034330  -0.1546805660  -0.3507612413
0.1480354498  -0.1529961500  -0.3523202764
0.1464782932  -0.1513247505  -0.3538685790
0.1449318514  -0.1496662142  -0.3554062649
0.1433960135  -0.1480203901  -0.3569334440
0.1418706706  -0.1463871307  -0.3584502233
0.1403557152  -0.1447662919  -0.3599567084
0.1388510415  -0.1431577322  -0.3614530038
0.1373565452  -0.1415613126  -0.3629392126
0.1358721235  -0.1399768960  -0.3644154363
0.1343976749  -0.1384043476  -0.3658817754
0.1329330991  -0.1368435345  -0.3673383287
0.1314782974  -0.1352943261  -0.3687851939
0.1300331723  -0.1337565935  -0.3702224673
0.1285976275  -0.1322302097  -0.3716502439
0.1271715681  -0.1307150498  -0.3730686175
0.1257549005  -0.1292109907  -0.3744776807
0.1243475320  -0.1277179109  -0.3758775247
0.1229493716  -0.1262356908  -0.3772682398
0.1215603290  -0.1247642126  -0.3786499148
0.1201803155  -0.1233033602  -0.3800226376
0.1188092432  -0.1218530189  -0.3813864949
0.1174470255  -0.1204130759  -0.3827415722
0.1160935769  -0.1189834198  -0.3840879540
0.1147488130  -0.1175639409  -0.3854257237
0.1134126505  -0.1161545309  -0.3867549637
0.1120850071  -0.1147550829  -0.3880757551
0.1107658016  -0.1133654917  -0.3893881784
0.1094549537  -0.1119856532  -0.3906923129
0.1081523843  -0.1106154648  -0.3919882368
0.1068580151  -0.1092548250  -0.3932760276
0.1055717690  -0.1079036341  -0.3945557617
0.1042935698  -0.1065617941  -0.3958275145
0.1030233420  -0.1052292083  -0.3970913604
0.1017610114  -0.1039057811  -0.3983473730
0.1005065045  -0.1025914186  -0.3995956248
0.0992597487  -0.1012860277  -0.4008361876
0.0980206724  -0.0999895168  -0.4020691322
0.0967892049  -0.0987017955  -0.4032945286
0.0955652762  -0.0974227746  -0.4045124460
0.0943488173  -0.0961523661  -0.4057229526
0.0931397599  -0.0948904831  -0.4069261159
0.0919380368  -0.0936370401  -0.4081220026
0.0907435812  -0.0923919524  -0.4093106785
0.0895563276  -0.0911551367  -0.4104922087
0.0883762108  -0.0899265107  -0.4116666574
0.0872031666  -0.0887059932  -0.4128340881
0.0860371317  -0.0874935038  -0.4139945637
0.0848780434  -0.0862889635  -0.4151481461
0.0837258397  -0.0850922944  -0.4162948965
0.0825804595  -0.0839034196  -0.4174348757
0.0814418422  -0.0827222631  -0.4185681433
0.0803099280  -0.0815487497  -0.4196947585
0.0791846580  -0.0803828053  -0.4208147798
0.0780659738  -0.0792243568  -0.4219282649
0.0769538176  -0.0780733320  -0.4230352710
0.0758481324  -0.0769296594  -0.4241358544
0.0747488618  -0.0757932689  -0.4252300710
0.0736559503  -0.0746640907  -0.4263179759
0.0725693426  -0.0735420564  -0.4273996235
0.0714889843  -0.0724270981  -0.4284750678
0.0704148217  -0.0713191489  -0.4295443621
0.0693468016  -0.0702181427  -0.4306075589
0.0682848713  -0.0691240144  -0.4316647104
0.0672289788  -0.0680366994  -0.4327158679
0.0661790729  -0.0669561342  -0.4337610825
0.0651351025  -0.0658822558  -0.4348004043
0.0640970176  -0.0648150023  -0.4358338832
0.0630647684  -0.0637543124  -0.4368615683
0.0620383058  -0.0627001255  -0.4378835083
0.0610175812  -0.0616523818  -0.4388997513
0.0600025465  -0.0606110222  -0.4399103448
0.0589931544  -0.0595759884  -0.4409153358
0.0579893577  -0.0585472227  -0.4419147709
0.0569911101  -0.0575246683  -0.4429086960
0.0559983656  -0.0565082688  -0.4438971567
0.0550110788  -0.0554979687  -0.4448801980
0.0540292047  -0.0544937130  -0.4458578642
0.0530526989  -0.0534954481  -0.4468302011
0.0520815175  -0.0525031207  -0.4477972556
0.0511156170  -0.0515166770  -0.4487590695
0.0501549542  -0.0505360632  -0.4497156802
0.0491994866  -0.0495612281  -0.4506671279
0.0482491721  -0.0485921211  -0.4516134547
0.0473039690  -0.0476286921  -0.4525547011
0.0463638364  -0.0466708909  -0.4534909075
0.0454287333  -0.0457186684  -0.4544221141
0.0444986196  -0.0447719759  -0.4553483606
0.0435734553  -0.0438307651  -0.4562696864
0.0426532010  -0.0428949884  -0.4571861307
0.0417378176  -0.0419645987  -0.4580977326
0.0408272666  -0.0410395495  -0.4590045306
0.0399215097  -0.0401197949  -0.4599065632
0.0390205092  -0.0392052892  -0.4608038687
0.0381242275  -0.0382959875  -0.4616964850
0.0372326277  -0.0373918454  -0.4625844498
0.0363456731  -0.0364928188  -0.4634678006
0.0354633275  -0.0355988642  -0.4643465747
0.0345855549  -0.0347099387  -0.4652208090
0.0337123199  -0.0338259998  -0.4660905404
0.0328435874  -0.0329470053  -0.4669558053
0.0319793224  -0.0320729137  -0.4678166400
0.0311194906  -0.0312036839  -0.4686730802
0.0302640578  -0.0303392752  -0.4695251616
0.0294129904  -0.0294796473  -0.4703729194
0.0285662549  -0.0286247606  -0.4712163885
0.0277238183  -0.0277745756  -0.4720556034
0.0268856478  -0.0269290534  -0.4728905982
0.0260517111  -0.0260881557  -0.4737214065
0.0252219760  -0.0252518441  -0.4745480613
0.0243965057  -0.0244200812  -0.4753822551
0.0235753310  -0.0235928297  -0.4762297929
0.0227581747  -0.0227700529  -0.4770707939
0.0219449337  -0.0219517142  -0.4779104278
0.0211357047  -0.0211377776  -0.4787483691
0.0203304554  -0.0203282074  -0.4795842438
0.0195291542  -0.0195229684  -0.4804176293
0.0187317704  -0.0187220256  -0.4812480544
0.0179382743  -0.0179253447  -0.4820749993
0.0171486367  -0.0171328913  -0.4828978954
0.0163628299  -0.0163446318  -0.4837161256
0.0155808266  -0.0155605328  -0.4845290243
0.0148026008  -0.0147805612  -0.4853358771
0.0140281275  -0.0140046842  -0.4861359211
0.0132573825  -0.0132328697  -0.4869283446
0.0124903429  -0.0124650855  -0.4877122874
0.0117269867  -0.0117013000  -0.4884868408
0.0109672929  -0.0109414819  -0.4892510473
0.0102112416  -0.0101856003  -0.4900039008
0.0094588140  -0.0094336244  -0.4907443466
0.0087099922  -0.0086855240  -0.4914712815
0.0079647593  -0.0079412691  -0.4921835535
0.0072230994  -0.0072008299  -0.4928799621
0.0064849974  -0.0064641772  -0.4935592581
0.0057504392  -0.0057312819  -0.4942201438
0.0050194113  -0.0050021152  -0.4948612726
0.0042919012  -0.0042766488  -0.4954812496
0.0035678966  -0.0035548544  -0.4960786312
0.0028473860  -0.0028367043  -0.4966519251
0.0021303584  -0.0021221710  -0.4971995903
0.0014168026  -0.0014112272  -0.4977200375
0.0007067080  -0.0007038459  -0.4982116283
0.0007065736  -0.0007038449  -0.4982116283
