0.179554
0.9484480973  -1.2452233058   0.0000422735
0.9484480973  -1.2452233058   0.0000422735
0.9484546722  -1.2452356746   0.0000379222
0.9484558307  -1.2452338729   0.0000238948
0.9484479598  -1.2452111996  -0.0000000665
0.9484297842  -1.2451654928  -0.0000342181
0.9484007579  -1.2450958285  -0.0000788149
0.9483605428  -1.2450016349  -0.0001341107
0.9483088801  -1.2448824726  -0.0002003578
0.9482455461  -1.2447379599  -0.0002778072
0.9481703341  -1.2445677427  -0.0003667084
0.9480830468  -1.2443714806  -0.0004673099
0.9479834914  -1.2441488398  -0.0005798584
0.9478714773  -1.2438994888  -0.0007045996
0.9477468151  -1.2436230970  -0.0008417777
0.9476093156  -1.2433193327  -0.0009916356
0.9474587889  -1.2429878624  -0.0011544147
0.9472950448  -1.2426283508  -0.0013303554
0.9471178918  -1.2422404600  -0.0015196963
0.9469271376  -1.2418238495  -0.0017226750
0.9467225886  -1.2413781762  -0.0019395276
0.9465040499  -1.2409030943  -0.0021704889
0.9462713252  -1.2403982557  -0.0024157922
0.9460242171  -1.2398633093  -0.0026756697
0.9457625267  -1.2392979020  -0.0029503521
0.9454860536  -1.2387016781  -0.0032400687
0.9451945964  -1.2380742798  -0.0035450475
0.9448879521  -1.2374153475  -0.0038655153
0.9445659163  -1.2367245195  -0.0042016973
0.9442282835  -1.2360014325  -0.0045538176
0.9438748466  -1.2352457218  -0.0049220986
0.9435053974  -1.2344570213  -0.0053067618
0.9431197247  -1.2336347757  -0.0057086584
0.9427176203  -1.2327787857  -0.0061274250
0.9422988748  -1.2318889328  -0.0065630580
0.9418632727  -1.2309647113  -0.0070157795
0.9414105988  -1.2300056829  -0.0074858033
0.9409406378  -1.2290114623  -0.0079733431
0.9404531734  -1.2279816722  -0.0084786135
0.9399479885  -1.2269159381  -0.0090018310
0.9394248649  -1.2258138878  -0.0095432135
0.9388835834  -1.2246751506  -0.0101029800
0.9383239243  -1.2234993583  -0.0106813508
0.9377456668  -1.2222861449  -0.0112785468
0.9371485896  -1.2210351474  -0.0118947898
0.9365324703  -1.2197460054  -0.0125303022
0.9358970864  -1.2184183619  -0.0131853075
0.9352422144  -1.2170518636  -0.0138600293
0.9345676305  -1.2156461612  -0.0145546925
0.9338731102  -1.2142009095  -0.0152695220
0.9331584287  -1.2127157685  -0.0160047427
0.9324233613  -1.2111904031  -0.0167605796
0.9316676830  -1.2096244837  -0.0175372577
0.9308911676  -1.2080176854  -0.0183350024
0.9300935885  -1.2063696887  -0.0191540403
0.9292747185  -1.2046801802  -0.0199945985
0.9284343304  -1.2029488532  -0.0208569036
0.9275721962  -1.2011754075  -0.0217411812
0.9266880889  -1.1993595503  -0.0226476558
0.9257817836  -1.1975009990  -0.0235765516
0.9248530577  -1.1955994805  -0.0245280940
0.9239016894  -1.1936547302  -0.0255025088
0.9229274582  -1.1916664930  -0.0265000214
0.9219301416  -1.1896344709  -0.0275208554
0.9209095143  -1.1875584037  -0.0285652323
0.9198653508  -1.1854381595  -0.0296333733
0.9187974267  -1.1832735618  -0.0307254996
0.9177055179  -1.1810643573  -0.0318418320
0.9165894035  -1.1788103253  -0.0329825903
0.9154488647  -1.1765112709  -0.0341479939
0.9142836825  -1.1741670104  -0.0353382609
0.9130936391  -1.1717773708  -0.0365536080
0.9118785176  -1.1693421899  -0.0377942499
0.9106381027  -1.1668613166  -0.0390603997
0.9093721804  -1.1643346104  -0.0403522700
0.9080805380  -1.1617619422  -0.0416700723
0.9067629629  -1.1591431926  -0.0430140163
0.9054192451  -1.1564782554  -0.0443843088
0.9040491813  -1.1537670408  -0.0457811545
0.9026525723  -1.1510094737  -0.0472047569
0.9012292214  -1.1482054909  -0.0486553175
0.8997789242  -1.1453550320  -0.0501330362
0.8983014671  -1.1424580374  -0.0516381115
0.8967966343  -1.1395144558  -0.0531707394
0.8952642232  -1.1365242597  -0.0547311115
0.8937040585  -1.1334874595  -0.0563194165
0.8921159823  -1.1304040944  -0.0579358430
0.8904998286  -1.1272742053  -0.0595805780
0.8888553980  -1.1240978110  -0.0612538046
0.8871824678  -1.1208749168  -0.0629557023
0.8854808246  -1.1176055486  -0.0646864480
0.8837503000  -1.1142897877  -0.0664462157
0.8819907654  -1.1109277670  -0.0682351756
0.8802020904  -1.1075196285  -0.0700534938
0.8783840993  -1.1040654787  -0.0719013343
0.8765365762  -1.1005653897  -0.0737788602
0.8746593232  -1.0970194656  -0.0756862299
0.8727521893  -1.0934278757  -0.0776235958
0.8708150465  -1.0897908249  -0.0795911079
0.8688477519  -1.0861085136  -0.0815889157
0.8668501624  -1.0823811586  -0.0836171631
0.8648221546  -1.0786090191  -0.0856759872
0.8627635976  -1.0747923409  -0.0877655205
0.8606743355  -1.0709312758  -0.0898858932
0.8585542095  -1.0670259141  -0.0920372334
0.8564030959  -1.0630764413  -0.0942196663
0.8542209061  -1.0590832093  -0.0964333121
0.8520075404  -1.0550466370  -0.0986782853
0.8497628614  -1.0509671132  -0.1009546940
0.8474867285  -1.0468450143  -0.1032626423
0.8451790351  -1.0426807457  -0.1056022319
0.8428396868  -1.0384747225  -0.1079735585
0.8404685889  -1.0342273564  -0.1103767108
0.8380656798  -1.0299390878  -0.1128117754
0.8356309107  -1.0256103657  -0.1152788355
0.8331641656  -1.0212415685  -0.1177779648
0.8306652931  -1.0168330343  -0.1203092330
0.8281342327  -1.0123851896  -0.1228727088
0.8255710003  -1.0078985368  -0.1254684538
0.8229755550  -1.0033735218  -0.1280965212
0.8203478005  -0.9988105312  -0.1307569606
0.8176876701  -0.9942099814  -0.1334498180
0.8149951283  -0.9895723223  -0.1361751342
0.8122701387  -0.9848980060  -0.1389329428
0.8095126320  -0.9801874546  -0.1417232707
0.8067225463  -0.9754411014  -0.1445461389
0.8038999335  -0.9706595001  -0.1474015640
0.8010448558  -0.9658432230  -0.1502895551
0.7981572305  -0.9609927002  -0.1532101137
0.7952369734  -0.9561083634  -0.1561632364
0.7922841774  -0.9511908305  -0.1591489147
0.7892989430  -0.9462407294  -0.1621671304
0.7862811883  -0.9412584702  -0.1652178503
0.7832308417  -0.9362444559  -0.1683010222
0.7801479311  -0.9311994261  -0.1714166109
0.7770325197  -0.9261245217  -0.1745646438
0.7738847427  -0.9210208175  -0.1777451676
0.7707046934  -0.9158887676  -0.1809581624
0.7674924015  -0.9107285441  -0.1842035395
0.7642478805  -0.9055405392  -0.1874811892
0.7609711297  -0.9003253431  -0.1907909986
0.7576622694  -0.8950837272  -0.1941328480
0.7543214600  -0.8898165224  -0.1975066108
0.7509487105  -0.8845244209  -0.2009121551
0.7475440765  -0.8792081710  -0.2043493447
0.7441077935  -0.8738687170  -0.2078180377
0.7406399290  -0.8685068428  -0.2113180796
0.7371404275  -0.8631232137  -0.2148493114
0.7336095533  -0.8577188185  -0.2184115747
0.7300475860  -0.8522946699  -0.2220047015
0.7264545779  -0.8468515533  -0.2256285140
0.7228306403  -0.8413903071  -0.2292828291
0.7191759592  -0.8359118430  -0.2329674578
0.7154907357  -0.8304170847  -0.2366822017
0.7117751591  -0.8249069341  -0.2404268524
0.7080294026  -0.8193822677  -0.2442011897
0.7042536863  -0.8138439995  -0.2480049776
0.7004482460  -0.8082930444  -0.2518379577
0.6966133006  -0.8027302847  -0.2556998384
0.6927489518  -0.7971564711  -0.2595902822
0.6888553846  -0.7915724201  -0.2635088779
0.6849329454  -0.7859791000  -0.2674550842
0.6809818705  -0.7803773641  -0.2714281052
0.6770022929  -0.7747679699  -0.2754266187
0.6729940221  -0.7691515873  -0.2794471061
0.6689567736  -0.7635287860  -0.2834861234
0.6648922262  -0.7579004448  -0.2875500084
0.6608036772  -0.7522677838  -0.2916514397
0.6566921119  -0.7466319965  -0.2957949270
0.6525558306  -0.7409940817  -0.2999781214
0.6483935416  -0.7353547610  -0.3041990597
0.6442051235  -0.7297145275  -0.3084563458
0.6399907201  -0.7240737355  -0.3127484992
0.6357505102  -0.7184327042  -0.3170739397
0.6314847926  -0.7127918106  -0.3214309973
0.6271938541  -0.7071513573  -0.3258179206
0.6228781716  -0.7015117797  -0.3302328801
0.6185380284  -0.6958732671  -0.3346739765
0.6141734582  -0.6902357083  -0.3391392536
0.6097849198  -0.6845993732  -0.3436267002
0.6053728660  -0.6789644891  -0.3481342519
0.6009375351  -0.6733310324  -0.3526598037
0.5964792123  -0.6676989944  -0.3572012183
0.5919982381  -0.6620683968  -0.3617563299
0.5874948599  -0.6564391495  -0.3663229499
0.5829692681  -0.6508110908  -0.3708988733
0.5784215911  -0.6451839892  -0.3754818857
0.5738517543  -0.6395574071  -0.3800697691
0.5692594579  -0.6339306875  -0.3846603068
0.5646440623  -0.6283028542  -0.3892512899
0.5600043355  -0.6226723627  -0.3938405260
0.5553380099  -0.6170366728  -0.3984258454
0.5506410085  -0.6113915065  -0.4030051027
0.5459059683  -0.6057294140  -0.4075761841
0.5411181819  -0.6000358007  -0.4121370185
0.5362470040  -0.5942805164  -0.4166855987
0.5311623647  -0.5883349967  -0.4212199979
0.5259089749  -0.5822482380  -0.4257383033
0.5209666479  -0.5764990822  -0.4302385044
0.5164686470  -0.5712121124  -0.4347185496
0.5121153505  -0.5660821430  -0.4391765234
0.5077934812  -0.5609946105  -0.4436106900
0.5034990589  -0.5559448666  -0.4480194235
0.4992316625  -0.5509318047  -0.4524011800
0.4949910768  -0.5459545745  -0.4567545089
0.4907771017  -0.5410123952  -0.4610780593
0.4865895525  -0.5361045561  -0.4653705838
0.4824282594  -0.5312304141  -0.4696309413
0.4782930656  -0.5263893916  -0.4738581022
0.4741838291  -0.5215809738  -0.4780511623
0.4701004205  -0.5168047054  -0.4822093421
0.4660427191  -0.5120601881  -0.4863319846
0.4620106124  -0.5073470760  -0.4904185663
0.4580039971  -0.5026650730  -0.4944687039
0.4540227765  -0.4980139284  -0.4984821558
0.4500668589  -0.4933934328  -0.5024588285
0.4461361571  -0.4888034147  -0.5063987834
0.4422305871  -0.4842437360  -0.5103022432
0.4383500677  -0.4797142879  -0.5141696018
0.4344945202  -0.4752149876  -0.5180014358
0.4306638680  -0.4707457737  -0.5217985200
0.4268580378  -0.4663066036  -0.5255618497
0.4230769615  -0.4618974496  -0.5292926758
0.4193205825  -0.4575182972  -0.5329925640
0.4155888657  -0.4531691444  -0.5366634960
0.4118818227  -0.4488500036  -0.5403080757
0.4081995693  -0.4445609154  -0.5439299712
0.4045426499  -0.4403019840  -0.5475361154
0.4009117736  -0.4360733314  -0.5511349417
0.3973056676  -0.4318748448  -0.5547252019
0.3937208553  -0.4277060808  -0.5582966002
0.3901555326  -0.4235666069  -0.5618441180
0.3866107420  -0.4194562297  -0.5653687781
0.3830875810  -0.4153748385  -0.5688713631
0.3795861616  -0.4113222763  -0.5723520847
0.3761063092  -0.4072983571  -0.5758111385
0.3726478417  -0.4033028853  -0.5792487212
0.3692105784  -0.3993356577  -0.5826650312
0.3657943401  -0.3953964642  -0.5860602684
0.3623989494  -0.3914850882  -0.5894346333
0.3590242302  -0.3876013069  -0.5927883271
0.3556700084  -0.3837448916  -0.5961215509
0.3523361109  -0.3799156086  -0.5994345052
0.3490223665  -0.3761132200  -0.6027273895
0.3457286054  -0.3723374836  -0.6060004021
0.3424546592  -0.3685881543  -0.6092537389
0.3392003612  -0.3648649840  -0.6124875935
0.3359655460  -0.3611677227  -0.6157021565
0.3327500498  -0.3574961189  -0.6188976148
0.3295537105  -0.3538499202  -0.6220741514
0.3263763674  -0.3502288742  -0.6252319447
0.3232178611  -0.3466327284  -0.6283711681
0.3200780341  -0.3430612314  -0.6314919890
0.3169567302  -0.3395141327  -0.6345945689
0.3138537947  -0.3359911832  -0.6376790618
0.3107690744  -0.3324921353  -0.6407456137
0.3077024173  -0.3290167417  -0.6437943603
0.3046536725  -0.3255647530  -0.6468254241
0.3016226890  -0.3221359057  -0.6498389036
0.2986093147  -0.3187299187  -0.6528348625
0.2956134015  -0.3153465739  -0.6558133648
0.2926348150  -0.3119858006  -0.6587745456
0.2896734336  -0.3086475635  -0.6617186068
0.2867291305  -0.3053316916  -0.6646457369
0.2838017666  -0.3020379155  -0.6675560804
0.2808911994  -0.2987659904  -0.6704497671
0.2779972913  -0.2955157146  -0.6733269289
0.2751199089  -0.2922869010  -0.6761876976
0.2722589207  -0.2890793670  -0.6790322040
0.2694141964  -0.2858929332  -0.6818605772
0.2665856072  -0.2827274236  -0.6846729449
0.2637730255  -0.2795826655  -0.6874694336
0.2609763250  -0.2764584891  -0.6902501685
0.2581953806  -0.2733547273  -0.6930152733
0.2554300685  -0.2702712157  -0.6957648706
0.2526802662  -0.2672077924  -0.6984990815
0.2499458523  -0.2641642978  -0.7012180261
0.2472267067  -0.2611405741  -0.7039218232
0.2445227103  -0.2581364655  -0.7066105902
0.2418337453  -0.2551518178  -0.7092844438
0.2391596952  -0.2521864782  -0.7119434989
0.2365004442  -0.2492402952  -0.7145878699
0.2338558780  -0.2463131182  -0.7172176697
0.2312258833  -0.2434047975  -0.7198330103
0.2286103479  -0.2405151840  -0.7224340026
0.2260091605  -0.2376441291  -0.7250207565
0.2234222111  -0.2347914844  -0.7275933808
0.2208493906  -0.2319571015  -0.7301519835
0.2182905910  -0.2291408314  -0.7326966716
0.2157457053  -0.2263425237  -0.7352275511
0.2132146275  -0.2235620250  -0.7377447275
0.2106972525  -0.2207991807  -0.7402483053
0.2081934764  -0.2180538420  -0.7427383882
0.2057031961  -0.2153258701  -0.7452150784
0.2032263093  -0.2126151315  -0.7476784768
0.2007627149  -0.2099214907  -0.7501286834
0.1983123127  -0.2072448107  -0.7525657973
0.1958750033  -0.2045849548  -0.7549899169
0.1934506884  -0.2019417879  -0.7574011397
0.1910392704  -0.1993151761  -0.7597995624
0.1886406529  -0.1967049866  -0.7621852806
0.1862547401  -0.1941110877  -0.7645583891
0.1838814371  -0.1915333490  -0.7669189820
0.1815206499  -0.1889716411  -0.7692671524
0.1791722855  -0.1864258336  -0.7716029925
0.1768362515  -0.1838957929  -0.7739265939
0.1745124565  -0.1813813916  -0.7762380471
0.1722008098  -0.1788825147  -0.7785374421
0.1699012217  -0.1763990469  -0.7808248677
0.1676136032  -0.1739308651  -0.7831004121
0.1653378659  -0.1714778455  -0.7853641628
0.1630739226  -0.1690398666  -0.7876162065
0.1608216865  -0.1666168073  -0.7898566290
0.1585810717  -0.1642085478  -0.7920855155
0.1563519932  -0.1618149689  -0.7943029504
0.1541343666  -0.1594359526  -0.7965090172
0.1519281082  -0.1570713815  -0.7987037989
0.1497331351  -0.1547211395  -0.8008873777
0.1475493653  -0.1523851114  -0.8030598350
0.1453767172  -0.1500631829  -0.8052212516
0.1432151101  -0.1477552409  -0.8073717074
0.1410644640  -0.1454611732  -0.8095112819
0.1389246996  -0.1431808688  -0.8116400536
0.1367957384  -0.1409142174  -0.8137581004
0.1346775022  -0.1386611102  -0.8158654997
0.1325699139  -0.1364214390  -0.8179623281
0.1304728968  -0.1341950970  -0.8200486614
0.1283863751  -0.1319819781  -0.8221245750
0.1263102735  -0.1297819775  -0.8241901435
0.1242445173  -0.1275949911  -0.8262454407
0.1221890326  -0.1254209160  -0.8282905402
0.1201437460  -0.1232596501  -0.8303255144
0.1181085848  -0.1211110925  -0.8323504357
0.1160834769  -0.1189751428  -0.8343653752
0.1140683508  -0.1168517018  -0.8363704040
0.1120631357  -0.1147406712  -0.8383655923
0.1100677616  -0.1126419773  -0.8403510165
0.1080821596  -0.1105555546  -0.8423267606
0.1061062601  -0.1084812498  -0.8442928881
0.1041399931  -0.1064188954  -0.8462494436
0.1021832901  -0.1043684261  -0.8481964861
0.1002360847  -0.1023297867  -0.8501340834
0.0982983105  -0.1003028875  -0.8520622993
0.0963699015  -0.0982876389  -0.8539811975
0.0944507922  -0.0962839515  -0.8558908418
0.0925409176  -0.0942917366  -0.8577912960
0.0906402132  -0.0923109059  -0.8596826239
0.0887486153  -0.0903413712  -0.8615648895
0.0868660604  -0.0883830450  -0.8634381568
0.0849924857  -0.0864358401  -0.8653024902
0.0831278290  -0.0844996696  -0.8671579539
0.0812720283  -0.0825744469  -0.8690046128
0.0794250225  -0.0806600860  -0.8708425315
0.0775867507  -0.0787565013  -0.8726717750
0.0757571525  -0.0768636074  -0.8744924084
0.0739361682  -0.0749813195  -0.8763044968
0.0721237384  -0.0731095533  -0.8781081055
0.0703198043  -0.0712482250  -0.8799032998
0.0685243073  -0.0693972511  -0.8816901448
0.0667371895  -0.0675565490  -0.8834687056
0.0649583935  -0.0657260363  -0.8852390469
0.0631878623  -0.0639056314  -0.8870012331
0.0614255391  -0.0620952533  -0.8887553284
0.0596713680  -0.0602948215  -0.8905013962
0.0579252931  -0.0585042564  -0.8922394992
0.0561872593  -0.0567234789  -0.8939696994
0.0544572118  -0.0549524105  -0.8956920577
0.0527350962  -0.0531909737  -0.8974066340
0.0510212777  -0.0514391029  -0.8991379668
0.0493159774  -0.0496967280  -0.9008982371
0.0476180556  -0.0479637423  -0.9026456810
0.0459271396  -0.0462400639  -0.9043911405
0.0442437400  -0.0445256354  -0.9061339183
0.0425677956  -0.0428203840  -0.9078732149
0.0408992480  -0.0411242377  -0.9096081282
0.0392380416  -0.0394371251  -0.9113376541
0.0375841236  -0.0377589759  -0.9130606860
0.0359374444  -0.0360897201  -0.9147760152
0.0342979577  -0.0344292889  -0.9164823306
0.0326656203  -0.0327776137  -0.9181782187
0.0310403929  -0.0311346268  -0.9198621639
0.0294222394  -0.0295002612  -0.9215325481
0.0278111277  -0.0278744503  -0.9231876512
0.0262070293  -0.0262571283  -0.9248256504
0.0246099194  -0.0246482297  -0.9264446211
0.0230197773  -0.0230476897  -0.9280425358
0.0214365859  -0.0214554439  -0.9296172654
0.0198603319  -0.0198714285  -0.9311665778
0.0182910058  -0.0182955800  -0.9326881392
0.0167286017  -0.0167278355  -0.9341795131
0.0151731171  -0.0151681325  -0.9356381610
0.0136245529  -0.0136164091  -0.9370614418
0.0120829130  -0.0120726037  -0.9384466124
0.0105482041  -0.0105366553  -0.9397908272
0.0090204354  -0.0090085034  -0.9410911383
0.0074996180  -0.0074880879  -0.9423444958
0.0059857650  -0.0059753496  -0.9435477471
0.0044788903  -0.0044702295  -0.9446976375
0.0029790086  -0.0029726697  -0.9457908100
0.0014861344  -0.0014826126  -0.9468238054
0.0014855413  -0.0014826096  -0.9468238054
