0.154212
1.1363438300  -1.5958514049   0.0000617720
1.1363438300  -1.5958514049   0.0000617720
1.1363530926  -1.5958704995   0.0000545110
1.1363540482  -1.5958634732   0.0000325749
1.1363414093  -1.5958194023  -0.0000044561
1.1363130841  -1.5957341721  -0.0000569970
1.1362681920  -1.5956060908  -0.0001254579
1.1362061959  -1.5954341507  -0.0002102439
1.1361266895  -1.5952176029  -0.0003117551
1.1360293258  -1.5949558134  -0.0004303868
1.1359137877  -1.5946482050  -0.0005665292
1.1357797744  -1.5942942293  -0.0007205675
1.1356269943  -1.5938933537  -0.0008928823
1.1354551614  -1.5934450536  -0.0010838488
1.1352639930  -1.5929488081  -0.0012938376
1.1350532083  -1.5924040981  -0.0015232142
1.1348225277  -1.5918104043  -0.0017723391
1.1345716723  -1.5911672068  -0.0020415680
1.1343003637  -1.5904739848  -0.0023312515
1.1340083233  -1.5897302163  -0.0026417354
1.1336952731  -1.5889353783  -0.0029733605
1.1333609347  -1.5880889468  -0.0033264626
1.1330050302  -1.5871903975  -0.0037013726
1.1326272813  -1.5862392060  -0.0040984164
1.1322274102  -1.5852348481  -0.0045179151
1.1318051392  -1.5841768005  -0.0049601846
1.1313601908  -1.5830645413  -0.0054255361
1.1308922880  -1.5818975501  -0.0059142757
1.1304011541  -1.5806753094  -0.0064267046
1.1298865130  -1.5793973042  -0.0069631191
1.1293480895  -1.5780630235  -0.0075238105
1.1287856089  -1.5766719607  -0.0081090652
1.1281987960  -1.5752232068  -0.0087201129
1.1275873819  -1.5737166302  -0.0093563654
1.1269510971  -1.5721522717  -0.0100177720
1.1262896671  -1.5705293502  -0.0107046061
1.1256028221  -1.5688472486  -0.0114171283
1.1248902950  -1.5671054667  -0.0121555988
1.1241518208  -1.5653035292  -0.0129202764
1.1233871360  -1.5634409757  -0.0137114188
1.1225959789  -1.5615173591  -0.0145292828
1.1217780904  -1.5595322457  -0.0153741233
1.1209332137  -1.5574852151  -0.0162461931
1.1200610943  -1.5553758611  -0.0171457428
1.1191614800  -1.5532037920  -0.0180730204
1.1182341217  -1.5509686320  -0.0190282712
1.1172787735  -1.5486700218  -0.0200117376
1.1162951920  -1.5463076182  -0.0210236590
1.1152831365  -1.5438810950  -0.0220642714
1.1142423704  -1.5413901448  -0.0231338078
1.1131726604  -1.5388344787  -0.0242324975
1.1120737762  -1.5362138268  -0.0253605662
1.1109454910  -1.5335279398  -0.0265182358
1.1097875827  -1.5307765901  -0.0277057245
1.1085998322  -1.5279595702  -0.0289232464
1.1073820244  -1.5250766937  -0.0301710116
1.1061339493  -1.5221277972  -0.0314492258
1.1048554003  -1.5191127392  -0.0327580906
1.1035461749  -1.5160314016  -0.0340978031
1.1022060759  -1.5128836915  -0.0354685557
1.1008349096  -1.5096695385  -0.0368705365
1.0994324873  -1.5063888966  -0.0383039286
1.0979986259  -1.5030417453  -0.0397689109
1.0965331456  -1.4996279886  -0.0412656587
1.0950358721  -1.4961476207  -0.0427943389
1.0935066358  -1.4926008992  -0.0443551082
1.0919452728  -1.4889879966  -0.0459481196
1.0903516249  -1.4853089427  -0.0475735246
1.0887255375  -1.4815638327  -0.0492314696
1.0870668618  -1.4777528185  -0.0509220955
1.0853754542  -1.4738760809  -0.0526455389
1.0836511763  -1.4699338256  -0.0544019324
1.0818938958  -1.4659262857  -0.0561914043
1.0801034848  -1.4618537180  -0.0580140777
1.0782798213  -1.4577164045  -0.0598700706
1.0764227879  -1.4535146518  -0.0617594987
1.0745322731  -1.4492487937  -0.0636824748
1.0726081705  -1.4449191889  -0.0656391066
1.0706503790  -1.4405262181  -0.0676294959
1.0686588026  -1.4360702859  -0.0696537405
1.0666333513  -1.4315518232  -0.0717119339
1.0645739400  -1.4269712845  -0.0738041658
1.0624804889  -1.4223291471  -0.0759305223
1.0603529230  -1.4176259121  -0.0780910844
1.0581911723  -1.4128621017  -0.0802859264
1.0559951720  -1.4080382611  -0.0825151210
1.0537648624  -1.4031549557  -0.0847787386
1.0515001873  -1.3982127700  -0.0870768399
1.0492010963  -1.3932123123  -0.0894094819
1.0468675447  -1.3881542134  -0.0917767213
1.0444994916  -1.3830391199  -0.0941786056
1.0420968983  -1.3778676948  -0.0966151751
1.0396597321  -1.3726406233  -0.0990864690
1.0371879622  -1.3673586072  -0.1015925236
1.0346816010  -1.3620223959  -0.1041333696
1.0321406683  -1.3566327539  -0.1067090307
1.0295649517  -1.3511902315  -0.1093195273
1.0269542510  -1.3456954106  -0.1119648752
1.0243086268  -1.3401491522  -0.1146450829
1.0216281185  -1.3345523080  -0.1173601533
1.0189126772  -1.3289056496  -0.1201100865
1.0161622821  -1.3232100005  -0.1228948783
1.0133769450  -1.3174662366  -0.1257145158
1.0105566798  -1.3116751774  -0.1285689811
1.0077015089  -1.3058375324  -0.1314582548
1.0048114105  -1.2999539614  -0.1343823117
1.0018863858  -1.2940252981  -0.1373411188
0.9989265700  -1.2880526477  -0.1403346363
0.9959320468  -1.2820370940  -0.1433628175
0.9929028068  -1.2759796042  -0.1464256131
0.9898388902  -1.2698811784  -0.1495229687
0.9867403634  -1.2637428314  -0.1526548217
0.9836072874  -1.2575655554  -0.1558211061
0.9804397592  -1.2513503631  -0.1590217500
0.9772379172  -1.2450982962  -0.1622566701
0.9740017673  -1.2388102468  -0.1655257779
0.9707313366  -1.2324871080  -0.1688289829
0.9674269138  -1.2261300227  -0.1721661907
0.9640885790  -1.2197399142  -0.1755372982
0.9607162442  -1.2133175173  -0.1789421944
0.9573101923  -1.2068639256  -0.1823807639
0.9538706044  -1.2003801246  -0.1858528847
0.9503973917  -1.1938668133  -0.1893584273
0.9468906848  -1.1873249005  -0.1928972570
0.9433507251  -1.1807554028  -0.1964692295
0.9397777124  -1.1741592873  -0.2000741941
0.9361717420  -1.1675374081  -0.2037119969
0.9325329199  -1.1608906225  -0.2073824775
0.9288614933  -1.1542199246  -0.2110854740
0.9251575908  -1.1475261885  -0.2148208202
0.9214212980  -1.1408102416  -0.2185883409
0.9176527954  -1.1340730034  -0.2223878543
0.9138523541  -1.1273154789  -0.2262191712
0.9100201590  -1.1205385653  -0.2300820835
0.9061562453  -1.1137430287  -0.2339763743
0.9022609005  -1.1069300218  -0.2379018822
0.8983344430  -1.1001007977  -0.2418585149
0.8943770151  -1.0932562736  -0.2458461472
0.8903888042  -1.0863972596  -0.2498645584
0.8863699420  -1.0795245338  -0.2539134808
0.8823206081  -1.0726389930  -0.2579926472
0.8782411875  -1.0657417727  -0.2621017906
0.8741318491  -1.0588337942  -0.2662406393
0.8699927740  -1.0519159885  -0.2704089202
0.8658243720  -1.0449895219  -0.2746063557
0.8616267653  -1.0380552678  -0.2788326602
0.8574000443  -1.0311140615  -0.2830875454
0.8531445376  -1.0241669776  -0.2873707256
0.8488606391  -1.0172151505  -0.2916819121
0.8445486741  -1.0102596376  -0.2960208075
0.8402088261  -1.0033013429  -0.3003871121
0.8358413433  -0.9963412226  -0.3047805272
0.8314466172  -0.9893803642  -0.3092007459
0.8270248595  -0.9824196606  -0.3136474585
0.8225763901  -0.9754600943  -0.3181203537
0.8181015372  -0.9685026418  -0.3226191099
0.8136004224  -0.9615480503  -0.3271433932
0.8090735252  -0.9545974047  -0.3316928562
0.8045212401  -0.9476516850  -0.3362671317
0.7999437506  -0.9407116319  -0.3408658207
0.7953413990  -0.9337781208  -0.3454884726
0.7907145287  -0.9268520097  -0.3501345529
0.7860634257  -0.9199340778  -0.3548033688
0.7813883526  -0.9130250837  -0.3594938832
0.7766894817  -0.9061257402  -0.3642042486
0.7719663691  -0.8992365497  -0.3689298226
0.7672194234  -0.8923580751  -0.3736707825
0.7624521471  -0.8854913794  -0.3784387168
0.7576675945  -0.8786378297  -0.3832421735
0.7528647310  -0.8717985923  -0.3880800619
0.7480413284  -0.8649742541  -0.3929499830
0.7431968167  -0.8581651891  -0.3978505144
0.7383314556  -0.8513717446  -0.4027802414
0.7334454604  -0.8445941026  -0.4077376627
0.7285392030  -0.8378325298  -0.4127211991
0.7236130978  -0.8310872686  -0.4177291951
0.7186674213  -0.8243583592  -0.4227599284
0.7137024230  -0.8176457547  -0.4278116223
0.7087184863  -0.8109494907  -0.4328824468
0.7037160855  -0.8042696482  -0.4379705212
0.6986957211  -0.7976062896  -0.4430739211
0.6936575498  -0.7909590933  -0.4481906890
0.6886019125  -0.7843278893  -0.4533188403
0.6835293512  -0.7777126829  -0.4584563652
0.6784400930  -0.7711131431  -0.4636012364
0.6733344308  -0.7645289877  -0.4687514157
0.6682125896  -0.7579598585  -0.4739048577
0.6630746693  -0.7514052717  -0.4790595189
0.6579206326  -0.7448646075  -0.4842133601
0.6527501198  -0.7383369360  -0.4893643472
0.6475623794  -0.7318209649  -0.4945104635
0.6423559848  -0.7253147606  -0.4996497143
0.6371282726  -0.7188152080  -0.5047801293
0.6318743898  -0.7123170991  -0.5098997702
0.6265850340  -0.7058109246  -0.5150067385
0.6212401208  -0.6992766656  -0.5200991854
0.6157928977  -0.6926682011  -0.5251753417
0.6100808273  -0.6858260704  -0.5302335067
0.6044410491  -0.6790902696  -0.5352719123
0.5992813773  -0.6728623564  -0.5402886641
0.5943669470  -0.6668986824  -0.5452819256
0.5894984635  -0.6609971237  -0.5502500627
0.5846588505  -0.6551395424  -0.5551915869
0.5798476179  -0.6493245021  -0.5601050858
0.5750645463  -0.6435509451  -0.5649892275
0.5703094283  -0.6378178929  -0.5698427709
0.5655820725  -0.6321244453  -0.5746645676
0.5608823031  -0.6264697793  -0.5794535691
0.5562099604  -0.6208531465  -0.5842088340
0.5515648986  -0.6152738711  -0.5889295297
0.5469469830  -0.6097313469  -0.5936149327
0.5423560893  -0.6042250339  -0.5982644320
0.5377921034  -0.5987544553  -0.6028775390
0.5332549218  -0.5933191937  -0.6074538932
0.5287444477  -0.5879188871  -0.6119932582
0.5242605891  -0.5825532253  -0.6164955296
0.5198032602  -0.5772219452  -0.6209607428
0.5153723796  -0.5719248268  -0.6253890760
0.5109678687  -0.5666616891  -0.6297808576
0.5065896518  -0.5614323855  -0.6341365752
0.5022376555  -0.5562367997  -0.6384568873
0.4979118099  -0.5510748417  -0.6427426407
0.4936120496  -0.5459464443  -0.6469948945
0.4893383172  -0.5408515592  -0.6512149599
0.4850905719  -0.5357901553  -0.6554044700
0.4808688060  -0.5307622184  -0.6595655086
0.4766730881  -0.5257677552  -0.6637009028
0.4725036751  -0.5208068143  -0.6678149269
0.4683614635  -0.5158794964  -0.6719159910
0.4642466017  -0.5109858524  -0.6760088659
0.4601559994  -0.5061257003  -0.6800854505
0.4560862396  -0.5012986434  -0.6841374993
0.4520375120  -0.4965043066  -0.6881648363
0.4480114037  -0.4917424463  -0.6921686290
0.4440083886  -0.4870128694  -0.6961491578
0.4400283324  -0.4823153726  -0.7001066161
0.4360710547  -0.4776497413  -0.7040411982
0.4321363761  -0.4730157537  -0.7079531003
0.4282241190  -0.4684131802  -0.7118425203
0.4243341074  -0.4638417845  -0.7157096571
0.4204661667  -0.4593013237  -0.7195547103
0.4166201240  -0.4547915489  -0.7233778798
0.4127958077  -0.4503122058  -0.7271793653
0.4089930478  -0.4458630353  -0.7309593658
0.4052116756  -0.4414437737  -0.7347180791
0.4014515240  -0.4370541541  -0.7384557010
0.3977124273  -0.4326939063  -0.7421724255
0.3939942210  -0.4283627579  -0.7458684434
0.3902967422  -0.4240604350  -0.7495439425
0.3866198296  -0.4197866626  -0.7531991066
0.3829633230  -0.4155411654  -0.7568341152
0.3793270640  -0.4113236683  -0.7604491430
0.3757108953  -0.4071338973  -0.7640443590
0.3721146612  -0.4029715796  -0.7676199265
0.3685382075  -0.3988364444  -0.7711760016
0.3649813813  -0.3947282226  -0.7747127327
0.3614440308  -0.3906466470  -0.7782302588
0.3579260053  -0.3865914505  -0.7817287074
0.3544271547  -0.3825623618  -0.7852081883
0.3509473274  -0.3785590881  -0.7886687780
0.3474863710  -0.3745813422  -0.7921105232
0.3440441443  -0.3706289639  -0.7955335136
0.3406205268  -0.3667019207  -0.7989379346
0.3372154023  -0.3628001013  -0.8023239954
0.3338286382  -0.3589232422  -0.8056918569
0.3304600906  -0.3550710616  -0.8090416492
0.3271096193  -0.3512433300  -0.8123735025
0.3237770899  -0.3474398445  -0.8156875482
0.3204623710  -0.3436604090  -0.8189839171
0.3171653326  -0.3399048321  -0.8222627382
0.3138858457  -0.3361729262  -0.8255241394
0.3106237828  -0.3324645078  -0.8287682474
0.3073790175  -0.3287793967  -0.8319951874
0.3041514246  -0.3251174167  -0.8352050833
0.3009408802  -0.3214783944  -0.8383980580
0.2977472614  -0.3178621596  -0.8415742329
0.2945704466  -0.3142685447  -0.8447337284
0.2914103152  -0.3106973846  -0.8478766636
0.2882667479  -0.3071485163  -0.8510031566
0.2851396263  -0.3036217790  -0.8541133242
0.2820288333  -0.3001170132  -0.8572072822
0.2789342527  -0.2966340611  -0.8602851454
0.2758557693  -0.2931727658  -0.8633470275
0.2727932692  -0.2897329715  -0.8663930411
0.2697466393  -0.2863145228  -0.8694232979
0.2667157675  -0.2829172647  -0.8724379086
0.2637005429  -0.2795410424  -0.8754369831
0.2607008553  -0.2761857007  -0.8784206302
0.2577165958  -0.2728510839  -0.8813889580
0.2547476560  -0.2695370346  -0.8843420737
0.2517939290  -0.2662433922  -0.8872800839
0.2488553083  -0.2629699917  -0.8902030945
0.2459316887  -0.2597166700  -0.8931112108
0.2430229656  -0.2564832765  -0.8960045368
0.2401290354  -0.2532696716  -0.8988831750
0.2372497952  -0.2500757158  -0.9017472269
0.2343851433  -0.2469012657  -0.9045967932
0.2315349786  -0.2437461770  -0.9074319739
0.2286992011  -0.2406103069  -0.9102528683
0.2258777114  -0.2374935139  -0.9130595750
0.2230704110  -0.2343956574  -0.9158521916
0.2202772023  -0.2313165982  -0.9186308149
0.2174979884  -0.2282561980  -0.9213955411
0.2147326733  -0.2252143196  -0.9241464652
0.2119811616  -0.2221908231  -0.9268836820
0.2092433589  -0.2191855623  -0.9296072850
0.2065191713  -0.2161984005  -0.9323173674
0.2038085060  -0.2132292225  -0.9350140213
0.2011112708  -0.2102779120  -0.9376973380
0.1984273741  -0.2073443378  -0.9403674083
0.1957567252  -0.2044283664  -0.9430243223
0.1930992341  -0.2015298672  -0.9456681693
0.1904548114  -0.1986487103  -0.9482990378
0.1878233686  -0.1957847664  -0.9509170158
0.1852048177  -0.1929379071  -0.9535221905
0.1825990715  -0.1901080045  -0.9561146485
0.1800060436  -0.1872949320  -0.9586944755
0.1774256479  -0.1844985636  -0.9612617569
0.1748577994  -0.1817187742  -0.9638165772
0.1723024136  -0.1789554398  -0.9663590201
0.1697594065  -0.1762084376  -0.9688891690
0.1672286950  -0.1734776453  -0.9714071064
0.1647101965  -0.1707629422  -0.9739129142
0.1622038291  -0.1680642083  -0.9764066738
0.1597095114  -0.1653813249  -0.9788884657
0.1572271629  -0.1627141741  -0.9813583701
0.1547567034  -0.1600626393  -0.9838164664
0.1522980535  -0.1574266048  -0.9862628333
0.1498511344  -0.1548059560  -0.9886975492
0.1474158678  -0.1522005794  -0.9911206915
0.1449921762  -0.1496103624  -0.9935323373
0.1425799824  -0.1470351932  -0.9959325631
0.1401792100  -0.1444749612  -0.9983214446
0.1377897832  -0.1419295567  -1.0006990572
0.1354116265  -0.1393988707  -1.0030654756
0.1330446653  -0.1368827953  -1.0054207738
0.1306888259  -0.1343812660  -1.0077650353
0.1283440359  -0.1318942328  -1.0100983543
0.1260102213  -0.1294214869  -1.0124207962
0.1236873070  -0.1269627927  -1.0147323997
0.1213752200  -0.1245180979  -1.0170332246
0.1190738904  -0.1220873682  -1.0193233431
0.1167832479  -0.1196705061  -1.0216028223
0.1145032225  -0.1172674135  -1.0238717294
0.1122337444  -0.1148779927  -1.0261301319
0.1099747444  -0.1125021461  -1.0283780974
0.1077261540  -0.1101397759  -1.0306156942
0.1054879049  -0.1077907847  -1.0328429907
0.1032599295  -0.1054550749  -1.0350600560
0.1010421607  -0.1031325489  -1.0372669596
0.0988345317  -0.1008231093  -1.0394637713
0.0966369763  -0.0985266587  -1.0416505618
0.0944494288  -0.0962430997  -1.0438274020
0.0922718239  -0.0939723350  -1.0459943633
0.0901040966  -0.0917142674  -1.0481515178
0.0879461826  -0.0894688001  -1.0502989376
0.0857980179  -0.0872358363  -1.0524366953
0.0836595389  -0.0850152796  -1.0545648637
0.0815306826  -0.0828070339  -1.0566835159
0.0794113862  -0.0806110034  -1.0587927247
0.0773015874  -0.0784270928  -1.0608925631
0.0752012244  -0.0762552074  -1.0629831036
0.0731102359  -0.0740952528  -1.0650644185
0.0710285607  -0.0719471353  -1.0671365793
0.0689561383  -0.0698107618  -1.0691996570
0.0668929086  -0.0676860399  -1.0712537214
0.0648388117  -0.0655728779  -1.0732988412
0.0627937884  -0.0634711848  -1.0753350837
0.0607583764  -0.0613808927  -1.0773917179
0.0587329079  -0.0593019234  -1.0794832721
0.0567157779  -0.0572341290  -1.0815599142
0.0547064732  -0.0551774076  -1.0836345732
0.0527057377  -0.0531317043  -1.0857064114
0.0507135014  -0.0510969338  -1.0877744686
0.0487296978  -0.0490730118  -1.0898376628
0.0467542641  -0.0470598549  -1.0918947896
0.0447871417  -0.0450573805  -1.0939445226
0.0428282761  -0.0430655069  -1.0959854133
0.0408776173  -0.0410841535  -1.0980158911
0.0389351198  -0.0391132401  -1.1000342632
0.0370007430  -0.0371526874  -1.1020387145
0.0350744512  -0.0352024168  -1.1040273082
0.0331562139  -0.0332623501  -1.1059979850
0.0312460056  -0.0313324101  -1.1079485636
0.0293438061  -0.0294125198  -1.1098767406
0.0274496005  -0.0275026027  -1.1117800904
0.0255633791  -0.0256025830  -1.1136560653
0.0236851376  -0.0237123850  -1.1155019955
0.0218148767  -0.0218319336  -1.1173150891
0.0199526021  -0.0199611542  -1.1190924320
0.0180983243  -0.0180999723  -1.1208309880
0.0162520584  -0.0162483140  -1.1225275987
0.0144138236  -0.0144061059  -1.1241789838
0.0125836432  -0.0125732748  -1.1257817405
0.0107615436  -0.0107497483  -1.1273323443
0.0089475542  -0.0089354543  -1.1288271482
0.0071417065  -0.0071303215  -1.1302623832
0.0053440337  -0.0053342793  -1.1316341584
0.0035545697  -0.0035472579  -1.1329384604
0.0017733478  -0.0017691882  -1.1341711539
0.0017725036  -0.0017691839  -1.1341711539
