0.140945
1.2511881384  -1.8120455517   0.0000802422
1.2511881384  -1.8120455517   0.0000802422
1.2511997164  -1.8120688980   0.0000698555
1.2512001146  -1.8120540861   0.0000398377
1.2511824770  -1.8119869165  -0.0000104028
1.2511438272  -1.8118612561  -0.0000814475
1.2510829316  -1.8116746770  -0.0001738681
1.2509990458  -1.8114257864  -0.0002882260
1.2508916130  -1.8111135841  -0.0004250727
1.2507601622  -1.8107372454  -0.0005849498
1.2506042667  -1.8102960330  -0.0007683887
1.2504235246  -1.8097892560  -0.0009759109
1.2502175490  -1.8092162490  -0.0012080278
1.2499859630  -1.8085763615  -0.0014652409
1.2497283959  -1.8078689510  -0.0017480416
1.2494444824  -1.8070933802  -0.0020569112
1.2491338607  -1.8062490151  -0.0023923212
1.2487961723  -1.8053352237  -0.0027547329
1.2484310614  -1.8043513759  -0.0031445977
1.2480381750  -1.8032968439  -0.0035623569
1.2476171625  -1.8021710021  -0.0040084417
1.2471676761  -1.8009732280  -0.0044832736
1.2466893704  -1.7997029029  -0.0049872637
1.2461819032  -1.7983594129  -0.0055208134
1.2456449348  -1.7969421495  -0.0060843138
1.2450781291  -1.7954505111  -0.0066781463
1.2444811531  -1.7938839032  -0.0073026820
1.2438536771  -1.7922417405  -0.0079582821
1.2431953755  -1.7905234476  -0.0086452977
1.2425059266  -1.7887284605  -0.0093640702
1.2417850128  -1.7868562272  -0.0101149305
1.2410323209  -1.7849062090  -0.0108981998
1.2402475432  -1.7828772200  -0.0117154409
1.2394303791  -1.7807693507  -0.0125658191
1.2385805289  -1.7785829657  -0.0134492074
1.2376976945  -1.7763171025  -0.0143658905
1.2367815880  -1.7739710850  -0.0153161360
1.2358319282  -1.7715444264  -0.0163002113
1.2348484402  -1.7690366863  -0.0173183776
1.2338308553  -1.7664474580  -0.0183708911
1.2327789116  -1.7637763637  -0.0194580027
1.2316923537  -1.7610230533  -0.0205799569
1.2305709339  -1.7581872054  -0.0217369915
1.2294144116  -1.7552685282  -0.0229293370
1.2282225534  -1.7522667611  -0.0241572168
1.2269951340  -1.7491816760  -0.0254208464
1.2257319356  -1.7460130755  -0.0267204334
1.2244327488  -1.7427607945  -0.0280561771
1.2230973728  -1.7394247023  -0.0294282688
1.2217256146  -1.7360047058  -0.0308368910
1.2203172904  -1.7325007490  -0.0322822178
1.2188722249  -1.7289128104  -0.0337644143
1.2173902520  -1.7252409051  -0.0352836371
1.2158712141  -1.7214850848  -0.0368400333
1.2143149625  -1.7176454387  -0.0384337411
1.2127213582  -1.7137220947  -0.0400648897
1.2110902717  -1.7097152221  -0.0417335987
1.2094215829  -1.7056250267  -0.0434399784
1.2077151812  -1.7014517511  -0.0451841298
1.2059709650  -1.6971956775  -0.0469661445
1.2041888418  -1.6928571264  -0.0487861043
1.2023687293  -1.6884364585  -0.0506440821
1.2005105555  -1.6839340742  -0.0525401408
1.1986142571  -1.6793502594  -0.0544743340
1.1966797798  -1.6746854351  -0.0564467059
1.1947070790  -1.6699404215  -0.0584572912
1.1926961221  -1.6651159076  -0.0605061153
1.1906468839  -1.6602123641  -0.0625931946
1.1885593493  -1.6552303654  -0.0647185363
1.1864335118  -1.6501705632  -0.0668821385
1.1842693728  -1.6450336462  -0.0690839902
1.1820669441  -1.6398203388  -0.0713240717
1.1798262468  -1.6345313995  -0.0736023546
1.1775473102  -1.6291676204  -0.0759188018
1.1752301715  -1.6237298235  -0.0782733679
1.1728748769  -1.6182188569  -0.0806660004
1.1704814822  -1.6126356050  -0.0830966377
1.1680500497  -1.6069809828  -0.0855652015
1.1655806472  -1.6012559275  -0.0880716030
1.1630733532  -1.5954614066  -0.0906157508
1.1605282545  -1.5895984124  -0.0931975480
1.1579454438  -1.5836679568  -0.0958168909
1.1553250213  -1.5776710839  -0.0984736715
1.1526670950  -1.5716088620  -0.1011677766
1.1499717785  -1.5654823752  -0.1038990871
1.1472391920  -1.5592927338  -0.1066674824
1.1444694624  -1.5530410682  -0.1094728401
1.1416627215  -1.5467285240  -0.1123150322
1.1388191065  -1.5403562717  -0.1151939260
1.1359387611  -1.5339254959  -0.1181093861
1.1330218325  -1.5274373917  -0.1210612754
1.1300684718  -1.5208931740  -0.1240494542
1.1270788366  -1.5142940739  -0.1270737777
1.1240530892  -1.5076413325  -0.1301341012
1.1209913930  -1.5009361917  -0.1332302785
1.1178939137  -1.4941798979  -0.1363621575
1.1147608224  -1.4873737139  -0.1395295868
1.1115922938  -1.4805189271  -0.1427324119
1.1083885029  -1.4736168358  -0.1459704721
1.1051496276  -1.4666687381  -0.1492436082
1.1018758502  -1.4596759382  -0.1525516623
1.0985673523  -1.4526397528  -0.1558944716
1.0952243134  -1.4455615093  -0.1592718719
1.0918469193  -1.4384424866  -0.1626836980
1.0884353560  -1.4312838270  -0.1661297809
1.0849898042  -1.4240866201  -0.1696099503
1.0815104428  -1.4168520977  -0.1731240367
1.0779975482  -1.4095817383  -0.1766718666
1.0744511751  -1.4022768309  -0.1802532618
1.0708710981  -1.3949383520  -0.1838680458
1.0672574556  -1.3875676182  -0.1875160403
1.0636105086  -1.3801660549  -0.1911970628
1.0599303666  -1.3727349087  -0.1949109274
1.0562172053  -1.3652754668  -0.1986574471
1.0524712258  -1.3577890129  -0.2024364357
1.0486925707  -1.3502767443  -0.2062477028
1.0448813947  -1.3427398472  -0.2100910565
1.0410380298  -1.3351796594  -0.2139663023
1.0371627120  -1.3275973964  -0.2178732381
1.0332555686  -1.3199941377  -0.2218116592
1.0293168121  -1.3123710235  -0.2257813633
1.0253466555  -1.3047291699  -0.2297821453
1.0213453947  -1.2970697575  -0.2338137937
1.0173132226  -1.2893938452  -0.2378760937
1.0132502755  -1.2817024115  -0.2419688278
1.0091569880  -1.2739967183  -0.2460917735
1.0050334926  -1.2662777119  -0.2502447042
1.0008799586  -1.2585463534  -0.2544273870
0.9966968112  -1.2508038501  -0.2586395856
0.9924840973  -1.2430510181  -0.2628810624
0.9882420033  -1.2352887999  -0.2671515718
0.9839709527  -1.2275183717  -0.2714508612
0.9796712183  -1.2197407510  -0.2757786713
0.9753429749  -1.2119568512  -0.2801347255
0.9709865429  -1.2041677168  -0.2845187382
0.9666021795  -1.1963742718  -0.2889304696
0.9621900660  -1.1885773238  -0.2933697472
0.9577505376  -1.1807779266  -0.2978363805
0.9532839571  -1.1729772751  -0.3023300906
0.9487904443  -1.1651762866  -0.3068505476
0.9442702585  -1.1573759268  -0.3113974244
0.9397238170  -1.1495772854  -0.3159704005
0.9351513369  -1.1417812445  -0.3205691514
0.9305530756  -1.1339887180  -0.3251933495
0.9259292341  -1.1262005554  -0.3298426692
0.9212802060  -1.1184177938  -0.3345167851
0.9166063642  -1.1106414425  -0.3392153691
0.9119079109  -1.1028723250  -0.3439380924
0.9071852889  -1.0951114977  -0.3486846261
0.9024387235  -1.0873597829  -0.3534546422
0.8976683253  -1.0796178720  -0.3582478122
0.8928745228  -1.0718867666  -0.3630638032
0.8880577768  -1.0641674839  -0.3679022846
0.8832184042  -1.0564608768  -0.3727629235
0.8783566254  -1.0487676819  -0.3776453815
0.8734728416  -1.0410887947  -0.3825493192
0.8685673659  -1.0334250007  -0.3874743877
0.8636405128  -1.0257770655  -0.3924202264
0.8586926265  -1.0181457612  -0.3973864627
0.8537238956  -1.0105316769  -0.4023726959
0.8487348092  -1.0029356790  -0.4073784858
0.8437257383  -0.9953584941  -0.4124033280
0.8386968738  -0.9878006455  -0.4174465855
0.8336485298  -0.9802627773  -0.4225073473
0.8285808735  -0.9727454132  -0.4275840693
0.8234935741  -0.9652489839  -0.4326726199
0.8183869270  -0.9577740173  -0.4377719382
0.8132639457  -0.9503212187  -0.4428915243
0.8081278149  -0.9428915503  -0.4480404389
0.8029780915  -0.9354861550  -0.4532186095
0.7978126701  -0.9281057800  -0.4584235857
0.7926307426  -0.9207506676  -0.4636539895
0.7874323675  -0.9134208375  -0.4689085065
0.7822178459  -0.9061164013  -0.4741857448
0.7769874826  -0.8988374077  -0.4794842423
0.7717415213  -0.8915837769  -0.4848024728
0.7664804172  -0.8843555790  -0.4901388498
0.7612045197  -0.8771527218  -0.4954917302
0.7559140403  -0.8699749211  -0.5008594248
0.7506093286  -0.8628219860  -0.5062402012
0.7452908043  -0.8556937560  -0.5116322901
0.7399590139  -0.8485901582  -0.5170338968
0.7346141343  -0.8415107169  -0.5224432020
0.7292564161  -0.8344550072  -0.5278583613
0.7238863831  -0.8274228599  -0.5332775143
0.7185042189  -0.8204137489  -0.5386987934
0.7131101592  -0.8134271929  -0.5441203262
0.7077043482  -0.8064626208  -0.5495402391
0.7022867625  -0.7995192961  -0.5549566646
0.6968571800  -0.7925962974  -0.5603677447
0.6914149934  -0.7856923436  -0.5657716385
0.6859590301  -0.7788056240  -0.5711665241
0.6804871356  -0.7719334004  -0.5765506001
0.6749953423  -0.7650712045  -0.5819220974
0.6694760530  -0.7582110714  -0.5872792849
0.6639132719  -0.7513368689  -0.5926204762
0.6582700931  -0.7444120072  -0.5979440585
0.6523949544  -0.7372871359  -0.6032484883
0.6465209457  -0.7301989630  -0.6085321730
0.6410661515  -0.7235609237  -0.6137933924
0.6358910461  -0.7172243271  -0.6190304494
0.6307695392  -0.7109595395  -0.6242418296
0.6256772596  -0.7047409089  -0.6294261697
0.6206136884  -0.6985668388  -0.6345821848
0.6155786075  -0.6924361918  -0.6397086626
0.6105718079  -0.6863479155  -0.6448044721
0.6055930962  -0.6803010387  -0.6498685720
0.6006422949  -0.6742946693  -0.6549000108
0.5957192400  -0.6683279928  -0.6598979301
0.5908237814  -0.6624002699  -0.6648615732
0.5859557829  -0.6565108336  -0.6697902879
0.5811151184  -0.6506590865  -0.6746835264
0.5763016703  -0.6448444978  -0.6795408462
0.5715153300  -0.6390665992  -0.6843619189
0.5667559984  -0.6333249813  -0.6891465380
0.5620235825  -0.6276192899  -0.6938946146
0.5573179934  -0.6219492215  -0.6986061836
0.5526391474  -0.6163145196  -0.7032814126
0.5479869647  -0.6107149700  -0.7079206044
0.5433613680  -0.6051503967  -0.7125242060
0.5387622831  -0.5996206573  -0.7170928181
0.5341896388  -0.5941256393  -0.7216272098
0.5296433685  -0.5886652560  -0.7261283396
0.5251234130  -0.5832394429  -0.7305973882
0.5206297276  -0.5778481551  -0.7350358153
0.5161622965  -0.5724913662  -0.7394454659
0.5117211687  -0.5671690711  -0.7438288014
0.5073065510  -0.5618813047  -0.7481894520
0.5029192734  -0.5566281480  -0.7525347870
0.4985597473  -0.5514096652  -0.7568703361
0.4942253658  -0.5462257667  -0.7611901273
0.4899125266  -0.5410761324  -0.7654857452
0.4856208956  -0.5359603519  -0.7697561540
0.4813520564  -0.5308781141  -0.7740026165
0.4771066553  -0.5258292010  -0.7782254485
0.4728845876  -0.5208134054  -0.7824248390
0.4686856768  -0.5158305094  -0.7866009773
0.4645097475  -0.5108802881  -0.7907540548
0.4603566260  -0.5059625089  -0.7948842643
0.4562261402  -0.5010769329  -0.7989917998
0.4521181198  -0.4962233147  -0.8030768560
0.4480323956  -0.4914014028  -0.8071396277
0.4439688001  -0.4866109404  -0.8111803097
0.4399271673  -0.4818516659  -0.8151990959
0.4359073324  -0.4771233134  -0.8191961794
0.4319091323  -0.4724256134  -0.8231717515
0.4279324050  -0.4677582934  -0.8271260012
0.4239769901  -0.4631210786  -0.8310591151
0.4200427285  -0.4585136927  -0.8349712767
0.4161294627  -0.4539358582  -0.8388626655
0.4122370362  -0.4493872976  -0.8427334573
0.4083652944  -0.4448677335  -0.8465838228
0.4045140837  -0.4403768896  -0.8504139278
0.4006832520  -0.4359144913  -0.8542239320
0.3968726487  -0.4314802656  -0.8580139888
0.3930821244  -0.4270739420  -0.8617842438
0.3893115309  -0.4226952519  -0.8655348342
0.3855607211  -0.4183439282  -0.8692658860
0.3818295484  -0.4140197010  -0.8729775095
0.3781178647  -0.4097222823  -0.8766697839
0.3744255203  -0.4054513806  -0.8803427552
0.3707523750  -0.4012068085  -0.8839964998
0.3670983106  -0.3969885136  -0.8876311866
0.3634632166  -0.3927964000  -0.8912470226
0.3598469673  -0.3886302235  -0.8948441722
0.3562494225  -0.3844897017  -0.8984227641
0.3526704440  -0.3803745999  -0.9019829241
0.3491099001  -0.3762847148  -0.9055247807
0.3455676626  -0.3722198514  -0.9090484611
0.3420436046  -0.3681798199  -0.9125540914
0.3385376004  -0.3641644345  -0.9160417965
0.3350495255  -0.3601735137  -0.9195116997
0.3315792566  -0.3562068802  -0.9229639234
0.3281266717  -0.3522643604  -0.9263985886
0.3246916496  -0.3483457840  -0.9298158151
0.3212740705  -0.3444509842  -0.9332157215
0.3178738157  -0.3405797968  -0.9365984254
0.3144907674  -0.3367320605  -0.9399640431
0.3111248091  -0.3329076161  -0.9433126898
0.3077758252  -0.3291063069  -0.9466444798
0.3044437012  -0.3253279774  -0.9499595262
0.3011283235  -0.3215724740  -0.9532579410
0.2978295797  -0.3178396439  -0.9565398355
0.2945473583  -0.3141293353  -0.9598053198
0.2912815486  -0.3104413971  -0.9630545031
0.2880320411  -0.3067756782  -0.9662874937
0.2847987272  -0.3031320276  -0.9695043991
0.2815814991  -0.2995102938  -0.9727053260
0.2783802500  -0.2959103248  -0.9758903800
0.2751948739  -0.2923319664  -0.9790596663
0.2720252659  -0.2887750611  -0.9822132894
0.2688713218  -0.2852394459  -0.9853513530
0.2657329382  -0.2817249582  -0.9884739605
0.2626100127  -0.2782314479  -0.9915812141
0.2595024436  -0.2747587784  -0.9946732145
0.2564101298  -0.2713068145  -0.9977500613
0.2533329713  -0.2678754165  -1.0008118535
0.2502708688  -0.2644644428  -1.0038586895
0.2472237240  -0.2610737530  -1.0068906668
0.2441914392  -0.2577032081  -1.0099078824
0.2411739174  -0.2543526702  -1.0129104324
0.2381710626  -0.2510220022  -1.0158984122
0.2351827792  -0.2477110680  -1.0188719165
0.2322089727  -0.2444197327  -1.0218310393
0.2292495490  -0.2411478569  -1.0247758736
0.2263044149  -0.2378952925  -1.0277065122
0.2233734779  -0.2346619037  -1.0306230468
0.2204566462  -0.2314475834  -1.0335255684
0.2175538286  -0.2282522224  -1.0364141676
0.2146649348  -0.2250756910  -1.0392889338
0.2117898748  -0.2219178560  -1.0421499564
0.2089285598  -0.2187785876  -1.0449973237
0.2060809011  -0.2156577563  -1.0478311236
0.2032468109  -0.2125552333  -1.0506514432
0.2004262021  -0.2094708903  -1.0534583691
0.1976189882  -0.2064045996  -1.0562519872
0.1948250831  -0.2033562342  -1.0590323828
0.1920444018  -0.2003256680  -1.0617996406
0.1892768593  -0.1973127755  -1.0645538447
0.1865223718  -0.1943174323  -1.0672950786
0.1837808557  -0.1913395149  -1.0700234251
0.1810522282  -0.1883789007  -1.0727389665
0.1783364069  -0.1854354681  -1.0754417847
0.1756333101  -0.1825090965  -1.0781319605
0.1729428568  -0.1795996665  -1.0808095748
0.1702649663  -0.1767070595  -1.0834747073
0.1675995588  -0.1738311580  -1.0861274375
0.1649465546  -0.1709718455  -1.0887678443
0.1623058750  -0.1681290066  -1.0913960060
0.1596774417  -0.1653025268  -1.0940120002
0.1570611768  -0.1624922925  -1.0966159044
0.1544570031  -0.1596981911  -1.0992077950
0.1518648438  -0.1569201108  -1.1017877482
0.1492846228  -0.1541579408  -1.1043558397
0.1467162644  -0.1514115709  -1.1069121445
0.1441596934  -0.1486808919  -1.1094567372
0.1416148360  -0.1459658536  -1.1119897035
0.1390816193  -0.1432664249  -1.1145111420
0.1365599689  -0.1405823581  -1.1170211174
0.1340498081  -0.1379133689  -1.1195196629
0.1315510631  -0.1352594216  -1.1220068370
0.1290636635  -0.1326205050  -1.1244827129
0.1265875388  -0.1299965216  -1.1269473577
0.1241226180  -0.1273873726  -1.1294008390
0.1216688306  -0.1247929594  -1.1318432248
0.1192261068  -0.1222131831  -1.1342745836
0.1167943769  -0.1196479445  -1.1366949844
0.1143735719  -0.1170971441  -1.1391044970
0.1119636232  -0.1145606822  -1.1415031915
0.1095644626  -0.1120384586  -1.1438911392
0.1071760225  -0.1095303729  -1.1462684117
0.1047982354  -0.1070363244  -1.1486350817
0.1024310345  -0.1045562121  -1.1509912223
0.1000743533  -0.1020899349  -1.1533369075
0.0977281256  -0.0996373914  -1.1556722117
0.0953922858  -0.0971984802  -1.1579972101
0.0930667685  -0.0947730999  -1.1603119784
0.0907515089  -0.0923611490  -1.1626165925
0.0884464423  -0.0899625263  -1.1649111287
0.0861515046  -0.0875771307  -1.1671956635
0.0838666320  -0.0852048613  -1.1694702732
0.0815917612  -0.0828456177  -1.1717350340
0.0793268290  -0.0804992997  -1.1739900219
0.0770717730  -0.0781658077  -1.1762353121
0.0748265307  -0.0758450426  -1.1784709791
0.0725910404  -0.0735369061  -1.1806970964
0.0703652405  -0.0712413002  -1.1829137362
0.0681490699  -0.0689581280  -1.1851209690
0.0659431731  -0.0666873250  -1.1873505963
0.0637479514  -0.0644288121  -1.1896184031
0.0615615166  -0.0621824092  -1.1918702350
0.0593832706  -0.0599480023  -1.1941201380
0.0572141013  -0.0577255442  -1.1963671980
0.0550539343  -0.0555149440  -1.1986103683
0.0529026994  -0.0533161116  -1.2008484692
0.0507603309  -0.0511289581  -1.2030801883
0.0486267673  -0.0489533956  -1.2053040807
0.0465019524  -0.0467893368  -1.2075185683
0.0443858350  -0.0446366957  -1.2097219406
0.0422783692  -0.0424953869  -1.2119123542
0.0401795149  -0.0403653256  -1.2140878330
0.0380892374  -0.0382464280  -1.2162462681
0.0360075081  -0.0361386106  -1.2183854178
0.0339343046  -0.0340417906  -1.2205029078
0.0318696102  -0.0319558856  -1.2225962309
0.0298134146  -0.0298808137  -1.2246627471
0.0277657136  -0.0278164933  -1.2266996839
0.0257265091  -0.0257628431  -1.2287041358
0.0236958089  -0.0237197821  -1.2306730646
0.0216736267  -0.0216872297  -1.2326032993
0.0196599817  -0.0196651054  -1.2344915364
0.0176548985  -0.0176533292  -1.2363343392
0.0156584065  -0.0156518212  -1.2381281387
0.0136705398  -0.0136605021  -1.2398692329
0.0116913361  -0.0116792928  -1.2415537870
0.0097208367  -0.0097081150  -1.2431778336
0.0077590852  -0.0077468908  -1.2447372724
0.0058061272  -0.0057955432  -1.2462278705
0.0038620088  -0.0038539960  -1.2476452620
0.0019267759  -0.0019221740  -1.2489849486
0.0019257789  -0.0019221687  -1.2489849486
