0.138716
1.2721083349  -1.8506220988   0.0000842869
1.2721083349  -1.8506220988   0.0000842869
1.2721203839  -1.8506461032   0.0000731825
1.2721206134  -1.8506292629   0.0000413423
1.2721018295  -1.8505567560  -0.0000118640
1.2720608491  -1.8504219874  -0.0000870555
1.2719963570  -1.8502223675  -0.0001848402
1.2719075615  -1.8499564224  -0.0003058144
1.2717938716  -1.8496231016  -0.0004505634
1.2716547886  -1.8492215443  -0.0006196612
1.2714898613  -1.8487509841  -0.0008136703
1.2712986655  -1.8482107049  -0.0010331420
1.2710807935  -1.8476000187  -0.0012786165
1.2708358484  -1.8469182538  -0.0015506223
1.2705634410  -1.8461647479  -0.0018496769
1.2702631876  -1.8453388446  -0.0021762866
1.2699347092  -1.8444398916  -0.0025309460
1.2695776304  -1.8434672394  -0.0029141387
1.2691915796  -1.8424202415  -0.0033263369
1.2687761884  -1.8412982544  -0.0037680016
1.2683310919  -1.8401006380  -0.0042395824
1.2678559281  -1.8388267563  -0.0047415177
1.2673503388  -1.8374759786  -0.0052742345
1.2668139692  -1.8360476799  -0.0058381484
1.2662464683  -1.8345412422  -0.0064336640
1.2656474890  -1.8329560560  -0.0070611744
1.2650166885  -1.8312915209  -0.0077210615
1.2643537281  -1.8295470473  -0.0084136957
1.2636582740  -1.8277220576  -0.0091394364
1.2629299975  -1.8258159880  -0.0098986314
1.2621685747  -1.8238282889  -0.0106916175
1.2613736873  -1.8217584263  -0.0115187199
1.2605450240  -1.8196051643  -0.0123815697
1.2596822810  -1.8173686601  -0.0132792750
1.2587851552  -1.8150493655  -0.0142116878
1.2578533477  -1.8126462886  -0.0151790908
1.2568865707  -1.8101587540  -0.0161817484
1.2558845444  -1.8075862919  -0.0172199249
1.2548469963  -1.8049284841  -0.0182938771
1.2537736617  -1.8021849501  -0.0194038560
1.2526642831  -1.7993553417  -0.0205501060
1.2515186115  -1.7964393436  -0.0217328639
1.2503364063  -1.7934366743  -0.0229523588
1.2491174353  -1.7903470839  -0.0242088114
1.2478614751  -1.7871703565  -0.0255024337
1.2465683111  -1.7839063112  -0.0268334289
1.2452377382  -1.7805548049  -0.0282019909
1.2438695603  -1.7771157305  -0.0296083043
1.2424635913  -1.7735890191  -0.0310525442
1.2410196543  -1.7699746417  -0.0325348759
1.2395375825  -1.7662726082  -0.0340554548
1.2380172196  -1.7624829678  -0.0356144266
1.2364584187  -1.7586058118  -0.0372119265
1.2348610430  -1.7546412739  -0.0388480799
1.2332249663  -1.7505895258  -0.0405230017
1.2315500730  -1.7464507793  -0.0422367965
1.2298362581  -1.7422252925  -0.0439895587
1.2280834267  -1.7379133665  -0.0457813719
1.2262914950  -1.7335153414  -0.0476123095
1.2244603898  -1.7290315984  -0.0494824343
1.2225900471  -1.7244625586  -0.0513917988
1.2206804149  -1.7198086882  -0.0533404449
1.2187314516  -1.7150704968  -0.0553284041
1.2167431264  -1.7102483680  -0.0573556975
1.2147154177  -1.7053428301  -0.0594223361
1.2126483139  -1.7003548400  -0.0615283202
1.2105418172  -1.6952852140  -0.0636736405
1.2083959390  -1.6901345350  -0.0658582777
1.2062106991  -1.6849034915  -0.0680822026
1.2039861277  -1.6795928534  -0.0703453761
1.2017222640  -1.6742034311  -0.0726477498
1.1994191576  -1.6687360703  -0.0749892658
1.1970768687  -1.6631916533  -0.0773698570
1.1946954659  -1.6575710961  -0.0797894471
1.1922750253  -1.6518753430  -0.0822479511
1.1898156340  -1.6461053711  -0.0847452753
1.1873173879  -1.6402621885  -0.0872813180
1.1847803891  -1.6343468309  -0.0898559707
1.1822047490  -1.6283603586  -0.0924691119
1.1795905872  -1.6223038598  -0.0951206031
1.1769380293  -1.6161784515  -0.0978103011
1.1742472094  -1.6099852714  -0.1005380603
1.1715182697  -1.6037254814  -0.1033037280
1.1687513591  -1.5974002654  -0.1061071470
1.1659466328  -1.5910108234  -0.1089481558
1.1631042519  -1.5845583823  -0.1118265878
1.1602243851  -1.5780441883  -0.1147422738
1.1573072065  -1.5714694993  -0.1176950447
1.1543528937  -1.5648355932  -0.1206847269
1.1513616301  -1.5581437617  -0.1237111424
1.1483336050  -1.5513953135  -0.1267741108
1.1452690109  -1.5445915702  -0.1298734513
1.1421680434  -1.5377338558  -0.1330089811
1.1390309019  -1.5308235093  -0.1361805133
1.1358577913  -1.5238618773  -0.1393878619
1.1326489190  -1.5168502990  -0.1426308401
1.1294044924  -1.5097901278  -0.1459092565
1.1261247217  -1.5026827483  -0.1492229214
1.1228098203  -1.4955295457  -0.1525716420
1.1194600031  -1.4883318962  -0.1559552211
1.1160754858  -1.4810911852  -0.1593734645
1.1126564856  -1.4738088140  -0.1628261791
1.1092032217  -1.4664861976  -0.1663131686
1.1057159119  -1.4591246851  -0.1698342361
1.1021947715  -1.4517254827  -0.1733891851
1.0986400168  -1.4442897528  -0.1769778157
1.0950518644  -1.4368187886  -0.1805999284
1.0914305269  -1.4293140350  -0.1842553243
1.0877762387  -1.4217770009  -0.1879438004
1.0840892976  -1.4142092218  -0.1916651524
1.0803695536  -1.4066117457  -0.1954191785
1.0766168964  -1.3989856318  -0.1992056745
1.0728316515  -1.3913323612  -0.2030244334
1.0690139936  -1.3836532407  -0.2068752460
1.0651640831  -1.3759495314  -0.2107579045
1.0612821433  -1.3682225282  -0.2146722008
1.0573683668  -1.3604734650  -0.2186179239
1.0534228922  -1.3527034959  -0.2225948627
1.0494460452  -1.3449139366  -0.2266028015
1.0454381337  -1.3371060584  -0.2306415190
1.0413993008  -1.3292809380  -0.2347107956
1.0373297642  -1.3214397014  -0.2388104129
1.0332297542  -1.3135834631  -0.2429401481
1.0290995800  -1.3057133972  -0.2470997737
1.0249394656  -1.2978305734  -0.2512890605
1.0207495573  -1.2899359597  -0.2555077759
1.0165302995  -1.2820308069  -0.2597556837
1.0122818453  -1.2741160604  -0.2640325425
1.0080043891  -1.2661926860  -0.2683381062
1.0036983543  -1.2582618673  -0.2726721285
0.9993637929  -1.2503244043  -0.2770343578
0.9950009279  -1.2423812561  -0.2814245345
0.9906102004  -1.2344335970  -0.2858423928
0.9861918686  -1.2264824195  -0.2902876509
0.9817461319  -1.2185286384  -0.2947600172
0.9772733400  -1.2105732263  -0.2992592459
0.9727737426  -1.2026169911  -0.3037851597
0.9682475404  -1.1946608213  -0.3083375638
0.9636951008  -1.1867059359  -0.3129161779
0.9591167210  -1.1787534522  -0.3175206696
0.9545125267  -1.1708041957  -0.3221506975
0.9498828781  -1.1628591758  -0.3268059251
0.9452281494  -1.1549194051  -0.3314860258
0.9405485527  -1.1469857229  -0.3361906699
0.9358443419  -1.1390590028  -0.3409195252
0.9311157643  -1.1311401036  -0.3456722629
0.9263632781  -1.1232300895  -0.3504485518
0.9215871405  -1.1153298106  -0.3552480586
0.9167876686  -1.1074401622  -0.3600704532
0.9119652644  -1.0995621130  -0.3649154092
0.9071200354  -1.0916963188  -0.3697825956
0.9022522437  -1.0838435794  -0.3746716768
0.8973623654  -1.0760048946  -0.3795823214
0.8924508274  -1.0681811937  -0.3845141984
0.8875178443  -1.0603731735  -0.3894669703
0.8825637392  -1.0525816185  -0.3944402958
0.8775889019  -1.0448073572  -0.3994338299
0.8725935945  -1.0370510678  -0.4044472157
0.8675782150  -1.0293135434  -0.4094800796
0.8625429473  -1.0215953356  -0.4145320276
0.8574881614  -1.0138971564  -0.4196026241
0.8524143437  -1.0062198150  -0.4246913680
0.8473216694  -0.9985637871  -0.4297976377
0.8422104177  -0.9909296461  -0.4349205469
0.8370807749  -0.9833179009  -0.4400585946
0.8319324124  -0.9757289425  -0.4452077614
0.8267655713  -0.9681632414  -0.4503668511
0.8215832610  -0.9606215300  -0.4555450069
0.8163886652  -0.9531047023  -0.4607512936
0.8111813600  -0.9456138112  -0.4659857894
0.8059592653  -0.9381496112  -0.4712460531
0.8007215575  -0.9307123353  -0.4765307196
0.7954682985  -0.9233019819  -0.4818384996
0.7901997548  -0.9159185988  -0.4871680252
0.7849162385  -0.9085622148  -0.4925178583
0.7796179883  -0.9012327187  -0.4978864989
0.7743054203  -0.8939301141  -0.5032723894
0.7689789134  -0.8866543118  -0.5086739178
0.7636386887  -0.8794050119  -0.5140894239
0.7582850635  -0.8721819660  -0.5195172079
0.7529184232  -0.8649849540  -0.5249555323
0.7475393483  -0.8578139141  -0.5304026323
0.7421480195  -0.8506683511  -0.5358567225
0.7367446424  -0.8435477712  -0.5413159955
0.7313297610  -0.8364520028  -0.5467786249
0.7259035620  -0.8293805026  -0.5522427765
0.7204662626  -0.8223327474  -0.5577066135
0.7150180090  -0.8153081457  -0.5631682976
0.7095587885  -0.8083059540  -0.5686259961
0.7040883860  -0.8013252350  -0.5740778859
0.6986062180  -0.7943647113  -0.5795221597
0.6931111452  -0.7874225848  -0.5849570315
0.6876010821  -0.7804961629  -0.5903807348
0.6820721950  -0.7735810910  -0.5957915333
0.6765171316  -0.7666696239  -0.6011877290
0.6709204620  -0.7597461627  -0.6065676685
0.6652465942  -0.7527753836  -0.6119297696
0.6593477831  -0.7456116231  -0.6172725205
0.6534411860  -0.7384757017  -0.6225943620
0.6479423688  -0.7317787815  -0.6278936067
0.6427264175  -0.7253868133  -0.6331685864
0.6375650936  -0.7190679256  -0.6384178129
0.6324330249  -0.7127954321  -0.6436399484
0.6273296907  -0.7065677150  -0.6488337329
0.6222548728  -0.7003836272  -0.6539979776
0.6172083621  -0.6942421076  -0.6591315740
0.6121899650  -0.6881421759  -0.6642335011
0.6071995036  -0.6820829317  -0.6693028271
0.6022368135  -0.6760635523  -0.6743387112
0.5973017440  -0.6700832902  -0.6793404115
0.5923941578  -0.6641414708  -0.6843072895
0.5875139286  -0.6582374892  -0.6892388100
0.5826609383  -0.6523708074  -0.6941345405
0.5778350774  -0.6465409504  -0.6989941600
0.5730362460  -0.6407475028  -0.7038174678
0.5682643507  -0.6349901043  -0.7086043786
0.5635193019  -0.6292684461  -0.7133549283
0.5588010153  -0.6235822666  -0.7180692830
0.5541094106  -0.6179313473  -0.7227477416
0.5494444102  -0.6123155080  -0.7273907444
0.5448059393  -0.6067346029  -0.7319988821
0.5401939264  -0.6011885165  -0.7365729107
0.5356083045  -0.5956771595  -0.7411137712
0.5310490141  -0.5902004652  -0.7456226221
0.5265160095  -0.5847583870  -0.7501008936
0.5220092735  -0.5793508971  -0.7545503914
0.5175288525  -0.5739779893  -0.7589735187
0.5130749458  -0.5686396966  -0.7633738087
0.5086483667  -0.5633360980  -0.7677584349
0.5042495546  -0.5580672589  -0.7721329719
0.4998759870  -0.5528331006  -0.7764917848
0.4955240584  -0.5476333149  -0.7808264995
0.4911933579  -0.5424674897  -0.7851359632
0.4868854575  -0.5373353052  -0.7894214430
0.4826010260  -0.5322365403  -0.7936832592
0.4783399632  -0.5271709878  -0.7979215998
0.4741020937  -0.5221384304  -0.8021366531
0.4698872429  -0.5171386432  -0.8063286093
0.4656952381  -0.5121713943  -0.8104976601
0.4615259080  -0.5072364453  -0.8146439984
0.4573790832  -0.5023335510  -0.8187678176
0.4532545956  -0.4974624607  -0.8228693115
0.4491522784  -0.4926229181  -0.8269486736
0.4450719665  -0.4878146621  -0.8310060969
0.4410134962  -0.4830374275  -0.8350417730
0.4369767051  -0.4782909454  -0.8390558922
0.4329614323  -0.4735749438  -0.8430486425
0.4289675181  -0.4688891486  -0.8470202093
0.4249948045  -0.4642332839  -0.8509707749
0.4210431346  -0.4596070731  -0.8549005181
0.4171123532  -0.4550102391  -0.8588096134
0.4132023061  -0.4504425052  -0.8626982307
0.4093128409  -0.4459035960  -0.8665665348
0.4054438063  -0.4413932371  -0.8704146846
0.4015950526  -0.4369111564  -0.8742428327
0.3977664311  -0.4324570842  -0.8780511240
0.3939577946  -0.4280307526  -0.8818396951
0.3901689968  -0.4236318953  -0.8856086714
0.3863998919  -0.4192602438  -0.8893581630
0.3826503326  -0.4149155117  -0.8930882495
0.3789201701  -0.4105974085  -0.8967989769
0.3752092648  -0.4063057439  -0.9004904198
0.3715174987  -0.4020404622  -0.9041627442
0.3678447627  -0.3978014692  -0.9078161560
0.3641909323  -0.3935885251  -0.9114508197
0.3605558681  -0.3894013484  -0.9150668634
0.3569394326  -0.3852397047  -0.9186644122
0.3533414949  -0.3811033915  -0.9222435935
0.3497619275  -0.3769922149  -0.9258045341
0.3462006042  -0.3729059860  -0.9293473591
0.3426574002  -0.3688445202  -0.9328721926
0.3391321917  -0.3648076373  -0.9363791574
0.3356248562  -0.3607951610  -0.9398683750
0.3321352723  -0.3568069189  -0.9433399655
0.3286633197  -0.3528427422  -0.9467940483
0.3252088793  -0.3489024651  -0.9502307411
0.3217718330  -0.3449859251  -0.9536501607
0.3183520639  -0.3410929621  -0.9570524229
0.3149494560  -0.3372234184  -0.9604376422
0.3115638945  -0.3333771385  -0.9638059320
0.3081952656  -0.3295539685  -0.9671574049
0.3048434564  -0.3257537561  -0.9704921723
0.3015083550  -0.3219763500  -0.9738103446
0.2981898506  -0.3182215999  -0.9771120315
0.2948878334  -0.3144893559  -0.9803973414
0.2916021943  -0.3107794684  -0.9836663821
0.2883328253  -0.3070917877  -0.9869192605
0.2850796192  -0.3034261638  -0.9901560824
0.2818424700  -0.2997824457  -0.9933769533
0.2786212722  -0.2961604807  -0.9965819774
0.2754159214  -0.2925601124  -0.9997712587
0.2722263139  -0.2889811788  -1.0029449005
0.2690523471  -0.2854235182  -1.0061030056
0.2658939190  -0.2818869814  -1.0092456756
0.2627509285  -0.2783714326  -1.0123730107
0.2596232749  -0.2748767382  -1.0154851102
0.2565108589  -0.2714027596  -1.0185820722
0.2534135816  -0.2679493565  -1.0216639948
0.2503313452  -0.2645163895  -1.0247309751
0.2472640524  -0.2611037208  -1.0277831096
0.2442116068  -0.2577112131  -1.0308204940
0.2411739127  -0.2543387307  -1.0338432231
0.2381508751  -0.2509861385  -1.0368513912
0.2351423998  -0.2476533023  -1.0398450918
0.2321483933  -0.2443400836  -1.0428244178
0.2291687627  -0.2410463344  -1.0457894613
0.2262034158  -0.2377719195  -1.0487403138
0.2232522613  -0.2345167340  -1.0516770659
0.2203152084  -0.2312806707  -1.0545998076
0.2173921670  -0.2280636007  -1.0575086284
0.2144830478  -0.2248653913  -1.0604036169
0.2115877619  -0.2216859133  -1.0632848614
0.2087062212  -0.2185250381  -1.0661524492
0.2058383382  -0.2153826373  -1.0690064674
0.2029840260  -0.2122585832  -1.0718470021
0.2001431983  -0.2091527484  -1.0746741391
0.1973157696  -0.2060650066  -1.0774879632
0.1945016549  -0.2029952319  -1.0802885591
0.1917007696  -0.1999432995  -1.0830760104
0.1889130300  -0.1969090853  -1.0858504006
0.1861383528  -0.1938924660  -1.0886118121
0.1833766554  -0.1908933195  -1.0913603272
0.1806278557  -0.1879115245  -1.0940960274
0.1778918722  -0.1849469609  -1.0968189935
0.1751686240  -0.1819995093  -1.0995293059
0.1724580306  -0.1790690516  -1.1022270445
0.1697600122  -0.1761554706  -1.1049122886
0.1670744896  -0.1732586500  -1.1075851167
0.1644013840  -0.1703784747  -1.1102456072
0.1617406172  -0.1675148305  -1.1128938376
0.1590921115  -0.1646676041  -1.1155298850
0.1564557898  -0.1618366830  -1.1181538260
0.1538315755  -0.1590219557  -1.1207657367
0.1512193924  -0.1562233116  -1.1233656925
0.1486191650  -0.1534406407  -1.1259537685
0.1460308182  -0.1506738340  -1.1285300393
0.1434542781  -0.1479228445  -1.1310945907
0.1408894721  -0.1451876453  -1.1336475220
0.1383363257  -0.1424679814  -1.1361888978
0.1357947621  -0.1397635590  -1.1387187501
0.1332647074  -0.1370743462  -1.1412371369
0.1307460913  -0.1344003369  -1.1437441315
0.1282388435  -0.1317414338  -1.1462398010
0.1257428928  -0.1290975386  -1.1487242129
0.1232581688  -0.1264685528  -1.1511974353
0.1207846015  -0.1238543776  -1.1536595364
0.1183221214  -0.1212549139  -1.1561105856
0.1158706593  -0.1186700623  -1.1585506524
0.1134301467  -0.1160997228  -1.1609798074
0.1110005152  -0.1135437952  -1.1633981219
0.1085816971  -0.1110021789  -1.1658056677
0.1061736249  -0.1084747728  -1.1682025178
0.1037762317  -0.1059614757  -1.1705887455
0.1013894509  -0.1034621858  -1.1729644252
0.0990132162  -0.1009768015  -1.1753296317
0.0966474617  -0.0985052207  -1.1776844406
0.0942921222  -0.0960473413  -1.1800289279
0.0919471324  -0.0936030613  -1.1823631701
0.0896124276  -0.0911722788  -1.1846872440
0.0872879437  -0.0887548917  -1.1870012264
0.0849736165  -0.0863507986  -1.1893051944
0.0826693825  -0.0839598982  -1.1915992248
0.0803751785  -0.0815820893  -1.1938833938
0.0780909416  -0.0792172717  -1.1961577775
0.0758166095  -0.0768653452  -1.1984224508
0.0735521199  -0.0745262106  -1.2006774877
0.0712974112  -0.0721997690  -1.2029229610
0.0690524220  -0.0698859227  -1.2051589418
0.0668178159  -0.0675846081  -1.2074176584
0.0645940065  -0.0652957463  -1.2097151075
0.0623790553  -0.0630191510  -1.2119964062
0.0601723492  -0.0607547057  -1.2142757885
0.0579748020  -0.0585023654  -1.2165523275
0.0557863384  -0.0562620381  -1.2188249617
0.0536068877  -0.0540336331  -1.2210924950
0.0514363835  -0.0518170604  -1.2233535967
0.0492747642  -0.0496122313  -1.2256068017
0.0471219732  -0.0474190580  -1.2278505102
0.0449779593  -0.0452374534  -1.2300829880
0.0428426765  -0.0430673312  -1.2323023662
0.0407160847  -0.0409086061  -1.2345066414
0.0385981497  -0.0387611933  -1.2366936757
0.0364888432  -0.0366250084  -1.2388611967
0.0343881433  -0.0344999680  -1.2410067973
0.0322960342  -0.0323859886  -1.2431279359
0.0302125063  -0.0302829876  -1.2452219365
0.0281375565  -0.0281908824  -1.2472859883
0.0260711878  -0.0261095908  -1.2493171462
0.0240134093  -0.0240390310  -1.2513123304
0.0219642363  -0.0219791212  -1.2532683266
0.0199236894  -0.0199297801  -1.2551817859
0.0178917951  -0.0178909265  -1.2570492249
0.0158685847  -0.0158624795  -1.2588670257
0.0138540940  -0.0138443588  -1.2606314357
0.0118483629  -0.0118364843  -1.2623385680
0.0098514348  -0.0098387764  -1.2639844009
0.0078633555  -0.0078511562  -1.2655647783
0.0058841728  -0.0058735455  -1.2670754094
0.0039139351  -0.0039058671  -1.2685118690
0.0019526906  -0.0019480447  -1.2698695974
0.0019516666  -0.0019480393  -1.2698695974
