0.195613
0.8380697511  -1.0552430919   0.0000345931
0.8380697511  -1.0552430919   0.0000345931
0.8380752083  -1.0552524928   0.0000312333
0.8380763268  -1.0552518160   0.0000200720
0.8380701523  -1.0552360631   0.0000009069
0.8380556937  -1.0552037234  -0.0000264640
0.8380325236  -1.0551541425  -0.0000622418
0.8380003756  -1.0550869099  -0.0001066271
0.8379590448  -1.0550017063  -0.0001598197
0.8379083531  -1.0548982517  -0.0002220191
0.8378481353  -1.0547762848  -0.0002934239
0.8377782333  -1.0546355532  -0.0003742321
0.8376984922  -1.0544758084  -0.0004646413
0.8376087585  -1.0542968031  -0.0005648481
0.8375088795  -1.0540982900  -0.0006750488
0.8373987021  -1.0538800202  -0.0007954389
0.8372780729  -1.0536417434  -0.0009262133
0.8371468373  -1.0533832071  -0.0010675665
0.8370048401  -1.0531041566  -0.0012196919
0.8368519245  -1.0528043344  -0.0013827827
0.8366879330  -1.0524834808  -0.0015570314
0.8365127063  -1.0521413336  -0.0017426296
0.8363260840  -1.0517776277  -0.0019397686
0.8361279044  -1.0513920957  -0.0021486388
0.8359180042  -1.0509844676  -0.0023694304
0.8356962189  -1.0505544711  -0.0026023324
0.8354623823  -1.0501018314  -0.0028475337
0.8352163271  -1.0496262713  -0.0031052221
0.8349578844  -1.0491275114  -0.0033755853
0.8346868838  -1.0486052704  -0.0036588098
0.8344031537  -1.0480592645  -0.0039550820
0.8341065209  -1.0474892083  -0.0042645873
0.8337968093  -1.0468946906  -0.0045880212
0.8334738451  -1.0462755342  -0.0049250945
0.8331374529  -1.0456316144  -0.0052758097
0.8327874522  -1.0449625488  -0.0056403558
0.8324236619  -1.0442679967  -0.0060189147
0.8320459008  -1.0435476521  -0.0064116678
0.8316539860  -1.0428012128  -0.0068187979
0.8312477333  -1.0420283770  -0.0072404897
0.8308269571  -1.0412288428  -0.0076769295
0.8303914703  -1.0404023075  -0.0081283053
0.8299410848  -1.0395484686  -0.0085948066
0.8294756108  -1.0386670233  -0.0090766243
0.8289948574  -1.0377576689  -0.0095739505
0.8284986323  -1.0368201028  -0.0100869788
0.8279867421  -1.0358540232  -0.0106159037
0.8274589919  -1.0348591286  -0.0111609208
0.8269151859  -1.0338351184  -0.0117222270
0.8263551270  -1.0327816932  -0.0123000197
0.8257786177  -1.0316985554  -0.0128944978
0.8251854601  -1.0305854092  -0.0135058611
0.8245754549  -1.0294419604  -0.0141343103
0.8239484019  -1.0282679171  -0.0147800474
0.8233041003  -1.0270629894  -0.0154432748
0.8226423482  -1.0258268897  -0.0161241962
0.8219629432  -1.0245593328  -0.0168230159
0.8212656821  -1.0232600369  -0.0175399393
0.8205503600  -1.0219287218  -0.0182751726
0.8198167708  -1.0205651103  -0.0190289229
0.8190647085  -1.0191689294  -0.0198013974
0.8182939672  -1.0177399103  -0.0205928038
0.8175043402  -1.0162777879  -0.0214033498
0.8166956205  -1.0147822672  -0.0222332439
0.8158676006  -1.0132530791  -0.0230826957
0.8150200727  -1.0116900416  -0.0239519151
0.8141528279  -1.0100929402  -0.0248411131
0.8132656561  -1.0084615041  -0.0257505003
0.8123583459  -1.0067954802  -0.0266802875
0.8114306858  -1.0050946306  -0.0276306856
0.8104824633  -1.0033587234  -0.0286019054
0.8095134664  -1.0015875321  -0.0295941581
0.8085234843  -0.9997808373  -0.0306076548
0.8075123079  -0.9979384270  -0.0316426068
0.8064797290  -0.9960600953  -0.0326992249
0.8054255397  -0.9941456428  -0.0337777196
0.8043495326  -0.9921948769  -0.0348783009
0.8032514987  -0.9902076096  -0.0360011790
0.8021312265  -0.9881836562  -0.0371465646
0.8009885033  -0.9861228364  -0.0383146686
0.7998231162  -0.9840249762  -0.0395057008
0.7986348532  -0.9818899092  -0.0407198693
0.7974235065  -0.9797174798  -0.0419573811
0.7961888701  -0.9775075408  -0.0432184434
0.7949307379  -0.9752599509  -0.0445032638
0.7936489045  -0.9729745767  -0.0458120495
0.7923431627  -0.9706512903  -0.0471450054
0.7910133081  -0.9682899737  -0.0485023340
0.7896591425  -0.9658905221  -0.0498842366
0.7882804711  -0.9634528409  -0.0512909140
0.7868771004  -0.9609768446  -0.0527225655
0.7854488305  -0.9584624486  -0.0541793898
0.7839954522  -0.9559095668  -0.0556615848
0.7825167539  -0.9533181181  -0.0571693472
0.7810125293  -0.9506880336  -0.0587028719
0.7794825888  -0.9480192673  -0.0602623515
0.7779267563  -0.9453117970  -0.0618479767
0.7763448590  -0.9425656158  -0.0634599353
0.7747367140  -0.9397807165  -0.0650984133
0.7731021278  -0.9369570899  -0.0667635961
0.7714409065  -0.9340947417  -0.0684556673
0.7697528628  -0.9311936991  -0.0701748069
0.7680378182  -0.9282539734  -0.0719211914
0.7662955972  -0.9252755115  -0.0736949966
0.7645260268  -0.9222582478  -0.0754963978
0.7627289356  -0.9192022037  -0.0773255661
0.7609041452  -0.9161074915  -0.0791826663
0.7590514711  -0.9129742557  -0.0810678605
0.7571707411  -0.9098026525  -0.0829813114
0.7552618146  -0.9065928648  -0.0849231793
0.7533245718  -0.9033450946  -0.0868936192
0.7513588728  -0.9000595223  -0.0888927822
0.7493645405  -0.8967362869  -0.0909208167
0.7473413852  -0.8933755109  -0.0929778681
0.7452892505  -0.8899773494  -0.0950640789
0.7432080329  -0.8865420100  -0.0971795876
0.7410976469  -0.8830697168  -0.0993245289
0.7389579620  -0.8795606484  -0.1014990336
0.7367887951  -0.8760149277  -0.1037032294
0.7345899835  -0.8724326986  -0.1059372398
0.7323614076  -0.8688141520  -0.1082011840
0.7301029505  -0.8651594845  -0.1104951745
0.7278144938  -0.8614688949  -0.1128193184
0.7254959543  -0.8577426196  -0.1151737205
0.7231472637  -0.8539809158  -0.1175584830
0.7207683254  -0.8501840187  -0.1199737031
0.7183590387  -0.8463521651  -0.1224194728
0.7159193153  -0.8424856124  -0.1248958778
0.7134490474  -0.8385846068  -0.1274029961
0.7109481216  -0.8346493949  -0.1299408985
0.7084164817  -0.8306802840  -0.1325096514
0.7058541152  -0.8266776191  -0.1351093122
0.7032609609  -0.8226416489  -0.1377399217
0.7006368952  -0.8185726101  -0.1404015128
0.6979818450  -0.8144712063  -0.1430941542
0.6952958452  -0.8103385419  -0.1458179658
0.6925789246  -0.8061752350  -0.1485730515
0.6898309633  -0.8019811312  -0.1513594443
0.6870518080  -0.7977560520  -0.1541771312
0.6842414935  -0.7935003285  -0.1570260897
0.6814001279  -0.7892145457  -0.1599062941
0.6785276848  -0.7848992024  -0.1628177137
0.6756240968  -0.7805547743  -0.1657603118
0.6726893657  -0.7761818249  -0.1687340382
0.6697235162  -0.7717809585  -0.1717388361
0.6667265843  -0.7673528041  -0.1747746492
0.6636986213  -0.7628980202  -0.1778414134
0.6606396639  -0.7584172604  -0.1809390540
0.6575497477  -0.7539111867  -0.1840674889
0.6544289459  -0.7493805076  -0.1872266313
0.6512773464  -0.7448259526  -0.1904163882
0.6480950378  -0.7402482517  -0.1936366586
0.6448820981  -0.7356481260  -0.1968873332
0.6416385302  -0.7310262242  -0.2001682927
0.6383644151  -0.7263832686  -0.2034794049
0.6350599671  -0.7217201128  -0.2068205215
0.6317253447  -0.7170375474  -0.2101914742
0.6283606690  -0.7123363178  -0.2135920679
0.6249660862  -0.7076171831  -0.2170220686
0.6215417177  -0.7028808672  -0.2204811827
0.6180876192  -0.6981280198  -0.2239690196
0.6146039389  -0.6933593742  -0.2274850145
0.6110908621  -0.6885757113  -0.2310282471
0.6075483414  -0.6837776091  -0.2345970547
0.6039760110  -0.6789656112  -0.2381870035
0.6003740996  -0.6741404105  -0.2417974610
0.5967449548  -0.6693029531  -0.2454393381
0.5930910649  -0.6644543973  -0.2491231021
0.5894120967  -0.6595957768  -0.2528497688
0.5857063314  -0.6547277689  -0.2566171220
0.5819729816  -0.6498508737  -0.2604235468
0.5782120920  -0.6449655779  -0.2642676741
0.5744238125  -0.6400722630  -0.2681480329
0.5706085278  -0.6351714802  -0.2720630538
0.5667664202  -0.6302635213  -0.2760110749
0.5628974104  -0.6253483647  -0.2799903481
0.5590018537  -0.6204263746  -0.2839990463
0.5550801543  -0.6154979180  -0.2880352704
0.5511324989  -0.6105630979  -0.2920970574
0.5471590930  -0.6056219987  -0.2961823869
0.5431602205  -0.6006747481  -0.3002891887
0.5391361695  -0.5957214490  -0.3044153478
0.5350871618  -0.5907621104  -0.3085587121
0.5310134121  -0.5857967131  -0.3127170989
0.5269151146  -0.5808252011  -0.3168883036
0.5227923486  -0.5758473920  -0.3210701055
0.5186450665  -0.5708629720  -0.3252602710
0.5144730496  -0.5658714588  -0.3294565594
0.5102757805  -0.5608720797  -0.3336567311
0.5060522766  -0.5558636144  -0.3378585537
0.5018007970  -0.5508441218  -0.3420598085
0.4975182157  -0.5458103211  -0.3462582985
0.4931991519  -0.5407567573  -0.3504518541
0.4888334440  -0.5356733321  -0.3546383385
0.4844004129  -0.5305396649  -0.3588156602
0.4798572537  -0.5253137643  -0.3629817976
0.4750408985  -0.5198352073  -0.3671347932
0.4702283657  -0.5143838953  -0.3712726594
0.4658633856  -0.5093993181  -0.3753933199
0.4618145124  -0.5047423377  -0.3794947309
0.4578535864  -0.5001817247  -0.3835750128
0.4539204537  -0.4956566807  -0.3876324337
0.4500133397  -0.4911649209  -0.3916653532
0.4461318814  -0.4867055434  -0.3956722160
0.4422758695  -0.4822778404  -0.3996515581
0.4384451097  -0.4778811678  -0.4036020151
0.4346394244  -0.4735149439  -0.4075223359
0.4308586511  -0.4691786478  -0.4114113832
0.4271026387  -0.4648718166  -0.4152681312
0.4233712470  -0.4605940421  -0.4190916757
0.4196643474  -0.4563449684  -0.4228812422
0.4159818214  -0.4521242888  -0.4266361884
0.4123235579  -0.4479317415  -0.4303560078
0.4086894527  -0.4437671067  -0.4340403370
0.4050794078  -0.4396302028  -0.4376889609
0.4014933297  -0.4355208825  -0.4413018182
0.3979311285  -0.4314390289  -0.4448790090
0.3943927175  -0.4273845521  -0.4484208037
0.3908780121  -0.4233573851  -0.4519276534
0.3873869299  -0.4193574808  -0.4554002033
0.3839193909  -0.4153848083  -0.4588393125
0.3804753187  -0.4114393498  -0.4622460818
0.3770546439  -0.4075210989  -0.4656219001
0.3736573109  -0.4036300584  -0.4689685182
0.3702832915  -0.3997662419  -0.4722881887
0.3669326189  -0.3959296790  -0.4755839612
0.3636054622  -0.3921204342  -0.4788603003
0.3603024845  -0.3883386521  -0.4821258007
0.3570239224  -0.3845843999  -0.4853866273
0.3537675213  -0.3808573457  -0.4886363136
0.3505302602  -0.3771569385  -0.4918656052
0.3473117018  -0.3734828824  -0.4950725906
0.3441130168  -0.3698351149  -0.4982582905
0.3409347970  -0.3662135549  -0.5014232103
0.3377770013  -0.3626180544  -0.5045675477
0.3346394532  -0.3590484414  -0.5076914958
0.3315219740  -0.3555045358  -0.5107952484
0.3284243867  -0.3519861504  -0.5138790009
0.3253465158  -0.3484930916  -0.5169429496
0.3222881875  -0.3450251593  -0.5199872913
0.3192492296  -0.3415821484  -0.5230122230
0.3162294716  -0.3381638484  -0.5260179414
0.3132287442  -0.3347700442  -0.5290046425
0.3102468801  -0.3314005169  -0.5319725209
0.3072837132  -0.3280550439  -0.5349217697
0.3043390791  -0.3247333999  -0.5378525795
0.3014128150  -0.3214353572  -0.5407651386
0.2985047594  -0.3181606864  -0.5436596318
0.2956147528  -0.3149091569  -0.5465362406
0.2927426368  -0.3116805375  -0.5493951421
0.2898882548  -0.3084745968  -0.5522365090
0.2870514518  -0.3052911036  -0.5550605088
0.2842320743  -0.3021298278  -0.5578673032
0.2814299703  -0.2989905398  -0.5606570479
0.2786449892  -0.2958730116  -0.5634298912
0.2758769822  -0.2927770155  -0.5661859727
0.2731258014  -0.2897023234  -0.5689254219
0.2703912999  -0.2866487032  -0.5716483532
0.2676733309  -0.2836159037  -0.5743548539
0.2649717474  -0.2806036735  -0.5770449840
0.2622864090  -0.2776118651  -0.5797188300
0.2596171889  -0.2746404536  -0.5823765548
0.2569639654  -0.2716893678  -0.5850183543
0.2543266090  -0.2687584006  -0.5876443925
0.2517049820  -0.2658473052  -0.5902548030
0.2490989482  -0.2629558730  -0.5928497137
0.2465083755  -0.2600839238  -0.5954292541
0.2439331348  -0.2572312859  -0.5979935525
0.2413730982  -0.2543977912  -0.6005427360
0.2388281396  -0.2515832742  -0.6030769304
0.2362981339  -0.2487875724  -0.6055962599
0.2337829575  -0.2460105261  -0.6081008476
0.2312824879  -0.2432519780  -0.6105908151
0.2287966040  -0.2405117733  -0.6130662826
0.2263251859  -0.2377897593  -0.6155273693
0.2238681149  -0.2350857857  -0.6179741928
0.2214252737  -0.2323997038  -0.6204068696
0.2189965459  -0.2297313670  -0.6228255151
0.2165818166  -0.2270806299  -0.6252302433
0.2141809718  -0.2244473488  -0.6276211671
0.2117938990  -0.2218313814  -0.6299983982
0.2094204863  -0.2192325860  -0.6323620473
0.2070606235  -0.2166508223  -0.6347122238
0.2047142012  -0.2140859507  -0.6370490361
0.2023811110  -0.2115378320  -0.6393725915
0.2000612460  -0.2090063277  -0.6416829965
0.1977544998  -0.2064912994  -0.6439803561
0.1954607676  -0.2039926087  -0.6462647748
0.1931799453  -0.2015101170  -0.6485363560
0.1909119299  -0.1990436838  -0.6507952020
0.1886566195  -0.1965931668  -0.6530414145
0.1864139130  -0.1941584246  -0.6552750944
0.1841837106  -0.1917393227  -0.6574963413
0.1819659131  -0.1893357343  -0.6597052536
0.1797604226  -0.1869475343  -0.6619019284
0.1775671419  -0.1845745957  -0.6640864619
0.1753859749  -0.1822167913  -0.6662589497
0.1732168265  -0.1798739949  -0.6684194862
0.1710596022  -0.1775460814  -0.6705681653
0.1689142089  -0.1752329270  -0.6727050796
0.1667805540  -0.1729344090  -0.6748303209
0.1646585460  -0.1706504058  -0.6769439804
0.1625480941  -0.1683807969  -0.6790461481
0.1604491086  -0.1661254627  -0.6811369132
0.1583615004  -0.1638842834  -0.6832163642
0.1562851815  -0.1616571375  -0.6852845886
0.1542200645  -0.1594439077  -0.6873416732
0.1521660631  -0.1572444857  -0.6893877038
0.1501230917  -0.1550587632  -0.6914227654
0.1480910653  -0.1528866269  -0.6934469424
0.1460699001  -0.1507279634  -0.6954603182
0.1440595127  -0.1485826610  -0.6974629756
0.1420598208  -0.1464506089  -0.6994549963
0.1400707426  -0.1443316969  -0.7014364617
0.1380921973  -0.1422258161  -0.7034074520
0.1361241048  -0.1401328584  -0.7053680470
0.1341663857  -0.1380527166  -0.7073183255
0.1322189612  -0.1359852843  -0.7092583656
0.1302817536  -0.1339304565  -0.7111882448
0.1283546855  -0.1318881287  -0.7131080399
0.1264376806  -0.1298581977  -0.7150178267
0.1245306630  -0.1278405610  -0.7169176807
0.1226335577  -0.1258351175  -0.7188076763
0.1207462903  -0.1238417666  -0.7206878875
0.1188687872  -0.1218604091  -0.7225583876
0.1170009753  -0.1198909464  -0.7244192489
0.1151427823  -0.1179332811  -0.7262705436
0.1132941365  -0.1159873167  -0.7281123426
0.1114549669  -0.1140529577  -0.7299447167
0.1096252031  -0.1121301095  -0.7317677357
0.1078047755  -0.1102186782  -0.7335814689
0.1059936149  -0.1083185712  -0.7353859849
0.1041916529  -0.1064296964  -0.7371813517
0.1023988216  -0.1045519629  -0.7389676368
0.1006150539  -0.1026852805  -0.7407449068
0.0988402830  -0.1008295598  -0.7425132281
0.0970744433  -0.0989847285  -0.7442726714
0.0953174697  -0.0971507202  -0.7460233133
0.0935692972  -0.0953274087  -0.7477652145
0.0918298604  -0.0935146588  -0.7494984205
0.0900990953  -0.0917124047  -0.7512229883
0.0883769393  -0.0899205879  -0.7529389814
0.0866633303  -0.0881391267  -0.7546464600
0.0849582064  -0.0863679395  -0.7563454842
0.0832615063  -0.0846069451  -0.7580361142
0.0815731691  -0.0828560632  -0.7597184097
0.0798931346  -0.0811152135  -0.7613924306
0.0782213431  -0.0793843166  -0.7630582367
0.0765577354  -0.0776632933  -0.7647158878
0.0749022529  -0.0759520651  -0.7663654436
0.0732548374  -0.0742505537  -0.7680069641
0.0716154312  -0.0725586815  -0.7696405089
0.0699839773  -0.0708763712  -0.7712661381
0.0683604189  -0.0692035462  -0.7728839115
0.0667446999  -0.0675401301  -0.7744938890
0.0651367646  -0.0658860472  -0.7760961304
0.0635365579  -0.0642412223  -0.7776906956
0.0619440249  -0.0626055807  -0.7792776443
0.0603591113  -0.0609790482  -0.7808570359
0.0587817635  -0.0593615513  -0.7824289298
0.0572119280  -0.0577530169  -0.7839933851
0.0556495519  -0.0561533725  -0.7855504604
0.0540945828  -0.0545625464  -0.7871002139
0.0525469686  -0.0529804673  -0.7886427035
0.0510066578  -0.0514070646  -0.7901779861
0.0494735993  -0.0498422684  -0.7917061182
0.0479477424  -0.0482860093  -0.7932271551
0.0464290367  -0.0467382187  -0.7947411516
0.0449177578  -0.0451988362  -0.7962697164
0.0434140691  -0.0436677985  -0.7978235770
0.0419170787  -0.0421450181  -0.7993659630
0.0404264896  -0.0406304243  -0.8009064237
0.0389426903  -0.0391239627  -0.8024443477
0.0374656258  -0.0376255691  -0.8039790338
0.0359952434  -0.0361351798  -0.8055096906
0.0345314923  -0.0346527316  -0.8070354368
0.0330743244  -0.0331781622  -0.8085553010
0.0316236939  -0.0317114100  -0.8100682218
0.0301795577  -0.0302524139  -0.8115730479
0.0287418752  -0.0288011134  -0.8130685376
0.0273106087  -0.0273574486  -0.8145533595
0.0258857236  -0.0259213602  -0.8160260922
0.0244671878  -0.0244927896  -0.8174852241
0.0230549724  -0.0230716784  -0.8189291535
0.0216490517  -0.0216579689  -0.8203561890
0.0202494026  -0.0202516040  -0.8217645488
0.0188560054  -0.0188525269  -0.8231523613
0.0174688433  -0.0174606813  -0.8245176649
0.0160879024  -0.0160760115  -0.8258584078
0.0147131717  -0.0146984622  -0.8271724484
0.0133446429  -0.0133279783  -0.8284575547
0.0119823104  -0.0119645054  -0.8297114051
0.0106261710  -0.0106079897  -0.8309315876
0.0092762237  -0.0092583774  -0.8321156006
0.0079324695  -0.0079156157  -0.8332608520
0.0065949111  -0.0065796520  -0.8343646601
0.0052635524  -0.0052504342  -0.8354242527
0.0039383984  -0.0039279108  -0.8364367681
0.0026194545  -0.0026120310  -0.8373992542
0.0013067262  -0.0013027443  -0.8383086689
0.0013062664  -0.0013027422  -0.8383086689
