0.156161
1.1205861382  -1.5658355623   0.0000596827
1.1205861382  -1.5658355623   0.0000596827
1.1205951222  -1.5658540400   0.0000527563
1.1205961187  -1.5658477285   0.0000317044
1.1205840195  -1.5658061230  -0.0000038744
1.1205568267  -1.5657253283  -0.0000543771
1.1205136976  -1.5656037361  -0.0001201962
1.1204541174  -1.5654403845  -0.0002017195
1.1203776963  -1.5652345559  -0.0002993306
1.1202841009  -1.5649856412  -0.0004134086
1.1201730264  -1.5646930843  -0.0005443281
1.1200441832  -1.5643563567  -0.0006924592
1.1198972906  -1.5639749442  -0.0008581675
1.1197320727  -1.5635483401  -0.0010418142
1.1195482570  -1.5630760409  -0.0012437562
1.1193455723  -1.5625575444  -0.0014643455
1.1191237487  -1.5619923483  -0.0017039301
1.1188825165  -1.5613799492  -0.0019628533
1.1186216065  -1.5607198426  -0.0022414539
1.1183407491  -1.5600115224  -0.0025400664
1.1180396749  -1.5592544814  -0.0028590206
1.1177181142  -1.5584482111  -0.0031986421
1.1173757972  -1.5575922024  -0.0035592518
1.1170124538  -1.5566859454  -0.0039411663
1.1166278140  -1.5557289300  -0.0043446977
1.1162216075  -1.5547206466  -0.0047701536
1.1157935643  -1.5536605863  -0.0052178372
1.1153434144  -1.5525482415  -0.0056880470
1.1148708880  -1.5513831065  -0.0061810774
1.1143757156  -1.5501646777  -0.0066972180
1.1138576279  -1.5488924545  -0.0072367542
1.1133163564  -1.5475659397  -0.0077999668
1.1127516310  -1.5461842592  -0.0083880459
1.1121631879  -1.5447472652  -0.0090004294
1.1115507627  -1.5432549729  -0.0096370734
1.1109140860  -1.5417066269  -0.0102982476
1.1102528918  -1.5401016234  -0.0109842098
1.1095669168  -1.5384394672  -0.0116952171
1.1088558988  -1.5367196860  -0.0124315255
1.1081195774  -1.5349418213  -0.0131933908
1.1073576938  -1.5331054263  -0.0139810676
1.1065699909  -1.5312100656  -0.0147948096
1.1057562132  -1.5292553157  -0.0156348684
1.1049161072  -1.5272407659  -0.0165014943
1.1040494218  -1.5251660191  -0.0173949350
1.1031559082  -1.5230306919  -0.0183154364
1.1022353195  -1.5208344145  -0.0192632418
1.1012874114  -1.5185768323  -0.0202385918
1.1003119427  -1.5162576070  -0.0212417246
1.0993086750  -1.5138764167  -0.0222728754
1.0982773720  -1.5114329558  -0.0233322764
1.0972178004  -1.5089269366  -0.0244201569
1.0961297310  -1.5063580905  -0.0255367429
1.0950129370  -1.5037261675  -0.0266822569
1.0938671946  -1.5010309360  -0.0278569181
1.0926922844  -1.4982721844  -0.0290609423
1.0914879904  -1.4954497223  -0.0302945415
1.0902540994  -1.4925633790  -0.0315579237
1.0889904026  -1.4896130065  -0.0328512934
1.0876966958  -1.4865984794  -0.0341748509
1.0863727774  -1.4835196931  -0.0355287937
1.0850184505  -1.4803765657  -0.0369133146
1.0836335228  -1.4771690383  -0.0383285976
1.0822178044  -1.4738969817  -0.0397748197
1.0807711113  -1.4705603506  -0.0412521570
1.0792932635  -1.4671593463  -0.0427607829
1.0777840861  -1.4636940912  -0.0443008656
1.0762434097  -1.4601645758  -0.0458725692
1.0746710677  -1.4565708516  -0.0474760537
1.0730668985  -1.4529130206  -0.0491114758
1.0714307459  -1.4491912123  -0.0507789882
1.0697624570  -1.4454055805  -0.0524787388
1.0680618853  -1.4415563061  -0.0542108712
1.0663288880  -1.4376435925  -0.0559755259
1.0645633277  -1.4336676647  -0.0577728420
1.0627650720  -1.4296287721  -0.0596029530
1.0609339928  -1.4255271895  -0.0614659873
1.0590699682  -1.4213632173  -0.0633620692
1.0571728797  -1.4171371774  -0.0652913194
1.0552426146  -1.4128494162  -0.0672538541
1.0532790643  -1.4085003019  -0.0692497865
1.0512821259  -1.4040902251  -0.0712792258
1.0492517007  -1.3996195991  -0.0733422744
1.0471876946  -1.3950888581  -0.0754390308
1.0450900178  -1.3904984570  -0.0775695930
1.0429585864  -1.3858488752  -0.0797340525
1.0407933213  -1.3811406155  -0.0819324927
1.0385941469  -1.3763741974  -0.0841649962
1.0363609921  -1.3715501584  -0.0864316425
1.0340937902  -1.3666690590  -0.0887325009
1.0317924752  -1.3617314778  -0.0910676359
1.0294569995  -1.3567380225  -0.0934371110
1.0270873718  -1.3516893688  -0.0958409858
1.0246834807  -1.3465860881  -0.0982793136
1.0222450599  -1.3414286039  -0.1007521412
1.0197720144  -1.3362175184  -0.1032595125
1.0172643953  -1.3309536051  -0.1058014660
1.0147221689  -1.3256375764  -0.1083780327
1.0121452605  -1.3202701117  -0.1109892384
1.0095336343  -1.3148519385  -0.1136351058
1.0068872732  -1.3093838186  -0.1163156529
1.0042061639  -1.3038665400  -0.1190308893
1.0014903004  -1.2983009136  -0.1217808188
0.9987396391  -1.2926876565  -0.1245654432
0.9959541513  -1.2870273878  -0.1273847589
0.9931339312  -1.2813208472  -0.1302387546
0.9902790435  -1.2755688968  -0.1331274130
0.9873894564  -1.2697724329  -0.1360507088
0.9844651754  -1.2639324159  -0.1390086129
0.9815062408  -1.2580498251  -0.1420010922
0.9785126892  -1.2521256188  -0.1450281047
0.9754845692  -1.2461607545  -0.1480896039
0.9724219891  -1.2401562373  -0.1511855389
0.9693250034  -1.2341130056  -0.1543158477
0.9661935549  -1.2280318687  -0.1574804608
0.9630277956  -1.2219138297  -0.1606793062
0.9598279524  -1.2157599574  -0.1639123086
0.9565939333  -1.2095709858  -0.1671793857
0.9533257686  -1.2033477528  -0.1704804458
0.9500237650  -1.1970913666  -0.1738153917
0.9466879378  -1.1908026335  -0.1771841211
0.9433182239  -1.1844822640  -0.1805865237
0.9399147964  -1.1781312003  -0.1840224833
0.9364778584  -1.1717504093  -0.1874918747
0.9330075712  -1.1653408080  -0.1909945637
0.9295039914  -1.1589032005  -0.1945304194
0.9259672360  -1.1524384427  -0.1980993093
0.9223975297  -1.1459474969  -0.2017010892
0.9187949629  -1.1394311913  -0.2053356085
0.9151596139  -1.1328903371  -0.2090027126
0.9114916502  -1.1263258337  -0.2127022409
0.9077913206  -1.1197386606  -0.2164340255
0.9040587950  -1.1131297116  -0.2201978899
0.9002940914  -1.1064997029  -0.2239936368
0.8964974591  -1.0998496100  -0.2278210626
0.8926691916  -1.0931806172  -0.2316800235
0.8888094277  -1.0864938252  -0.2355704396
0.8849183585  -1.0797901898  -0.2394921909
0.8809961294  -1.0730704424  -0.2434450641
0.8770428625  -1.0663353266  -0.2474288047
0.8730589036  -1.0595859043  -0.2514431580
0.8690444672  -1.0528231401  -0.2554878664
0.8649996527  -1.0460478858  -0.2595626695
0.8609248572  -1.0392612989  -0.2636673033
0.8568202673  -1.0324643257  -0.2678014973
0.8526859278  -1.0256577648  -0.2719649771
0.8485220908  -1.0188426263  -0.2761574657
0.8443291300  -1.0120200405  -0.2803786819
0.8401073958  -1.0051911064  -0.2846283444
0.8358571005  -0.9983567766  -0.2889061675
0.8315784249  -0.9915179647  -0.2932118577
0.8272717227  -0.9846757453  -0.2975451199
0.8229372860  -0.9778311177  -0.3019056589
0.8185753156  -0.9709849760  -0.3062931741
0.8141862199  -0.9641384096  -0.3107073568
0.8097701316  -0.9572922132  -0.3151478887
0.8053273350  -0.9504473094  -0.3196144421
0.8008583499  -0.9436048414  -0.3241066755
0.7963633974  -0.9367656312  -0.3286242242
0.7918427305  -0.9299305049  -0.3331666909
0.7872967066  -0.9231003706  -0.3377336290
0.7827256447  -0.9162760761  -0.3423245029
0.7781298248  -0.9094584140  -0.3469386103
0.7735095221  -0.9026481767  -0.3515748936
0.7688648810  -0.8958460700  -0.3562314565
0.7641953979  -0.8890525522  -0.3609036180
0.7595016047  -0.8822682841  -0.3655917990
0.7547870840  -0.8754944019  -0.3703078649
0.7500547456  -0.8687322230  -0.3750602195
0.7453034588  -0.8619828955  -0.3798476166
0.7405310216  -0.8552470079  -0.3846676801
0.7357369498  -0.8485249987  -0.3895189839
0.7309214684  -0.8418171959  -0.3944001013
0.7260847922  -0.8351237991  -0.3993095219
0.7212273509  -0.8284451525  -0.4042456522
0.7163495137  -0.8217814734  -0.4092068220
0.7114515156  -0.8151327789  -0.4141912985
0.7065336513  -0.8084990875  -0.4191972907
0.7015963042  -0.8018804567  -0.4242229499
0.6966400074  -0.7952770464  -0.4292663766
0.6916651528  -0.7886888297  -0.4343256294
0.6866718925  -0.7821154998  -0.4393987343
0.6816606835  -0.7755570228  -0.4444836872
0.6766319775  -0.7690133339  -0.4495784585
0.6715860082  -0.7624841278  -0.4546810025
0.6665230848  -0.7559691592  -0.4597892601
0.6614434256  -0.7494680844  -0.4649011669
0.6563471209  -0.7429804271  -0.4700146604
0.6512341125  -0.7365055642  -0.4751276780
0.6461040327  -0.7300425814  -0.4802381655
0.6409560971  -0.7235901707  -0.4853440869
0.6357888379  -0.7171463764  -0.4904434264
0.6305995140  -0.7107080285  -0.4955341930
0.6253831004  -0.7042697653  -0.5006144286
0.6201299978  -0.6978218061  -0.5056822144
0.6148194203  -0.6913434627  -0.5107356822
0.6094027461  -0.6847867948  -0.5157730454
0.6037186195  -0.6779936582  -0.5207925836
0.5981195527  -0.6713192346  -0.5257925043
0.5930075226  -0.6651589981  -0.5307708922
0.5881338888  -0.6592556660  -0.5357258966
0.5833049494  -0.6534128299  -0.5406558708
0.5785048029  -0.6476135606  -0.5455593105
0.5737329631  -0.6418564463  -0.5504347879
0.5689892105  -0.6361404435  -0.5552809573
0.5642733382  -0.6304645868  -0.5600965637
0.5595851548  -0.6248279891  -0.5648804456
0.5549244854  -0.6192298395  -0.5696315444
0.5502911707  -0.6136694014  -0.5743489087
0.5456850653  -0.6081460102  -0.5790316964
0.5411060347  -0.6026590702  -0.5836791749
0.5365539545  -0.5972080516  -0.5882907264
0.5320287119  -0.5917924867  -0.5928658586
0.5275302034  -0.5864119669  -0.5974042063
0.5230583322  -0.5810661384  -0.6019055295
0.5186130066  -0.5757546983  -0.6063697235
0.5141941411  -0.5704773902  -0.6107968244
0.5098016543  -0.5652340004  -0.6151870121
0.5054354676  -0.5600243533  -0.6195406193
0.5010955054  -0.5548483073  -0.6238581396
0.4967816944  -0.5497057504  -0.6281402401
0.4924939645  -0.5445965964  -0.6323877788
0.4882322504  -0.5395207812  -0.6366018291
0.4839964949  -0.5344782594  -0.6407837211
0.4797866575  -0.5294690022  -0.6449351132
0.4756027320  -0.5244929974  -0.6490581257
0.4714447903  -0.5195502540  -0.6531556430
0.4673130980  -0.5146408231  -0.6572320473
0.4632085540  -0.5097648089  -0.6612958676
0.4591312526  -0.5049222584  -0.6653516832
0.4550780422  -0.5001129726  -0.6693910888
0.4510455591  -0.4953365438  -0.6734059269
0.4470340730  -0.4905926060  -0.6773961592
0.4430451608  -0.4858809272  -0.6813629306
0.4390792674  -0.4812013181  -0.6853065156
0.4351362544  -0.4765535765  -0.6892271079
0.4312159409  -0.4719374892  -0.6931249024
0.4273181473  -0.4673528352  -0.6970000958
0.4234426955  -0.4627993860  -0.7008528864
0.4195894090  -0.4582769065  -0.7046834735
0.4157581131  -0.4537851548  -0.7084920574
0.4119486343  -0.4493238830  -0.7122788384
0.4081608008  -0.4448928379  -0.7160440165
0.4043944421  -0.4404917614  -0.7197877913
0.4006493893  -0.4361203911  -0.7235103609
0.3969254747  -0.4317784610  -0.7272119216
0.3932225323  -0.4274657021  -0.7308926676
0.3895403974  -0.4231818431  -0.7345527903
0.3858789066  -0.4189266112  -0.7381924777
0.3822378983  -0.4146997324  -0.7418119139
0.3786172121  -0.4105009327  -0.7454112789
0.3750166890  -0.4063299379  -0.7489907474
0.3714361716  -0.4021864752  -0.7525504888
0.3678755038  -0.3980702729  -0.7560906666
0.3643345312  -0.3939810611  -0.7596114370
0.3608131003  -0.3899185717  -0.7631129487
0.3573110593  -0.3858825385  -0.7665953407
0.3538282571  -0.3818726950  -0.7700587404
0.3503645434  -0.3778887705  -0.7735032573
0.3469197660  -0.3739304722  -0.7769289675
0.3434937727  -0.3699975151  -0.7803359178
0.3400864223  -0.3660897440  -0.7837242006
0.3366975941  -0.3622071293  -0.7870940032
0.3333271710  -0.3583495564  -0.7904455346
0.3299750199  -0.3545167600  -0.7937789547
0.3266409963  -0.3507084594  -0.7970943939
0.3233249601  -0.3469244268  -0.8003919824
0.3200267767  -0.3431644597  -0.8036718523
0.3167463144  -0.3394283627  -0.8069341344
0.3134834429  -0.3357159447  -0.8101789581
0.3102380330  -0.3320270185  -0.8134064515
0.3070099568  -0.3283614007  -0.8166167416
0.3037990879  -0.3247189115  -0.8198099537
0.3006053007  -0.3210993748  -0.8229862122
0.2974284711  -0.3175026173  -0.8261456400
0.2942684759  -0.3139284689  -0.8292883588
0.2911251934  -0.3103767621  -0.8324144893
0.2879985027  -0.3068473318  -0.8355241508
0.2848882843  -0.3033400150  -0.8386174615
0.2817944196  -0.2998546508  -0.8416945386
0.2787167912  -0.2963910798  -0.8447554980
0.2756552827  -0.2929491440  -0.8478004547
0.2726097790  -0.2895286866  -0.8508295225
0.2695801657  -0.2861295516  -0.8538428143
0.2665663296  -0.2827515836  -0.8568404419
0.2635681585  -0.2793946276  -0.8598225163
0.2605855413  -0.2760585287  -0.8627891474
0.2576183677  -0.2727431317  -0.8657404443
0.2546665285  -0.2694482809  -0.8686765152
0.2517299154  -0.2661738190  -0.8715974675
0.2488084211  -0.2629195855  -0.8745034078
0.2459019392  -0.2596854155  -0.8773944422
0.2430103641  -0.2564711466  -0.8802706761
0.2401335914  -0.2532766284  -0.8831322136
0.2372715172  -0.2501017215  -0.8859791573
0.2344240387  -0.2469462861  -0.8888116087
0.2315910538  -0.2438101790  -0.8916296687
0.2287724616  -0.2406932558  -0.8944334374
0.2259681618  -0.2375953739  -0.8972230143
0.2231780550  -0.2345163918  -0.8999984977
0.2204020428  -0.2314561692  -0.9027599855
0.2176400274  -0.2284145669  -0.9055075746
0.2148919119  -0.2253914468  -0.9082413610
0.2121576002  -0.2223866719  -0.9109614401
0.2094369969  -0.2194001024  -0.9136679064
0.2067300075  -0.2164315930  -0.9163608536
0.2040365383  -0.2134810072  -0.9190403748
0.2013564963  -0.2105482292  -0.9217065621
0.1986897893  -0.2076331422  -0.9243595071
0.1960363257  -0.2047356151  -0.9269993003
0.1933960149  -0.2018555150  -0.9296260318
0.1907687669  -0.1989927114  -0.9322397909
0.1881544923  -0.1961470748  -0.9348406661
0.1855531026  -0.1933184763  -0.9374287455
0.1829645099  -0.1905067877  -0.9400041160
0.1803886270  -0.1877118816  -0.9425668643
0.1778253674  -0.1849336317  -0.9451170762
0.1752746454  -0.1821719124  -0.9476548367
0.1727363759  -0.1794265990  -0.9501802304
0.1702104743  -0.1766975681  -0.9526933410
0.1676968569  -0.1739846971  -0.9551942516
0.1651954406  -0.1712878642  -0.9576830448
0.1627061430  -0.1686069492  -0.9601598025
0.1602288821  -0.1659418325  -0.9626246057
0.1577635767  -0.1632923957  -0.9650775350
0.1553101465  -0.1606585215  -0.9675186704
0.1528685113  -0.1580400937  -0.9699480912
0.1504385918  -0.1554369970  -0.9723658760
0.1480203095  -0.1528491174  -0.9747721030
0.1456135861  -0.1502763416  -0.9771668496
0.1432183442  -0.1477185575  -0.9795501927
0.1408345069  -0.1451756539  -0.9819222086
0.1384619979  -0.1426475206  -0.9842829729
0.1361007413  -0.1401340483  -0.9866325607
0.1337506622  -0.1376351285  -0.9889710467
0.1314116859  -0.1351506537  -0.9912985047
0.1290837389  -0.1326805581  -0.9936150177
0.1267667488  -0.1302247896  -0.9959206793
0.1244606422  -0.1277831446  -0.9982155548
0.1221653439  -0.1253553936  -1.0004996836
0.1198807814  -0.1229414826  -1.0027731255
0.1176068847  -0.1205413748  -1.0050359526
0.1153435839  -0.1181549730  -1.0072882319
0.1130908091  -0.1157821796  -1.0095300303
0.1108484907  -0.1134228971  -1.0117614151
0.1086165598  -0.1110770284  -1.0139824539
0.1063949479  -0.1087444762  -1.0161932146
0.1041835872  -0.1064251436  -1.0183937655
0.1019824102  -0.1041189336  -1.0205841753
0.0997913499  -0.1018257493  -1.0227645132
0.0976103400  -0.0995454937  -1.0249348488
0.0954393145  -0.0972780701  -1.0270952522
0.0932782077  -0.0950233819  -1.0292457941
0.0911269548  -0.0927813325  -1.0313865455
0.0889854910  -0.0905518256  -1.0335175778
0.0868537522  -0.0883347650  -1.0356389628
0.0847316747  -0.0861300549  -1.0377507727
0.0826191952  -0.0839375997  -1.0398530796
0.0805162509  -0.0817573041  -1.0419459561
0.0784227794  -0.0795890733  -1.0440294745
0.0763387187  -0.0774328130  -1.0461037071
0.0742640073  -0.0752884292  -1.0481687260
0.0721985839  -0.0731558286  -1.0502246028
0.0701423880  -0.0710349185  -1.0522714085
0.0680953593  -0.0689256067  -1.0543092134
0.0660574378  -0.0668278018  -1.0563380868
0.0640285642  -0.0647414130  -1.0583580969
0.0620086794  -0.0626663504  -1.0603693105
0.0599983065  -0.0606025457  -1.0624006268
0.0579977681  -0.0585499214  -1.0644663910
0.0560054987  -0.0565083334  -1.0665174013
0.0540209967  -0.0544776814  -1.0685664239
0.0520449863  -0.0524579100  -1.0706126320
0.0500773979  -0.0504489347  -1.0726550782
0.0481181658  -0.0484506721  -1.0746926944
0.0461672278  -0.0464630397  -1.0767242922
0.0442245255  -0.0444859559  -1.0787485623
0.0422900047  -0.0425193397  -1.0807640751
0.0403636158  -0.0405631114  -1.0827692803
0.0384453133  -0.0386171917  -1.0847625069
0.0365350567  -0.0366815021  -1.0867419636
0.0346328101  -0.0347559648  -1.0887057382
0.0327385428  -0.0328405026  -1.0906517983
0.0308522290  -0.0309350391  -1.0925779906
0.0289738480  -0.0290394980  -1.0944820413
0.0271033843  -0.0271538038  -1.0963615561
0.0252408277  -0.0252778815  -1.0982140201
0.0233861728  -0.0234116564  -1.1000367978
0.0215394194  -0.0215550542  -1.1018271331
0.0197005722  -0.0197080012  -1.1035821494
0.0178696406  -0.0178704238  -1.1052988494
0.0160466383  -0.0160422492  -1.1069741153
0.0142315833  -0.0142234046  -1.1086047088
0.0124244972  -0.0124138180  -1.1101872708
0.0106254051  -0.0106134179  -1.1117183219
0.0088343347  -0.0088221331  -1.1131942619
0.0070513159  -0.0070398933  -1.1146113701
0.0052763802  -0.0052666288  -1.1159658053
0.0035095597  -0.0035022706  -1.1172536055
0.0017508862  -0.0017467509  -1.1184706884
0.0017500632  -0.0017467466  -1.1184706884
