0.152389
1.1513175949  -1.6243615966   0.0000638507
1.1513175949  -1.6243615966   0.0000638507
1.1513271317  -1.6243812788   0.0000562525
1.1513280424  -1.6243735071   0.0000334301
1.1513148608  -1.6243269504  -0.0000050551
1.1512854006  -1.6242372737  -0.0000596361
1.1512387434  -1.6241027017  -0.0001307407
1.1511743292  -1.6239221818  -0.0002187912
1.1510917355  -1.6236949346  -0.0003242044
1.1509906014  -1.6234203020  -0.0004473917
1.1508705978  -1.6230976861  -0.0005887589
1.1507314126  -1.6227265198  -0.0007487066
1.1505727435  -1.6223062526  -0.0009276298
1.1503942942  -1.6218363430  -0.0011259181
1.1501957720  -1.6213162535  -0.0013439556
1.1499768864  -1.6207454486  -0.0015821210
1.1497373484  -1.6201233932  -0.0018407875
1.1494768698  -1.6194495518  -0.0021203230
1.1491951631  -1.6187233881  -0.0024210898
1.1488919412  -1.6179443650  -0.0027434447
1.1485669174  -1.6171119446  -0.0030877394
1.1482198049  -1.6162255887  -0.0034543196
1.1478503177  -1.6152847589  -0.0038435262
1.1474581698  -1.6142889170  -0.0042556940
1.1470430757  -1.6132375259  -0.0046911529
1.1466047502  -1.6121300494  -0.0051502270
1.1461429088  -1.6109659534  -0.0056332351
1.1456572676  -1.6097447063  -0.0061404906
1.1451475436  -1.6084657797  -0.0066723013
1.1446134544  -1.6071286489  -0.0072289696
1.1440547189  -1.6057327938  -0.0078107926
1.1434710570  -1.6042776992  -0.0084180618
1.1428621881  -1.6027624214  -0.0090520460
1.1422278385  -1.6011868468  -0.0097121306
1.1415677341  -1.5995510466  -0.0103982578
1.1408815966  -1.5978542156  -0.0111107041
1.1401691524  -1.5960957238  -0.0118497327
1.1394301310  -1.5942750664  -0.0126156064
1.1386642643  -1.5923917657  -0.0134085859
1.1378712865  -1.5904453619  -0.0142289309
1.1370509343  -1.5884354100  -0.0150768994
1.1362029468  -1.5863614790  -0.0159527470
1.1353270658  -1.5842231532  -0.0168567271
1.1344230367  -1.5820200327  -0.0177890902
1.1334906076  -1.5797517339  -0.0187500837
1.1325295295  -1.5774178899  -0.0197399520
1.1315395570  -1.5750181526  -0.0207589359
1.1305204485  -1.5725521932  -0.0218072728
1.1294719659  -1.5700197012  -0.0228851961
1.1283938743  -1.5674203851  -0.0239929356
1.1272859434  -1.5647539748  -0.0251307170
1.1261479468  -1.5620202214  -0.0262987618
1.1249796617  -1.5592188975  -0.0274972873
1.1237808703  -1.5563497987  -0.0287265063
1.1225513595  -1.5534127438  -0.0299866271
1.1212909197  -1.5504075742  -0.0312778535
1.1199993469  -1.5473341555  -0.0326003842
1.1186764417  -1.5441923775  -0.0339544134
1.1173220089  -1.5409821547  -0.0353401301
1.1159358593  -1.5377034297  -0.0367577181
1.1145178079  -1.5343561693  -0.0382073565
1.1130676751  -1.5309403652  -0.0396892186
1.1115852877  -1.5274560367  -0.0412034728
1.1100704764  -1.5239031243  -0.0427502818
1.1085230773  -1.5202816632  -0.0443298034
1.1069429322  -1.5165919659  -0.0459421908
1.1053298897  -1.5128342565  -0.0475875892
1.1036838035  -1.5090086100  -0.0492661322
1.1020045314  -1.5051151709  -0.0509779481
1.1002919386  -1.5011541426  -0.0527231636
1.0985458952  -1.4971257573  -0.0545019001
1.0967662776  -1.4930302732  -0.0563142727
1.0949529673  -1.4888679746  -0.0581603920
1.0931058518  -1.4846391748  -0.0600403642
1.0912248249  -1.4803442140  -0.0619542907
1.0893097858  -1.4759834580  -0.0639022672
1.0873606400  -1.4715572992  -0.0658843846
1.0853772983  -1.4670661547  -0.0679007320
1.0833596775  -1.4625104658  -0.0699513944
1.0813076997  -1.4578907011  -0.0720364508
1.0792212923  -1.4532073555  -0.0741559749
1.0771003885  -1.4484609453  -0.0763100362
1.0749449272  -1.4436520086  -0.0784987001
1.0727548531  -1.4387811099  -0.0807220281
1.0705301163  -1.4338488374  -0.0829800779
1.0682706720  -1.4288558024  -0.0852728999
1.0659764798  -1.4238026387  -0.0876005412
1.0636475057  -1.4186900002  -0.0899630480
1.0612837199  -1.4135185611  -0.0923604583
1.0588850968  -1.4082890144  -0.0947928039
1.0564516155  -1.4030020716  -0.0972601170
1.0539832612  -1.3976584681  -0.0997624221
1.0514800236  -1.3922589578  -0.1022997356
1.0489418940  -1.3868043054  -0.1048720719
1.0463688706  -1.3812952919  -0.1074794440
1.0437609497  -1.3757327064  -0.1101218588
1.0411181616  -1.3701173876  -0.1127993171
1.0384405803  -1.3644502392  -0.1155118157
1.0357280373  -1.3587319331  -0.1182593474
1.0329803100  -1.3529630892  -0.1210418977
1.0301974705  -1.3471446414  -0.1238594468
1.0273795994  -1.3412775604  -0.1267119726
1.0245266724  -1.3353627250  -0.1295994482
1.0216386947  -1.3294009864  -0.1325218387
1.0187157049  -1.3233931138  -0.1354791053
1.0157577469  -1.3173398656  -0.1384712077
1.0127648607  -1.3112421455  -0.1414980985
1.0097370354  -1.3051009494  -0.1445597228
1.0066743445  -1.2989173880  -0.1476560192
1.0035769643  -1.2926926552  -0.1507869207
1.0004449553  -1.2864278092  -0.1539523585
0.9972783394  -1.2801238510  -0.1571522573
0.9940771995  -1.2737818297  -0.1603865349
0.9908416225  -1.2674027809  -0.1636551066
0.9875717036  -1.2609877292  -0.1669578791
0.9842676045  -1.2545377519  -0.1702947494
0.9809294179  -1.2480538409  -0.1736656113
0.9775571318  -1.2415368617  -0.1770703571
0.9741509993  -1.2349879292  -0.1805088732
0.9707112372  -1.2284081135  -0.1839810370
0.9672377505  -1.2217981535  -0.1874867196
0.9637307585  -1.2151590857  -0.1910257882
0.9601905435  -1.2084920042  -0.1945981019
0.9566170418  -1.2017976424  -0.1982035143
0.9530103527  -1.1950768842  -0.2018418716
0.9493707455  -1.1883307813  -0.2055130112
0.9456984500  -1.1815603378  -0.2092167687
0.9419935862  -1.1747664389  -0.2129529734
0.9382562707  -1.1679499604  -0.2167214430
0.9344867670  -1.1611119198  -0.2205219916
0.9306852200  -1.1542532127  -0.2243544346
0.9268517313  -1.1473746845  -0.2282185811
0.9229865047  -1.1404772788  -0.2321142286
0.9190898348  -1.1335620127  -0.2360411575
0.9151618928  -1.1266297941  -0.2399991400
0.9112027540  -1.1196815398  -0.2439880013
0.9072127691  -1.1127185014  -0.2480076363
0.9031922316  -1.1057417551  -0.2520579096
0.8991412689  -1.0987520853  -0.2561385935
0.8950600789  -1.0917503580  -0.2602494140
0.8909487940  -1.0847374252  -0.2643900943
0.8868076840  -1.0777142997  -0.2685603559
0.8826371303  -1.0706821149  -0.2727599173
0.8784372488  -1.0636417318  -0.2769884962
0.8742083492  -1.0565942037  -0.2812458074
0.8699507843  -1.0495406298  -0.2855315592
0.8656646210  -1.0424818135  -0.2898454553
0.8613500402  -1.0354186686  -0.2941871980
0.8570074357  -1.0283523174  -0.2985564939
0.8526372082  -1.0212838801  -0.3029530440
0.8482396226  -1.0142143324  -0.3073765371
0.8438148635  -1.0071445554  -0.3118266664
0.8393632816  -1.0000755787  -0.3163031254
0.8348852129  -0.9930084048  -0.3208055956
0.8303808692  -0.9859438955  -0.3253337558
0.8258506673  -0.9788830996  -0.3298872827
0.8212947651  -0.9718267847  -0.3344658411
0.8167134660  -0.9647758406  -0.3390690795
0.8121072970  -0.9577313636  -0.3436966258
0.8074764832  -0.9506941225  -0.3483480801
0.8028212979  -0.9436649055  -0.3530229922
0.7981421031  -0.9366445700  -0.3577208276
0.7934392024  -0.9296338956  -0.3624408992
0.7887128466  -0.9226336087  -0.3671821900
0.7839632083  -0.9156444016  -0.3719429000
0.7791899216  -0.9086668377  -0.3767184309
0.7743933053  -0.9017014100  -0.3815087451
0.7695767588  -0.8947490883  -0.3863251637
0.7647434559  -0.8878112717  -0.3911763536
0.7598924407  -0.8808891298  -0.3960613699
0.7550214982  -0.8739832822  -0.4009777956
0.7501299727  -0.8670940378  -0.4059242099
0.7452181318  -0.8602217350  -0.4108992113
0.7402862192  -0.8533665652  -0.4159013106
0.7353345399  -0.8465287097  -0.4209289397
0.7303635421  -0.8397084253  -0.4259804593
0.7253735418  -0.8329057728  -0.4310541611
0.7203647586  -0.8261206567  -0.4361482802
0.7153375675  -0.8193530847  -0.4412610035
0.7102923980  -0.8126030723  -0.4463904698
0.7052298256  -0.8058707381  -0.4515347735
0.7001500217  -0.7991557571  -0.4566919735
0.6950532395  -0.7924578527  -0.4618601033
0.6899400777  -0.7857770679  -0.4670371736
0.6848107685  -0.7791130588  -0.4722211760
0.6796655884  -0.7724655083  -0.4774100921
0.6745047682  -0.7658340439  -0.4826018965
0.6693284138  -0.7592181691  -0.4877945642
0.6641365020  -0.7526172630  -0.4929860776
0.6589286900  -0.7460303921  -0.4981744247
0.6537042491  -0.7394562686  -0.5033576074
0.6484617899  -0.7328929783  -0.5085336512
0.6431987268  -0.7263374650  -0.5137006066
0.6379103525  -0.7197846466  -0.5188565551
0.6325876235  -0.7132252489  -0.5239996179
0.6272110971  -0.7066398662  -0.5291279659
0.6217356438  -0.6999839547  -0.5342398473
0.6159984597  -0.6930976613  -0.5393335802
0.6103221140  -0.6863065689  -0.5444074195
0.6051187530  -0.6800167975  -0.5494594923
0.6001667045  -0.6739977792  -0.5544879764
0.5952617608  -0.6680423651  -0.5594912509
0.5903857542  -0.6621312945  -0.5644678422
0.5855381914  -0.6562631085  -0.5694163537
0.5807188530  -0.6504367368  -0.5743354667
0.5759275313  -0.6446511887  -0.5792239538
0.5711640348  -0.6389055526  -0.5840806797
0.5664281873  -0.6331989944  -0.5889046063
0.5617198281  -0.6275307552  -0.5936948019
0.5570388112  -0.6219001489  -0.5984504432
0.5523850021  -0.6163065597  -0.6031708156
0.5477582759  -0.6107494387  -0.6078553150
0.5431585179  -0.6052283008  -0.6125034571
0.5385856242  -0.5997427203  -0.6171148858
0.5340394980  -0.5942923281  -0.6216893683
0.5295200471  -0.5888768070  -0.6262268007
0.5250271852  -0.5834958879  -0.6307272182
0.5205608309  -0.5781493452  -0.6351907972
0.5161209057  -0.5728369927  -0.6396178625
0.5117073335  -0.5675586794  -0.6440088958
0.5073200412  -0.5623142849  -0.6483645478
0.5029589586  -0.5571037160  -0.6526856548
0.4986240204  -0.5519269023  -0.6569732623
0.4943151690  -0.5467837931  -0.6612286639
0.4900323630  -0.5416743552  -0.6654534688
0.4857755937  -0.5365985723  -0.6696497274
0.4815449267  -0.5315564493  -0.6738202139
0.4773406109  -0.5265480323  -0.6779691056
0.4731635385  -0.5215734191  -0.6821046908
0.4690139049  -0.5166326634  -0.6862318991
0.4648886802  -0.5117255987  -0.6903429205
0.4607844041  -0.5068518384  -0.6944294422
0.4567011911  -0.5020110002  -0.6984911602
0.4526406351  -0.4972028298  -0.7025292612
0.4486032366  -0.4924271302  -0.7065440312
0.4445888653  -0.4876836975  -0.7105356631
0.4405973412  -0.4829723161  -0.7145043506
0.4366284854  -0.4782927630  -0.7184502896
0.4326821205  -0.4736448081  -0.7223736772
0.4287580709  -0.4690282141  -0.7262747120
0.4248561626  -0.4644427373  -0.7301535932
0.4209762229  -0.4598881278  -0.7340105200
0.4171180808  -0.4553641305  -0.7378456916
0.4132815665  -0.4508704854  -0.7416593067
0.4094665119  -0.4464069281  -0.7454515625
0.4056727501  -0.4419731906  -0.7492226545
0.4019001157  -0.4375690019  -0.7529727761
0.3981484449  -0.4331940888  -0.7567021178
0.3944175750  -0.4288481764  -0.7604108670
0.3907073449  -0.4245309889  -0.7640992072
0.3870175951  -0.4202422500  -0.7677673175
0.3833481672  -0.4159816839  -0.7714153722
0.3796989045  -0.4117490156  -0.7750435402
0.3760696516  -0.4075439716  -0.7786519843
0.3724602546  -0.4033662801  -0.7822408605
0.3688705609  -0.3992156715  -0.7858103170
0.3653004191  -0.3950918776  -0.7893604929
0.3617496788  -0.3909946310  -0.7928915153
0.3582181903  -0.3869236600  -0.7964034944
0.3547058022  -0.3828786718  -0.7998965072
0.3512123622  -0.3788593776  -0.8033706001
0.3477377294  -0.3748656127  -0.8068258607
0.3442817831  -0.3708973422  -0.8102624723
0.3408444081  -0.3669544569  -0.8136806443
0.3374254725  -0.3630366958  -0.8170805383
0.3340248329  -0.3591437761  -0.8204622843
0.3306423489  -0.3552754669  -0.8238260121
0.3272778866  -0.3514315649  -0.8271718528
0.3239313148  -0.3476118738  -0.8304999368
0.3206025037  -0.3438162018  -0.8338103930
0.3172913247  -0.3400443611  -0.8371033490
0.3139976505  -0.3362961681  -0.8403789310
0.3107213551  -0.3325714427  -0.8436372640
0.3074623135  -0.3288700084  -0.8468784717
0.3042204021  -0.3251916919  -0.8501026768
0.3009954982  -0.3215363230  -0.8533100003
0.2977874804  -0.3179037343  -0.8565005624
0.2945962286  -0.3142937606  -0.8596744820
0.2914216235  -0.3107062392  -0.8628318769
0.2882635471  -0.3071410092  -0.8659728637
0.2851218824  -0.3035979116  -0.8690975580
0.2819965134  -0.3000767885  -0.8722060743
0.2788873253  -0.2965774832  -0.8752985260
0.2757942042  -0.2930998401  -0.8783750256
0.2727170374  -0.2896437040  -0.8814356846
0.2696557129  -0.2862089200  -0.8844806136
0.2666101200  -0.2827953334  -0.8875099220
0.2635801488  -0.2794027893  -0.8905237187
0.2605656903  -0.2760311318  -0.8935221115
0.2575666366  -0.2726802039  -0.8965052075
0.2545828807  -0.2693498448  -0.8994731130
0.2516143164  -0.2660398895  -0.9024259339
0.2486608386  -0.2627501746  -0.9053637753
0.2457223429  -0.2594805490  -0.9082867409
0.2427987258  -0.2562308733  -0.9111949334
0.2398898846  -0.2530010083  -0.9140884539
0.2369957176  -0.2497908106  -0.9169674031
0.2341161238  -0.2466001360  -0.9198318809
0.2312510034  -0.2434288416  -0.9226819865
0.2284002571  -0.2402767859  -0.9255178183
0.2255637865  -0.2371438285  -0.9283394739
0.2227414941  -0.2340298299  -0.9311470500
0.2199332830  -0.2309346518  -0.9339406425
0.2171390573  -0.2278581572  -0.9367203468
0.2143587218  -0.2248002057  -0.9394862572
0.2115921819  -0.2217606507  -0.9422384675
0.2088393440  -0.2187393554  -0.9449770706
0.2061001151  -0.2157362051  -0.9477021585
0.2033744032  -0.2127510841  -0.9504138228
0.2006621168  -0.2097838612  -0.9531121540
0.1979631651  -0.2068344025  -0.9557972422
0.1952774582  -0.2039025774  -0.9584691767
0.1926049066  -0.2009882556  -0.9611280461
0.1899454219  -0.1980913077  -0.9637739383
0.1872989160  -0.1952116049  -0.9664069406
0.1846653018  -0.1923490192  -0.9690271395
0.1820444928  -0.1895034236  -0.9716346208
0.1794364030  -0.1866746918  -0.9742294699
0.1768409472  -0.1838626985  -0.9768117713
0.1742580409  -0.1810673193  -0.9793816088
0.1716876001  -0.1782884309  -0.9819390659
0.1691295417  -0.1755259111  -0.9844842250
0.1665837830  -0.1727796384  -0.9870171682
0.1640502419  -0.1700494928  -0.9895379768
0.1615288372  -0.1673353550  -0.9920467317
0.1590194881  -0.1646371070  -0.9945435128
0.1565221145  -0.1619546317  -0.9970283998
0.1540366367  -0.1592878131  -0.9995014714
0.1515629760  -0.1566365363  -1.0019628061
0.1491010539  -0.1540006874  -1.0044124816
0.1466507927  -0.1513801533  -1.0068505749
0.1442121153  -0.1487748221  -1.0092771626
0.1417849451  -0.1461845827  -1.0116923206
0.1393692060  -0.1436093250  -1.0140961245
0.1369648227  -0.1410489397  -1.0164886489
0.1345717203  -0.1385033184  -1.0188699681
0.1321898249  -0.1359723983  -1.0212401660
0.1298190639  -0.1334561311  -1.0235993374
0.1274593635  -0.1309543034  -1.0259475477
0.1251106481  -0.1284666735  -1.0282848349
0.1227728445  -0.1259931909  -1.0306112588
0.1204458827  -0.1235338237  -1.0329268917
0.1181296924  -0.1210884742  -1.0352318009
0.1158242032  -0.1186570441  -1.0375260536
0.1135293452  -0.1162394354  -1.0398097175
0.1112450492  -0.1138355500  -1.0420828604
0.1089712462  -0.1114452898  -1.0443455507
0.1067078680  -0.1090685570  -1.0465978571
0.1044548467  -0.1067052534  -1.0488398488
0.1022121149  -0.1043552810  -1.0510715957
0.0999796058  -0.1020185418  -1.0532931679
0.0977572528  -0.0996949378  -1.0555046364
0.0955449901  -0.0973843710  -1.0577060725
0.0933427520  -0.0950867435  -1.0598975480
0.0911504736  -0.0928019573  -1.0620791352
0.0889680901  -0.0905299149  -1.0642509068
0.0867955373  -0.0882705188  -1.0664129359
0.0846327515  -0.0860236717  -1.0685652958
0.0824796692  -0.0837892769  -1.0707080599
0.0803362276  -0.0815672376  -1.0728413016
0.0782023641  -0.0793574577  -1.0749650945
0.0760780166  -0.0771598417  -1.0770795116
0.0739631234  -0.0749742943  -1.0791846256
0.0718576233  -0.0728007209  -1.0812805087
0.0697614553  -0.0706390276  -1.0833672323
0.0676745591  -0.0684891210  -1.0854448668
0.0655968745  -0.0663509086  -1.0875134815
0.0635283421  -0.0642242985  -1.0895731441
0.0614695134  -0.0621092228  -1.0916534695
0.0594207299  -0.0600056033  -1.0937691581
0.0573803491  -0.0579132881  -1.0958697869
0.0553478467  -0.0558321737  -1.0979684379
0.0533239855  -0.0537622059  -1.1000642627
0.0513086947  -0.0517032987  -1.1021562894
0.0493019075  -0.0496553668  -1.1042434228
0.0473035605  -0.0476183259  -1.1063244437
0.0453135948  -0.0455920929  -1.1083980095
0.0433319555  -0.0435765853  -1.1104626542
0.0413585925  -0.0415717214  -1.1125167880
0.0393934602  -0.0395774204  -1.1145586975
0.0374365180  -0.0375936022  -1.1165865458
0.0354877303  -0.0356201874  -1.1185983725
0.0335470667  -0.0336570972  -1.1205920935
0.0316145023  -0.0317042533  -1.1225655011
0.0296900171  -0.0297615781  -1.1245162642
0.0277735969  -0.0278289943  -1.1264419278
0.0258652327  -0.0259064252  -1.1283399136
0.0239649209  -0.0239937944  -1.1302075197
0.0220726632  -0.0220910260  -1.1320419205
0.0201884661  -0.0201980443  -1.1338401668
0.0183123414  -0.0183147743  -1.1355991860
0.0164443055  -0.0164411410  -1.1373157818
0.0145843787  -0.0145770702  -1.1389866342
0.0127325858  -0.0127224879  -1.1406082999
0.0108889547  -0.0108773206  -1.1421772118
0.0090535162  -0.0090414956  -1.1436896792
0.0072263036  -0.0072149405  -1.1451418881
0.0054073515  -0.0053975839  -1.1465299005
0.0035966953  -0.0035893551  -1.1478496553
0.0017943702  -0.0017901842  -1.1490969673
0.0017935058  -0.0017901798  -1.1490969673
