0.16031
1.3683142872  -1.3501856450   0.0000416623
1.3683142872  -1.3501856450   0.0000416623
1.3683178988  -1.3501837823   0.0000350602
1.3683156975  -1.3501685584   0.0000177162
1.3683046709  -1.3501392501  -0.0000106522
1.3682826276  -1.3500938217  -0.0000503264
1.3682487436  -1.3500315895  -0.0001015871
1.3682025488  -1.3499522052  -0.0001647139
1.3681437061  -1.3498554445  -0.0002399852
1.3680719384  -1.3497411368  -0.0003276787
1.3679869987  -1.3496091360  -0.0004280711
1.3678886561  -1.3494593074  -0.0005414380
1.3677766885  -1.3492915205  -0.0006680541
1.3676508788  -1.3491056448  -0.0008081931
1.3675110124  -1.3489015481  -0.0009621278
1.3673568756  -1.3486790944  -0.0011301299
1.3671882548  -1.3484381435  -0.0013124703
1.3670049361  -1.3481785505  -0.0015094187
1.3668067044  -1.3479001649  -0.0017212440
1.3665933434  -1.3476028311  -0.0019482141
1.3663646353  -1.3472863875  -0.0021905959
1.3661203608  -1.3469506672  -0.0024486552
1.3658602986  -1.3465954976  -0.0027226571
1.3655842258  -1.3462207004  -0.0030128655
1.3652919177  -1.3458260918  -0.0033195434
1.3649831474  -1.3454114824  -0.0036429528
1.3646576863  -1.3449766775  -0.0039833548
1.3643153038  -1.3445214772  -0.0043410095
1.3639557671  -1.3440456762  -0.0047161759
1.3635788418  -1.3435490643  -0.0051091122
1.3631842911  -1.3430314263  -0.0055200756
1.3627718765  -1.3424925425  -0.0059493222
1.3623413493  -1.3419318114  -0.0063977302
1.3618924762  -1.3413493474  -0.0068649927
1.3614250236  -1.3407454037  -0.0073511641
1.3609387372  -1.3401194769  -0.0078564640
1.3604333649  -1.3394712096  -0.0083811231
1.3599086554  -1.3388003156  -0.0089253900
1.3593643562  -1.3381065202  -0.0094895148
1.3588002130  -1.3373895544  -0.0100737504
1.3582159700  -1.3366491499  -0.0106783522
1.3576113692  -1.3358850372  -0.0113035784
1.3569861513  -1.3350969460  -0.0119496887
1.3563400549  -1.3342846047  -0.0126169453
1.3556728171  -1.3334477404  -0.0133056119
1.3549841733  -1.3325860797  -0.0140159543
1.3542738573  -1.3316993488  -0.0147482400
1.3535416012  -1.3307872743  -0.0155027384
1.3527871356  -1.3298495827  -0.0162797201
1.3520101896  -1.3288860013  -0.0170794575
1.3512104907  -1.3278962584  -0.0179022240
1.3503877652  -1.3268800833  -0.0187482944
1.3495417382  -1.3258372074  -0.0196179449
1.3486721339  -1.3247673636  -0.0205114528
1.3477786749  -1.3236702869  -0.0214290967
1.3468610826  -1.3225457143  -0.0223711563
1.3459190774  -1.3213933855  -0.0233379125
1.3449523784  -1.3202130428  -0.0243296473
1.3439607039  -1.3190044321  -0.0253466436
1.3429437711  -1.3177673025  -0.0263891851
1.3419012960  -1.3165014070  -0.0274575565
1.3408329933  -1.3152065021  -0.0285520430
1.3397385774  -1.3138823485  -0.0296729304
1.3386177627  -1.3125286053  -0.0308205053
1.3374702628  -1.3111450040  -0.0319950556
1.3362957907  -1.3097315363  -0.0331968695
1.3350940607  -1.3082880893  -0.0344262360
1.3338647868  -1.3068143795  -0.0356834444
1.3326076816  -1.3053101643  -0.0369687839
1.3313224560  -1.3037752275  -0.0382825433
1.3300088187  -1.3022093613  -0.0396250114
1.3286664775  -1.3006123642  -0.0409964776
1.3272951395  -1.2989840380  -0.0423972318
1.3258945114  -1.2973241878  -0.0438275647
1.3244643004  -1.2956326254  -0.0452877664
1.3230042171  -1.2939091725  -0.0467781263
1.3215139753  -1.2921536598  -0.0482989324
1.3199932901  -1.2903659237  -0.0498504720
1.3184418781  -1.2885458063  -0.0514330324
1.3168594567  -1.2866931542  -0.0530469004
1.3152457398  -1.2848078156  -0.0546923622
1.3136004386  -1.2828896396  -0.0563697031
1.3119232650  -1.2809384803  -0.0580792082
1.3102139313  -1.2789541965  -0.0598211622
1.3084721505  -1.2769366521  -0.0615958487
1.3066976398  -1.2748857198  -0.0634035494
1.3048901189  -1.2728012790  -0.0652445451
1.3030493078  -1.2706832139  -0.0671191148
1.3011749277  -1.2685314151  -0.0690275355
1.2992667022  -1.2663457810  -0.0709700820
1.2973243572  -1.2641262164  -0.0729470277
1.2953476165  -1.2618726283  -0.0749586447
1.2933362022  -1.2595849266  -0.0770052041
1.2912898371  -1.2572630269  -0.0790869743
1.2892082467  -1.2549068496  -0.0812042200
1.2870911693  -1.2525163286  -0.0833572029
1.2849383564  -1.2500914228  -0.0855461837
1.2827495652  -1.2476321127  -0.0877714216
1.2805245473  -1.2451383824  -0.0900331730
1.2782630395  -1.2426102103  -0.0923316886
1.2759647702  -1.2400475914  -0.0946672147
1.2736294688  -1.2374505423  -0.0970399965
1.2712568807  -1.2348190158  -0.0994502791
1.2688467782  -1.2321528086  -0.1018983055
1.2663989491  -1.2294516784  -0.1043843142
1.2639131806  -1.2267155764  -0.1069085388
1.2613892377  -1.2239446582  -0.1094712086
1.2588268621  -1.2211391389  -0.1120725477
1.2562257967  -1.2182992257  -0.1147127764
1.2535858140  -1.2154251348  -0.1173921113
1.2509067051  -1.2125170808  -0.1201107646
1.2481882567  -1.2095752524  -0.1228689441
1.2454302538  -1.2065998156  -0.1256668532
1.2426324986  -1.2035909308  -0.1285046918
1.2397948198  -1.2005487600  -0.1313826552
1.2369170409  -1.1974734390  -0.1343009346
1.2339989700  -1.1943650671  -0.1372597159
1.2310404175  -1.1912237245  -0.1402591784
1.2280412081  -1.1880494882  -0.1432994952
1.2250011648  -1.1848424175  -0.1463808365
1.2219200957  -1.1816025407  -0.1495033690
1.2187978166  -1.1783298829  -0.1526672532
1.2156341824  -1.1750244980  -0.1558726431
1.2124290810  -1.1716864649  -0.1591196869
1.2091823889  -1.1683158474  -0.1624085262
1.2058939400  -1.1649126638  -0.1657392941
1.2025635501  -1.1614769114  -0.1691121171
1.1991910818  -1.1580086364  -0.1725271166
1.1957764618  -1.1545079502  -0.1759844050
1.1923196301  -1.1509749776  -0.1794840835
1.1888204540  -1.1474097584  -0.1830262444
1.1852787272  -1.1438122160  -0.1866109699
1.1816943114  -1.1401821658  -0.1902383214
1.1780672035  -1.1365197081  -0.1939083479
1.1743974333  -1.1328262669  -0.1976211514
1.1706849636  -1.1291040751  -0.2013769151
1.1669297090  -1.1253537727  -0.2051758016
1.1631315848  -1.1215740615  -0.2090178666
1.1592905059  -1.1177636833  -0.2129030928
1.1554063996  -1.1139223734  -0.2168314497
1.1514792357  -1.1100504375  -0.2208029065
1.1475090073  -1.1061483381  -0.2248174186
1.1434957000  -1.1022165773  -0.2288749272
1.1394393019  -1.0982557007  -0.2329753712
1.1353398349  -1.0942663300  -0.2371186836
1.1311973458  -1.0902491500  -0.2413047861
1.1270118796  -1.0862048752  -0.2455335901
1.1227834979  -1.0821342628  -0.2498049996
1.1185122458  -1.0780380813  -0.2541189124
1.1141981067  -1.0739170596  -0.2584752180
1.1098411520  -1.0697720295  -0.2628737975
1.1054415758  -1.0656039593  -0.2673145249
1.1009995265  -1.0614137797  -0.2717972661
1.0965151142  -1.0572023845  -0.2763218759
1.0919884715  -1.0529706855  -0.2808881962
1.0874197524  -1.0487196091  -0.2854960530
1.0828090639  -1.0444500190  -0.2901452532
1.0781564856  -1.0401627319  -0.2948355783
1.0734622292  -1.0358586700  -0.2995667713
1.0687265334  -1.0315387520  -0.3043385117
1.0639494859  -1.0272037022  -0.3091503757
1.0591311764  -1.0228541862  -0.3140017570
1.0542717354  -1.0184908343  -0.3188916818
1.0493711709  -1.0141140047  -0.3238183985
1.0444289364  -1.0097234021  -0.3287772250
1.0394451892  -1.0053195411  -0.3337675171
1.0344234132  -1.0009065813  -0.3388008223
1.0293674412  -0.9964895536  -0.3438881687
1.0242767790  -0.9920693182  -0.3490306109
1.0191487386  -0.9876438968  -0.3542258166
1.0139818957  -0.9832118124  -0.3594720880
1.0087762497  -0.9787726611  -0.3647679940
1.0035320565  -0.9743261502  -0.3701119997
0.9982491611  -0.9698714329  -0.3755024663
0.9929277134  -0.9654078160  -0.3809376595
0.9875681380  -0.9609347505  -0.3864157564
0.9821706495  -0.9564513514  -0.3919348524
0.9767354136  -0.9519565607  -0.3974929686
0.9712626132  -0.9474492237  -0.4030880598
0.9657525128  -0.9429281698  -0.4087180211
0.9602053845  -0.9383921503  -0.4143806973
0.9546214400  -0.9338397761  -0.4200738885
0.9490008990  -0.9292695982  -0.4257953538
0.9433439842  -0.9246801152  -0.4315428177
0.9376508363  -0.9200696990  -0.4373139778
0.9319215008  -0.9154365962  -0.4431065116
0.9261559231  -0.9107789348  -0.4489180820
0.9203538501  -0.9060946387  -0.4547463441
0.9145147277  -0.9013813427  -0.4605889528
0.9086375216  -0.8966362283  -0.4664435667
0.9027203795  -0.8918557004  -0.4723078523
0.8967599744  -0.8870347561  -0.4781794936
0.8907505795  -0.8821661013  -0.4840562008
0.8846814712  -0.8772376058  -0.4899357176
0.8785308196  -0.8722262866  -0.4958158343
0.8722532932  -0.8670861322  -0.5016944253
0.8656759824  -0.8616455848  -0.5075694395
0.8590940230  -0.8562021924  -0.5134387223
0.8529766408  -0.8512207348  -0.5192998980
0.8471829445  -0.8465515214  -0.5251505882
0.8414721510  -0.8419488390  -0.5309886513
0.8357806354  -0.8373466274  -0.5368121510
0.8301066859  -0.8327413229  -0.5426192484
0.8244500217  -0.8281310638  -0.5484081798
0.8188105272  -0.8235143243  -0.5541772799
0.8131881148  -0.8188897452  -0.5599249924
0.8075827219  -0.8142561344  -0.5656498644
0.8019943091  -0.8096124677  -0.5713505543
0.7964228633  -0.8049578894  -0.5770258426
0.7908683966  -0.8002917125  -0.5826746375
0.7853309439  -0.7956134153  -0.5882959782
0.7798105599  -0.7909226378  -0.5938890402
0.7743073184  -0.7862191778  -0.5994531417
0.7688213106  -0.7815029856  -0.6049877505
0.7633526434  -0.7767741582  -0.6104924892
0.7579014367  -0.7720329314  -0.6159671422
0.7524678221  -0.7672796731  -0.6214116644
0.7470519418  -0.7625148745  -0.6268261904
0.7416539463  -0.7577391415  -0.6322110458
0.7362739941  -0.7529531858  -0.6375667615
0.7309122524  -0.7481578159  -0.6428940951
0.7255688996  -0.7433539295  -0.6481940605
0.7202441323  -0.7385425086  -0.6534679777
0.7149381794  -0.7337246180  -0.6587175522
0.7096513317  -0.7289014158  -0.6639450212
0.7043840138  -0.7240741891  -0.6691534646
0.6991369456  -0.7192444674  -0.6743474576
0.6939119181  -0.7144142924  -0.6795359435
0.6887098022  -0.7095852349  -0.6847252729
0.6835260824  -0.7047564667  -0.6899084540
0.6783545722  -0.6999260542  -0.6950756116
0.6731946379  -0.6950938539  -0.7002246317
0.6680491017  -0.6902611331  -0.7053564774
0.6629195446  -0.6854289309  -0.7104715746
0.6578061883  -0.6805978449  -0.7155700277
0.6527089598  -0.6757683324  -0.7206519402
0.6476277798  -0.6709408111  -0.7257174212
0.6425625694  -0.6661156644  -0.7307665847
0.6375132504  -0.6612932406  -0.7357995498
0.6324797453  -0.6564738540  -0.7408164395
0.6274619768  -0.6516577841  -0.7458173801
0.6224598680  -0.6468452771  -0.7508025003
0.6174733424  -0.6420365464  -0.7557719303
0.6125023236  -0.6372317737  -0.7607258009
0.6075467357  -0.6324311107  -0.7656642426
0.6026065031  -0.6276346804  -0.7705873843
0.5976815506  -0.6228425789  -0.7754953524
0.5927718033  -0.6180548777  -0.7803882699
0.5878771871  -0.6132716254  -0.7852662550
0.5829976284  -0.6084928500  -0.7901294202
0.5781330541  -0.6037185615  -0.7949778707
0.5732833922  -0.5989487537  -0.7998117040
0.5684485711  -0.5941834068  -0.8046310075
0.5636285199  -0.5894224898  -0.8094358579
0.5588231685  -0.5846659617  -0.8142263182
0.5540324471  -0.5799137730  -0.8190024357
0.5492562853  -0.5751658638  -0.8237642365
0.5444946109  -0.5704221583  -0.8285117169
0.5397473445  -0.5656825325  -0.8332448157
0.5350143996  -0.5609468551  -0.8379634138
0.5302957167  -0.5562152250  -0.8426674505
0.5255912975  -0.5514880360  -0.8473570312
0.5209011670  -0.5467655964  -0.8520323344
0.5162253037  -0.5420478974  -0.8566934721
0.5115636406  -0.5373348285  -0.8613404924
0.5069161101  -0.5326263704  -0.8659734332
0.5022826607  -0.5279225788  -0.8705923367
0.4976632493  -0.5232235362  -0.8751972447
0.4930578356  -0.5185293382  -0.8797881976
0.4884663802  -0.5138400932  -0.8843652345
0.4838888453  -0.5091559220  -0.8889283926
0.4793251941  -0.5044769573  -0.8934777080
0.4747753913  -0.4998033432  -0.8980132150
0.4702394024  -0.4951352347  -0.9025349466
0.4657171945  -0.4904727963  -0.9070429345
0.4612087357  -0.4858162021  -0.9115372089
0.4567139953  -0.4811656338  -0.9160177987
0.4522329435  -0.4765212799  -0.9204847317
0.4477655519  -0.4718833339  -0.9249380344
0.4433117930  -0.4672519932  -0.9293777322
0.4388716403  -0.4626274575  -0.9338038493
0.4344450686  -0.4580099277  -0.9382164091
0.4300320533  -0.4533996037  -0.9426154339
0.4256325711  -0.4487966833  -0.9470009453
0.4212465993  -0.4442013601  -0.9513729639
0.4168741164  -0.4396138215  -0.9557315097
0.4125151017  -0.4350342464  -0.9600766022
0.4081695352  -0.4304628018  -0.9644082600
0.4038373979  -0.4258996380  -0.9687265020
0.3995186715  -0.4213448763  -0.9730313464
0.3952133385  -0.4167985999  -0.9773228121
0.3909213822  -0.4122608872  -0.9816009181
0.3866427863  -0.4077318774  -0.9858656818
0.3823775346  -0.4032117787  -0.9901171182
0.3781256116  -0.3987008079  -0.9943552406
0.3738870024  -0.3941991543  -0.9985800619
0.3696616932  -0.3897069913  -1.0027915953
0.3654496707  -0.3852244914  -1.0069898536
0.3612509222  -0.3807518282  -1.0111748494
0.3570654354  -0.3762891758  -1.0153465944
0.3528931984  -0.3718367084  -1.0195051004
0.3487341996  -0.3673946001  -1.0236503783
0.3445884280  -0.3629630250  -1.0277824390
0.3404558728  -0.3585421570  -1.0319012930
0.3363365235  -0.3541321301  -1.0360069505
0.3322303699  -0.3497330011  -1.0400994215
0.3281374021  -0.3453449130  -1.0441787158
0.3240576107  -0.3409682239  -1.0482448428
0.3199909866  -0.3366032731  -1.0522978111
0.3159375206  -0.3322502345  -1.0563376298
0.3118972035  -0.3279092461  -1.0603643078
0.3078700266  -0.3235804645  -1.0643778542
0.3038559810  -0.3192640420  -1.0683782778
0.2998550579  -0.3149601266  -1.0723655876
0.2958672487  -0.3106688630  -1.0763397926
0.2918925445  -0.3063903927  -1.0803009016
0.2879309366  -0.3021248551  -1.0842489237
0.2839824162  -0.2978723876  -1.0881838680
0.2800469745  -0.2936331265  -1.0921057437
0.2761246023  -0.2894072072  -1.0960145601
0.2722152906  -0.2851947648  -1.0999103267
0.2683190300  -0.2809959343  -1.1037930530
0.2644358112  -0.2768108509  -1.1076627488
0.2605656243  -0.2726396499  -1.1115194242
0.2567084596  -0.2684824673  -1.1153630892
0.2528643067  -0.2643394393  -1.1191937544
0.2490331554  -0.2602107026  -1.1230114305
0.2452149946  -0.2560963945  -1.1268161287
0.2414098135  -0.2519966526  -1.1306078602
0.2376176005  -0.2479116148  -1.1343866369
0.2338383438  -0.2438414191  -1.1381524709
0.2300720310  -0.2397862029  -1.1419053747
0.2263186497  -0.2357461034  -1.1456453612
0.2225781866  -0.2317212567  -1.1493724440
0.2188506281  -0.2277117978  -1.1530866368
0.2151359602  -0.2237178598  -1.1567879542
0.2114341715  -0.2197400780  -1.1604764395
0.2077452536  -0.2157792471  -1.1641521694
0.2040691863  -0.2118342897  -1.1678151393
0.2004059367  -0.2079037894  -1.1714652695
0.1967554833  -0.2039884675  -1.1751025439
0.1931178171  -0.2000892475  -1.1787269846
0.1894929248  -0.1962062992  -1.1823386010
0.1858807888  -0.1923397812  -1.1859374051
0.1822813910  -0.1884898428  -1.1895234118
0.1786947125  -0.1846566231  -1.1930966391
0.1751207339  -0.1808402502  -1.1966571083
0.1715594350  -0.1770408407  -1.2002048440
0.1680107946  -0.1732584994  -1.2037398742
0.1644747909  -0.1694933190  -1.2072622304
0.1609514011  -0.1657453800  -1.2107719479
0.1574406013  -0.1620147512  -1.2142690652
0.1539423668  -0.1583014894  -1.2177536244
0.1504566718  -0.1546056401  -1.2212256713
0.1469834897  -0.1509272376  -1.2246852544
0.1435227927  -0.1472663059  -1.2281324258
0.1400745521  -0.1436228589  -1.2315672402
0.1366387382  -0.1399969013  -1.2349897552
0.1332153204  -0.1363884292  -1.2384000306
0.1298042671  -0.1327974308  -1.2417981282
0.1264055457  -0.1292238869  -1.2451841118
0.1230191230  -0.1256677722  -1.2485580462
0.1196449647  -0.1221290555  -1.2519199971
0.1162830357  -0.1186077006  -1.2552700307
0.1129333000  -0.1151036671  -1.2586082129
0.1095957210  -0.1116169108  -1.2619346091
0.1062702611  -0.1081473846  -1.2652492832
0.1029568819  -0.1046950403  -1.2685522974
0.0996572716  -0.1012602542  -1.2718919983
0.0963725080  -0.0978431981  -1.2752923691
0.0930980701  -0.0944426881  -1.2786709278
0.0898326104  -0.0910583926  -1.2820490006
0.0865784096  -0.0876908592  -1.2854251438
0.0833353904  -0.0843400412  -1.2887977120
0.0801034835  -0.0810058942  -1.2921648579
0.0768826289  -0.0776883760  -1.2955245323
0.0736727757  -0.0743874456  -1.2988744843
0.0704738832  -0.0711030634  -1.3022122611
0.0672859211  -0.0678351897  -1.3055352081
0.0641088699  -0.0645837850  -1.3088404687
0.0609427217  -0.0613488084  -1.3121249846
0.0577874798  -0.0581302172  -1.3153854957
0.0546431600  -0.0549279665  -1.3186185399
0.0515097898  -0.0517420077  -1.3218204535
0.0483874094  -0.0485722881  -1.3249873707
0.0452760711  -0.0454187505  -1.3281152241
0.0421758397  -0.0422813320  -1.3311997442
0.0390867924  -0.0391599637  -1.3342364600
0.0360090183  -0.0360545703  -1.3372206983
0.0329426180  -0.0329650699  -1.3401475844
0.0298877034  -0.0298913736  -1.3430120414
0.0268443972  -0.0268333860  -1.3458087909
0.0238128314  -0.0237910051  -1.3485323525
0.0207931470  -0.0207641228  -1.3511770439
0.0177854927  -0.0177526262  -1.3537369812
0.0147900233  -0.0147563975  -1.3562060783
0.0118068984  -0.0117753161  -1.3585780476
0.0088362807  -0.0088092593  -1.3608463996
0.0058783338  -0.0058581039  -1.3630044427
0.0029332199  -0.0029217277  -1.3650452838
0.0029309083  -0.0029217072  -1.3650452838
