0.13735
1.5572944415  -1.5681568169   0.0000492056
1.5572944415  -1.5681568169   0.0000492056
1.5572984167  -1.5681535846   0.0000410304
1.5572954232  -1.5681329364   0.0000199562
1.5572819251  -1.5680940814  -0.0000143626
1.5572551997  -1.5680341313  -0.0000622703
1.5572142352  -1.5679521396  -0.0001241090
1.5571584578  -1.5678476363  -0.0002002193
1.5570874579  -1.5677203267  -0.0002909400
1.5570009005  -1.5675699920  -0.0003966081
1.5568984876  -1.5673964493  -0.0005175589
1.5567799414  -1.5671995318  -0.0006541256
1.5566449956  -1.5669790796  -0.0008066402
1.5564933898  -1.5667349334  -0.0009754324
1.5563248673  -1.5664669319  -0.0011608305
1.5561391729  -1.5661749098  -0.0013631608
1.5559360516  -1.5658586962  -0.0015827479
1.5557152485  -1.5655181142  -0.0018199147
1.5554765076  -1.5651529803  -0.0020749823
1.5552195718  -1.5647631043  -0.0023482699
1.5549441826  -1.5643482887  -0.0026400951
1.5546500797  -1.5639083293  -0.0029507738
1.5543370015  -1.5634430147  -0.0032806198
1.5540046842  -1.5629521268  -0.0036299454
1.5536528622  -1.5624354403  -0.0039990612
1.5532812683  -1.5618927236  -0.0043882757
1.5528896330  -1.5613237384  -0.0047978959
1.5524776851  -1.5607282400  -0.0052282270
1.5520451515  -1.5601059778  -0.0056795724
1.5515917571  -1.5594566951  -0.0061522336
1.5511172250  -1.5587801298  -0.0066465107
1.5506212765  -1.5580760143  -0.0071627015
1.5501036217  -1.5573435825  -0.0077018458
1.5495639888  -1.5565830051  -0.0082635727
1.5490021063  -1.5557946279  -0.0088479417
1.5484176787  -1.5549778146  -0.0094552017
1.5478104142  -1.5541321288  -0.0100856171
1.5471800223  -1.5532572241  -0.0107394745
1.5465262118  -1.5523527691  -0.0114170615
1.5458486902  -1.5514184424  -0.0121186681
1.5451471635  -1.5504539239  -0.0128445870
1.5444213361  -1.5494588941  -0.0135951125
1.5436709108  -1.5484330336  -0.0143705411
1.5428955893  -1.5473760232  -0.0151711708
1.5420950719  -1.5462875439  -0.0159973013
1.5412690575  -1.5451672776  -0.0168492338
1.5404172440  -1.5440149073  -0.0177272702
1.5395393281  -1.5428301182  -0.0186317139
1.5386350053  -1.5416125973  -0.0195628690
1.5377039705  -1.5403620344  -0.0205210407
1.5367459189  -1.5390781235  -0.0215065349
1.5357605457  -1.5377605629  -0.0225196584
1.5347475463  -1.5364090557  -0.0235607181
1.5337066155  -1.5350233101  -0.0246300214
1.5326374485  -1.5336030395  -0.0257278758
1.5315397401  -1.5321479620  -0.0268545892
1.5304131849  -1.5306578007  -0.0280104701
1.5292574748  -1.5291322826  -0.0291958272
1.5280722992  -1.5275711391  -0.0304109697
1.5268573464  -1.5259741073  -0.0316562062
1.5256123040  -1.5243409299  -0.0329318452
1.5243368589  -1.5226713556  -0.0342381942
1.5230306977  -1.5209651405  -0.0355755606
1.5216935107  -1.5192219156  -0.0369442518
1.5203249927  -1.5174414112  -0.0383445744
1.5189248411  -1.5156236934  -0.0397768342
1.5174927575  -1.5137686960  -0.0412413363
1.5160284449  -1.5118761408  -0.0427383854
1.5145316051  -1.5099458037  -0.0442682861
1.5130019340  -1.5079774906  -0.0458313413
1.5114391220  -1.5059710156  -0.0474278517
1.5098428587  -1.5039262022  -0.0490581161
1.5082128330  -1.5018428801  -0.0507224325
1.5065487396  -1.4997208901  -0.0524210983
1.5048502828  -1.4975600903  -0.0541544102
1.5031171721  -1.4953603528  -0.0559226627
1.5013491183  -1.4931215600  -0.0577261477
1.4995458338  -1.4908436020  -0.0595651550
1.4977070271  -1.4885263705  -0.0614399723
1.4958324087  -1.4861697653  -0.0633508856
1.4939216973  -1.4837737017  -0.0652981785
1.4919746153  -1.4813381045  -0.0672821319
1.4899908869  -1.4788629056  -0.0693030234
1.4879702322  -1.4763480388  -0.0713611279
1.4859123680  -1.4737934408  -0.0734567193
1.4838170119  -1.4711990549  -0.0755900697
1.4816838868  -1.4685648367  -0.0777614466
1.4795127285  -1.4658907607  -0.0799711124
1.4773032832  -1.4631768176  -0.0822193260
1.4750553029  -1.4604230098  -0.0845063450
1.4727685367  -1.4576293431  -0.0868324251
1.4704427239  -1.4547958198  -0.0891978166
1.4680775993  -1.4519224444  -0.0916027637
1.4656729064  -1.4490092357  -0.0940475066
1.4632284034  -1.4460562302  -0.0965322822
1.4607438564  -1.4430634717  -0.0990573236
1.4582190313  -1.4400310180  -0.1016228606
1.4556536955  -1.4369589489  -0.1042291196
1.4530476315  -1.4338473689  -0.1068763217
1.4504006399  -1.4306964073  -0.1095646826
1.4477125193  -1.4275062157  -0.1122944126
1.4449830435  -1.4242769539  -0.1150657156
1.4422119663  -1.4210087219  -0.1178787915
1.4393990621  -1.4177014622  -0.1207338379
1.4365441530  -1.4143550296  -0.1236310486
1.4336470919  -1.4109694393  -0.1265706095
1.4307077140  -1.4075449599  -0.1295526994
1.4277258256  -1.4040819765  -0.1325774931
1.4247012306  -1.4005808772  -0.1356451587
1.4216337547  -1.3970420468  -0.1387558543
1.4185232404  -1.3934658663  -0.1419097323
1.4153695378  -1.3898527002  -0.1451069443
1.4121724987  -1.3862028913  -0.1483476366
1.4089319586  -1.3825167391  -0.1516319461
1.4056477484  -1.3787945132  -0.1549600027
1.4023197527  -1.3750365146  -0.1583319309
1.3989479179  -1.3712430828  -0.1617478497
1.3955321596  -1.3674145044  -0.1652078721
1.3920723163  -1.3635509653  -0.1687121041
1.3885682132  -1.3596526169  -0.1722606447
1.3850197662  -1.3557196872  -0.1758535857
1.3814269787  -1.3517524792  -0.1794910125
1.3777898058  -1.3477512361  -0.1831730029
1.3741080943  -1.3437160789  -0.1868996258
1.3703817057  -1.3396471343  -0.1906709412
1.3666105783  -1.3355446051  -0.1944870036
1.3627946554  -1.3314086990  -0.1983478620
1.3589339012  -1.3272396440  -0.2022535568
1.3550283363  -1.3230377254  -0.2062041191
1.3510779589  -1.3188032090  -0.2101995701
1.3470827339  -1.3145363218  -0.2142399180
1.3430426444  -1.3102372923  -0.2183251588
1.3389576458  -1.3059062127  -0.2224552698
1.3348276864  -1.3015431323  -0.2266302050
1.3306528219  -1.2971489107  -0.2308499489
1.3264331841  -1.2927254629  -0.2351145795
1.3221688156  -1.2882740852  -0.2394242010
1.3178596673  -1.2837943613  -0.2437788180
1.3135057708  -1.2792854639  -0.2481783306
1.3091072452  -1.2747473424  -0.2526226076
1.3046640757  -1.2701803561  -0.2571115172
1.3001761626  -1.2655849216  -0.2616449218
1.2956436529  -1.2609617465  -0.2662226762
1.2910668171  -1.2563117046  -0.2708446297
1.2864457336  -1.2516355096  -0.2755106182
1.2817804316  -1.2469338524  -0.2802204667
1.2770710376  -1.2422075480  -0.2849739987
1.2723177048  -1.2374574643  -0.2897710311
1.2675206052  -1.2326845097  -0.2946113687
1.2626799139  -1.2278896115  -0.2994948099
1.2577957867  -1.2230736877  -0.3044211496
1.2528684109  -1.2182376967  -0.3093901760
1.2478980113  -1.2133826429  -0.3144016669
1.2428848101  -1.2085095224  -0.3194553902
1.2378290259  -1.2036193207  -0.3245511051
1.2327307818  -1.1987129201  -0.3296885606
1.2275902670  -1.1937912514  -0.3348674901
1.2224078453  -1.1888554024  -0.3400876053
1.2171838213  -1.1839063734  -0.3453485868
1.2119184389  -1.1789450687  -0.3506500672
1.2066119629  -1.1739723696  -0.3559915996
1.2012645848  -1.1689890256  -0.3613726002
1.1958764106  -1.1639956275  -0.3667922191
1.1904476039  -1.1589926828  -0.3722490553
1.1849778142  -1.1539800126  -0.3777393183
1.1794666262  -1.1489574174  -0.3832598062
1.1739166013  -1.1439280974  -0.3888177096
1.1683325483  -1.1388981035  -0.3944257199
1.1627157905  -1.1338702036  -0.4000878815
1.1570635913  -1.1288424990  -0.4058017543
1.1513737400  -1.1238127558  -0.4115653542
1.1456458778  -1.1187801682  -0.4173772357
1.1398802552  -1.1137444075  -0.4232358701
1.1340771021  -1.1087049900  -0.4291396329
1.1282367872  -1.1036614252  -0.4350868049
1.1223596987  -1.0986131075  -0.4410755830
1.1164457943  -1.0935588678  -0.4471040915
1.1104953461  -1.0884977295  -0.4531703886
1.1045088938  -1.0834288779  -0.4592724704
1.0984866940  -1.0783511164  -0.4654082790
1.0924290006  -1.0732631555  -0.4715757084
1.0863361304  -1.0681636910  -0.4777726124
1.0802084307  -1.0630513837  -0.4839968104
1.0740461713  -1.0579247619  -0.4902460930
1.0678495967  -1.0527822847  -0.4965182276
1.0616189296  -1.0476223590  -0.5028109655
1.0553542540  -1.0424432344  -0.5091220489
1.0490554972  -1.0372429973  -0.5154492180
1.0427223589  -1.0320195141  -0.5217902120
1.0363541464  -1.0267702787  -0.5281427738
1.0299495676  -1.0214922300  -0.5345046587
1.0235062769  -1.0161813103  -0.5408736406
1.0170199853  -1.0108316015  -0.5472475185
1.0104828638  -1.0054337693  -0.5536241276
1.0038792321  -0.9999708166  -0.5600013479
0.9971770185  -0.9944096014  -0.5663771347
0.9902343077  -0.9886081430  -0.5727495419
0.9831318504  -0.9826507623  -0.5791165920
0.9763608977  -0.9770283550  -0.5854760854
0.9700164271  -0.9718278555  -0.5918257088
0.9637998922  -0.9667438616  -0.5981633383
0.9576036235  -0.9616648955  -0.6044871042
0.9514243669  -0.9565851644  -0.6107952652
0.9452617865  -0.9515024935  -0.6170861530
0.9391157407  -0.9464151818  -0.6233581868
0.9329861088  -0.9413216920  -0.6296098833
0.9268727955  -0.9362206518  -0.6358398598
0.9207757328  -0.9311108578  -0.6420468480
0.9146948814  -0.9259912767  -0.6482297002
0.9086302235  -0.9208610435  -0.6543873832
0.9025817609  -0.9157194589  -0.6605189866
0.8965495180  -0.9105659888  -0.6666237335
0.8905335396  -0.9054002612  -0.6727009824
0.8845338876  -0.9002220607  -0.6787502316
0.8785506390  -0.8950313234  -0.6847711252
0.8725838851  -0.8898281307  -0.6907634599
0.8666337293  -0.8846127025  -0.6967271904
0.8607002849  -0.8793853890  -0.7026624377
0.8547836748  -0.8741466630  -0.7085694991
0.8488840302  -0.8688971109  -0.7144488603
0.8430014910  -0.8636374236  -0.7203012117
0.8371362066  -0.8583683889  -0.7261274725
0.8312883417  -0.8530908847  -0.7319288270
0.8254580864  -0.8478058761  -0.7377067872
0.8196456794  -0.8425144197  -0.7434633012
0.8138514604  -0.8372176865  -0.7492009742
0.8080759871  -0.8319170472  -0.7549235286
0.8023207275  -0.8266143274  -0.7606382125
0.7965873379  -0.8213113926  -0.7663532836
0.7908732550  -0.8160084019  -0.7720665404
0.7851718283  -0.8107036516  -0.7777674190
0.7794800911  -0.8053961871  -0.7834511602
0.7738004827  -0.8000868014  -0.7891187439
0.7681353474  -0.7947765585  -0.7947708424
0.7624851351  -0.7894660653  -0.8004075822
0.7568497643  -0.7841557347  -0.8060290808
0.7512291402  -0.7788459347  -0.8116354606
0.7456231690  -0.7735369993  -0.8172268492
0.7400317577  -0.7682292289  -0.8228033787
0.7344548142  -0.7629228906  -0.8283651848
0.7288922471  -0.7576182178  -0.8339124066
0.7233439658  -0.7523154110  -0.8394451853
0.7178098803  -0.7470146384  -0.8449636635
0.7122899009  -0.7417160372  -0.8504679844
0.7067839388  -0.7364197147  -0.8559582907
0.7012919058  -0.7311257497  -0.8614347237
0.6958137142  -0.7258341945  -0.8668974221
0.6903492771  -0.7205450764  -0.8723465211
0.6848985085  -0.7152584000  -0.8777821513
0.6794613231  -0.7099741494  -0.8832044375
0.6740376367  -0.7046922902  -0.8886134978
0.6686273659  -0.6994127723  -0.8940094419
0.6632304285  -0.6941355322  -0.8993923704
0.6578467431  -0.6888604960  -0.9047623729
0.6524762294  -0.6835875813  -0.9101195265
0.6471188078  -0.6783167002  -0.9154638929
0.6417743987  -0.6730477613  -0.9207955149
0.6364429216  -0.6677806713  -0.9261144091
0.6311242899  -0.6625153319  -0.9314205433
0.6258184065  -0.6572516401  -0.9367138169
0.6205251881  -0.6519895280  -0.9419941375
0.6152446123  -0.6467290207  -0.9472615606
0.6099767067  -0.6414701884  -0.9525162680
0.6047214700  -0.6362130299  -0.9577584094
0.5994788390  -0.6309574763  -0.9629880506
0.5942487338  -0.6257034781  -0.9682052318
0.5890310925  -0.6204510321  -0.9734099977
0.5838258668  -0.6152001615  -0.9786023938
0.5786330127  -0.6099509067  -0.9837824638
0.5734524880  -0.6047033234  -0.9889502490
0.5682842523  -0.5994574830  -0.9941057888
0.5631282668  -0.5942134721  -0.9992491206
0.5579844949  -0.5889713919  -1.0043802796
0.5528529014  -0.5837313579  -1.0094992989
0.5477334531  -0.5784934988  -1.0146062098
0.5426261184  -0.5732579559  -1.0197010415
0.5375308675  -0.5680248823  -1.0247838214
0.5324476725  -0.5627944407  -1.0298545748
0.5273765069  -0.5575668019  -1.0349133254
0.5223173461  -0.5523421439  -1.0399600949
0.5172701672  -0.5471206497  -1.0449949033
0.5122349489  -0.5419025061  -1.0500177690
0.5072116715  -0.5366879020  -1.0550287088
0.5022003170  -0.5314770259  -1.0600277378
0.4972008691  -0.5262700646  -1.0650148698
0.4922133129  -0.5210672003  -1.0699901170
0.4872376352  -0.5158686086  -1.0749534904
0.4822738242  -0.5106744542  -1.0799049998
0.4773218698  -0.5054848866  -1.0848446537
0.4723817633  -0.5003000271  -1.0897724603
0.4674534977  -0.4951199522  -1.0946884269
0.4625370671  -0.4899447128  -1.0995925607
0.4576324674  -0.4847744125  -1.1044848675
0.4527396949  -0.4796092532  -1.1093653498
0.4478587469  -0.4744494795  -1.1142340069
0.4429896222  -0.4692953093  -1.1190908366
0.4381323213  -0.4641469333  -1.1239358365
0.4332868466  -0.4590045400  -1.1287690034
0.4284532012  -0.4538683233  -1.1335903327
0.4236313899  -0.4487384803  -1.1383998188
0.4188214181  -0.4436152112  -1.1431974550
0.4140232925  -0.4384987190  -1.1479832333
0.4092370212  -0.4333892099  -1.1527571447
0.4044626130  -0.4282868923  -1.1575191792
0.3997000780  -0.4231919127  -1.1622693257
0.3949494269  -0.4181042922  -1.1670075726
0.3902106718  -0.4130241965  -1.1717339073
0.3854838260  -0.4079521505  -1.1764483152
0.3807689035  -0.4028886540  -1.1811507810
0.3760659190  -0.3978339369  -1.1858412886
0.3713748883  -0.3927881726  -1.1905198217
0.3666958280  -0.3877515691  -1.1951863632
0.3620287553  -0.3827243308  -1.1998408956
0.3573736880  -0.3777066585  -1.2044834003
0.3527306449  -0.3726987506  -1.2091138585
0.3480996451  -0.3677008040  -1.2137322506
0.3434807086  -0.3627130151  -1.2183385565
0.3388738556  -0.3577355809  -1.2229327558
0.3342791072  -0.3527686998  -1.2275148273
0.3296964846  -0.3478125724  -1.2320847496
0.3251260096  -0.3428674022  -1.2366425007
0.3205677045  -0.3379333963  -1.2411880583
0.3160215917  -0.3330107657  -1.2457213998
0.3114876940  -0.3280997260  -1.2502425023
0.3069660346  -0.3232004972  -1.2547513425
0.3024566367  -0.3183133040  -1.2592478969
0.2979595237  -0.3134383756  -1.2637321421
0.2934747191  -0.3085759463  -1.2682040544
0.2890022467  -0.3037262549  -1.2726636100
0.2845421299  -0.2988895446  -1.2771107851
0.2800943925  -0.2940660627  -1.2815455561
0.2756590579  -0.2892560601  -1.2859678993
0.2712361496  -0.2844597906  -1.2903777913
0.2668256907  -0.2796775106  -1.2947752089
0.2624277042  -0.2749094782  -1.2991601290
0.2580422130  -0.2701559526  -1.3035325290
0.2536692448  -0.2654180565  -1.3078924293
0.2493088340  -0.2606971977  -1.3122398991
0.2449609946  -0.2559915808  -1.3165748862
0.2406257174  -0.2512988112  -1.3208972261
0.2363030144  -0.2466201585  -1.3252068485
0.2319929206  -0.2419572562  -1.3295037404
0.2276954641  -0.2373104508  -1.3337878691
0.2234106658  -0.2326800741  -1.3380592060
0.2191385457  -0.2280664452  -1.3423177264
0.2148791235  -0.2234698689  -1.3465634100
0.2106324179  -0.2188906342  -1.3507962412
0.2063984466  -0.2143290129  -1.3550162094
0.2021772262  -0.2097852587  -1.3592233088
0.1979687722  -0.2052596068  -1.3634175389
0.1937730986  -0.2007522733  -1.3675989044
0.1895902183  -0.1962634553  -1.3717674152
0.1854201424  -0.1917933307  -1.3759230863
0.1812628807  -0.1873420590  -1.3800659379
0.1771184413  -0.1829097813  -1.3841959948
0.1729868307  -0.1784966216  -1.3883132867
0.1688680539  -0.1741026870  -1.3924178477
0.1647621143  -0.1697280691  -1.3965097157
0.1606690135  -0.1653728449  -1.4005889326
0.1565887518  -0.1610370779  -1.4046555430
0.1525213278  -0.1567208194  -1.4087095947
0.1484667384  -0.1524241095  -1.4127511373
0.1444249794  -0.1481469787  -1.4167802219
0.1403960447  -0.1438894486  -1.4207969004
0.1363799269  -0.1396515336  -1.4248012249
0.1323766170  -0.1354332417  -1.4287932468
0.1283861047  -0.1312345757  -1.4327730157
0.1244083780  -0.1270555369  -1.4367405790
0.1204460026  -0.1228969025  -1.4407545930
0.1165006295  -0.1187590830  -1.4448441468
0.1125655518  -0.1146400032  -1.4489090686
0.1086388033  -0.1105391400  -1.4529752157
0.1047238342  -0.1064575834  -1.4570408015
0.1008205727  -0.1023953372  -1.4611037942
0.0969289591  -0.0983524102  -1.4651619166
0.0930489468  -0.0943288151  -1.4692126464
0.0891805026  -0.0903245681  -1.4732532158
0.0853236076  -0.0863396872  -1.4772806118
0.0814782582  -0.0823741917  -1.4812915761
0.0776444660  -0.0784281004  -1.4852826050
0.0738222592  -0.0745014305  -1.4892499497
0.0700116824  -0.0705941957  -1.4931896159
0.0662127971  -0.0667064050  -1.4970973642
0.0624256824  -0.0628380608  -1.5009687097
0.0586504346  -0.0589891575  -1.5047989223
0.0548871677  -0.0551596797  -1.5085830268
0.0511360131  -0.0513496015  -1.5123158022
0.0473971195  -0.0475588843  -1.5159917828
0.0436706526  -0.0437874768  -1.5196052572
0.0399567942  -0.0400353137  -1.5231502688
0.0362557420  -0.0363023153  -1.5266206158
0.0325677082  -0.0325883879  -1.5300098510
0.0288929187  -0.0288934240  -1.5333112820
0.0252316114  -0.0252173032  -1.5365179709
0.0215840350  -0.0215598932  -1.5396227347
0.0179504464  -0.0179210522  -1.5426181451
0.0143311093  -0.0143006302  -1.5454965284
0.0107262910  -0.0106984725  -1.5482499657
0.0071362599  -0.0071144215  -1.5508702927
0.0035612822  -0.0035483204  -1.5533490999
0.0035578739  -0.0035482906  -1.5533490999
