0.197039
1.1053887545  -1.0588368501   0.0000322750
1.1053887545  -1.0588368501   0.0000322750
1.1053918394  -1.0588362496   0.0000274953
1.1053905073  -1.0588266457   0.0000145800
1.1053823950  -1.0588074080  -0.0000066798
1.1053659285  -1.0587773352  -0.0000364928
1.1053405055  -1.0587360081  -0.0000750674
1.1053057789  -1.0586832055  -0.0001226115
1.1052614983  -1.0586187794  -0.0001793330
1.1052074563  -1.0585426132  -0.0002454392
1.1051434672  -1.0584546043  -0.0003211373
1.1050693570  -1.0583546567  -0.0004066342
1.1049849576  -1.0582426761  -0.0005021363
1.1048901044  -1.0581185679  -0.0006078499
1.1047846343  -1.0579822357  -0.0007239810
1.1046683849  -1.0578335808  -0.0008507352
1.1045411933  -1.0576725009  -0.0009883177
1.1044028963  -1.0574988906  -0.0011369337
1.1042533293  -1.0573126407  -0.0012967878
1.1040923270  -1.0571136381  -0.0014680844
1.1039197222  -1.0569017657  -0.0016510277
1.1037353467  -1.0566769025  -0.0018458215
1.1035390303  -1.0564389236  -0.0020526693
1.1033306016  -1.0561877000  -0.0022717743
1.1031098870  -1.0559230985  -0.0025033393
1.1028767116  -1.0556449822  -0.0027475671
1.1026308983  -1.0553532101  -0.0030046599
1.1023722686  -1.0550476374  -0.0032748196
1.1021006419  -1.0547281152  -0.0035582481
1.1018158357  -1.0543944912  -0.0038551466
1.1015176658  -1.0540466090  -0.0041657164
1.1012059461  -1.0536843086  -0.0044901581
1.1008804823  -1.0533071751  -0.0048291484
1.1005410913  -1.0529152712  -0.0051824543
1.1001875898  -1.0525087567  -0.0055501201
1.0998197780  -1.0520872806  -0.0059323234
1.0994374575  -1.0516505835  -0.0063292489
1.0990404300  -1.0511984568  -0.0067410932
1.0986284953  -1.0507306988  -0.0071680548
1.0982014520  -1.0502471109  -0.0076103350
1.0977590963  -1.0497474934  -0.0080681376
1.0973012230  -1.0492316451  -0.0085416687
1.0968276248  -1.0486993627  -0.0090311365
1.0963380925  -1.0481504416  -0.0095367515
1.0958324152  -1.0475846753  -0.0100587260
1.0953103800  -1.0470018560  -0.0105972743
1.0947717725  -1.0464017748  -0.0111526124
1.0942163763  -1.0457842216  -0.0117249586
1.0936439736  -1.0451489854  -0.0123145327
1.0930543444  -1.0444958538  -0.0129215564
1.0924472668  -1.0438246139  -0.0135462531
1.0918225174  -1.0431350521  -0.0141888481
1.0911798709  -1.0424269546  -0.0148495684
1.0905191002  -1.0417001073  -0.0155286425
1.0898399766  -1.0409542963  -0.0162263010
1.0891422696  -1.0401893078  -0.0169427759
1.0884257470  -1.0394049280  -0.0176783013
1.0876901750  -1.0386009441  -0.0184331126
1.0869353181  -1.0377771436  -0.0192074473
1.0861609390  -1.0369333149  -0.0200015443
1.0853667986  -1.0360692470  -0.0208156441
1.0845526564  -1.0351847303  -0.0216499887
1.0837182709  -1.0342795569  -0.0225048214
1.0828633988  -1.0333534473  -0.0233803871
1.0819877954  -1.0324061699  -0.0242769321
1.0810912143  -1.0314376712  -0.0251947038
1.0801734089  -1.0304478241  -0.0261339509
1.0792341311  -1.0294363810  -0.0270949242
1.0782731312  -1.0284031203  -0.0280778756
1.0772901578  -1.0273478386  -0.0290830586
1.0762849575  -1.0262703366  -0.0301107282
1.0752572757  -1.0251704176  -0.0311611402
1.0742068567  -1.0240478864  -0.0322345516
1.0731334436  -1.0229025509  -0.0333312198
1.0720367786  -1.0217342212  -0.0344514033
1.0709166024  -1.0205427099  -0.0355953615
1.0697726550  -1.0193278309  -0.0367633553
1.0686046754  -1.0180893995  -0.0379556471
1.0674124024  -1.0168272337  -0.0391725006
1.0661955735  -1.0155411524  -0.0404141805
1.0649539242  -1.0142309751  -0.0416809519
1.0636871890  -1.0128965224  -0.0429730805
1.0623951012  -1.0115376166  -0.0442908322
1.0610773934  -1.0101540813  -0.0456344735
1.0597337975  -1.0087457420  -0.0470042717
1.0583640450  -1.0073124273  -0.0484004944
1.0569678688  -1.0058539692  -0.0498234099
1.0555450025  -1.0043702029  -0.0512732866
1.0540951800  -1.0028609662  -0.0527503935
1.0526181352  -1.0013261002  -0.0542549994
1.0511136022  -0.9997654494  -0.0557873736
1.0495813143  -0.9981788610  -0.0573477855
1.0480210022  -0.9965661827  -0.0589365043
1.0464323940  -0.9949272624  -0.0605537987
1.0448152169  -0.9932619485  -0.0621999374
1.0431691978  -0.9915700892  -0.0638751887
1.0414940636  -0.9898515411  -0.0655798209
1.0397895447  -0.9881061770  -0.0673141017
1.0380553765  -0.9863338831  -0.0690782981
1.0362912970  -0.9845345640  -0.0708726763
1.0344970459  -0.9827081472  -0.0726975018
1.0326723654  -0.9808545208  -0.0745530394
1.0308169963  -0.9789734316  -0.0764395529
1.0289306707  -0.9770645275  -0.0783573055
1.0270131129  -0.9751275544  -0.0803065592
1.0250640457  -0.9731624523  -0.0822875748
1.0230831943  -0.9711692762  -0.0843006109
1.0210702984  -0.9691481097  -0.0863459243
1.0190251137  -0.9670990360  -0.0884237697
1.0169474034  -0.9650221273  -0.0905344002
1.0148369330  -0.9629174405  -0.0926780674
1.0126934569  -0.9607850031  -0.0948550211
1.0105167177  -0.9586248104  -0.0970655092
1.0083064568  -0.9564368361  -0.0993097772
1.0060624180  -0.9542210360  -0.1015880674
1.0037843567  -0.9519773601  -0.1039006203
1.0014720371  -0.9497057487  -0.1062476757
0.9991252229  -0.9474061238  -0.1086294713
0.9967436788  -0.9450783937  -0.1110462407
0.9943271721  -0.9427224572  -0.1134982136
0.9918754747  -0.9403382055  -0.1159856169
0.9893883642  -0.9379255251  -0.1185086750
0.9868656215  -0.9354842992  -0.1210676091
0.9843070278  -0.9330144068  -0.1236626368
0.9817123639  -0.9305157218  -0.1262939722
0.9790814129  -0.9279881176  -0.1289618238
0.9764139649  -0.9254314764  -0.1316663950
0.9737098193  -0.9228456889  -0.1344078838
0.9709687822  -0.9202306478  -0.1371864822
0.9681906615  -0.9175862359  -0.1400023763
0.9653752660  -0.9149123023  -0.1428557444
0.9625224057  -0.9122085048  -0.1457467480
0.9596319019  -0.9094745161  -0.1486755339
0.9567035855  -0.9067112504  -0.1516422837
0.9537372962  -0.9039210205  -0.1546472502
0.9507328845  -0.9011050659  -0.1576906921
0.9476902012  -0.8982621438  -0.1607727940
0.9446090934  -0.8953902885  -0.1638936719
0.9414893982  -0.8924884915  -0.1670534164
0.9383309543  -0.8895566031  -0.1702521106
0.9351336216  -0.8865947899  -0.1734898299
0.9318972782  -0.8836033232  -0.1767666409
0.9286218121  -0.8805825345  -0.1800826018
0.9253071265  -0.8775328155  -0.1834377641
0.9219531283  -0.8744546085  -0.1868321721
0.9185596969  -0.8713483652  -0.1902658619
0.9151267259  -0.8682145890  -0.1937388624
0.9116541764  -0.8650538844  -0.1972511953
0.9081420495  -0.8618669222  -0.2008028748
0.9045903105  -0.8586543648  -0.2043939075
0.9009988744  -0.8554168403  -0.2080242913
0.8973676934  -0.8521550300  -0.2116940152
0.8936967791  -0.8488696834  -0.2154030579
0.8899861475  -0.8455615596  -0.2191513862
0.8862358248  -0.8422314274  -0.2229389523
0.8824458622  -0.8388800735  -0.2267656891
0.8786162834  -0.8355082456  -0.2306315033
0.8747470925  -0.8321166509  -0.2345362631
0.8708383100  -0.8287059899  -0.2384797788
0.8668899406  -0.8252769133  -0.2424617691
0.8629020048  -0.8218300450  -0.2464817877
0.8588745353  -0.8183659632  -0.2505390766
0.8548074612  -0.8148850359  -0.2546322994
0.8507002425  -0.8113870931  -0.2587574390
0.8465526659  -0.8078722911  -0.2629122492
0.8423670617  -0.8043433176  -0.2671053759
0.8381467644  -0.8008041925  -0.2713491261
0.8338921594  -0.7972565331  -0.2756477352
0.8296013048  -0.7936994959  -0.2799998048
0.8252726980  -0.7901319639  -0.2844035795
0.8209058436  -0.7865532897  -0.2888576963
0.8165006875  -0.7829630283  -0.2933607696
0.8120572493  -0.7793606650  -0.2979113020
0.8075755689  -0.7757455555  -0.3025076895
0.8030557309  -0.7721169660  -0.3071482277
0.7984978551  -0.7684740693  -0.3118311197
0.7939020263  -0.7648158738  -0.3165544845
0.7892683153  -0.7611412655  -0.3213163645
0.7845968392  -0.7574490711  -0.3261147316
0.7798877103  -0.7537380111  -0.3309474929
0.7751410253  -0.7500067084  -0.3358124978
0.7703568683  -0.7462537018  -0.3407075473
0.7655352784  -0.7424774181  -0.3456304001
0.7606762556  -0.7386761889  -0.3505787780
0.7557797263  -0.7348482342  -0.3555503718
0.7508454887  -0.7309916203  -0.3605428479
0.7458731776  -0.7271042347  -0.3655538539
0.7408620864  -0.7231836233  -0.3705810257
0.7358110735  -0.7192269123  -0.3756219944
0.7307181719  -0.7152304367  -0.3806743930
0.7255802026  -0.7111893811  -0.3857358628
0.7203918128  -0.7070968558  -0.3908040608
0.7151431016  -0.7029415680  -0.3958766674
0.7098155681  -0.6987038650  -0.4009513979
0.7043749670  -0.6943488700  -0.4060260341
0.6986602143  -0.6897161869  -0.4110984336
0.6928304569  -0.6849668540  -0.4161664034
0.6873544271  -0.6805661178  -0.4212275666
0.6822683793  -0.6765417474  -0.4262794856
0.6773352721  -0.6726514251  -0.4313198861
0.6724385612  -0.6687767522  -0.4363466927
0.6675606467  -0.6648989431  -0.4413579481
0.6627005400  -0.6610157097  -0.4463517770
0.6578580421  -0.6571256133  -0.4513263925
0.6530330777  -0.6532274667  -0.4562801067
0.6482255971  -0.6493202451  -0.4612113372
0.6434355756  -0.6454030870  -0.4661186128
0.6386630129  -0.6414752935  -0.4710005797
0.6339079325  -0.6375363270  -0.4758560096
0.6291703804  -0.6335858082  -0.4806838052
0.6244504229  -0.6296235121  -0.4854830055
0.6197481449  -0.6256493632  -0.4902527936
0.6150636487  -0.6216634304  -0.4949925025
0.6103970518  -0.6176659198  -0.4997016234
0.6057484851  -0.6136571675  -0.5043798128
0.6011180908  -0.6096376321  -0.5090269013
0.5965060209  -0.6056078858  -0.5136429034
0.5919124351  -0.6015686051  -0.5182280296
0.5873375006  -0.5975205627  -0.5227827019
0.5827813922  -0.5934646181  -0.5273075756
0.5782442941  -0.5894017101  -0.5318035692
0.5737264047  -0.5853328506  -0.5362719101
0.5692279468  -0.5812591227  -0.5407142063
0.5647491912  -0.5771816880  -0.5451325816
0.5602905089  -0.5731018128  -0.5495299311
0.5558524662  -0.5690209466  -0.5539103838
0.5514364953  -0.5649410427  -0.5582820392
0.5470438621  -0.5608639207  -0.5626528479
0.5426717806  -0.5567892265  -0.5670195359
0.5383146096  -0.5527149000  -0.5713722211
0.5339701882  -0.5486402398  -0.5757063604
0.5296403939  -0.5445664262  -0.5800221792
0.5253271018  -0.5404947907  -0.5843202608
0.5210308609  -0.5364261296  -0.5886007768
0.5167516778  -0.5323609777  -0.5928638211
0.5124894855  -0.5282998013  -0.5971094909
0.5082442135  -0.5242430308  -0.6013378885
0.5040157914  -0.5201910615  -0.6055491218
0.4998041485  -0.5161442544  -0.6097433032
0.4956092143  -0.5121029359  -0.6139205493
0.4914309180  -0.5080673987  -0.6180809798
0.4872691886  -0.5040379028  -0.6222247166
0.4831239551  -0.5000146765  -0.6263518832
0.4789951460  -0.4959979180  -0.6304626036
0.4748826899  -0.4919877963  -0.6345570011
0.4707865153  -0.4879844539  -0.6386351977
0.4667065505  -0.4839880074  -0.6426973128
0.4626427242  -0.4799985506  -0.6467434621
0.4585949648  -0.4760161561  -0.6507737567
0.4545632012  -0.4720408771  -0.6547883018
0.4505473626  -0.4680727502  -0.6587871957
0.4465473781  -0.4641117967  -0.6627705285
0.4425631775  -0.4601580246  -0.6667383805
0.4385946905  -0.4562114297  -0.6706908205
0.4346418470  -0.4522719955  -0.6746279035
0.4307045766  -0.4483396903  -0.6785496665
0.4267828074  -0.4444144590  -0.6824561221
0.4228764627  -0.4404961747  -0.6863472370
0.4189854593  -0.4365846591  -0.6902229200
0.4151097263  -0.4326800048  -0.6940831009
0.4112492355  -0.4287827805  -0.6979278432
0.4074039872  -0.4248935755  -0.7017573098
0.4035739589  -0.4210125295  -0.7055716363
0.3997590890  -0.4171395096  -0.7093708953
0.3959593053  -0.4132744472  -0.7131551363
0.3921745448  -0.4094173917  -0.7169244106
0.3884047530  -0.4055684398  -0.7206787707
0.3846498779  -0.4017277016  -0.7244182689
0.3809098686  -0.3978952951  -0.7281429564
0.3771846747  -0.3940713457  -0.7318528839
0.3734742464  -0.3902559862  -0.7355481010
0.3697785345  -0.3864493555  -0.7392286569
0.3660974902  -0.3826515988  -0.7428945997
0.3624310654  -0.3788628666  -0.7465459770
0.3587792124  -0.3750833140  -0.7501828357
0.3551418840  -0.3713130999  -0.7538052221
0.3515190334  -0.3675523858  -0.7574131817
0.3479106143  -0.3638013354  -0.7610067600
0.3443165809  -0.3600601128  -0.7645860014
0.3407368877  -0.3563288816  -0.7681509503
0.3371714895  -0.3526078041  -0.7717016506
0.3336203415  -0.3488970399  -0.7752381458
0.3300833995  -0.3451967448  -0.7787604792
0.3265606191  -0.3415070692  -0.7822686939
0.3230519566  -0.3378281573  -0.7857628328
0.3195573684  -0.3341601450  -0.7892429389
0.3160768111  -0.3305031582  -0.7927090548
0.3126102417  -0.3268573096  -0.7961612236
0.3091576173  -0.3232226920  -0.7995994886
0.3057188951  -0.3195993707  -0.8030238936
0.3022940326  -0.3159873970  -0.8064344831
0.2988829874  -0.3123868500  -0.8098313010
0.2954857169  -0.3087978543  -0.8132143901
0.2921021786  -0.3052205509  -0.8165837917
0.2887323299  -0.3016550655  -0.8199395470
0.2853761288  -0.2981015077  -0.8232816977
0.2820335335  -0.2945599820  -0.8266102858
0.2787045019  -0.2910305905  -0.8299253530
0.2753889923  -0.2875134339  -0.8332269414
0.2720869628  -0.2840086105  -0.8365150928
0.2687983715  -0.2805162164  -0.8397898491
0.2655231766  -0.2770363458  -0.8430512520
0.2622613362  -0.2735690905  -0.8462993436
0.2590128083  -0.2701145398  -0.8495341656
0.2557775512  -0.2666727629  -0.8527557603
0.2525555226  -0.2632437909  -0.8559641696
0.2493466806  -0.2598276933  -0.8591594357
0.2461509832  -0.2564246363  -0.8623416007
0.2429683884  -0.2530347743  -0.8655107067
0.2397988539  -0.2496581836  -0.8686667960
0.2366423373  -0.2462949220  -0.8718099110
0.2334987963  -0.2429450540  -0.8749400945
0.2303681881  -0.2396086400  -0.8780573891
0.2272504703  -0.2362857368  -0.8811618377
0.2241455998  -0.2329763976  -0.8842534834
0.2210535337  -0.2296806725  -0.8873323693
0.2179742289  -0.2263986090  -0.8903985387
0.2149076421  -0.2231302518  -0.8934520352
0.2118537299  -0.2198756435  -0.8964929023
0.2088124486  -0.2166348247  -0.8995211839
0.2057837546  -0.2134078343  -0.9025369238
0.2027676039  -0.2101947093  -0.9055401663
0.1997639523  -0.2069954854  -0.9085309556
0.1967727556  -0.2038101966  -0.9115093362
0.1937939694  -0.2006388759  -0.9144753527
0.1908275489  -0.1974815545  -0.9174290499
0.1878734492  -0.1943382627  -0.9203704729
0.1849316255  -0.1912090295  -0.9232996668
0.1820020323  -0.1880938826  -0.9262166770
0.1790846243  -0.1849928484  -0.9291215490
0.1761793559  -0.1819059520  -0.9320143287
0.1732861812  -0.1788332171  -0.9348950619
0.1704050541  -0.1757746657  -0.9377637949
0.1675359285  -0.1727303184  -0.9406205739
0.1646787579  -0.1697001940  -0.9434654456
0.1618334956  -0.1666843094  -0.9462984566
0.1590000962  -0.1636829012  -0.9491196694
0.1561785152  -0.1606962732  -0.9519291643
0.1533687035  -0.1577239037  -0.9547269776
0.1505706069  -0.1547651277  -0.9575131045
0.1477841759  -0.1518202206  -0.9602875747
0.1450093660  -0.1488895418  -0.9630504383
0.1422461311  -0.1459731176  -0.9658017385
0.1394944235  -0.1430709685  -0.9685415199
0.1367541950  -0.1401831101  -0.9712698281
0.1340253975  -0.1373095530  -0.9739867104
0.1313079826  -0.1344503020  -0.9766922159
0.1286019019  -0.1316053568  -0.9793863950
0.1259071063  -0.1287747113  -0.9820692998
0.1232235469  -0.1259583537  -0.9847409842
0.1205511744  -0.1231562670  -0.9874015038
0.1178899392  -0.1203684287  -0.9900509158
0.1152397915  -0.1175948110  -0.9926892792
0.1126006811  -0.1148353813  -0.9953166545
0.1099725577  -0.1120901020  -0.9979331038
0.1073553707  -0.1093589314  -1.0005386905
0.1047490694  -0.1066418234  -1.0031334794
0.1021536025  -0.1039387281  -1.0057175366
0.0995689190  -0.1012495920  -1.0082909291
0.0969949672  -0.0985743586  -1.0108537246
0.0944316955  -0.0959129683  -1.0134059917
0.0918790521  -0.0932653594  -1.0159477992
0.0893369851  -0.0906314675  -1.0184792162
0.0868054422  -0.0880112267  -1.0210003116
0.0842843713  -0.0854045694  -1.0235111538
0.0817737199  -0.0828114268  -1.0260118107
0.0792734356  -0.0802317289  -1.0285023491
0.0767834657  -0.0776654057  -1.0309828343
0.0743046956  -0.0751125615  -1.0334891472
0.0718376803  -0.0725732154  -1.0360390927
0.0693799350  -0.0700468321  -1.0385715270
0.0669306966  -0.0675332282  -1.0411022894
0.0644911727  -0.0650325792  -1.0436303336
0.0620612911  -0.0625448175  -1.0461544632
0.0596409846  -0.0600698765  -1.0486733328
0.0572301909  -0.0576076904  -1.0511854472
0.0548288533  -0.0551581945  -1.0536891614
0.0524369211  -0.0527213245  -1.0561826813
0.0500543493  -0.0502970164  -1.0586640630
0.0476810995  -0.0478852064  -1.0611312130
0.0453171399  -0.0454858306  -1.0635818884
0.0429624454  -0.0430988244  -1.0660136967
0.0406169977  -0.0407241228  -1.0684240959
0.0382807860  -0.0383616596  -1.0708103943
0.0359538062  -0.0360113674  -1.0731697506
0.0336360619  -0.0336731772  -1.0754991744
0.0313275636  -0.0313470183  -1.0777955251
0.0290283291  -0.0290328183  -1.0800555131
0.0267383831  -0.0267305026  -1.0822756990
0.0244577574  -0.0244399945  -1.0844524938
0.0221864901  -0.0221612151  -1.0865821590
0.0199246256  -0.0198940838  -1.0886608067
0.0176722140  -0.0176385177  -1.0906843992
0.0154293107  -0.0153944324  -1.0926487494
0.0131959755  -0.0131617420  -1.0945495207
0.0109722721  -0.0109403596  -1.0963822268
0.0087582671  -0.0087301976  -1.0981422319
0.0065540290  -0.0065311682  -1.0998247507
0.0043596268  -0.0043431839  -1.1014248483
0.0021751293  -0.0021661582  -1.1029374403
0.0021738586  -0.0021661468  -1.1029374403
