0.0950673
1.9929254370  -2.0821275928   0.0000703374
1.9929254370  -2.0821275928   0.0000703374
1.9929302595  -2.0821189033   0.0000573774
1.9929247412  -2.0820796547   0.0000252512
1.9929038603  -2.0820090326  -0.0000265827
1.9928632901  -2.0819011476  -0.0000986601
1.9928014608  -2.0817541806  -0.0001915114
1.9927174930  -2.0815672836  -0.0003056614
1.9926107658  -2.0813399639  -0.0004416294
1.9924807754  -2.0810718835  -0.0005999292
1.9923270776  -2.0807627766  -0.0007810689
1.9921492612  -2.0804124117  -0.0009855514
1.9919469334  -2.0800205715  -0.0012138738
1.9917197130  -2.0795870423  -0.0014665278
1.9914672254  -2.0791116072  -0.0017439995
1.9911891002  -2.0785940431  -0.0020467695
1.9908849693  -2.0780341178  -0.0023753129
1.9905544656  -2.0774315891  -0.0027300993
1.9901972228  -2.0767862039  -0.0031115926
1.9898128746  -2.0760976979  -0.0035202513
1.9894010542  -2.0753657959  -0.0039565285
1.9889613946  -2.0745902110  -0.0044208716
1.9884935280  -2.0737706461  -0.0049137224
1.9879970863  -2.0729067931  -0.0054355175
1.9874717005  -2.0719983342  -0.0059866875
1.9869170011  -2.0710449418  -0.0065676580
1.9863326180  -2.0700462794  -0.0071788486
1.9857181805  -2.0690020022  -0.0078206737
1.9850733176  -2.0679117574  -0.0084935419
1.9843976580  -2.0667751851  -0.0091978566
1.9836908302  -2.0655919193  -0.0099340154
1.9829524625  -2.0643615879  -0.0107024106
1.9821821727  -2.0630829477  -0.0115045218
1.9813796034  -2.0617564138  -0.0123397675
1.9805443980  -2.0603826795  -0.0132081926
1.9796761721  -2.0589607282  -0.0141100960
1.9787745497  -2.0574899358  -0.0150458034
1.9778391603  -2.0559698242  -0.0160156759
1.9768696353  -2.0543999464  -0.0170200720
1.9758656072  -2.0527798791  -0.0180593514
1.9748267099  -2.0511092093  -0.0191338742
1.9737525784  -2.0493875311  -0.0202439999
1.9726428496  -2.0476144460  -0.0213900872
1.9714971623  -2.0457895632  -0.0225724931
1.9703151577  -2.0439125004  -0.0237915731
1.9690964787  -2.0419828858  -0.0250476805
1.9678407705  -2.0400003566  -0.0263411664
1.9665476802  -2.0379645603  -0.0276723802
1.9652168583  -2.0358751566  -0.0290416690
1.9638479584  -2.0337318198  -0.0304493747
1.9624406363  -2.0315342383  -0.0318958332
1.9609945503  -2.0292821121  -0.0333813776
1.9595093628  -2.0269751553  -0.0349063398
1.9579847402  -2.0246130989  -0.0364710491
1.9564203520  -2.0221956910  -0.0380758310
1.9548158706  -2.0197226967  -0.0397210067
1.9531709729  -2.0171938994  -0.0414068938
1.9514853410  -2.0146091017  -0.0431338064
1.9497586599  -2.0119681248  -0.0449020546
1.9479906186  -2.0092708090  -0.0467119448
1.9461809114  -2.0065170160  -0.0485637793
1.9443292381  -2.0037066291  -0.0504578555
1.9424353013  -2.0008395515  -0.0523944659
1.9404988088  -1.9979154799  -0.0543738991
1.9385194742  -1.9949342795  -0.0563964407
1.9364970153  -1.9918963727  -0.0584623717
1.9344311573  -1.9888019608  -0.0605719669
1.9323216319  -1.9856509111  -0.0627254955
1.9301681731  -1.9824431947  -0.0649232220
1.9279705199  -1.9791788461  -0.0671654058
1.9257284200  -1.9758579341  -0.0694523006
1.9234416253  -1.9724805524  -0.0717841545
1.9211098924  -1.9690468139  -0.0741612110
1.9187329862  -1.9655568525  -0.0765837083
1.9163106752  -1.9620108217  -0.0790518765
1.9138427337  -1.9584088966  -0.0815659380
1.9113289447  -1.9547512764  -0.0841261126
1.9087690927  -1.9510381755  -0.0867326160
1.9061629798  -1.9472698358  -0.0893856531
1.9035104432  -1.9434465464  -0.0920854197
1.9008112926  -1.9395685830  -0.0948321095
1.8980652312  -1.9356361249  -0.0976259112
1.8952719684  -1.9316493672  -0.1004670018
1.8924313382  -1.9276086424  -0.1033555490
1.8895432261  -1.9235143475  -0.1062917164
1.8866074839  -1.9193668550  -0.1092756616
1.8836239300  -1.9151665122  -0.1123075355
1.8805923960  -1.9109136885  -0.1153874801
1.8775127402  -1.9066087913  -0.1185156281
1.8743848312  -1.9022522482  -0.1216921057
1.8712085438  -1.8978444993  -0.1249170324
1.8679837637  -1.8933860035  -0.1281905177
1.8647103843  -1.8888772368  -0.1315126615
1.8613882793  -1.8843186629  -0.1348835565
1.8580173191  -1.8797107388  -0.1383032889
1.8545974559  -1.8750539972  -0.1417719370
1.8511286881  -1.8703490396  -0.1452895680
1.8476109471  -1.8655964322  -0.1488562389
1.8440441322  -1.8607967141  -0.1524720025
1.8404281848  -1.8559504673  -0.1561369029
1.8367630696  -1.8510583115  -0.1598509732
1.8330487543  -1.8461208993  -0.1636142377
1.8292852107  -1.8411389064  -0.1674267112
1.8254724300  -1.8361129104  -0.1712883987
1.8216104539  -1.8310433093  -0.1751993001
1.8176992946  -1.8259304435  -0.1791594090
1.8137388622  -1.8207748187  -0.1831687058
1.8097291543  -1.8155772797  -0.1872271615
1.8056703638  -1.8103389256  -0.1913347406
1.8015625656  -1.8050607058  -0.1954913949
1.7974056146  -1.7997433101  -0.1996970630
1.7931995465  -1.7943875756  -0.2039516761
1.7889446277  -1.7889945458  -0.2082551620
1.7846409180  -1.7835650265  -0.2126074449
1.7802883120  -1.7780996169  -0.2170084406
1.7758868954  -1.7725990762  -0.2214580524
1.7714368400  -1.7670642241  -0.2259561758
1.7669383012  -1.7614958305  -0.2305027004
1.7623914274  -1.7558946272  -0.2350975068
1.7577962714  -1.7502612229  -0.2397404679
1.7531529267  -1.7445962388  -0.2444314500
1.7484616149  -1.7389004019  -0.2491703076
1.7437224817  -1.7331743446  -0.2539568888
1.7389355954  -1.7274186024  -0.2587910390
1.7341010980  -1.7216337687  -0.2636725933
1.7292191753  -1.7158204713  -0.2686013783
1.7242900827  -1.7099793994  -0.2735772143
1.7193140106  -1.7041111711  -0.2785999121
1.7142909951  -1.6982162429  -0.2836692737
1.7092212641  -1.6922952617  -0.2887850941
1.7041051584  -1.6863489958  -0.2939471615
1.6989428483  -1.6803780420  -0.2991552521
1.6937344973  -1.6743829858  -0.3044091268
1.6884803399  -1.6683644749  -0.3097085243
1.6831805472  -1.6623231297  -0.3150531785
1.6778353349  -1.6562597258  -0.3204428954
1.6724451498  -1.6501753040  -0.3258775660
1.6670102829  -1.6440706909  -0.3313570355
1.6615308180  -1.6379465140  -0.3368810275
1.6560071195  -1.6318037212  -0.3424492030
1.6504394984  -1.6256431991  -0.3480612156
1.6448280430  -1.6194655992  -0.3537167242
1.6391729703  -1.6132717180  -0.3594153878
1.6334746384  -1.6070625139  -0.3651568536
1.6277334661  -1.6008390207  -0.3709407595
1.6219498137  -1.5946022226  -0.3767667442
1.6161239521  -1.5883530222  -0.3826344474
1.6102561285  -1.5820923062  -0.3885435070
1.6043467541  -1.5758211305  -0.3944935539
1.5983962143  -1.5695405286  -0.4004842098
1.5924047356  -1.5632513742  -0.4065150999
1.5863727791  -1.5569547746  -0.4125858501
1.5803006849  -1.5506517120  -0.4186960789
1.5741886279  -1.5443429890  -0.4248454011
1.5680371743  -1.5380297909  -0.4310334294
1.5618467897  -1.5317131922  -0.4372597722
1.5556177270  -1.5253940287  -0.4435240295
1.5493503752  -1.5190732469  -0.4498257882
1.5430451616  -1.5127518059  -0.4561646157
1.5367024842  -1.5064305996  -0.4625400553
1.5303227200  -1.5001104590  -0.4689516071
1.5239062778  -1.4937922016  -0.4753986879
1.5174535463  -1.4874765524  -0.4818805660
1.5109647092  -1.4811639299  -0.4883961937
1.5044397933  -1.4748544036  -0.4949437712
1.4978783814  -1.4685474314  -0.5015188944
1.4912811784  -1.4622439456  -0.5081216844
1.4846527144  -1.4559495766  -0.5147629688
1.4779968911  -1.4496697925  -0.5214507308
1.4713121903  -1.4434040580  -0.5281838706
1.4645957088  -1.4371494327  -0.5349600233
1.4578465176  -1.4309043979  -0.5417777460
1.4510647644  -1.4246683936  -0.5486356183
1.4442508826  -1.4184410600  -0.5555321476
1.4374052381  -1.4122218424  -0.5624657698
1.4305280852  -1.4060099407  -0.5694348538
1.4236197138  -1.3998044699  -0.5764377088
1.4166805226  -1.3936045465  -0.5834725934
1.4097109449  -1.3874092224  -0.5905377234
1.4027115548  -1.3812175976  -0.5976312746
1.3956825235  -1.3750282842  -0.6047513871
1.3886241362  -1.3688399367  -0.6118961753
1.3815370321  -1.3626515088  -0.6190637309
1.3744215109  -1.3564615668  -0.6262521265
1.3672778891  -1.3502686532  -0.6334594274
1.3601065257  -1.3440713256  -0.6406836910
1.3529076700  -1.3378680177  -0.6479229674
1.3456814758  -1.3316570614  -0.6551753115
1.3384279563  -1.3254366538  -0.6624387878
1.3311468572  -1.3192047470  -0.6697114714
1.3238375281  -1.3129589226  -0.6769914535
1.3164987111  -1.3066962041  -0.6842768475
1.3091279881  -1.3004125148  -0.6915657928
1.3017208431  -1.2941017557  -0.6988564607
1.2942686350  -1.2877538075  -0.7061470651
1.2867526194  -1.2813485599  -0.7134358786
1.2791292609  -1.2748411000  -0.7207212670
1.2712471228  -1.2680811431  -0.7280016632
1.2634223370  -1.2613891817  -0.7352753651
1.2560383741  -1.2551471554  -0.7425404470
1.2488751878  -1.2491274856  -0.7497950345
1.2417436696  -1.2431346125  -0.7570375197
1.2346271443  -1.2371473216  -0.7642664721
1.2275251887  -1.2311626052  -0.7714805357
1.2204376077  -1.2251785001  -0.7786784246
1.2133642156  -1.2191932372  -0.7858589368
1.2063048499  -1.2132052004  -0.7930209636
1.1992593730  -1.2072129300  -0.8001634942
1.1922276696  -1.2012151251  -0.8072856174
1.1852096442  -1.1952106445  -0.8143865235
1.1782052192  -1.1891985064  -0.8214655058
1.1712143362  -1.1831778876  -0.8285219697
1.1642369578  -1.1771481227  -0.8355554408
1.1572730612  -1.1711087004  -0.8425655591
1.1503226350  -1.1650592583  -0.8495520836
1.1433856821  -1.1589995798  -0.8565149031
1.1364622171  -1.1529295882  -0.8634540362
1.1295522639  -1.1468493395  -0.8703696371
1.1226558546  -1.1407590147  -0.8772620026
1.1157730288  -1.1346589136  -0.8841315800
1.1089038337  -1.1285494470  -0.8909789778
1.1020483243  -1.1224311281  -0.8978049819
1.0952065668  -1.1163045654  -0.9046105777
1.0883786439  -1.1101704578  -0.9113969874
1.0815646694  -1.1040295937  -0.9181657357
1.0747648175  -1.0978828616  -0.9249187707
1.0679793967  -1.0917312879  -0.9316587361
1.0612090425  -1.0855761687  -0.9383896278
1.0544554935  -1.0794192287  -0.9451192972
1.0477192160  -1.0732616742  -0.9518521715
1.0409950818  -1.0671027211  -0.9585805936
1.0342773302  -1.0609407546  -0.9652967483
1.0275664070  -1.0547754870  -0.9720004246
1.0208652198  -1.0486075900  -0.9786927114
1.0141747660  -1.0424375728  -0.9853738630
1.0074949776  -1.0362656983  -0.9920440503
1.0008257027  -1.0300921575  -0.9987034484
0.9941667904  -1.0239171080  -1.0053522366
0.9875180910  -1.0177406783  -1.0119905982
0.9808794558  -1.0115629673  -1.0186187201
0.9742507371  -1.0053840442  -1.0252367917
0.9676317879  -0.9992039484  -1.0318450044
0.9610224621  -0.9930226901  -1.0384435512
0.9544226143  -0.9868402524  -1.0450326253
0.9478320996  -0.9806565917  -1.0516124198
0.9412507740  -0.9744716383  -1.0581831265
0.9346784942  -0.9682852981  -1.0647449351
0.9281151176  -0.9620974548  -1.0712980324
0.9215605025  -0.9559079708  -1.0778426011
0.9150145080  -0.9497166900  -1.0843788191
0.9084769944  -0.9435234396  -1.0909068584
0.9019478226  -0.9373280325  -1.0974268839
0.8954268547  -0.9311302700  -1.1039390526
0.8889139541  -0.9249299447  -1.1104435122
0.8824089847  -0.9187268440  -1.1169403995
0.8759118116  -0.9125207547  -1.1234298390
0.8694223005  -0.9063114696  -1.1299119398
0.8629403164  -0.9000987990  -1.1363867910
0.8564657221  -0.8938825962  -1.1428544522
0.8499983707  -0.8876628402  -1.1493149256
0.8435381079  -0.8814395166  -1.1557681611
0.8370848179  -0.8752121015  -1.1622141831
0.8306384621  -0.8689795957  -1.1686531804
0.8241990187  -0.8627413710  -1.1750853853
0.8177663997  -0.8564973960  -1.1815109468
0.8113404690  -0.8502476970  -1.1879299607
0.8049211004  -0.8439921362  -1.1943425221
0.7985081886  -0.8377305293  -1.2007487294
0.7921016362  -0.8314627064  -1.2071486786
0.7857013485  -0.8251885160  -1.2135424634
0.7793072330  -0.8189078245  -1.2199301749
0.7729191995  -0.8126205164  -1.2263119016
0.7665371599  -0.8063264940  -1.2326877296
0.7601610288  -0.8000256765  -1.2390577421
0.7537907227  -0.7937179997  -1.2454220200
0.7474261606  -0.7874034167  -1.2517806414
0.7410672640  -0.7810818967  -1.2581336817
0.7347139567  -0.7747534221  -1.2644812139
0.7283661648  -0.7684179851  -1.2708233081
0.7220238172  -0.7620755874  -1.2771600320
0.7156868450  -0.7557262392  -1.2834914506
0.7093551819  -0.7493699571  -1.2898176264
0.7030287643  -0.7430067621  -1.2961386191
0.6967075308  -0.7366366776  -1.3024544861
0.6903914230  -0.7302597266  -1.3087652819
0.6840803849  -0.7238759292  -1.3150710587
0.6777743633  -0.7174852997  -1.3213718663
0.6714733075  -0.7110878425  -1.3276677516
0.6651771698  -0.7046835464  -1.3339587596
0.6588859050  -0.6982723747  -1.3402449328
0.6525994711  -0.6918542421  -1.3465263116
0.6463178289  -0.6854289987  -1.3528029353
0.6400409418  -0.6789965021  -1.3590748407
0.6337687760  -0.6725567418  -1.3653420606
0.6275012991  -0.6661098322  -1.3716046229
0.6212384817  -0.6596558870  -1.3778625509
0.6149802977  -0.6531949666  -1.3841158659
0.6087267249  -0.6467271154  -1.3903645867
0.6024777441  -0.6402523885  -1.3966087296
0.5962333391  -0.6337708509  -1.4028483075
0.5899934965  -0.6272825759  -1.4090833302
0.5837582062  -0.6207876450  -1.4153138042
0.5775274611  -0.6142861479  -1.4215397330
0.5713012574  -0.6077781829  -1.4277611167
0.5650795945  -0.6012636803  -1.4339779526
0.5588624752  -0.5947422264  -1.4401902351
0.5526499055  -0.5882137966  -1.4463979556
0.5464418945  -0.5816793592  -1.4526010993
0.5402384543  -0.5751398332  -1.4587996469
0.5340396006  -0.5685953987  -1.4649935771
0.5278453535  -0.5620460802  -1.4711828665
0.5216557366  -0.5554920049  -1.4773674884
0.5154707767  -0.5489332963  -1.4835474126
0.5092905038  -0.5423700723  -1.4897226058
0.5031149516  -0.5358024486  -1.4958930308
0.4969441572  -0.5292305417  -1.5020586472
0.4907781615  -0.5226544724  -1.5082194110
0.4846170087  -0.5160743688  -1.5143752745
0.4784607467  -0.5094903695  -1.5205261864
0.4723094271  -0.5029026266  -1.5266720915
0.4661631050  -0.4963113085  -1.5328129310
0.4600218392  -0.4897166027  -1.5389486421
0.4538856922  -0.4831187181  -1.5450791581
0.4477547301  -0.4765178868  -1.5512044084
0.4416290226  -0.4699143664  -1.5573243185
0.4355086434  -0.4633084403  -1.5634388100
0.4293936694  -0.4567004199  -1.5695478007
0.4232841815  -0.4500906450  -1.5756512043
0.4171802643  -0.4434794851  -1.5817489309
0.4110820059  -0.4368673393  -1.5878408868
0.4049894980  -0.4302546365  -1.5939269744
0.3989028359  -0.4236418348  -1.6000070926
0.3928221186  -0.4170294210  -1.6060811368
0.3867474485  -0.4104179094  -1.6121489987
0.3806789315  -0.4038078410  -1.6182105668
0.3746166769  -0.3971997815  -1.6242657264
0.3685608149  -0.3905969116  -1.6303144596
0.3625115027  -0.3840033554  -1.6363568608
0.3564688374  -0.3774136491  -1.6423927323
0.3504328388  -0.3708203774  -1.6484216079
0.3444035988  -0.3642271255  -1.6544432403
0.3383812955  -0.3576387033  -1.6604575123
0.3323660903  -0.3510560997  -1.6664642574
0.3263581239  -0.3444802905  -1.6724633139
0.3203575403  -0.3379122434  -1.6784545256
0.3143644860  -0.3313529101  -1.6844377430
0.3083791102  -0.3248032208  -1.6904128238
0.3024015635  -0.3182640785  -1.6963796332
0.2964319979  -0.3117363540  -1.7023380445
0.2904705664  -0.3052208829  -1.7082879393
0.2845174224  -0.2987184620  -1.7142292080
0.2785727191  -0.2922298476  -1.7201617494
0.2726366099  -0.2857557542  -1.7260854709
0.2667092471  -0.2792968536  -1.7320002884
0.2607907826  -0.2728537754  -1.7379061257
0.2548813673  -0.2664271074  -1.7438029144
0.2489811508  -0.2600173971  -1.7496905932
0.2430902818  -0.2536251538  -1.7555691070
0.2372089075  -0.2472508505  -1.7614384066
0.2313371739  -0.2408949268  -1.7672984474
0.2254752258  -0.2345577924  -1.7731491884
0.2196232066  -0.2282398297  -1.7789905912
0.2137812581  -0.2219413980  -1.7848226188
0.2079495209  -0.2156628369  -1.7906452339
0.2021281339  -0.2094044699  -1.7964583979
0.1963172345  -0.2031666086  -1.8022620691
0.1905169580  -0.1969495557  -1.8080562013
0.1847274377  -0.1907536183  -1.8138407412
0.1789548918  -0.1845819270  -1.8197038210
0.1732033741  -0.1784363687  -1.8256891073
0.1674572124  -0.1723097379  -1.8316456581
0.1617119362  -0.1662003957  -1.8376122509
0.1559758582  -0.1601126361  -1.8435860464
0.1502489771  -0.1540468157  -1.8495638335
0.1445313212  -0.1480033242  -1.8555420292
0.1388229498  -0.1419825790  -1.8615166783
0.1331239537  -0.1359850219  -1.8674834535
0.1274344570  -0.1300111151  -1.8734376557
0.1217546180  -0.1240613367  -1.8793742138
0.1160846302  -0.1181361748  -1.8852876843
0.1104247227  -0.1122361210  -1.8911722523
0.1047751611  -0.1063616634  -1.8970217303
0.0991362480  -0.1005132790  -1.9028295590
0.0935083224  -0.0946914259  -1.9085888073
0.0878917604  -0.0888965351  -1.9142921717
0.0822869744  -0.0831290021  -1.9199319770
0.0766944125  -0.0773891799  -1.9255001758
0.0711145576  -0.0716773714  -1.9309883487
0.0655479262  -0.0659938231  -1.9363877043
0.0599950668  -0.0603387203  -1.9416890792
0.0544565579  -0.0547121828  -1.9468829381
0.0489330059  -0.0491142638  -1.9519593735
0.0434250422  -0.0435449488  -1.9569081058
0.0379333202  -0.0380041587  -1.9617184838
0.0324585119  -0.0324917533  -1.9663794837
0.0270013035  -0.0270075386  -1.9708797102
0.0215623910  -0.0215512754  -1.9752073957
0.0161424756  -0.0161226906  -1.9793504007
0.0107422576  -0.0107214896  -1.9832962136
0.0053624303  -0.0053473706  -1.9870319508
0.0053546990  -0.0053472992  -1.9870319508
