0.0912322
2.0411747070  -2.1382067198   0.0000731366
2.0411747070  -2.1382067198   0.0000731366
2.0411796311  -2.1381971348   0.0000595047
2.0411737522  -2.1381551697   0.0000258531
2.0411518482  -2.1380800484  -0.0000283874
2.0411093695  -2.1379654525  -0.0001037799
2.0410446698  -2.1378094442  -0.0002008813
2.0409568275  -2.1376111278  -0.0003202425
2.0408451930  -2.1373699886  -0.0004624079
2.0407092398  -2.1370856773  -0.0006279158
2.0405485039  -2.1367579227  -0.0008172983
2.0403625560  -2.1363864899  -0.0010310814
2.0401509869  -2.1359711592  -0.0012697848
2.0399133991  -2.1355117150  -0.0015339220
2.0396494026  -2.1350079385  -0.0018240002
2.0393586119  -2.1344596039  -0.0021405207
2.0390406441  -2.1338664761  -0.0024839782
2.0386951181  -2.1332283094  -0.0028548616
2.0383216532  -2.1325448468  -0.0032536532
2.0379198693  -2.1318158192  -0.0036808294
2.0374893861  -2.1310409461  -0.0041368603
2.0370298234  -2.1302199351  -0.0046222098
2.0365408005  -2.1293524826  -0.0051373356
2.0360219363  -2.1284382742  -0.0056826890
2.0354728495  -2.1274769848  -0.0062587155
2.0348931584  -2.1264682797  -0.0068658541
2.0342824813  -2.1254118148  -0.0075045377
2.0336404358  -2.1243072373  -0.0081751930
2.0329666401  -2.1231541869  -0.0088782404
2.0322607120  -2.1219522957  -0.0096140942
2.0315222697  -2.1207011899  -0.0103831625
2.0307509318  -2.1194004898  -0.0111858471
2.0299463064  -2.1180488908  -0.0120236842
2.0291080272  -2.1166468495  -0.0128960604
2.0282357287  -2.1151951154  -0.0138030155
2.0273290181  -2.1136926260  -0.0147448513
2.0263875118  -2.1121387409  -0.0157218982
2.0254108324  -2.1105329728  -0.0167345234
2.0243986045  -2.1088748669  -0.0177830912
2.0233504545  -2.1071639943  -0.0188679662
2.0222660104  -2.1053999373  -0.0199895132
2.0211449026  -2.1035822874  -0.0211480959
2.0199867640  -2.1017106448  -0.0223440762
2.0187912300  -2.0997846187  -0.0235778142
2.0175579381  -2.0978038277  -0.0248496677
2.0162865284  -2.0957679005  -0.0261599916
2.0149766445  -2.0936764779  -0.0275091381
2.0136279335  -2.0915292138  -0.0288974559
2.0122400453  -2.0893257753  -0.0303252908
2.0108126327  -2.0870658424  -0.0317929844
2.0093453527  -2.0847491094  -0.0333008751
2.0078378669  -2.0823752886  -0.0348492971
2.0062898402  -2.0799441084  -0.0364385821
2.0047009410  -2.0774553128  -0.0380690557
2.0030708426  -2.0749086655  -0.0397410354
2.0013992233  -2.0723039509  -0.0414548321
1.9996857651  -2.0696409710  -0.0432107551
1.9979301548  -2.0669195468  -0.0450091103
1.9961320856  -2.0641395217  -0.0468501984
1.9942912550  -2.0613007611  -0.0487343142
1.9924073650  -2.0584031510  -0.0506617479
1.9904801240  -2.0554466002  -0.0526327848
1.9885092467  -2.0524310402  -0.0546477051
1.9864944516  -2.0493561836  -0.0567067843
1.9844354628  -2.0462219223  -0.0588102924
1.9823320122  -2.0430287398  -0.0609584921
1.9801838387  -2.0397768837  -0.0631516412
1.9779906874  -2.0364662487  -0.0653899939
1.9757523094  -2.0330968445  -0.0676738001
1.9734684599  -2.0296687468  -0.0700033021
1.9711389016  -2.0261820654  -0.0723787355
1.9687634048  -2.0226369388  -0.0748003301
1.9663417444  -2.0190335260  -0.0772683097
1.9638737038  -2.0153720085  -0.0797828915
1.9613590718  -2.0116525890  -0.0823442869
1.9587976439  -2.0078754950  -0.0849527018
1.9561892255  -2.0040409800  -0.0876083349
1.9535336254  -2.0001493157  -0.0903113758
1.9508306600  -1.9962007935  -0.0930620081
1.9480801534  -1.9921957231  -0.0958604129
1.9452819352  -1.9881344343  -0.0987067622
1.9424358423  -1.9840172794  -0.1016012161
1.9395417175  -1.9798446282  -0.1045439306
1.9365994356  -1.9756168899  -0.1075350583
1.9336089023  -1.9713345168  -0.1105747395
1.9305699036  -1.9669978538  -0.1136631041
1.9274821331  -1.9626071590  -0.1168002770
1.9243454348  -1.9581628519  -0.1199863777
1.9211597691  -1.9536654844  -0.1232215183
1.9179250510  -1.9491155729  -0.1265058012
1.9146411461  -1.9445135901  -0.1298393195
1.9113079376  -1.9398600336  -0.1332221600
1.9079253414  -1.9351554448  -0.1366544016
1.9044932818  -1.9304003828  -0.1401361127
1.9010116903  -1.9255954083  -0.1436673524
1.8974805142  -1.9207410890  -0.1472481730
1.8938996870  -1.9158380025  -0.1508786200
1.8902691156  -1.9108867338  -0.1545587296
1.8865887839  -1.9058879530  -0.1582885257
1.8828587580  -1.9008424134  -0.1620680254
1.8790790360  -1.8957508104  -0.1658972403
1.8752495610  -1.8906138112  -0.1697761711
1.8713703220  -1.8854321520  -0.1737048081
1.8674413366  -1.8802064865  -0.1776831333
1.8634626245  -1.8749372366  -0.1817111190
1.8594342066  -1.8696247833  -0.1857887313
1.8553561425  -1.8642698117  -0.1899159296
1.8512285349  -1.8588733099  -0.1940926603
1.8470513909  -1.8534362289  -0.1983188592
1.8428246708  -1.8479594333  -0.2025944570
1.8385485576  -1.8424439775  -0.2069193729
1.8342232754  -1.8368909330  -0.2112935130
1.8298487592  -1.8313010435  -0.2157167759
1.8254249943  -1.8256750613  -0.2201890555
1.8209522875  -1.8200140321  -0.2247102381
1.8164308043  -1.8143188317  -0.2292801987
1.8118604634  -1.8085900461  -0.2338988020
1.8072413663  -1.8028284097  -0.2385659099
1.8025737406  -1.7970347604  -0.2432813804
1.7978577947  -1.7912098877  -0.2480450599
1.7930937134  -1.7853545287  -0.2528567858
1.7882815792  -1.7794692925  -0.2577163892
1.7834215468  -1.7735548352  -0.2626236904
1.7785138856  -1.7676119110  -0.2675785055
1.7735587486  -1.7616411432  -0.2725806465
1.7685562481  -1.7556430982  -0.2776299142
1.7635065792  -1.7496184151  -0.2827261013
1.7584099940  -1.7435677845  -0.2878689944
1.7532667937  -1.7374919443  -0.2930583742
1.7480771089  -1.7313914575  -0.2982940135
1.7428410609  -1.7252668745  -0.3035756757
1.7375590231  -1.7191190052  -0.3089031138
1.7322312836  -1.7129485803  -0.3142760669
1.7268580071  -1.7067562043  -0.3196942501
1.7214394413  -1.7005425834  -0.3251573730
1.7159758364  -1.6943084356  -0.3306652175
1.7104674268  -1.6880544374  -0.3362176541
1.7049146362  -1.6817815442  -0.3418145102
1.6993178088  -1.6754907954  -0.3474554882
1.6936770230  -1.6691829616  -0.3531402303
1.6879926358  -1.6628589999  -0.3588683777
1.6822650555  -1.6565198901  -0.3646395711
1.6764944100  -1.6501663308  -0.3704534451
1.6706809119  -1.6437991160  -0.3763096307
1.6648249446  -1.6374192296  -0.3822077568
1.6589269579  -1.6310277332  -0.3881474453
1.6529873421  -1.6246256337  -0.3941283126
1.6470063832  -1.6182138372  -0.4001499802
1.6409843547  -1.6117932418  -0.4062120705
1.6349217012  -1.6053649182  -0.4123141956
1.6288188048  -1.5989298750  -0.4184559665
1.6226759252  -1.5924889920  -0.4246369943
1.6164935631  -1.5860433874  -0.4308568865
1.6102720079  -1.5795939570  -0.4371152494
1.6040115109  -1.5731415409  -0.4434116849
1.5977126895  -1.5666873366  -0.4497457889
1.5913759457  -1.5602323085  -0.4561171522
1.5850015627  -1.5537772699  -0.4625253563
1.5785899665  -1.5473231499  -0.4689699648
1.5721415895  -1.5408708548  -0.4754505135
1.5656568197  -1.5344212011  -0.4819664962
1.5591360452  -1.5279749566  -0.4885173351
1.5525796685  -1.5215328413  -0.4951023116
1.5459879896  -1.5150953707  -0.5017204030
1.5393609930  -1.5086625508  -0.5083698804
1.5326981618  -1.5022337070  -0.5150464358
1.5260001870  -1.4958097128  -0.5217498863
1.5192714908  -1.4893960646  -0.5284905967
1.5125161315  -1.4829983826  -0.5352766561
1.5057327142  -1.4766162526  -0.5421071709
1.4989182738  -1.4702466609  -0.5489797633
1.4920719061  -1.4638880973  -0.5558930027
1.4851937173  -1.4575399473  -0.5628454855
1.4782840824  -1.4512017815  -0.5698357363
1.4713434224  -1.4448730912  -0.5768622158
1.4643720517  -1.4385531317  -0.5839233224
1.4573702124  -1.4322409658  -0.5910173958
1.4503382867  -1.4259356882  -0.5981427239
1.4432766778  -1.4196363169  -0.6052975517
1.4361859891  -1.4133419821  -0.6124800892
1.4290664761  -1.4070513831  -0.6196885132
1.4219183408  -1.4007630939  -0.6269209720
1.4147422042  -1.3944760507  -0.6341755950
1.4075384212  -1.3881888782  -0.6414504945
1.4003072862  -1.3819001013  -0.6487437712
1.3930491628  -1.3756082885  -0.6560535241
1.3857643153  -1.3693118943  -0.6633778481
1.3784528996  -1.3630092590  -0.6707148377
1.3711149483  -1.3566986043  -0.6780625982
1.3637502254  -1.3503779050  -0.6854192485
1.3563581364  -1.3440448086  -0.6927829230
1.3489374797  -1.3376963952  -0.7001517780
1.3414859525  -1.3313287042  -0.7075239965
1.3339992916  -1.3249358938  -0.7148977934
1.3264692890  -1.3185082710  -0.7222714239
1.3188782105  -1.3120267165  -0.7296432003
1.3111850688  -1.3054487947  -0.7370115299
1.3032394266  -1.2986249582  -0.7443748902
1.2953346576  -1.2918531245  -0.7517316307
1.2878572001  -1.2855188093  -0.7590798761
1.2806072048  -1.2794148195  -0.7664177918
1.2733900896  -1.2733399704  -0.7737438055
1.2661877066  -1.2672713849  -0.7810565248
1.2589996262  -1.2612059637  -0.7883546310
1.2518256479  -1.2551417240  -0.7956368762
1.2446655800  -1.2490768842  -0.8029020941
1.2375192523  -1.2430098148  -0.8101492081
1.2303865189  -1.2369390409  -0.8173772382
1.2232672567  -1.2308632444  -0.8245853034
1.2161613622  -1.2247812648  -0.8317726225
1.2090687496  -1.2186920998  -0.8389385153
1.2019893507  -1.2125949046  -0.8460824092
1.1949231174  -1.2064889906  -0.8532038502
1.1878700181  -1.2003738222  -0.8603024976
1.1808300314  -1.1942490119  -0.8673781264
1.1738031493  -1.1881143171  -0.8744306376
1.1667893761  -1.1819696338  -0.8814600602
1.1597887247  -1.1758149911  -0.8884665547
1.1528012161  -1.1696505427  -0.8954504213
1.1458268790  -1.1634765598  -0.9024121063
1.1388657491  -1.1572934244  -0.9093522137
1.1319178702  -1.1511016211  -0.9162715193
1.1249832963  -1.1449017299  -0.9231709928
1.1180620977  -1.1386944206  -0.9300518338
1.1111543745  -1.1324804527  -0.9369155326
1.1042602840  -1.1262606836  -0.9437639863
1.0973801115  -1.1200361062  -0.9505997560
1.0905144516  -1.1138079767  -0.9574266837
1.0836649927  -1.1075779834  -0.9642523997
1.0768323000  -1.1013473509  -0.9710815249
1.0700114719  -1.0951153652  -0.9779068756
1.0631967177  -1.0888804073  -0.9847206098
1.0563882716  -1.0826421031  -0.9915223459
1.0495890021  -1.0764010684  -0.9983132004
1.0427999496  -1.0701577944  -1.0050934430
1.0360210468  -1.0639125255  -1.0118632518
1.0292521344  -1.0576654318  -1.0186228085
1.0224930540  -1.0514166501  -1.0253722996
1.0157436484  -1.0451662878  -1.0321119154
1.0090037615  -1.0389144235  -1.0388418494
1.0022732378  -1.0326611070  -1.0455622979
0.9955519229  -1.0264063584  -1.0522734592
0.9888396630  -1.0201501695  -1.0589755331
0.9821363049  -1.0138925047  -1.0656687198
0.9754416961  -1.0076333026  -1.0723532192
0.9687556848  -1.0013724764  -1.0790292302
0.9620781199  -0.9951099148  -1.0856969496
0.9554088509  -0.9888454848  -1.0923565713
0.9487477283  -0.9825790327  -1.0990082855
0.9420946032  -0.9763103861  -1.1056522774
0.9354493277  -0.9700393563  -1.1122887268
0.9288117549  -0.9637657409  -1.1189178063
0.9221817386  -0.9574893258  -1.1255396810
0.9155591339  -0.9512098884  -1.1321545068
0.9089437966  -0.9449272015  -1.1387624293
0.9023355835  -0.9386410375  -1.1453635817
0.8957343517  -0.9323511756  -1.1519580823
0.8891399581  -0.9260574140  -1.1585460305
0.8825522571  -0.9197595969  -1.1651274968
0.8759710935  -0.9134577084  -1.1717024959
0.8693963043  -0.9071517516  -1.1782709895
0.8628277627  -0.9008411714  -1.1848330076
0.8562654188  -0.8945248549  -1.1913887423
0.8497092423  -0.8882020738  -1.1979384343
0.8431591388  -0.8818727824  -1.2044822437
0.8366149638  -0.8755370215  -1.2110202762
0.8300765813  -0.8691946436  -1.2175526361
0.8235438764  -0.8628454398  -1.2240794308
0.8170167424  -0.8564892146  -1.2306007659
0.8104950752  -0.8501257905  -1.2371167443
0.8039787728  -0.8437550082  -1.2436274668
0.7974677356  -0.8373767259  -1.2501330314
0.7909618661  -0.8309908200  -1.2566335337
0.7844610691  -0.8245971832  -1.2631290667
0.7779652515  -0.8181957250  -1.2696197210
0.7714743228  -0.8117863725  -1.2761055844
0.7649881946  -0.8053690689  -1.2825867421
0.7585067809  -0.7989437705  -1.2890632770
0.7520299983  -0.7925104432  -1.2955352690
0.7455577655  -0.7860690620  -1.3020027957
0.7390900039  -0.7796196104  -1.3084659321
0.7326266374  -0.7731620783  -1.3149247506
0.7261675923  -0.7666964597  -1.3213793209
0.7197127974  -0.7602227508  -1.3278297103
0.7132621843  -0.7537409475  -1.3342759834
0.7068156870  -0.7472510424  -1.3407182025
0.7003732424  -0.7407530220  -1.3471564270
0.6939347900  -0.7342468627  -1.3535907142
0.6875002718  -0.7277325248  -1.3600211189
0.6810696330  -0.7212099431  -1.3664476933
0.6746428215  -0.7146790026  -1.3728704881
0.6682197882  -0.7081395211  -1.3792895521
0.6618004869  -0.7015913198  -1.3857049320
0.6553848738  -0.6950343522  -1.3921166707
0.6489729069  -0.6884687031  -1.3985248055
0.6425645468  -0.6818944600  -1.4049293697
0.6361597581  -0.6753116551  -1.4113303940
0.6297585087  -0.6687203023  -1.4177279068
0.6233607701  -0.6621204257  -1.4241219337
0.6169665165  -0.6555120599  -1.4305124969
0.6105757255  -0.6488952476  -1.4368996155
0.6041883776  -0.6422700400  -1.4432833051
0.5978044567  -0.6356364965  -1.4496635780
0.5914239502  -0.6289946851  -1.4560404431
0.5850468485  -0.6223444874  -1.4624139062
0.5786731460  -0.6156854041  -1.4687839706
0.5723028404  -0.6090173641  -1.4751506358
0.5659359323  -0.6023413927  -1.4815138950
0.5595724255  -0.5956584626  -1.4878737363
0.5532123279  -0.5889687285  -1.4942301457
0.5468556521  -0.5822721720  -1.5005831072
0.5405024144  -0.5755688877  -1.5069326011
0.5341526344  -0.5688589661  -1.5132786043
0.5278063355  -0.5621424907  -1.5196210896
0.5214635449  -0.5554195415  -1.5259600265
0.5151242935  -0.5486901991  -1.5322953802
0.5087886162  -0.5419545479  -1.5386271124
0.5024565518  -0.5352126798  -1.5449551805
0.4961281429  -0.5284646976  -1.5512795381
0.4898034365  -0.5217107188  -1.5576001344
0.4834824831  -0.5149508781  -1.5639169144
0.4771653377  -0.5081853312  -1.5702298187
0.4708520591  -0.5014142572  -1.5765387837
0.4645427104  -0.4946378609  -1.5828437412
0.4582373588  -0.4878563749  -1.5891446185
0.4519360756  -0.4810700613  -1.5954413384
0.4456389365  -0.4742792127  -1.6017338195
0.4393460212  -0.4674841541  -1.6080219756
0.4330574137  -0.4606852438  -1.6143057161
0.4267732023  -0.4538828739  -1.6205849462
0.4204934795  -0.4470774701  -1.6268595664
0.4142183419  -0.4402694916  -1.6331294731
0.4079478906  -0.4334594308  -1.6393945583
0.4016822304  -0.4266478121  -1.6456547100
0.3954214709  -0.4198351906  -1.6519098118
0.3891657252  -0.4130221508  -1.6581597437
0.3829151307  -0.4062121964  -1.6644044913
0.3766698554  -0.3994098947  -1.6706441626
0.3704300003  -0.3926091179  -1.6768785453
0.3641955790  -0.3858015388  -1.6831071324
0.3579666858  -0.3789911022  -1.6893296561
0.3517435143  -0.3721831358  -1.6955459910
0.3455262393  -0.3653787098  -1.7017559567
0.3393150129  -0.3585788829  -1.7079593774
0.3331099911  -0.3517847083  -1.7141560833
0.3269113336  -0.3449972247  -1.7203459111
0.3207192033  -0.3382174498  -1.7265287045
0.3145337655  -0.3314463738  -1.7327043153
0.3083551878  -0.3246849541  -1.7388726032
0.3021836392  -0.3179341112  -1.7450334367
0.2960192899  -0.3111947249  -1.7511866930
0.2898623105  -0.3044676321  -1.7573322579
0.2837128721  -0.2977536250  -1.7634700261
0.2775711459  -0.2910534505  -1.7695999009
0.2714373026  -0.2843678097  -1.7757217936
0.2653115125  -0.2776973592  -1.7818356233
0.2591939454  -0.2710427119  -1.7879413162
0.2530847704  -0.2644044394  -1.7940388049
0.2469841557  -0.2577830744  -1.8001280273
0.2408922688  -0.2511791137  -1.8062089262
0.2348092763  -0.2445930215  -1.8122814473
0.2287353439  -0.2380252335  -1.8183455390
0.2226706366  -0.2314761602  -1.8244011500
0.2166153182  -0.2249461918  -1.8304482287
0.2105695513  -0.2184357020  -1.8364867213
0.2045334974  -0.2119450523  -1.8425165699
0.1985073166  -0.2054745960  -1.8485377113
0.1924911670  -0.1990246934  -1.8545500746
0.1864918727  -0.1925989313  -1.8606456429
0.1805138877  -0.1861994902  -1.8668699857
0.1745400584  -0.1798181517  -1.8730655122
0.1685655011  -0.1734530480  -1.8792726834
0.1625993357  -0.1671091015  -1.8854885159
0.1566415750  -0.1607867371  -1.8917096368
0.1506922656  -0.1544864206  -1.8979322845
0.1447514875  -0.1482086516  -1.9041523084
0.1388193562  -0.1419539604  -1.9103651685
0.1328960236  -0.1357229034  -1.9165659362
0.1269816793  -0.1295160571  -1.9227492938
0.1210765514  -0.1233340123  -1.9289095344
0.1151809072  -0.1171773659  -1.9350405622
0.1092950540  -0.1110467128  -1.9411358924
0.1034193390  -0.1049426372  -1.9471886511
0.0975541495  -0.0988657028  -1.9531915755
0.0916999126  -0.0928164432  -1.9591370138
0.0858570950  -0.0867953528  -1.9650169250
0.0800262017  -0.0808028767  -1.9708228792
0.0742077752  -0.0748394027  -1.9765460574
0.0684023941  -0.0689052535  -1.9821772519
0.0626106711  -0.0630006801  -1.9877068654
0.0568332510  -0.0571258574  -1.9931249122
0.0510708080  -0.0512808814  -1.9984210172
0.0453240428  -0.0454657691  -2.0035844164
0.0395936792  -0.0396804601  -2.0086039568
0.0338804603  -0.0339248220  -2.0134680962
0.0281851437  -0.0281986579  -2.0181649037
0.0225084975  -0.0225017168  -2.0226820591
0.0168512939  -0.0168337063  -2.0270068534
0.0112143042  -0.0111943080  -2.0311261885
0.0055982916  -0.0055831940  -2.0350265771
0.0055898648  -0.0055831147  -2.0350265771
