0.147698
1.4691430683  -1.4657429627   0.0000456040
1.4691430683  -1.4657429627   0.0000456040
1.4691468766  -1.4657404277   0.0000381937
1.4691442727  -1.4657224754   0.0000189225
1.4691319712  -1.4656883456  -0.0000125246
1.4691075073  -1.4656355782  -0.0000564613
1.4690699603  -1.4655633578  -0.0001131998
1.4690188064  -1.4654712746  -0.0001830511
1.4689536710  -1.4653590684  -0.0002663246
1.4688742471  -1.4652265439  -0.0003633287
1.4687802612  -1.4650735357  -0.0004743702
1.4686714580  -1.4648998926  -0.0005997545
1.4685475926  -1.4647054682  -0.0007397859
1.4684084252  -1.4644901172  -0.0008947672
1.4682537194  -1.4642536919  -0.0010649996
1.4680832398  -1.4639960408  -0.0012507835
1.4678967513  -1.4637170076  -0.0014524173
1.4676940187  -1.4634164306  -0.0016701987
1.4674748053  -1.4630941419  -0.0019044234
1.4672388737  -1.4627499675  -0.0021553863
1.4669859847  -1.4623837273  -0.0024233806
1.4667158977  -1.4619952347  -0.0027086983
1.4664283703  -1.4615842968  -0.0030116299
1.4661231581  -1.4611507143  -0.0033324648
1.4658000150  -1.4606942818  -0.0036714907
1.4654586931  -1.4602147878  -0.0040289942
1.4650989423  -1.4597120147  -0.0044052605
1.4647205108  -1.4591857393  -0.0048005734
1.4643231445  -1.4586357324  -0.0052152153
1.4639065878  -1.4580617596  -0.0056494675
1.4634705827  -1.4574635811  -0.0061036095
1.4630148698  -1.4568409519  -0.0065779199
1.4625391785  -1.4561931862  -0.0070733622
1.4620432555  -1.4555204260  -0.0075895965
1.4615268471  -1.4548229714  -0.0081266802
1.4609896776  -1.4541002506  -0.0086848484
1.4604314737  -1.4533518648  -0.0092643497
1.4598519635  -1.4525774961  -0.0098654526
1.4592508735  -1.4517768395  -0.0104884270
1.4586279287  -1.4509495977  -0.0111335458
1.4579828524  -1.4500954742  -0.0118010847
1.4573153662  -1.4492141721  -0.0124913215
1.4566251902  -1.4483053939  -0.0132045365
1.4559120426  -1.4473688413  -0.0139410115
1.4551756403  -1.4464042162  -0.0147010300
1.4544156987  -1.4454112207  -0.0154848768
1.4536319315  -1.4443895572  -0.0162928382
1.4528240512  -1.4433389290  -0.0171252017
1.4519917699  -1.4422590408  -0.0179822558
1.4511347989  -1.4411495996  -0.0188642906
1.4502528483  -1.4400103137  -0.0197715972
1.4493456270  -1.4388408945  -0.0207044678
1.4484128432  -1.4376410564  -0.0216631956
1.4474542042  -1.4364105161  -0.0226480746
1.4464694164  -1.4351489939  -0.0236593998
1.4454581857  -1.4338562132  -0.0246974671
1.4444202163  -1.4325319013  -0.0257625732
1.4433552109  -1.4311757890  -0.0268550156
1.4422628725  -1.4297876128  -0.0279750922
1.4411429041  -1.4283671152  -0.0291231008
1.4399950086  -1.4269140442  -0.0302993391
1.4388188886  -1.4254281533  -0.0315041053
1.4376142466  -1.4239092015  -0.0327376978
1.4363807850  -1.4223568318  -0.0340004164
1.4351182046  -1.4207707698  -0.0352925607
1.4338262051  -1.4191510376  -0.0366144302
1.4325044869  -1.4174975370  -0.0379663236
1.4311527500  -1.4158099779  -0.0393485396
1.4297706934  -1.4140881177  -0.0407613763
1.4283580165  -1.4123317457  -0.0422051315
1.4269144203  -1.4105406647  -0.0436801027
1.4254396090  -1.4087146891  -0.0451865868
1.4239332880  -1.4068536406  -0.0467248800
1.4223951642  -1.4049573470  -0.0482952776
1.4208249456  -1.4030256438  -0.0498980734
1.4192223396  -1.4010583741  -0.0515335601
1.4175870514  -1.3990553860  -0.0532020305
1.4159187850  -1.3970165317  -0.0549037769
1.4142172445  -1.3949416678  -0.0566390909
1.4124821350  -1.3928306574  -0.0584082615
1.4107131666  -1.3906833744  -0.0602115750
1.4089100536  -1.3884997027  -0.0620493160
1.4070725114  -1.3862795312  -0.0639217686
1.4052002566  -1.3840227557  -0.0658292166
1.4032930060  -1.3817292769  -0.0677719416
1.4013504774  -1.3793990027  -0.0697502215
1.3993723960  -1.3770318539  -0.0717643304
1.3973584938  -1.3746277627  -0.0738145407
1.3953085063  -1.3721866703  -0.0759011227
1.3932221667  -1.3697085208  -0.0780243440
1.3910991984  -1.3671932535  -0.0801844703
1.3889393189  -1.3646408083  -0.0823817653
1.3867422483  -1.3620511335  -0.0846164901
1.3845077220  -1.3594241995  -0.0868889022
1.3822354965  -1.3567599985  -0.0891992556
1.3799253388  -1.3540585333  -0.0915478006
1.3775770129  -1.3513198165  -0.0939347830
1.3751902693  -1.3485438664  -0.0963604453
1.3727648532  -1.3457307045  -0.0988250279
1.3703005144  -1.3428803650  -0.1013287679
1.3677970144  -1.3399929185  -0.1038718972
1.3652541238  -1.3370684742  -0.1064546418
1.3626716152  -1.3341070858  -0.1090772247
1.3600492695  -1.3311086314  -0.1117398678
1.3573868652  -1.3280728858  -0.1144427890
1.3546841711  -1.3249997742  -0.1171861976
1.3519409547  -1.3218894744  -0.1199702964
1.3491570098  -1.3187423090  -0.1227952861
1.3463321703  -1.3155586392  -0.1256613641
1.3434662816  -1.3123388150  -0.1285687205
1.3405591566  -1.3090831336  -0.1315175392
1.3376105710  -1.3057918303  -0.1345079994
1.3346203014  -1.3024651153  -0.1375402757
1.3315881742  -1.2991032276  -0.1406145376
1.3285140744  -1.2957064425  -0.1437309497
1.3253978911  -1.2922750169  -0.1468896706
1.3222394563  -1.2888091261  -0.1500908528
1.3190385528  -1.2853088719  -0.1533346439
1.3157950017  -1.2817743755  -0.1566211856
1.3125086706  -1.2782057896  -0.1599506134
1.3091794238  -1.2746032479  -0.1633230552
1.3058071301  -1.2709668749  -0.1667386302
1.3023917011  -1.2672968253  -0.1701974520
1.2989330613  -1.2635932591  -0.1736996311
1.2954311048  -1.2598563002  -0.1772452714
1.2918857247  -1.2560860666  -0.1808344690
1.2882968292  -1.2522826913  -0.1844673113
1.2846643062  -1.2484462882  -0.1881438770
1.2809880369  -1.2445769648  -0.1918642338
1.2772679656  -1.2406748924  -0.1956284420
1.2735040914  -1.2367402902  -0.1994365539
1.2696963690  -1.2327733098  -0.2032886082
1.2658446772  -1.2287738789  -0.2071846198
1.2619489255  -1.2247419784  -0.2111245863
1.2580091481  -1.2206786888  -0.2151085496
1.2540254438  -1.2165861581  -0.2191366417
1.2499977838  -1.2124654462  -0.2232089979
1.2459260138  -1.2083156477  -0.2273256474
1.2418101129  -1.2041356909  -0.2314865300
1.2376502064  -1.1999254942  -0.2356915629
1.2334463212  -1.1956854411  -0.2399406591
1.2291983969  -1.1914159672  -0.2442337268
1.2249064484  -1.1871176288  -0.2485706672
1.2205705397  -1.1827910720  -0.2529513663
1.2161907388  -1.1784369848  -0.2573757014
1.2117671394  -1.1740561151  -0.2618435468
1.2072998349  -1.1696492398  -0.2663547674
1.2027889042  -1.1652171462  -0.2709092172
1.1982344576  -1.1607606769  -0.2755067439
1.1936366418  -1.1562807335  -0.2801471908
1.1889956021  -1.1517782269  -0.2848303936
1.1843114981  -1.1472540916  -0.2895561799
1.1795844281  -1.1427092081  -0.2943243693
1.1748144618  -1.1381444293  -0.2991347723
1.1700018403  -1.1335607745  -0.3039871865
1.1651468450  -1.1289592964  -0.3088813955
1.1602496748  -1.1243409500  -0.3138171659
1.1553105325  -1.1197066699  -0.3187942403
1.1503296443  -1.1150573904  -0.3238123264
1.1453071684  -1.1103939399  -0.3288710792
1.1402432367  -1.1057170780  -0.3339700677
1.1351381200  -1.1010276485  -0.3391087028
1.1299920084  -1.0963263380  -0.3442860854
1.1248048458  -1.0916134426  -0.3495006847
1.1195761105  -1.0868886416  -0.3547482094
1.1143057321  -1.0821521493  -0.3600264283
1.1089968358  -1.0774077714  -0.3653446116
1.1036538524  -1.0726611628  -0.3707149253
1.0982771553  -1.0679140940  -0.3761400580
1.0928639030  -1.0631645081  -0.3816175603
1.0874123108  -1.0584105876  -0.3871455763
1.0819221952  -1.0536517272  -0.3927226654
1.0763937078  -1.0488875169  -0.3983472904
1.0708272609  -1.0441176653  -0.4040178154
1.0652230521  -1.0393415207  -0.4097325110
1.0595809924  -1.0345580060  -0.4154895620
1.0539014497  -1.0297663739  -0.4212870749
1.0481848573  -1.0249658233  -0.4271230851
1.0424314217  -1.0201552129  -0.4329955643
1.0366413655  -1.0153333194  -0.4389024284
1.0308149757  -1.0104988947  -0.4448415423
1.0249525770  -1.0056506512  -0.4508107273
1.0190544236  -1.0007871625  -0.4568077674
1.0131207485  -0.9959069255  -0.4628304168
1.0071517937  -0.9910084026  -0.4688764083
1.0011476960  -0.9860899199  -0.4749434561
0.9951084627  -0.9811496553  -0.4810292596
0.9890339577  -0.9761856387  -0.4871315105
0.9829237800  -0.9711956441  -0.4932479005
0.9767771099  -0.9661770491  -0.4993761259
0.9705923587  -0.9611264993  -0.5055138952
0.9643668221  -0.9560395949  -0.5116589367
0.9580956591  -0.9509098901  -0.5178090026
0.9517698002  -0.9457268465  -0.5239618768
0.9453711018  -0.9404710788  -0.5301153910
0.9388627344  -0.9351048279  -0.5362674605
0.9320806554  -0.9294645845  -0.5424160894
0.9252020509  -0.9237308739  -0.5485592134
0.9187219446  -0.9183965621  -0.5546945401
0.9126272784  -0.9134398724  -0.5608197144
0.9066391314  -0.9085758233  -0.5669325988
0.9006703320  -0.9037140989  -0.5730312893
0.8947188394  -0.8988504702  -0.5791139940
0.8887843397  -0.8939829083  -0.5851789973
0.8828667025  -0.8891097877  -0.5912246712
0.8769658193  -0.8842296463  -0.5972494863
0.8710816115  -0.8793411909  -0.6032520268
0.8652140290  -0.8744432978  -0.6092309917
0.8593630437  -0.8695350117  -0.6151851913
0.8535286493  -0.8646155448  -0.6211135581
0.8477108644  -0.8596842769  -0.6270151560
0.8419097294  -0.8547407525  -0.6328891827
0.8361253032  -0.8497846756  -0.6387349736
0.8303576620  -0.8448159058  -0.6445520089
0.8246068977  -0.8398344524  -0.6503399198
0.8188731163  -0.8348404679  -0.6560984940
0.8131564352  -0.8298342405  -0.6618276828
0.8074569825  -0.8248161863  -0.6675276107
0.8017748956  -0.8197868405  -0.6731985853
0.7961103196  -0.8147468487  -0.6788411102
0.7904634083  -0.8096969584  -0.6844559032
0.7848343262  -0.8046380106  -0.6900439245
0.7792232543  -0.7995709343  -0.6956064172
0.7736304015  -0.7944967434  -0.7011449752
0.7680560304  -0.7894165438  -0.7066616695
0.7625005189  -0.7843315612  -0.7121593053
0.7569644908  -0.7792432393  -0.7176419467
0.7514495977  -0.7741535182  -0.7231177017
0.7459572244  -0.7690641771  -0.7285941969
0.7404838807  -0.7639749459  -0.7340670197
0.7350229874  -0.7588839682  -0.7395257077
0.7295726280  -0.7537906249  -0.7449666849
0.7241354902  -0.7486959457  -0.7503909732
0.7187135913  -0.7436010043  -0.7557991322
0.7133072691  -0.7385064074  -0.7611912744
0.7079164445  -0.7334125912  -0.7665675101
0.7025410309  -0.7283199500  -0.7719279546
0.6971809424  -0.7232288443  -0.7772727283
0.6918360938  -0.7181396002  -0.7826019563
0.6865064007  -0.7130525097  -0.7879157677
0.6811917793  -0.7079678307  -0.7932142946
0.6758921464  -0.7028857880  -0.7984976718
0.6706074190  -0.6978065736  -0.8037660352
0.6653375150  -0.6927303484  -0.8090195214
0.6600823523  -0.6876572427  -0.8142582666
0.6548418497  -0.6825873588  -0.8194824055
0.6496159263  -0.6775207717  -0.8246920703
0.6444045020  -0.6724575316  -0.8298873897
0.6392074973  -0.6673976658  -0.8350684875
0.6340248335  -0.6623411809  -0.8402354821
0.6288564325  -0.6572880653  -0.8453884847
0.6237022174  -0.6522382914  -0.8505275983
0.6185621121  -0.6471918182  -0.8556529166
0.6134360412  -0.6421485935  -0.8607645220
0.6083239303  -0.6371085565  -0.8658624842
0.6032257054  -0.6320716391  -0.8709468572
0.5981412925  -0.6270377670  -0.8760176752
0.5930706162  -0.6220068581  -0.8810749444
0.5880135943  -0.6169788053  -0.8861186182
0.5829701351  -0.6119534861  -0.8911485836
0.5779401670  -0.6069308920  -0.8961647587
0.5729236810  -0.6019112211  -0.9011672206
0.5679207062  -0.5968946854  -0.9061561508
0.5629312337  -0.5918813011  -0.9111316813
0.5579551991  -0.5868709761  -0.9160938677
0.5529925291  -0.5818636702  -0.9210427477
0.5480431682  -0.5768594095  -0.9259783633
0.5431070720  -0.5718582486  -0.9309007571
0.5381841995  -0.5668602576  -0.9358099696
0.5332745113  -0.5618655207  -0.9407060398
0.5283779696  -0.5568741364  -0.9455890047
0.5234945381  -0.5518862170  -0.9504588996
0.5186241821  -0.5469018880  -0.9553157577
0.5137668682  -0.5419212877  -0.9601596108
0.5089225648  -0.5369445662  -0.9649904889
0.5040912417  -0.5319718846  -0.9698084200
0.4992728701  -0.5270034141  -0.9746134310
0.4944674225  -0.5220393341  -0.9794055468
0.4896748733  -0.5170798310  -0.9841847908
0.4848951978  -0.5121250967  -0.9889511851
0.4801283730  -0.5071753270  -0.9937047503
0.4753743770  -0.5022307203  -0.9984455055
0.4706331896  -0.4972914758  -1.0031734687
0.4659047916  -0.4923577914  -1.0078886565
0.4611891652  -0.4874298622  -1.0125910844
0.4564862939  -0.4825078781  -1.0172807670
0.4517961622  -0.4775920211  -1.0219577177
0.4471187562  -0.4726824624  -1.0266219491
0.4424540628  -0.4677793571  -1.0312734732
0.4378020703  -0.4628828313  -1.0359123014
0.4331627682  -0.4579929691  -1.0405384451
0.4285361468  -0.4531098383  -1.0451519159
0.4239221977  -0.4482335647  -1.0497527236
0.4193209127  -0.4433643600  -1.0543408754
0.4147322842  -0.4385024611  -1.0589163757
0.4101563060  -0.4336480772  -1.0634792283
0.4055929731  -0.4288013957  -1.0680294369
0.4010422818  -0.4239626027  -1.0725670045
0.3965042289  -0.4191318875  -1.0770919335
0.3919788124  -0.4143094414  -1.0816042255
0.3874660306  -0.4094954572  -1.0861038811
0.3829658828  -0.4046901293  -1.0905909004
0.3784783690  -0.3998936533  -1.0950652827
0.3740034901  -0.3951062262  -1.0995270265
0.3695412472  -0.3903279943  -1.1039761301
0.3650916422  -0.3855590035  -1.1084125910
0.3606546778  -0.3807994143  -1.1128364063
0.3562303574  -0.3760496716  -1.1172475720
0.3518186849  -0.3713101984  -1.1216460833
0.3474196645  -0.3665812016  -1.1260319353
0.3430333010  -0.3618628428  -1.1304051230
0.3386595997  -0.3571553096  -1.1347656410
0.3342985659  -0.3524587856  -1.1391134838
0.3299502057  -0.3477734504  -1.1434486453
0.3256145252  -0.3430994808  -1.1477711192
0.3212915308  -0.3384370509  -1.1520808993
0.3169812293  -0.3337863338  -1.1563779788
0.3126836276  -0.3291475015  -1.1606623510
0.3083987328  -0.3245207261  -1.1649340089
0.3041265519  -0.3199061801  -1.1691929455
0.2998670925  -0.3153040374  -1.1734391536
0.2956203617  -0.3107144731  -1.1776726260
0.2913863670  -0.3061376645  -1.1818933556
0.2871651158  -0.3015737909  -1.1861013350
0.2829566153  -0.2970230337  -1.1902965572
0.2787608728  -0.2924855768  -1.1944790149
0.2745778955  -0.2879616062  -1.1986487013
0.2704076902  -0.2834513105  -1.2028056095
0.2662502638  -0.2789548804  -1.2069497330
0.2621056227  -0.2744725088  -1.2110810654
0.2579737733  -0.2700043900  -1.2151996005
0.2538547215  -0.2655507200  -1.2193053326
0.2497484729  -0.2611116955  -1.2233982562
0.2456550328  -0.2566875137  -1.2274783664
0.2415744060  -0.2522783718  -1.2315456584
0.2375065970  -0.2478844665  -1.2356001283
0.2334516138  -0.2435066679  -1.2396418078
0.2294094692  -0.2391460649  -1.2436707697
0.2253801602  -0.2348012405  -1.2476869859
0.2213636659  -0.2304703166  -1.2516903349
0.2173599813  -0.2261542783  -1.2556807741
0.2133691192  -0.2218543892  -1.2596583083
0.2093910863  -0.2175709046  -1.2636229263
0.2054258839  -0.2133040670  -1.2675746203
0.2014735124  -0.2090541074  -1.2715133859
0.1975339716  -0.2048212447  -1.2754392225
0.1936072606  -0.2006056840  -1.2793521337
0.1896933774  -0.1964076161  -1.2832521270
0.1857923192  -0.1922272167  -1.2871392143
0.1819040818  -0.1880646462  -1.2910134118
0.1780286601  -0.1839200494  -1.2948747403
0.1741660477  -0.1797935555  -1.2987232247
0.1703162371  -0.1756852786  -1.3025588944
0.1664792192  -0.1715953174  -1.3063817832
0.1626549839  -0.1675237564  -1.3101919287
0.1588435195  -0.1634706660  -1.3139893727
0.1550448132  -0.1594361037  -1.3177741605
0.1512588508  -0.1554201141  -1.3215463407
0.1474856168  -0.1514227309  -1.3253059653
0.1437250943  -0.1474439766  -1.3290530885
0.1399772654  -0.1434838643  -1.3327877669
0.1362421108  -0.1395423985  -1.3365100589
0.1325196099  -0.1356195758  -1.3402200239
0.1288097411  -0.1317153860  -1.3439177221
0.1251124816  -0.1278298131  -1.3476032136
0.1214278073  -0.1239628363  -1.3512765578
0.1177556931  -0.1201144306  -1.3549378126
0.1140961125  -0.1162845694  -1.3585870340
0.1104511837  -0.1124738139  -1.3622779116
0.1068222651  -0.1086824448  -1.3660370751
0.1032037613  -0.1049088632  -1.3697728798
0.0995940200  -0.1011526476  -1.3735090007
0.0959958950  -0.0974145960  -1.3772438182
0.0924093107  -0.0936946834  -1.3809754882
0.0888342015  -0.0899928887  -1.3847019425
0.0852705128  -0.0863091933  -1.3884208885
0.0817182013  -0.0826435811  -1.3921298091
0.0781772362  -0.0789960371  -1.3958259631
0.0746475990  -0.0753665473  -1.3995063848
0.0711292846  -0.0717550969  -1.4031678842
0.0676223017  -0.0681616700  -1.4068070472
0.0641266731  -0.0645862478  -1.4104202349
0.0606424359  -0.0610288082  -1.4140035846
0.0571696420  -0.0574893240  -1.4175530090
0.0537083585  -0.0539677622  -1.4210641964
0.0502586670  -0.0504640825  -1.4245326109
0.0468206644  -0.0469782369  -1.4279534923
0.0433944621  -0.0435101685  -1.4313218559
0.0399801863  -0.0400598109  -1.4346324929
0.0365779768  -0.0366270876  -1.4378799700
0.0331879872  -0.0332119123  -1.4410586297
0.0298103835  -0.0298141881  -1.4441625900
0.0264453435  -0.0264338088  -1.4471857447
0.0230930555  -0.0230706589  -1.4501217633
0.0197537169  -0.0197246147  -1.4529640909
0.0164275323  -0.0163955460  -1.4557059482
0.0131147124  -0.0130833171  -1.4583403318
0.0098154710  -0.0097877890  -1.4608600137
0.0065300229  -0.0065088215  -1.4632575417
0.0032585814  -0.0032462751  -1.4655252394
0.0032557281  -0.0032462500  -1.4655252394
