0.0883005
2.0741356502  -2.4671190770   0.0001043575
2.0741356502  -2.4671190770   0.0001043575
2.0741432811  -2.4671066539   0.0000841739
2.0741349440  -2.4670383386   0.0000349010
2.0741029058  -2.4669105903  -0.0000443498
2.0740406408  -2.4667120083  -0.0001544504
2.0739457755  -2.4664391338  -0.0002962556
2.0738169796  -2.4660904168  -0.0004706031
2.0736533163  -2.4656650054  -0.0006783136
2.0734540290  -2.4651623513  -0.0009201908
2.0732184544  -2.4645820489  -0.0011970213
2.0729459830  -2.4639237605  -0.0015095747
2.0726360376  -2.4631871791  -0.0018586036
2.0722880630  -2.4623720069  -0.0022448435
2.0719015186  -2.4614779443  -0.0026690129
2.0714758753  -2.4605046834  -0.0031318134
2.0710106126  -2.4594519043  -0.0036339294
2.0705052177  -2.4583192734  -0.0041760282
2.0699591840  -2.4571064426  -0.0047587603
2.0693720113  -2.4558130499  -0.0053827590
2.0687432050  -2.4544387194  -0.0060486406
2.0680722764  -2.4529830628  -0.0067570044
2.0673587427  -2.4514456804  -0.0075084327
2.0666021272  -2.4498261628  -0.0083034907
2.0658019591  -2.4481240921  -0.0091427265
2.0649577745  -2.4463390438  -0.0100266713
2.0640691160  -2.4444705888  -0.0109558393
2.0631355336  -2.4425182949  -0.0119307275
2.0621565845  -2.4404817288  -0.0129518161
2.0611318337  -2.4383604581  -0.0140195679
2.0600608548  -2.4361540531  -0.0151344291
2.0589432294  -2.4338620890  -0.0162968285
2.0577785468  -2.4314826909  -0.0175088407
2.0565664175  -2.4290168420  -0.0187693980
2.0553064529  -2.4264659348  -0.0200783779
2.0539982589  -2.4238284615  -0.0214360441
2.0526414608  -2.4211036669  -0.0228426890
2.0512357006  -2.4182910598  -0.0242986475
2.0497806321  -2.4153902160  -0.0258042407
2.0482759200  -2.4124007685  -0.0273597811
2.0467212414  -2.4093223865  -0.0289655709
2.0451162856  -2.4061547712  -0.0306219013
2.0434607530  -2.4028976528  -0.0323290521
2.0417543535  -2.3995507898  -0.0340872909
2.0399968116  -2.3961139755  -0.0358968725
2.0381878686  -2.3925870430  -0.0377580384
2.0363272802  -2.3889698624  -0.0396710166
2.0344148164  -2.3852623426  -0.0416360213
2.0324502619  -2.3814644311  -0.0436532523
2.0304334162  -2.3775761159  -0.0457228943
2.0283640939  -2.3735974258  -0.0478451165
2.0262421247  -2.3695284311  -0.0500200726
2.0240673538  -2.3653692448  -0.0522479021
2.0218396422  -2.3611200237  -0.0545287294
2.0195588662  -2.3567809680  -0.0568626642
2.0172249182  -2.3523523223  -0.0592498009
2.0148377062  -2.3478343755  -0.0616902190
2.0123971540  -2.3432274618  -0.0641839823
2.0099031985  -2.3385319577  -0.0667311387
2.0073557795  -2.3337482707  -0.0693317191
2.0047548530  -2.3288768531  -0.0719857390
2.0021004024  -2.3239182145  -0.0746931989
1.9993924290  -2.3188729108  -0.0774540851
1.9966309496  -2.3137411870  -0.0802683689
1.9938159953  -2.3085235681  -0.0831360069
1.9909476154  -2.3032214474  -0.0860569410
1.9880258793  -2.2978358571  -0.0890310980
1.9850508690  -2.2923673210  -0.0920583889
1.9820226781  -2.2868165481  -0.0951387096
1.9789414162  -2.2811843517  -0.0982719430
1.9758072043  -2.2754715915  -0.1014579591
1.9726201536  -2.2696791449  -0.1046966147
1.9693803879  -2.2638079221  -0.1079877545
1.9660880671  -2.2578588878  -0.1113312100
1.9627433690  -2.2518330418  -0.1147267992
1.9593464848  -2.2457314138  -0.1181743258
1.9558976193  -2.2395550637  -0.1216735816
1.9523969904  -2.2333050789  -0.1252243483
1.9488448286  -2.2269825731  -0.1288263974
1.9452413764  -2.2205886844  -0.1324794902
1.9415868845  -2.2141245708  -0.1361833783
1.9378815787  -2.2075913779  -0.1399378024
1.9341256866  -2.2009902622  -0.1437424906
1.9303194799  -2.1943224311  -0.1475971612
1.9264632509  -2.1875891237  -0.1515015246
1.9225573031  -2.1807916013  -0.1554552844
1.9186019495  -2.1739311452  -0.1594581373
1.9145975123  -2.1670090526  -0.1635097734
1.9105443216  -2.1600266336  -0.1676098762
1.9064427101  -2.1529852035  -0.1717581218
1.9022929663  -2.1458860416  -0.1759541776
1.8980953765  -2.1387304284  -0.1801977020
1.8938502812  -2.1315196987  -0.1844883452
1.8895580405  -2.1242552163  -0.1888257499
1.8852190214  -2.1169383446  -0.1932095530
1.8808335971  -2.1095704312  -0.1976393891
1.8764021476  -2.1021528499  -0.2021148955
1.8719250567  -2.0946870242  -0.2066357094
1.8674026533  -2.0871743418  -0.2112014624
1.8628352387  -2.0796161560  -0.2158117799
1.8582231720  -2.0720138692  -0.2204662837
1.8535668459  -2.0643689420  -0.2251645926
1.8488666581  -2.0566828900  -0.2299063279
1.8441230114  -2.0489571682  -0.2346911196
1.8393363109  -2.0411929753  -0.2395186044
1.8345069483  -2.0333913464  -0.2443884227
1.8296352297  -2.0255534725  -0.2493002181
1.8247214585  -2.0176808682  -0.2542536363
1.8197660221  -2.0097752281  -0.2592483266
1.8147693253  -2.0018382287  -0.2642839427
1.8097317736  -1.9938715006  -0.2693601426
1.8046537713  -1.9858766350  -0.2744765882
1.7995357203  -1.9778551808  -0.2796329460
1.7943779357  -1.9698085900  -0.2848288867
1.7891806750  -1.9617382294  -0.2900640805
1.7839442734  -1.9536454652  -0.2953381987
1.7786691204  -1.9455316584  -0.3006509304
1.7733556105  -1.9373981376  -0.3060019882
1.7680041382  -1.9292461948  -0.3113911042
1.7626150929  -1.9210770805  -0.3168180210
1.7571888551  -1.9128920359  -0.3222824743
1.7517257359  -1.9046922344  -0.3277841786
1.7462259473  -1.8964786753  -0.3333228293
1.7406896588  -1.8882522391  -0.3388981053
1.7351170296  -1.8800137671  -0.3445096759
1.7295082147  -1.8717640790  -0.3501572179
1.7238633683  -1.8635039714  -0.3558404243
1.7181828100  -1.8552344175  -0.3615589953
1.7124670181  -1.8469565853  -0.3673126331
1.7067162805  -1.8386714278  -0.3731010439
1.7009306942  -1.8303796666  -0.3789239392
1.6951103420  -1.8220820071  -0.3847810326
1.6892552950  -1.8137791574  -0.3906720358
1.6833656230  -1.8054719618  -0.3965966450
1.6774416103  -1.7971616121  -0.4025545404
1.6714837109  -1.7888487995  -0.4085454570
1.6654923015  -1.7805332400  -0.4145692419
1.6594677028  -1.7722154004  -0.4206257547
1.6534101952  -1.7638973505  -0.4267147486
1.6473200295  -1.7555813174  -0.4328359001
1.6411974900  -1.7472687818  -0.4389888790
1.6350428959  -1.7389608422  -0.4451733641
1.6288565494  -1.7306584857  -0.4513890377
1.6226387380  -1.7223626540  -0.4576355819
1.6163897501  -1.7140742843  -0.4639126805
1.6101098315  -1.7057942723  -0.4702200234
1.6037989487  -1.6975232818  -0.4765573039
1.5974573631  -1.6892622564  -0.4829242163
1.5910859980  -1.6810127385  -0.4893204573
1.5846859395  -1.6727764302  -0.4957457246
1.5782583134  -1.6645550697  -0.5021997164
1.5718039663  -1.6563501762  -0.5086821283
1.5653229847  -1.6481625058  -0.5151926541
1.5588149511  -1.6399921705  -0.5217309937
1.5522793755  -1.6318391257  -0.5282968541
1.5457157103  -1.6237032461  -0.5348899593
1.5391236812  -1.6155847225  -0.5415099210
1.5325037445  -1.6074845769  -0.5481562036
1.5258564942  -1.5994039217  -0.5548284338
1.5191822655  -1.5913435007  -0.5615264342
1.5124813685  -1.5833040169  -0.5682499866
1.5057540953  -1.5752862023  -0.5749987982
1.4990007360  -1.5672907848  -0.5817725077
1.4922214816  -1.5593182642  -0.5885706061
1.4854163911  -1.5513688202  -0.5953922333
1.4785847752  -1.5434418528  -0.6022336060
1.4717261679  -1.5355371215  -0.6090920199
1.4648438411  -1.5276579432  -0.6159754267
1.4579426211  -1.5198094909  -0.6228941531
1.4510225239  -1.5119931662  -0.6298494522
1.4440802932  -1.5042069878  -0.6368389379
1.4371142359  -1.4964493213  -0.6438613305
1.4301241892  -1.4887193985  -0.6509155163
1.4231103293  -1.4810167597  -0.6580003086
1.4160728700  -1.4733408732  -0.6651144512
1.4090119224  -1.4656908833  -0.6722566253
1.4019276814  -1.4580659662  -0.6794254553
1.3948203942  -1.4504652726  -0.6866195204
1.3876902054  -1.4428876658  -0.6938373594
1.3805373398  -1.4353320632  -0.7010774573
1.3733620432  -1.4277973229  -0.7083382391
1.3661645275  -1.4202821501  -0.7156180727
1.3589450090  -1.4127852454  -0.7229152756
1.3517035144  -1.4053050278  -0.7302281361
1.3444401664  -1.3978399868  -0.7375549352
1.3371552314  -1.3903887302  -0.7448939570
1.3298488720  -1.3829497325  -0.7522434949
1.3225219593  -1.3755221701  -0.7596018547
1.3151670772  -1.3680968812  -0.7669673454
1.3077792226  -1.3606672041  -0.7743382720
1.3003662527  -1.3532396059  -0.7817129423
1.2929318244  -1.3458164269  -0.7890896737
1.2854739800  -1.3383942477  -0.7964667984
1.2779902383  -1.3309691092  -0.8038426698
1.2704759853  -1.3235349917  -0.8112156683
1.2629220736  -1.3160814347  -0.8185842121
1.2553074365  -1.3085856759  -0.8259467965
1.2474574303  -1.3008721489  -0.8333020157
1.2395082442  -1.2930828862  -0.8406484024
1.2319244107  -1.2856844922  -0.8479842484
1.2246559587  -1.2786194659  -0.8553077803
1.2174442745  -1.2716218022  -0.8626174433
1.2102501181  -1.2646466185  -0.8699118910
1.2030729122  -1.2576900072  -0.8771898580
1.1959124457  -1.2507497937  -0.8844501356
1.1887685085  -1.2438240761  -0.8916915862
1.1816409110  -1.2369110918  -0.8989131530
1.1745294865  -1.2300092210  -0.9061138634
1.1674340893  -1.2231169902  -0.9132928314
1.1603545935  -1.2162330738  -0.9204492626
1.1532908937  -1.2093562927  -0.9275824584
1.1462429021  -1.2024856102  -0.9346918186
1.1392105482  -1.1956201291  -0.9417768449
1.1321937770  -1.1887590928  -0.9488371461
1.1251925499  -1.1819018858  -0.9558724446
1.1182068429  -1.1750480347  -0.9628825817
1.1112366428  -1.1681972053  -0.9698675163
1.1042819446  -1.1613491948  -0.9768273293
1.0973427468  -1.1545039256  -0.9837622158
1.0904190977  -1.1476614479  -0.9906726369
1.0835111392  -1.1408219382  -0.9975594093
1.0766189711  -1.1339856705  -1.0044234067
1.0697425497  -1.1271529857  -1.0112654765
1.0628818246  -1.1203242913  -1.0180866593
1.0560368293  -1.1135000712  -1.0248882547
1.0492076477  -1.1066808849  -1.0316718523
1.0423944220  -1.0998673733  -1.0384394640
1.0355974419  -1.0930603426  -1.0451938379
1.0288181377  -1.0862609338  -1.0519416307
1.0220581246  -1.0794702951  -1.0586898557
1.0153142911  -1.0726886019  -1.0654344946
1.0085803576  -1.0659149753  -1.0721664381
1.0018548001  -1.0591486700  -1.0788835979
0.9951403036  -1.0523896381  -1.0855872970
0.9884384122  -1.0456380747  -1.0922779116
0.9817491698  -1.0388940938  -1.0989556112
0.9750724227  -1.0321577440  -1.1056205677
0.9684080178  -1.0254290451  -1.1122729571
0.9617558043  -1.0187079936  -1.1189129587
0.9551156326  -1.0119945627  -1.1255407550
0.9484873544  -1.0052887017  -1.1321565307
0.9418708231  -0.9985903371  -1.1387604726
0.9352658927  -0.9918993728  -1.1453527685
0.9286724187  -0.9852156915  -1.1519336066
0.9220902576  -0.9785391567  -1.1585031752
0.9155192671  -0.9718696134  -1.1650616611
0.9089593057  -0.9652068903  -1.1716092494
0.9024102333  -0.9585507996  -1.1781461226
0.8958719108  -0.9519011379  -1.1846724593
0.8893442002  -0.9452576867  -1.1911884339
0.8828269648  -0.9386202196  -1.1976942149
0.8763200682  -0.9319885148  -1.2041899615
0.8698233742  -0.9253623479  -1.2106758224
0.8633367486  -0.9187414687  -1.2171519385
0.8568600607  -0.9121256062  -1.2236184435
0.8503931816  -0.9055144940  -1.2300754617
0.8439359834  -0.8989078783  -1.2365231043
0.8374883383  -0.8923055176  -1.2429614676
0.8310501187  -0.8857071938  -1.2493906278
0.8246211902  -0.8791128120  -1.2558106160
0.8182014048  -0.8725224090  -1.2622213951
0.8117906316  -0.8659356627  -1.2686229478
0.8053888081  -0.8593516099  -1.2750154058
0.7989959162  -0.8527693884  -1.2813989936
0.7926118939  -0.8461888027  -1.2877738784
0.7862366212  -0.8396098950  -1.2941401580
0.7798699734  -0.8330325483  -1.3004979201
0.7735118473  -0.8264565570  -1.3068472566
0.7671621502  -0.8198817238  -1.3131882581
0.7608207930  -0.8133078698  -1.3195210127
0.7544876886  -0.8067348338  -1.3258456058
0.7481627525  -0.8001624727  -1.3321621202
0.7418459025  -0.7935906612  -1.3384706361
0.7355370588  -0.7870192910  -1.3447712308
0.7292361439  -0.7804482708  -1.3510639794
0.7229430829  -0.7738775260  -1.3573489538
0.7166578032  -0.7673069971  -1.3636262238
0.7103802347  -0.7607366385  -1.3698958560
0.7041103099  -0.7541664166  -1.3761579146
0.6978479634  -0.7475963085  -1.3824124612
0.6915931328  -0.7410263007  -1.3886595548
0.6853457580  -0.7344563877  -1.3948992516
0.6791057813  -0.7278865677  -1.4011316053
0.6728731479  -0.7213168392  -1.4073566672
0.6666478053  -0.7147472008  -1.4135744859
0.6604297038  -0.7081776525  -1.4197851076
0.6542187962  -0.7016081937  -1.4259885761
0.6480150378  -0.6950388194  -1.4321849324
0.6418183868  -0.6884695163  -1.4383742153
0.6356288040  -0.6819002579  -1.4445564614
0.6294462527  -0.6753309876  -1.4507317050
0.6232706994  -0.6687615911  -1.4568999788
0.6171021132  -0.6621919285  -1.4630613139
0.6109404658  -0.6556219444  -1.4692157384
0.6047857305  -0.6490517118  -1.4753632755
0.5986378832  -0.6424813386  -1.4815039439
0.5924969027  -0.6359108908  -1.4876377600
0.5863627711  -0.6293404102  -1.4937647380
0.5802354741  -0.6227699457  -1.4998848899
0.5741149995  -0.6161995570  -1.5059982244
0.5680013381  -0.6096293119  -1.5121047478
0.5618944836  -0.6030592867  -1.5182044632
0.5557944323  -0.5964895656  -1.5242973709
0.5497011837  -0.5899202413  -1.5303834682
0.5436147398  -0.5833512657  -1.5364627499
0.5375351059  -0.5767823023  -1.5425352084
0.5314622900  -0.5702133458  -1.5486008332
0.5253963032  -0.5636452291  -1.5546596086
0.5193371591  -0.5570787415  -1.5607115150
0.5132848742  -0.5505140469  -1.5667565311
0.5072394690  -0.5439511788  -1.5727946336
0.5012009668  -0.5373902591  -1.5788257967
0.4951693935  -0.5308314082  -1.5848499914
0.4891447783  -0.5242747427  -1.5908671861
0.4831271528  -0.5177203782  -1.5968773461
0.4771165519  -0.5111684320  -1.6028804340
0.4711130135  -0.5046190256  -1.6088764092
0.4651165782  -0.4980722873  -1.6148652285
0.4591272897  -0.4915283548  -1.6208468454
0.4531451947  -0.4849873773  -1.6268212106
0.4471703426  -0.4784495181  -1.6327882718
0.4412027859  -0.4719149562  -1.6387479734
0.4352425800  -0.4653838887  -1.6447002569
0.4292897830  -0.4588565316  -1.6506450609
0.4233444561  -0.4523331216  -1.6565823207
0.4174066633  -0.4458139169  -1.6625119688
0.4114764712  -0.4392991977  -1.6684339345
0.4055539495  -0.4327892673  -1.6743481446
0.3996391704  -0.4262844519  -1.6802545228
0.3937322090  -0.4197851013  -1.6861529899
0.3878331429  -0.4132915882  -1.6920434642
0.3819420526  -0.4068043078  -1.6979258613
0.3760590208  -0.4003236772  -1.7038000941
0.3701841330  -0.3938501341  -1.7096660732
0.3643174771  -0.3873841360  -1.7155237070
0.3584591431  -0.3809261585  -1.7213729012
0.3526092386  -0.3744788000  -1.7272136489
0.3467678926  -0.3680454131  -1.7330460427
0.3409351831  -0.3616215557  -1.7388699176
0.3351111238  -0.3552012227  -1.7446848705
0.3292957881  -0.3487873493  -1.7504906931
0.3234893206  -0.3423838489  -1.7562872936
0.3176918509  -0.3359915254  -1.7620745369
0.3119034908  -0.3296111665  -1.7678522927
0.3061243542  -0.3232435493  -1.7736204367
0.3003545566  -0.3168894346  -1.7793788510
0.2945942148  -0.3105495616  -1.7851274247
0.2888434462  -0.3042246443  -1.7908660547
0.2831023690  -0.2979153674  -1.7965946455
0.2773711012  -0.2916223837  -1.8023131099
0.2716497605  -0.2853463121  -1.8080213691
0.2659384642  -0.2790877362  -1.8137193527
0.2602373287  -0.2728472029  -1.8194069986
0.2545464692  -0.2666252230  -1.8250842529
0.2488659997  -0.2604222708  -1.8307510698
0.2431960327  -0.2542387853  -1.8364074107
0.2375366795  -0.2480751711  -1.8420532443
0.2318880493  -0.2419318004  -1.8476885457
0.2262502502  -0.2358090150  -1.8533132954
0.2206233882  -0.2297071284  -1.8589274789
0.2150075678  -0.2236264285  -1.8645310856
0.2094028917  -0.2175671804  -1.8701241077
0.2038094610  -0.2115296292  -1.8757065390
0.1982273750  -0.2055140032  -1.8812783736
0.1926567309  -0.1995205166  -1.8868396048
0.1870976243  -0.1935493728  -1.8923902234
0.1815501486  -0.1876007671  -1.8979302163
0.1760143949  -0.1816748967  -1.9034595645
0.1704958521  -0.1757741412  -1.9090620986
0.1649980958  -0.1698999078  -1.9147793667
0.1595071955  -0.1640465776  -1.9204678867
0.1540191512  -0.1582128475  -1.9261645603
0.1485413084  -0.1524019964  -1.9318667215
0.1430736363  -0.1466142559  -1.9375713504
0.1376161303  -0.1408498813  -1.9432750743
0.1321688132  -0.1351091479  -1.9489741669
0.1267317360  -0.1293923482  -1.9546645485
0.1213049797  -0.1236997891  -1.9603417862
0.1158886558  -0.1180317883  -1.9660010940
0.1104829079  -0.1123886696  -1.9716373321
0.1050879123  -0.1067707583  -1.9772450078
0.0997038782  -0.1011783757  -1.9828182749
0.0943310491  -0.0956118337  -1.9883509338
0.0889697020  -0.0900714285  -1.9938364318
0.0836201486  -0.0845574349  -1.9992678627
0.0782827340  -0.0790701000  -2.0046379669
0.0729578371  -0.0736096382  -2.0099391319
0.0676458696  -0.0681762252  -2.0151633913
0.0623472749  -0.0627699941  -2.0203024258
0.0570625269  -0.0573910315  -2.0253475627
0.0517921285  -0.0520393750  -2.0302897759
0.0465366093  -0.0467150118  -2.0351196859
0.0412965233  -0.0414178791  -2.0398275601
0.0360724462  -0.0361478659  -2.0444033124
0.0308649720  -0.0309048163  -2.0488365035
0.0256747094  -0.0256885349  -2.0531163406
0.0205022775  -0.0204987937  -2.0572316779
0.0153483008  -0.0153353404  -2.0611710159
0.0102134047  -0.0101979082  -2.0649225020
0.0050982086  -0.0050862262  -2.0684739303
0.0050912208  -0.0050861724  -2.0684739303
