0.114383
1.7498908115  -2.0627468960   0.0000718214
1.7498908115  -2.0627468960   0.0000718214
1.7498970943  -2.0627445646   0.0000593969
1.7498928330  -2.0627079552   0.0000278028
1.7498726587  -2.0626332374  -0.0000235136
1.7498325907  -2.0625139645  -0.0000950985
1.7497711412  -2.0623480164  -0.0001874909
1.7496874641  -2.0621343512  -0.0003012231
1.7495809557  -2.0618723251  -0.0004368206
1.7494511220  -2.0615614688  -0.0005948021
1.7492975253  -2.0612013957  -0.0007756793
1.7491197592  -2.0607917594  -0.0009799572
1.7489174350  -2.0603322313  -0.0012081339
1.7486901755  -2.0598224887  -0.0014607007
1.7484376101  -2.0592622078  -0.0017381421
1.7481593726  -2.0586510597  -0.0020409356
1.7478550999  -2.0579887081  -0.0023695520
1.7475244304  -2.0572748076  -0.0027244553
1.7471670039  -2.0565090032  -0.0031061026
1.7467824609  -2.0556909300  -0.0035149442
1.7463704426  -2.0548202131  -0.0039514233
1.7459305906  -2.0538964679  -0.0044159767
1.7454625466  -2.0529193002  -0.0049090342
1.7449659529  -2.0518883071  -0.0054310185
1.7444404523  -2.0508030773  -0.0059823458
1.7438856877  -2.0496631916  -0.0065634254
1.7433013030  -2.0484682240  -0.0071746595
1.7426869424  -2.0472177421  -0.0078164439
1.7420422509  -2.0459113079  -0.0084891672
1.7413668748  -2.0445484787  -0.0091932113
1.7406604609  -2.0431288079  -0.0099289513
1.7399226577  -2.0416518460  -0.0106967553
1.7391531067  -2.0401162678  -0.0114981074
1.7383514705  -2.0385224213  -0.0123323664
1.7375174121  -2.0368709396  -0.0131995335
1.7366505737  -2.0351607233  -0.0140998972
1.7357506064  -2.0333910758  -0.0150337616
1.7348171686  -2.0315614685  -0.0160014576
1.7338499212  -2.0296714068  -0.0170033125
1.7328485284  -2.0277204212  -0.0180396532
1.7318126569  -2.0257080561  -0.0191108050
1.7307419770  -2.0236338679  -0.0202170913
1.7296361621  -2.0214974246  -0.0213588326
1.7284948893  -2.0192983070  -0.0225363463
1.7273178394  -2.0170361089  -0.0237499457
1.7261046970  -2.0147104387  -0.0249999400
1.7248551511  -2.0123209194  -0.0262866345
1.7235688947  -2.0098671895  -0.0276103304
1.7222456255  -2.0073489037  -0.0289713244
1.7208850458  -2.0047657341  -0.0303699087
1.7194868627  -2.0021173710  -0.0318063709
1.7180507884  -1.9994035241  -0.0332809934
1.7165765402  -1.9966239239  -0.0347940536
1.7150638409  -1.9937783221  -0.0363458235
1.7135124188  -1.9908664935  -0.0379365697
1.7119220077  -1.9878882360  -0.0395665530
1.7102923476  -1.9848433708  -0.0412360280
1.7086231842  -1.9817317418  -0.0429452422
1.7069142693  -1.9785532148  -0.0446944368
1.7051653585  -1.9753076766  -0.0464838472
1.7033762074  -1.9719950326  -0.0483137023
1.7015465803  -1.9686152146  -0.0501842249
1.6996762536  -1.9651681842  -0.0520956315
1.6977650106  -1.9616537069  -0.0540481318
1.6958126409  -1.9580717172  -0.0560419291
1.6938189419  -1.9544226995  -0.0580772193
1.6917837210  -1.9507069210  -0.0601541917
1.6897067923  -1.9469243212  -0.0622730274
1.6875879753  -1.9430749519  -0.0644338995
1.6854270974  -1.9391589364  -0.0666369735
1.6832239940  -1.9351764315  -0.0688824084
1.6809785080  -1.9311276228  -0.0711703562
1.6786904902  -1.9270127206  -0.0735009620
1.6763597992  -1.9228319583  -0.0758743637
1.6739863011  -1.9185855933  -0.0782906921
1.6715698607  -1.9142739013  -0.0807500708
1.6691103371  -1.9098971724  -0.0832526161
1.6666076044  -1.9054557252  -0.0857984370
1.6640615570  -1.9009499119  -0.0883876342
1.6614720974  -1.8963801105  -0.0910202995
1.6588391363  -1.8917467249  -0.0936965160
1.6561625927  -1.8870501827  -0.0964163582
1.6534423934  -1.8822909332  -0.0991798923
1.6506784735  -1.8774694455  -0.1019871764
1.6478707757  -1.8725862072  -0.1048382602
1.6450192509  -1.8676417240  -0.1077331867
1.6421238579  -1.8626365226  -0.1106719945
1.6391845614  -1.8575711512  -0.1136547194
1.6362013036  -1.8524461615  -0.1166813892
1.6331740254  -1.8472621241  -0.1197520224
1.6301027020  -1.8420196542  -0.1228666298
1.6269873251  -1.8367193977  -0.1260252147
1.6238278947  -1.8313620242  -0.1292277739
1.6206244184  -1.8259482262  -0.1324742972
1.6173769116  -1.8204787053  -0.1357647713
1.6140853981  -1.8149541629  -0.1390991827
1.6107499087  -1.8093753304  -0.1424775163
1.6073704810  -1.8037429876  -0.1458997531
1.6039471501  -1.7980579330  -0.1493658699
1.6004799084  -1.7923209480  -0.1528758400
1.5969687528  -1.7865328345  -0.1564296335
1.5934137320  -1.7806944735  -0.1600272169
1.5898149095  -1.7748068176  -0.1636685540
1.5861723553  -1.7688707335  -0.1673536058
1.5824861456  -1.7628868120  -0.1710823305
1.5787563607  -1.7568555525  -0.1748546838
1.5749830860  -1.7507777503  -0.1786706173
1.5711664131  -1.7446545328  -0.1825300784
1.5673064416  -1.7384871395  -0.1864330066
1.5634032616  -1.7322767962  -0.1903793328
1.5594569297  -1.7260246484  -0.1943689901
1.5554674818  -1.7197317623  -0.1984019224
1.5514349534  -1.7133991698  -0.2024780836
1.5473593777  -1.7070278689  -0.2065974341
1.5432407853  -1.7006188213  -0.2107599369
1.5390792020  -1.6941729492  -0.2149655443
1.5348746471  -1.6876911336  -0.2192141855
1.5306271857  -1.6811742790  -0.2235057659
1.5263370396  -1.6746234561  -0.2278401700
1.5220043893  -1.6680396601  -0.2322172632
1.5176292554  -1.6614236570  -0.2366369009
1.5132116446  -1.6547761632  -0.2410989442
1.5087515640  -1.6480978719  -0.2456032619
1.5042490169  -1.6413894527  -0.2501497195
1.4997040013  -1.6346515508  -0.2547381752
1.4951165214  -1.6278848079  -0.2593684819
1.4904867390  -1.6210900616  -0.2640404919
1.4858149171  -1.6142682686  -0.2687540573
1.4811012378  -1.6074202685  -0.2735090258
1.4763458487  -1.6005468491  -0.2783052384
1.4715489025  -1.5936488047  -0.2831425308
1.4667105583  -1.5867269420  -0.2880207359
1.4618309816  -1.5797820831  -0.2929396810
1.4569103506  -1.5728150996  -0.2978991672
1.4519488645  -1.5658269315  -0.3028989725
1.4469467338  -1.5588184298  -0.3079389469
1.4419041875  -1.5517903362  -0.3130190585
1.4368214515  -1.5447435982  -0.3181392517
1.4316987047  -1.5376794435  -0.3232993344
1.4265361003  -1.5305990756  -0.3284990413
1.4213335828  -1.5235033500  -0.3337381052
1.4160911517  -1.5163931201  -0.3390162607
1.4108093104  -1.5092697058  -0.3443332399
1.4054888325  -1.5021346956  -0.3496887744
1.4001305426  -1.4949897483  -0.3550825937
1.3947353099  -1.4878365797  -0.3605144250
1.3893038609  -1.4806768260  -0.3659839973
1.3838363669  -1.4735116100  -0.3714910410
1.3783325697  -1.4663415433  -0.3770352884
1.3727921406  -1.4591670979  -0.3826164692
1.3672146949  -1.4519886865  -0.3882343063
1.3615997942  -1.4448066641  -0.3938885226
1.3559473876  -1.4376218447  -0.3995788475
1.3502580500  -1.4304357572  -0.4053050146
1.3445322936  -1.4232498169  -0.4110667759
1.3387703264  -1.4160650500  -0.4168637766
1.3329722996  -1.4088823970  -0.4226954694
1.3271384248  -1.4017028470  -0.4285614451
1.3212691007  -1.3945276183  -0.4344615584
1.3153647166  -1.3873578955  -0.4403956497
1.3094255123  -1.3801946260  -0.4463634704
1.3034516829  -1.3730386625  -0.4523647175
1.2974434444  -1.3658908608  -0.4583989789
1.2914010543  -1.3587521192  -0.4644656274
1.2853246406  -1.3516229958  -0.4705635161
1.2792132519  -1.3445028827  -0.4766872358
1.2730665507  -1.3373918254  -0.4828347417
1.2668889898  -1.3302944274  -0.4890181933
1.2606855868  -1.3232164513  -0.4952487467
1.2544552129  -1.3161585864  -0.5015262115
1.2481942647  -1.3091185734  -0.5078480193
1.2419014301  -1.3020952647  -0.5142127521
1.2355767512  -1.2950883251  -0.5206190881
1.2292203259  -1.2880972463  -0.5270656099
1.2228323568  -1.2811215661  -0.5335507971
1.2164130987  -1.2741607666  -0.5400730301
1.2099626890  -1.2672139814  -0.5466305952
1.2034813237  -1.2602803269  -0.5532216904
1.1969692880  -1.2533589387  -0.5598444437
1.1904267995  -1.2464486949  -0.5664969327
1.1838541756  -1.2395485443  -0.5731771968
1.1772516192  -1.2326572361  -0.5798832447
1.1706192007  -1.2257732832  -0.5866130641
1.1639571882  -1.2188953831  -0.5933646233
1.1572659018  -1.2120222250  -0.6001358608
1.1505455517  -1.2051523685  -0.6069246860
1.1437973026  -1.1982852968  -0.6137289939
1.1370141165  -1.1914122520  -0.6205466777
1.1301884143  -1.1845239374  -0.6273756318
1.1233282759  -1.1776269939  -0.6342137492
1.1164399892  -1.1707263979  -0.6410589217
1.1095216828  -1.1638187820  -0.6479090514
1.1025715585  -1.1569008179  -0.6547620605
1.0955862165  -1.1499676411  -0.6616158962
1.0885593638  -1.1430116099  -0.6684685362
1.0814783516  -1.1360188753  -0.6753179989
1.0743127293  -1.1289575299  -0.6821623984
1.0668088138  -1.1215745926  -0.6889999586
1.0592738648  -1.1141836736  -0.6958287889
1.0522509430  -1.1073266084  -0.7026467164
1.0455299960  -1.1007832325  -0.7094515615
1.0388589070  -1.0942943175  -0.7162414256
1.0322071942  -1.0878247235  -0.7230146165
1.0255743000  -1.0813711124  -0.7297695198
1.0189600400  -1.0749314167  -0.7365045933
1.0123642412  -1.0685037858  -0.7432183846
1.0057867546  -1.0620865212  -0.7499095350
0.9992274570  -1.0556780796  -0.7565767877
0.9926862510  -1.0492770760  -0.7632189930
0.9861630628  -1.0428822862  -0.7698351114
0.9796578408  -1.0364926487  -0.7764242181
0.9731705544  -1.0301072651  -0.7829855084
0.9667011930  -1.0237253976  -0.7895183022
0.9602497658  -1.0173464656  -0.7960220541
0.9538163001  -1.0109700404  -0.8024963558
0.9474008358  -1.0045958385  -0.8089409367
0.9410034248  -0.9982237131  -0.8153556710
0.9346241242  -0.9918536494  -0.8217405661
0.9282630378  -0.9854857709  -0.8280959095
0.9219203761  -0.9791203452  -0.8344224155
0.9155963300  -0.9727577536  -0.8407209201
0.9092909268  -0.9663984508  -0.8469922014
0.9030041568  -0.9600429620  -0.8532372268
0.8967360994  -0.9536918943  -0.8594572514
0.8904868837  -0.9473459334  -0.8656538159
0.8842566721  -0.9410058382  -0.8718288413
0.8780457071  -0.9346724519  -0.8779848075
0.8718544317  -0.9283468056  -0.8841252140
0.8656848604  -0.9220303300  -0.8902591964
0.8595386236  -0.9157243246  -0.8963942513
0.8534109234  -0.9094287593  -0.9025226208
0.8472947557  -0.9031426307  -0.9086340045
0.8411898060  -0.8968654858  -0.9147273931
0.8350993432  -0.8905976186  -0.9208040965
0.8290247397  -0.8843393994  -0.9268644111
0.8229660193  -0.8780910676  -0.9329084758
0.8169230620  -0.8718528023  -0.9389364331
0.8108957480  -0.8656247523  -0.9449484304
0.8048839594  -0.8594070394  -0.9509446197
0.7988875797  -0.8531997589  -0.9569251563
0.7929064936  -0.8470029798  -0.9628901992
0.7869405867  -0.8408167451  -0.9688399092
0.7809897458  -0.8346410724  -0.9747744492
0.7750538586  -0.8284759541  -0.9806939826
0.7691328138  -0.8223213588  -0.9865986728
0.7632265010  -0.8161772321  -0.9924886821
0.7573348106  -0.8100434979  -0.9983641708
0.7514576343  -0.8039200603  -1.0042252961
0.7455948646  -0.7978068050  -1.0100722115
0.7397463954  -0.7917036032  -1.0159050650
0.7339121204  -0.7856103197  -1.0217239955
0.7280919338  -0.7795268105  -1.0275291309
0.7222857312  -0.7734529132  -1.0333205907
0.7164934117  -0.7673884490  -1.0390984876
0.7107148767  -0.7613332356  -1.0448629251
0.7049500283  -0.7552870933  -1.0506139940
0.6991987692  -0.7492498445  -1.0563517705
0.6934610028  -0.7432213170  -1.0620763133
0.6877366322  -0.7372013515  -1.0677876572
0.6820255515  -0.7311898493  -1.0734857782
0.6763276409  -0.7251867547  -1.0791705749
0.6706428071  -0.7191918411  -1.0848419981
0.6649710348  -0.7132046837  -1.0905001853
0.6593123401  -0.7072249827  -1.0961453494
0.6536666805  -0.7012526645  -1.1017776186
0.6480339596  -0.6952876863  -1.1073970546
0.6424140857  -0.6893299592  -1.1130037156
0.6368069880  -0.6833793921  -1.1185976639
0.6312126044  -0.6774359116  -1.1241789601
0.6256308756  -0.6714994616  -1.1297476629
0.6200617442  -0.6655700032  -1.1353038283
0.6145051550  -0.6596475138  -1.1408475101
0.6089610547  -0.6537319876  -1.1463787599
0.6034293921  -0.6478234345  -1.1518976269
0.5979101181  -0.6419218795  -1.1574041580
0.5924031856  -0.6360273622  -1.1628983980
0.5869085493  -0.6301399351  -1.1683803893
0.5814261662  -0.6242596627  -1.1738501723
0.5759559952  -0.6183866201  -1.1793077850
0.5704979971  -0.6125208916  -1.1847532636
0.5650521347  -0.6066625690  -1.1901866420
0.5596183727  -0.6008117484  -1.1956079523
0.5541966780  -0.5949685273  -1.2010172246
0.5487870191  -0.5891330031  -1.2064144871
0.5433893667  -0.5833052751  -1.2117997664
0.5380036932  -0.5774854427  -1.2171730871
0.5326299729  -0.5716736022  -1.2225344722
0.5272681819  -0.5658698444  -1.2278839430
0.5219182984  -0.5600742513  -1.2332215192
0.5165803020  -0.5542868916  -1.2385472194
0.5112541746  -0.5485078042  -1.2438610608
0.5059398997  -0.5427369755  -1.2491630602
0.5006374626  -0.5369743807  -1.2544532338
0.4953468502  -0.5312200815  -1.2597315951
0.4900680504  -0.5254742406  -1.2649981538
0.4848010522  -0.5197370308  -1.2702529167
0.4795458468  -0.5140085862  -1.2754958893
0.4743024278  -0.5082890256  -1.2807270763
0.4690707901  -0.5025784731  -1.2859464812
0.4638509305  -0.4968770591  -1.2911541058
0.4586428471  -0.4911849186  -1.2963499505
0.4534465394  -0.4855021907  -1.3015340140
0.4482620087  -0.4798290193  -1.3067062937
0.4430892573  -0.4741655524  -1.3118667853
0.4379282895  -0.4685118660  -1.3170154835
0.4327791104  -0.4628678905  -1.3221523818
0.4276417269  -0.4572337268  -1.3272774722
0.4225161476  -0.4516098988  -1.3323907446
0.4174023819  -0.4459969030  -1.3374921870
0.4123004408  -0.4403949190  -1.3425817869
0.4072103365  -0.4348040607  -1.3476595309
0.4021320824  -0.4292244847  -1.3527254047
0.3970656932  -0.4236563459  -1.3577793927
0.3920111846  -0.4180997960  -1.3628214784
0.3869685734  -0.4125549855  -1.3678516442
0.3819378774  -0.4070220644  -1.3728698716
0.3769191156  -0.4015011838  -1.3778761410
0.3719123077  -0.3959924969  -1.3828704320
0.3669174747  -0.3904961599  -1.3878527232
0.3619346382  -0.3850123332  -1.3928229924
0.3569638208  -0.3795411821  -1.3977812164
0.3520050459  -0.3740828777  -1.4027273714
0.3470583376  -0.3686375976  -1.4076614325
0.3421237207  -0.3632055261  -1.4125833744
0.3372012210  -0.3577868547  -1.4174931707
0.3322908645  -0.3523817824  -1.4223907948
0.3273926780  -0.3469905155  -1.4272762192
0.3225066889  -0.3416132679  -1.4321494159
0.3176329249  -0.3362502607  -1.4370103565
0.3127714142  -0.3309017225  -1.4418590121
0.3079221855  -0.3255678885  -1.4466953535
0.3030852677  -0.3202490002  -1.4515193512
0.2982606900  -0.3149453047  -1.4563309752
0.2934484818  -0.3096570542  -1.4611301958
0.2886486726  -0.3043845054  -1.4659169827
0.2838612922  -0.2991279181  -1.4706913060
0.2790863773  -0.2938885608  -1.4754531873
0.2743239734  -0.2886680409  -1.4802027077
0.2695741005  -0.2834642349  -1.4849397999
0.2648367492  -0.2782743105  -1.4896642592
0.2601119373  -0.2730997064  -1.4943759954
0.2553997130  -0.2679422968  -1.4990749873
0.2507001162  -0.2628024597  -1.5037611897
0.2460131781  -0.2576805575  -1.5084345615
0.2413389292  -0.2525769403  -1.5130950663
0.2366773998  -0.2474919438  -1.5177426724
0.2320286197  -0.2424258872  -1.5223773537
0.2273926179  -0.2373790718  -1.5269990896
0.2227694223  -0.2323517796  -1.5316078650
0.2181590599  -0.2273442723  -1.5362036710
0.2135615566  -0.2223567914  -1.5407865046
0.2089769366  -0.2173895573  -1.5453563687
0.2044052231  -0.2124427694  -1.5499132724
0.1998464375  -0.2075166067  -1.5544572303
0.1953005997  -0.2026112282  -1.5589882629
0.1907677279  -0.1977267733  -1.5635063960
0.1862478389  -0.1928633632  -1.5680116604
0.1817409476  -0.1880211014  -1.5725040916
0.1772470673  -0.1832000754  -1.5769837293
0.1727662098  -0.1784003576  -1.5814506167
0.1682983849  -0.1736220068  -1.5859048001
0.1638436011  -0.1688650694  -1.5903463282
0.1594018652  -0.1641295811  -1.5947752511
0.1549731824  -0.1594155683  -1.5991916197
0.1505575563  -0.1547230491  -1.6035954848
0.1461549887  -0.1500520352  -1.6079868962
0.1417654802  -0.1454025329  -1.6123659015
0.1373890292  -0.1407745473  -1.6167325451
0.1330287732  -0.1361689958  -1.6211517688
0.1286867406  -0.1315863710  -1.6256557782
0.1243547777  -0.1270242376  -1.6301336264
0.1200305001  -0.1224819815  -1.6346139352
0.1157181226  -0.1179608927  -1.6390947126
0.1114175711  -0.1134609834  -1.6435736940
0.1071287863  -0.1089822730  -1.6480483431
0.1028517251  -0.1045247867  -1.6525158510
0.0985863609  -0.1000885544  -1.6569731368
0.0943326849  -0.0956736095  -1.6614168476
0.0900907068  -0.0912799878  -1.6658433579
0.0858604555  -0.0869077252  -1.6702487705
0.0816419798  -0.0825568564  -1.6746289156
0.0774353492  -0.0782274129  -1.6789793515
0.0732406537  -0.0739194208  -1.6832953642
0.0690580051  -0.0696328991  -1.6875719676
0.0648875365  -0.0653678571  -1.6918039033
0.0607294023  -0.0611242930  -1.6959856409
0.0565837790  -0.0569021919  -1.7001113776
0.0524508637  -0.0527015240  -1.7041750386
0.0483308746  -0.0485222436  -1.7081702768
0.0442240500  -0.0443642877  -1.7120904731
0.0401306473  -0.0402275761  -1.7159287360
0.0360509419  -0.0361120104  -1.7196779019
0.0319852258  -0.0320174752  -1.7233305351
0.0279338060  -0.0279438387  -1.7268789277
0.0238970024  -0.0238909544  -1.7303150996
0.0198751453  -0.0198586630  -1.7336307984
0.0158685730  -0.0158467954  -1.7368174997
0.0118776283  -0.0118551757  -1.7398664069
0.0079026557  -0.0078836246  -1.7427684511
0.0039439966  -0.0039319635  -1.7455142913
0.0039398160  -0.0039319310  -1.7455142913
