0.0496153
2.7798718365  -2.6556165346   0.0000998782
2.7798718365  -2.6556165346   0.0000998782
2.7798764871  -2.6555927046   0.0000789874
2.7798658823  -2.6555230398   0.0000294902
2.7798330635  -2.6554099937  -0.0000494581
2.7797709115  -2.6552439479  -0.0001586898
2.7796769367  -2.6550222388  -0.0002990244
2.7795497684  -2.6547437770  -0.0004712690
2.7793884538  -2.6544080406  -0.0006762179
2.7791922294  -2.6540147515  -0.0009146530
2.7789604294  -2.6535637440  -0.0011873434
2.7786924421  -2.6530549039  -0.0014950458
2.7783876883  -2.6524881369  -0.0018385041
2.7780456089  -2.6518633519  -0.0022184498
2.7776656583  -2.6511804511  -0.0026356017
2.7772472996  -2.6504393244  -0.0030906660
2.7767900023  -2.6496398463  -0.0035843363
2.7762932406  -2.6487818746  -0.0041172936
2.7757564924  -2.6478652488  -0.0046902063
2.7751792384  -2.6468897908  -0.0053037303
2.7745609620  -2.6458553045  -0.0059585088
2.7739011489  -2.6447615768  -0.0066551724
2.7731992871  -2.6436083785  -0.0073943391
2.7724548673  -2.6423954647  -0.0081766144
2.7716673821  -2.6411225762  -0.0090025910
2.7708363270  -2.6397894408  -0.0098728492
2.7699612003  -2.6383957742  -0.0107879567
2.7690415030  -2.6369412814  -0.0117484684
2.7680767396  -2.6354256583  -0.0127549269
2.7670664178  -2.6338485926  -0.0138078618
2.7660100493  -2.6322097654  -0.0149077906
2.7649071496  -2.6305088529  -0.0160552177
2.7637572281  -2.6287441144  -0.0172522248
2.7625598270  -2.6269165184  -0.0184979146
2.7613144887  -2.6250274508  -0.0197922935
2.7600207284  -2.6230755599  -0.0211356843
2.7586780788  -2.6210601782  -0.0225284625
2.7572860854  -2.6189808367  -0.0239710644
2.7558443005  -2.6168371227  -0.0254639165
2.7543522831  -2.6146286736  -0.0270074420
2.7528095992  -2.6123551514  -0.0286020596
2.7512158219  -2.6100162369  -0.0302481827
2.7495705325  -2.6076116294  -0.0319462184
2.7478733199  -2.6051410470  -0.0336965675
2.7461237815  -2.6026042276  -0.0354996227
2.7443215231  -2.6000009307  -0.0373557682
2.7424661595  -2.5973309380  -0.0392653787
2.7405573145  -2.5945940543  -0.0412288195
2.7385946214  -2.5917901092  -0.0432464463
2.7365777231  -2.5889189577  -0.0453186045
2.7345062726  -2.5859804817  -0.0474456289
2.7323799329  -2.5829745891  -0.0496278440
2.7301983776  -2.5799012149  -0.0518655630
2.7279612910  -2.5767603220  -0.0541590878
2.7256683682  -2.5735519027  -0.0565087092
2.7233193155  -2.5702759793  -0.0589147060
2.7209138508  -2.5669326046  -0.0613773455
2.7184517034  -2.5635218630  -0.0638968826
2.7159326144  -2.5600438703  -0.0664735603
2.7133563370  -2.5564987746  -0.0691076094
2.7107226365  -2.5528867564  -0.0717992480
2.7080312904  -2.5492080291  -0.0745486820
2.7052820891  -2.5454628390  -0.0773561045
2.7024748348  -2.5416511031  -0.0802216962
2.6996093407  -2.5377730016  -0.0831456250
2.6966854347  -2.5338295842  -0.0861280454
2.6937029626  -2.5298215494  -0.0891690993
2.6906617813  -2.5257490820  -0.0922689166
2.6875617577  -2.5216125292  -0.0954276141
2.6844027722  -2.5174123245  -0.0986452961
2.6811847185  -2.5131489472  -0.1019220541
2.6779075041  -2.5088229143  -0.1052579669
2.6745710494  -2.5044347717  -0.1086531010
2.6711752938  -2.4999851031  -0.1121075102
2.6677202200  -2.4954745802  -0.1156212357
2.6642058234  -2.4909039040  -0.1191943065
2.6606320839  -2.4862737433  -0.1228267396
2.6569989884  -2.4815847780  -0.1265185396
2.6533065353  -2.4768377078  -0.1302696992
2.6495547345  -2.4720332520  -0.1340801997
2.6457436077  -2.4671721486  -0.1379500134
2.6418731883  -2.4622551541  -0.1418791048
2.6379435213  -2.4572830425  -0.1458674280
2.6339546619  -2.4522566048  -0.1499149240
2.6299066760  -2.4471766472  -0.1540215217
2.6257996403  -2.4420439901  -0.1581871375
2.6216336421  -2.4368594672  -0.1624116759
2.6174087793  -2.4316239249  -0.1666950292
2.6131251604  -2.4263382215  -0.1710370778
2.6087829043  -2.4210032270  -0.1754376901
2.6043821400  -2.4156198219  -0.1798967227
2.5999230071  -2.4101888961  -0.1844140208
2.5954056548  -2.4047113478  -0.1889894176
2.5908302425  -2.3991880837  -0.1936227354
2.5861969397  -2.3936200017  -0.1983137849
2.5815059252  -2.3880079837  -0.2030623658
2.5767573877  -2.3823529386  -0.2078682671
2.5719515252  -2.3766558228  -0.2127312665
2.5670885460  -2.3709176017  -0.2176511313
2.5621686675  -2.3651392335  -0.2226276184
2.5571921167  -2.3593216810  -0.2276604743
2.5521591297  -2.3534659337  -0.2327494356
2.5470699521  -2.3475730014  -0.2378942291
2.5419248390  -2.3416437912  -0.2430945722
2.5367240537  -2.3356790133  -0.2483501734
2.5314678675  -2.3296793688  -0.2536607326
2.5261565607  -2.3236457948  -0.2590259406
2.5207904243  -2.3175794240  -0.2644454788
2.5153697595  -2.3114814166  -0.2699190195
2.5098948768  -2.3053528981  -0.2754462266
2.5043660959  -2.2991949623  -0.2810267554
2.4987837637  -2.2930087049  -0.2866602529
2.4931483744  -2.2867954251  -0.2923463580
2.4874604532  -2.2805564240  -0.2980847015
2.4817204107  -2.2742927557  -0.3038749063
2.4759286355  -2.2680053857  -0.3097165876
2.4700855206  -2.2616952408  -0.3156093533
2.4641914639  -2.2553632114  -0.3215528040
2.4582468677  -2.2490101534  -0.3275465334
2.4522521388  -2.2426368891  -0.3335901283
2.4462076882  -2.2362442102  -0.3396831685
2.4401139312  -2.2298328799  -0.3458252272
2.4339712868  -2.2234036359  -0.3520158711
2.4277801785  -2.2169571931  -0.3582546618
2.4215410343  -2.2104942471  -0.3645411578
2.4152542863  -2.2040154774  -0.3708749136
2.4089203692  -2.1975215492  -0.3772554749
2.4025397192  -2.1910131153  -0.3836823776
2.3961127755  -2.1844908186  -0.3901551495
2.3896399810  -2.1779552976  -0.3966733108
2.3831217821  -2.1714071919  -0.4032363742
2.3765586287  -2.1648471467  -0.4098438451
2.3699509739  -2.1582758269  -0.4164952197
2.3632992714  -2.1516939913  -0.4231899741
2.3566039784  -2.1451023432  -0.4299275783
2.3498655718  -2.1385010187  -0.4367075687
2.3430845546  -2.1318899276  -0.4435295545
2.3362614563  -2.1252700617  -0.4503931016
2.3293968029  -2.1186432824  -0.4572976892
2.3224910946  -2.1120110338  -0.4642427750
2.3155448348  -2.1053742162  -0.4712278260
2.3085585376  -2.0987335912  -0.4782523109
2.3015327208  -2.0920899108  -0.4853156987
2.2944679036  -2.0854439264  -0.4924174569
2.2873646064  -2.0787963887  -0.4995570494
2.2802233508  -2.0721480476  -0.5067339399
2.2730446612  -2.0654996544  -0.5139475937
2.2658290651  -2.0588519625  -0.5211974813
2.2585770950  -2.0522057301  -0.5284830865
2.2512892883  -2.0455617209  -0.5358039086
2.2439661810  -2.0389206952  -0.5431594496
2.2366083040  -2.0322834030  -0.5505492088
2.2292161849  -2.0256505838  -0.5579726852
2.2217903507  -2.0190229676  -0.5654293774
2.2143313302  -2.0124012782  -0.5729187925
2.2068397057  -2.0057863441  -0.5804404581
2.1993161609  -1.9991792386  -0.5879939077
2.1917612723  -1.9925808416  -0.5955786530
2.1841754399  -1.9859916574  -0.6031941826
2.1765590459  -1.9794121277  -0.6108399900
2.1689124694  -1.9728426603  -0.6185155675
2.1612360651  -1.9662835988  -0.6262203531
2.1535301517  -1.9597351974  -0.6339537113
2.1457950054  -1.9531975888  -0.6417148699
2.1380307554  -1.9466705611  -0.6495025599
2.1302368510  -1.9401529279  -0.6573132862
2.1224137633  -1.9336450868  -0.6651472284
2.1145653571  -1.9271523223  -0.6730124592
2.1066945667  -1.9206791179  -0.6809137917
2.0987997880  -1.9142239148  -0.6888496826
2.0908791803  -1.9077841109  -0.6968183832
2.0829327340  -1.9013588809  -0.7048186750
2.0749607244  -1.8949475557  -0.7128493424
2.0669634325  -1.8885493837  -0.7209091253
2.0589411395  -1.8821635113  -0.7289967234
2.0508941252  -1.8757889845  -0.7371108008
2.0428226667  -1.8694247564  -0.7452499911
2.0347270369  -1.8630696956  -0.7534129021
2.0266075022  -1.8567225954  -0.7615981197
2.0184644637  -1.8503823996  -0.7698042123
2.0102987731  -1.8440486578  -0.7780297347
2.0021111861  -1.8377206800  -0.7862732316
1.9939020065  -1.8313970346  -0.7945332422
1.9856714668  -1.8250761632  -0.8028083037
1.9774197560  -1.8187564474  -0.8110969550
1.9691470076  -1.8124362159  -0.8193977404
1.9608538455  -1.8061145039  -0.8277092110
1.9525412966  -1.7997909046  -0.8360299254
1.9442095172  -1.7934638586  -0.8443584533
1.9358577240  -1.7871306586  -0.8526933840
1.9274850969  -1.7807887252  -0.8610333319
1.9190919238  -1.7744369793  -0.8693769383
1.9106772625  -1.7680729578  -0.8777228758
1.9022380195  -1.7616918844  -0.8860698533
1.8937702263  -1.7552884184  -0.8944166213
1.8852649633  -1.7488521966  -0.9027619827
1.8766927057  -1.7423515898  -0.9111048285
1.8679254717  -1.7356588009  -0.9194441204
1.8592281637  -1.7290428016  -0.9277787185
1.8508595197  -1.7227637667  -0.9361073218
1.8426164511  -1.7166141038  -0.9444287055
1.8343914541  -1.7104796416  -0.9527418623
1.8261756705  -1.7043466947  -0.9610459047
1.8179686738  -1.6982124976  -0.9693400007
1.8097701877  -1.6920752475  -0.9776233845
1.8015799480  -1.6859333162  -0.9858953651
1.7933977076  -1.6797852095  -0.9941553297
1.7852232362  -1.6736295706  -1.0024027469
1.7770563194  -1.6674651821  -1.0106371691
1.7688967579  -1.6612909664  -1.0188582364
1.7607443656  -1.6551059859  -1.0270656762
1.7525989639  -1.6489094392  -1.0352592956
1.7444603788  -1.6427006578  -1.0434389789
1.7363284459  -1.6364791057  -1.0516047002
1.7282030153  -1.6302443787  -1.0597565326
1.7200839484  -1.6239962014  -1.0678946496
1.7119711141  -1.6177344208  -1.0760193288
1.7038643840  -1.6114589985  -1.0841309457
1.6957636234  -1.6051699997  -1.0922299608
1.6876686951  -1.5988675870  -1.1003169331
1.6795794753  -1.5925520213  -1.1083925537
1.6714958582  -1.5862236601  -1.1164576583
1.6634177366  -1.5798829437  -1.1245132080
1.6553449951  -1.5735303840  -1.1325603008
1.6472775371  -1.5671665681  -1.1406002414
1.6392153059  -1.5607921667  -1.1486345914
1.6311583041  -1.5544079591  -1.1566652831
1.6231067498  -1.5480149871  -1.1646951094
1.6150618554  -1.5416148201  -1.1727299650
1.6070237954  -1.5352084160  -1.1807728229
1.5989882225  -1.5287943978  -1.1888176258
1.5909507880  -1.5223707006  -1.1968594243
1.5829121464  -1.5159370113  -1.2048987456
1.5748742914  -1.5094939546  -1.2129364159
1.5668376227  -1.5030418421  -1.2209727807
1.5588019008  -1.4965807254  -1.2290081451
1.5507668390  -1.4901105868  -1.2370428185
1.5427321495  -1.4836313788  -1.2450771151
1.5346975439  -1.4771430281  -1.2531113530
1.5266627329  -1.4706454354  -1.2611458543
1.5186274262  -1.4641384758  -1.2691809442
1.5105913323  -1.4576219988  -1.2772169505
1.5025541586  -1.4510958273  -1.2852542035
1.4945156113  -1.4445597560  -1.2932930350
1.4864753954  -1.4380135542  -1.3013337785
1.4784332145  -1.4314569708  -1.3093767679
1.4703887708  -1.4248897360  -1.3174223369
1.4623417651  -1.4183115618  -1.3254708184
1.4542918965  -1.4117221411  -1.3335225438
1.4462388629  -1.4051211470  -1.3415778428
1.4381823608  -1.3985082336  -1.3496370423
1.4301220855  -1.3918830440  -1.3577004666
1.4220577304  -1.3852452191  -1.3657684351
1.4139889875  -1.3785943968  -1.3738412625
1.4059155468  -1.3719302069  -1.3819192574
1.3978370971  -1.3652522790  -1.3900027222
1.3897533250  -1.3585602595  -1.3980919504
1.3816639147  -1.3518538255  -1.4061872246
1.3735685461  -1.3451327388  -1.4142888103
1.3654668877  -1.3383971101  -1.4223969326
1.3573585976  -1.3316470927  -1.4305117792
1.3492433652  -1.3248813989  -1.4386336036
1.3411209447  -1.3180974444  -1.4467627884
1.3329910960  -1.3112937514  -1.4548997398
1.3248535158  -1.3044704141  -1.4630447988
1.3167078604  -1.2976275477  -1.4711982756
1.3085537954  -1.2907647865  -1.4793604848
1.3003909999  -1.2838816252  -1.4875317461
1.2922191552  -1.2769775603  -1.4957123802
1.2840379416  -1.2700520998  -1.5039027098
1.2758470376  -1.2631047629  -1.5121030586
1.2676461200  -1.2561350799  -1.5203137519
1.2594348642  -1.2491425893  -1.5285351166
1.2512129435  -1.2421268317  -1.5367674814
1.2429800298  -1.2350873536  -1.5450111764
1.2347357928  -1.2280237315  -1.5532665337
1.2264799002  -1.2209355766  -1.5615338863
1.2182120178  -1.2138224992  -1.5698135693
1.2099318095  -1.2066840837  -1.5781059196
1.2016389374  -1.1995198999  -1.5864112766
1.1933330618  -1.1923295155  -1.5947299816
1.1850138407  -1.1851124959  -1.6030623783
1.1766809297  -1.1778683991  -1.6114088124
1.1683339826  -1.1705967731  -1.6197696323
1.1599726507  -1.1632971526  -1.6281451884
1.1515965832  -1.1559690556  -1.6365358338
1.1432054270  -1.1486119812  -1.6449419241
1.1347988265  -1.1412254039  -1.6533638175
1.1263764238  -1.1338087671  -1.6618018752
1.1179378589  -1.1263614719  -1.6702564609
1.1094827693  -1.1188828416  -1.6787279419
1.1010107902  -1.1113720947  -1.6872166889
1.0925215546  -1.1038284503  -1.6957230758
1.0840146917  -1.0962513088  -1.7042474784
1.0754898273  -1.0886402265  -1.7127902727
1.0669465837  -1.0809947255  -1.7213518368
1.0583845819  -1.0733142295  -1.7299325521
1.0498034406  -1.0655981274  -1.7385328035
1.0412027763  -1.0578458084  -1.7471529787
1.0325822021  -1.0500566583  -1.7557934682
1.0239413287  -1.0422300553  -1.7644546653
1.0152797637  -1.0343653686  -1.7731369660
1.0065971123  -1.0264619577  -1.7818407694
0.9978929768  -1.0185191718  -1.7905664773
0.9891669585  -1.0105355272  -1.7993144960
0.9804186600  -1.0025078479  -1.8080852408
0.9716476793  -0.9944346624  -1.8168791295
0.9628535990  -0.9863191744  -1.8256965666
0.9540359930  -0.9781644278  -1.8345379469
0.9451944433  -0.9699698795  -1.8434036773
0.9363285400  -0.9617341338  -1.8522941796
0.9274378708  -0.9534562592  -1.8612098802
0.9185220181  -0.9451352693  -1.8701512087
0.9095805606  -0.9367700792  -1.8791185984
0.9006130752  -0.9283595171  -1.8881124870
0.8916191359  -0.9199023372  -1.8971333150
0.8825983151  -0.9113972323  -1.9061815263
0.8735501827  -0.9028428472  -1.9152575671
0.8644743066  -0.8942377924  -1.9243618853
0.8553702528  -0.8855806583  -1.9334949303
0.8462375853  -0.8768700287  -1.9426571521
0.8370758668  -0.8681044944  -1.9518490007
0.8278846584  -0.8592826674  -1.9610709255
0.8186635199  -0.8504031930  -1.9703233748
0.8094120105  -0.8414647613  -1.9796067954
0.8001296887  -0.8324661177  -1.9889216321
0.7908161130  -0.8234060737  -1.9982683271
0.7814708420  -0.8142835171  -2.0076473200
0.7720934351  -0.8050974213  -2.0170590472
0.7626834527  -0.7958468526  -2.0265039418
0.7532404567  -0.7865309756  -2.0359824331
0.7437640116  -0.7771490588  -2.0454949467
0.7342536842  -0.7677004771  -2.0550419041
0.7247090449  -0.7581847146  -2.0646237224
0.7151296678  -0.7486013648  -2.0742408141
0.7055151318  -0.7389501312  -2.0838935867
0.6958651286  -0.7292448869  -2.0935829348
0.6861795455  -0.7195053898  -2.1033103199
0.6764578960  -0.7096997189  -2.1130757858
0.6666990366  -0.6997831960  -2.1228780500
0.6569022349  -0.6897699796  -2.1327168962
0.6470674662  -0.6796821669  -2.1425927503
0.6371946125  -0.6695216422  -2.1525057937
0.6272833728  -0.6592903585  -2.1624562295
0.6173334679  -0.6489903390  -2.1724442859
0.6073446384  -0.6386236348  -2.1824702177
0.5973166427  -0.6281922850  -2.1925343078
0.5872492552  -0.6176982806  -2.2026368680
0.5771422645  -0.6071435302  -2.2127782387
0.5669954718  -0.5965298297  -2.2229587880
0.5568086901  -0.5858588350  -2.2331789098
0.5465817433  -0.5751320397  -2.2434390212
0.5363144661  -0.5643507551  -2.2537395586
0.5260067044  -0.5535160965  -2.2640809736
0.5156583171  -0.5426289724  -2.2744637269
0.5052691774  -0.5316900792  -2.2848882826
0.4948391760  -0.5206999001  -2.2953551003
0.4843682238  -0.5096587099  -2.3058646277
0.4738562561  -0.4985665828  -2.3164172917
0.4633032367  -0.4874234075  -2.3270134890
0.4527091628  -0.4762289056  -2.3376535764
0.4420740694  -0.4649826557  -2.3483378609
0.4313980348  -0.4536841226  -2.3590665893
0.4206811852  -0.4423326910  -2.3698399381
0.4099236997  -0.4309277047  -2.3806580036
0.3991258145  -0.4194685093  -2.3915207925
0.3882878270  -0.4079545003  -2.4024282126
0.3774100971  -0.3963852757  -2.4133800633
0.3665229576  -0.3847841909  -2.4245655877
0.3556467311  -0.3731666532  -2.4360785650
0.3447045404  -0.3614695350  -2.4475946232
0.3336739264  -0.3496748762  -2.4591963906
0.3225955469  -0.3378167699  -2.4708771698
0.3114694245  -0.3258961843  -2.4826293846
0.3002958582  -0.3139149219  -2.4944445801
0.2890753971  -0.3018755345  -2.5063134229
0.2778088513  -0.2897813583  -2.5182257009
0.2664973010  -0.2776365337  -2.5301703234
0.2551421027  -0.2654460071  -2.5421353210
0.2437448933  -0.2532155130  -2.5541078458
0.2323075913  -0.2409515336  -2.5660741711
0.2208323938  -0.2286612340  -2.5780196916
0.2093217714  -0.2163523728  -2.5899289235
0.1977784580  -0.2040331873  -2.6017855042
0.1862054374  -0.1917122553  -2.6135721925
0.1746059260  -0.1793983339  -2.6252708687
0.1629833512  -0.1671001808  -2.6368625344
0.1513413269  -0.1548263619  -2.6483273124
0.1396836251  -0.1425850523  -2.6596444470
0.1280141450  -0.1303838387  -2.6707923039
0.1163368803  -0.1182295309  -2.6817483702
0.1046558850  -0.1061279955  -2.6924892541
0.0929752391  -0.0940840187  -2.7029906856
0.0812990154  -0.0821012123  -2.7132275156
0.0696312476  -0.0701819701  -2.7231737168
0.0579759019  -0.0583274847  -2.7328023829
0.0463368535  -0.0465378311  -2.7420857291
0.0347178681  -0.0348121185  -2.7509950920
0.0231225905  -0.0231487099  -2.7595009297
0.0115545421  -0.0115455015  -2.7675728213
0.0115185246  -0.0115450347  -2.7675728213
