0.139948
1.5948201831  -1.4675325853   0.0000481360
1.5948201831  -1.4675325853   0.0000481360
1.5948235668  -1.4675272141   0.0000397902
1.5948201048  -1.4675066840   0.0000186458
1.5948064193  -1.4674714724  -0.0000156388
1.5947796729  -1.4674192407  -0.0000634040
1.5947388294  -1.4673492694  -0.0001249883
1.5946833059  -1.4672612223  -0.0002007287
1.5946126894  -1.4671549033  -0.0002909607
1.5945266435  -1.4670301759  -0.0003960180
1.5944248703  -1.4668869313  -0.0005162329
1.5943070928  -1.4667250726  -0.0006519358
1.5941730456  -1.4665445066  -0.0008034558
1.5940224697  -1.4663451400  -0.0009711202
1.5938551098  -1.4661268761  -0.0011552548
1.5936707120  -1.4658896136  -0.0013561836
1.5934690232  -1.4656332457  -0.0015742292
1.5932497898  -1.4653576591  -0.0018097126
1.5930127574  -1.4650627340  -0.0020629529
1.5927576702  -1.4647483435  -0.0023342680
1.5924842712  -1.4644143542  -0.0026239739
1.5921923015  -1.4640606252  -0.0029323851
1.5918815006  -1.4636870088  -0.0032598144
1.5915516061  -1.4632933505  -0.0036065731
1.5912023535  -1.4628794887  -0.0039729709
1.5908334763  -1.4624452553  -0.0043593157
1.5904447063  -1.4619904754  -0.0047659141
1.5900357729  -1.4615149678  -0.0051930708
1.5896064035  -1.4610185450  -0.0056410891
1.5891563238  -1.4605010134  -0.0061102704
1.5886852572  -1.4599621734  -0.0066009150
1.5881929251  -1.4594018199  -0.0071133210
1.5876790368  -1.4588192614  -0.0076485126
1.5871433214  -1.4582147127  -0.0082061373
1.5865855080  -1.4575885661  -0.0087862634
1.5860053003  -1.4569402655  -0.0093891339
1.5854024054  -1.4562694415  -0.0100150109
1.5847765321  -1.4555758047  -0.0106641819
1.5841273878  -1.4548590810  -0.0113369349
1.5834546786  -1.4541190061  -0.0120335615
1.5827581092  -1.4533553170  -0.0127543560
1.5820373824  -1.4525677504  -0.0134996148
1.5812921999  -1.4517560425  -0.0142696367
1.5805222617  -1.4509199286  -0.0150647219
1.5797272664  -1.4500591438  -0.0158851724
1.5789069116  -1.4491734231  -0.0167312918
1.5780608932  -1.4482625015  -0.0176033848
1.5771889061  -1.4473261147  -0.0185017575
1.5762906440  -1.4463639993  -0.0194267172
1.5753657995  -1.4453758929  -0.0203785723
1.5744140642  -1.4443615349  -0.0213576320
1.5734351287  -1.4433206666  -0.0223642067
1.5724286827  -1.4422530313  -0.0233986075
1.5713944152  -1.4411583752  -0.0244611462
1.5703320143  -1.4400364474  -0.0255521354
1.5692411675  -1.4388870001  -0.0266718881
1.5681215618  -1.4377097892  -0.0278207179
1.5669728836  -1.4365045746  -0.0289989390
1.5657948191  -1.4352711202  -0.0302068656
1.5645870538  -1.4340091947  -0.0314448125
1.5633492734  -1.4327185713  -0.0327130947
1.5620811631  -1.4313990285  -0.0340120269
1.5607824083  -1.4300503499  -0.0353419239
1.5594526945  -1.4286721893  -0.0367031006
1.5580917062  -1.4272642903  -0.0380958714
1.5566991286  -1.4258267249  -0.0395205500
1.5552746493  -1.4243594347  -0.0409774495
1.5538179558  -1.4228621496  -0.0424668828
1.5523287352  -1.4213346485  -0.0439891620
1.5508066754  -1.4197767427  -0.0455445984
1.5492514647  -1.4181882557  -0.0471335024
1.5476627929  -1.4165690195  -0.0487561836
1.5460403505  -1.4149188711  -0.0504129499
1.5443838290  -1.4132376534  -0.0521041084
1.5426929213  -1.4115252163  -0.0538299644
1.5409673215  -1.4097814167  -0.0555908220
1.5392067253  -1.4080061172  -0.0573869834
1.5374108299  -1.4061991861  -0.0592187491
1.5355793343  -1.4043604965  -0.0610864178
1.5337119392  -1.4024899274  -0.0629902862
1.5318083473  -1.4005873630  -0.0649306488
1.5298682635  -1.3986526929  -0.0669077978
1.5278913949  -1.3966858124  -0.0689220231
1.5258774509  -1.3946866224  -0.0709736117
1.5238261434  -1.3926550293  -0.0730628482
1.5217371869  -1.3905909454  -0.0751900142
1.5196102989  -1.3884942882  -0.0773553884
1.5174451995  -1.3863649810  -0.0795592463
1.5152416120  -1.3842029533  -0.0818018601
1.5129992652  -1.3820081503  -0.0840834986
1.5107178932  -1.3797805323  -0.0864044270
1.5083972324  -1.3775200581  -0.0887649067
1.5060370212  -1.3752266870  -0.0911651955
1.5036370017  -1.3729003850  -0.0936055470
1.5011969200  -1.3705411212  -0.0960862109
1.4987165265  -1.3681488639  -0.0986074326
1.4961955755  -1.3657235935  -0.1011694529
1.4936338257  -1.3632653090  -0.1037725084
1.4910310405  -1.3607740189  -0.1064168305
1.4883869878  -1.3582497443  -0.1091026460
1.4857014405  -1.3556925426  -0.1118301772
1.4829741765  -1.3531024827  -0.1145996425
1.4802049795  -1.3504795199  -0.1174112553
1.4773936380  -1.3478234434  -0.1202652242
1.4745399445  -1.3451340640  -0.1231617519
1.4716436963  -1.3424114106  -0.1261010336
1.4687046968  -1.3396556902  -0.1290832563
1.4657227563  -1.3368671571  -0.1321085995
1.4626976921  -1.3340460589  -0.1351772359
1.4596293275  -1.3311926298  -0.1382893317
1.4565174925  -1.3283070866  -0.1414450466
1.4533620233  -1.3253896265  -0.1446445335
1.4501627626  -1.3224404273  -0.1478879385
1.4469195594  -1.3194596484  -0.1511754011
1.4436322697  -1.3164474320  -0.1545070539
1.4403007559  -1.3134039037  -0.1578830226
1.4369248873  -1.3103291743  -0.1613034261
1.4335045403  -1.3072233422  -0.1647683766
1.4300395984  -1.3040864975  -0.1682779795
1.4265299522  -1.3009187206  -0.1718323333
1.4229754998  -1.2977200801  -0.1754315298
1.4193761466  -1.2944906352  -0.1790756532
1.4157318053  -1.2912304416  -0.1827647803
1.4120423966  -1.2879395585  -0.1864989814
1.4083078502  -1.2846180557  -0.1902783245
1.4045281051  -1.2812660144  -0.1941028793
1.4007031090  -1.2778835194  -0.1979727107
1.3968328163  -1.2744706599  -0.2018878738
1.3929171885  -1.2710275404  -0.2058484142
1.3889561952  -1.2675542791  -0.2098543675
1.3849498145  -1.2640509980  -0.2139057593
1.3808980342  -1.2605177297  -0.2180025978
1.3768008882  -1.2569543733  -0.2221448619
1.3726584282  -1.2533613137  -0.2263325297
1.3684706972  -1.2497403275  -0.2305656558
1.3642377591  -1.2460934029  -0.2348443590
1.3599596516  -1.2424205527  -0.2391686982
1.3556363538  -1.2387203975  -0.2435386232
1.3512678312  -1.2349920673  -0.2479540327
1.3468540802  -1.2312355548  -0.2524148215
1.3423951286  -1.2274512156  -0.2569208889
1.3378910197  -1.2236395088  -0.2614721280
1.3333418038  -1.2198009418  -0.2660684191
1.3287475376  -1.2159360647  -0.2707096309
1.3241082860  -1.2120454673  -0.2753956209
1.3194241218  -1.2081297767  -0.2801262362
1.3146951266  -1.2041896534  -0.2849013138
1.3099213900  -1.2002257879  -0.2897206807
1.3051030105  -1.1962388976  -0.2945841562
1.3002400982  -1.1922297257  -0.2994915653
1.2953327749  -1.1881990385  -0.3044427406
1.2903811688  -1.1841476149  -0.3094375022
1.2853854085  -1.1800762347  -0.3144756454
1.2803456256  -1.1759856748  -0.3195569425
1.2752619580  -1.1718767070  -0.3246811428
1.2701345755  -1.1677501299  -0.3298479941
1.2649639346  -1.1636071260  -0.3350572577
1.2597505911  -1.1594489798  -0.3403086657
1.2544948641  -1.1552765878  -0.3456018833
1.2491969926  -1.1510906835  -0.3509365393
1.2438572214  -1.1468919529  -0.3563122143
1.2384757777  -1.1426810026  -0.3617283428
1.2330528521  -1.1384582923  -0.3671841538
1.2275882668  -1.1342236805  -0.3726771177
1.2220812500  -1.1299762633  -0.3782024323
1.2165328477  -1.1257174071  -0.3837625273
1.2109474472  -1.1214527342  -0.3893692638
1.2053278953  -1.1171865331  -0.3950294826
1.1996724965  -1.1129177203  -0.4007421348
1.1939787787  -1.1086435545  -0.4065051766
1.1882459158  -1.1043625966  -0.4123169949
1.1824742451  -1.1000746202  -0.4181760678
1.1766643788  -1.0957795795  -0.4240807820
1.1708166501  -1.0914768362  -0.4300294370
1.1649312937  -1.0871654564  -0.4360202515
1.1590085443  -1.0828443730  -0.4420513713
1.1530486391  -1.0785123988  -0.4481208769
1.1470518156  -1.0741682371  -0.4542267904
1.1410183106  -1.0698104902  -0.4603670823
1.1349483561  -1.0654376690  -0.4665396792
1.1288423161  -1.0610483917  -0.4727424693
1.1227012314  -1.0566421165  -0.4789733096
1.1165260317  -1.0522180669  -0.4852300316
1.1103168424  -1.0477743319  -0.4915104486
1.1040735531  -1.0433086890  -0.4978123620
1.0977958931  -1.0388187432  -0.5041335678
1.0914834606  -1.0343019986  -0.5104718618
1.0851370403  -1.0297574694  -0.5168250397
1.0787574846  -1.0251842417  -0.5231908964
1.0723436033  -1.0205789772  -0.5295672363
1.0658930650  -1.0159372123  -0.5359518834
1.0594047931  -1.0112562196  -0.5423426871
1.0528753766  -1.0065308970  -0.5487375275
1.0462968098  -1.0017514737  -0.5551343237
1.0396581049  -0.9969054669  -0.5615310582
1.0328520313  -0.9918844509  -0.5679258227
1.0257848969  -0.9865966252  -0.5743167597
1.0188722839  -0.9814584390  -0.5807018501
1.0123946030  -0.9767448614  -0.5870788915
1.0061130109  -0.9722103955  -0.5934457791
0.9998801407  -0.9677035309  -0.5998006639
0.9936634259  -0.9631891354  -0.6061418649
0.9874617037  -0.9586641385  -0.6124677838
0.9812747366  -0.9541267109  -0.6187768977
0.9751024013  -0.9495753104  -0.6250677749
0.9689446019  -0.9450085633  -0.6313390881
0.9628012704  -0.9404252674  -0.6375896195
0.9566723646  -0.9358243922  -0.6438182658
0.9505578662  -0.9312050787  -0.6500240436
0.9444577798  -0.9265666383  -0.6562060945
0.9383721310  -0.9219085505  -0.6623636912
0.9323009643  -0.9172304589  -0.6684962396
0.9262443356  -0.9125321637  -0.6746032693
0.9202023070  -0.9078136143  -0.6806844307
0.9141749543  -0.9030749069  -0.6867395174
0.9081623750  -0.8983162841  -0.6927684856
0.9021646848  -0.8935381265  -0.6987714615
0.8961820117  -0.8887409431  -0.7047487518
0.8902144842  -0.8839253566  -0.7107008284
0.8842622193  -0.8790920872  -0.7166283154
0.8783253365  -0.8742419505  -0.7225320367
0.8724039837  -0.8693758599  -0.7284130732
0.8664983253  -0.8644948145  -0.7342727555
0.8606085293  -0.8595998847  -0.7401126983
0.8547348075  -0.8546922248  -0.7459349435
0.8488774587  -0.8497731204  -0.7517420971
0.8430374370  -0.8448443034  -0.7575392492
0.8372168683  -0.8399080848  -0.7633352695
0.8314154019  -0.8349655149  -0.7691326661
0.8256272048  -0.8300148606  -0.7749226202
0.8198474119  -0.8250542823  -0.7806983147
0.8140770523  -0.8200842416  -0.7864594865
0.8083187138  -0.8151060920  -0.7922068175
0.8025733450  -0.8101207132  -0.7979405869
0.7968410195  -0.8051286387  -0.8036609152
0.7911216474  -0.8001302969  -0.8093679241
0.7854151349  -0.7951260770  -0.8150617399
0.7797213888  -0.7901163330  -0.8207424935
0.7740403167  -0.7851013835  -0.8264103195
0.7683718269  -0.7800815117  -0.8320653556
0.7627158283  -0.7750569653  -0.8377077415
0.7570722303  -0.7700279580  -0.8433376186
0.7514409428  -0.7649946692  -0.8489551282
0.7458218764  -0.7599572462  -0.8545604117
0.7402149424  -0.7549158044  -0.8601536089
0.7346200526  -0.7498704302  -0.8657348578
0.7290371198  -0.7448211817  -0.8713042931
0.7234660573  -0.7397680917  -0.8768620447
0.7179067792  -0.7347111692  -0.8824082370
0.7123592003  -0.7296504018  -0.8879429872
0.7068232366  -0.7245857584  -0.8934664052
0.7012988053  -0.7195171919  -0.8989785924
0.6957858250  -0.7144446422  -0.9044796402
0.6902842149  -0.7093680383  -0.9099696282
0.6847938953  -0.7042873016  -0.9154486226
0.6793147874  -0.6992023480  -0.9209166749
0.6738468131  -0.6941130903  -0.9263738172
0.6683898908  -0.6890194360  -0.9318200478
0.6629439270  -0.6839212794  -0.9372552965
0.6575088247  -0.6788185282  -0.9426794527
0.6520845342  -0.6737111819  -0.9480925080
0.6466710742  -0.6685993255  -0.9534946104
0.6412684640  -0.6634830002  -0.9588859276
0.6358766612  -0.6583621563  -0.9642665485
0.6304955879  -0.6532367359  -0.9696365183
0.6251251763  -0.6481067250  -0.9749958795
0.6197653751  -0.6429721433  -0.9803446762
0.6144161403  -0.6378330310  -0.9856829514
0.6090774304  -0.6326894451  -0.9910107453
0.6037492061  -0.6275414585  -0.9963280963
0.5984314298  -0.6223891605  -1.0016350404
0.5931240660  -0.6172326556  -1.0069316112
0.5878270814  -0.6120720637  -1.0122178403
0.5825404442  -0.6069075183  -1.0174937569
0.5772641251  -0.6017391666  -1.0227593881
0.5719980964  -0.5965671687  -1.0280147587
0.5667423324  -0.5913916971  -1.0332598914
0.5614968095  -0.5862129340  -1.0384948069
0.5562615061  -0.5810310689  -1.0437195237
0.5510364023  -0.5758462973  -1.0489340584
0.5458214804  -0.5706588189  -1.0541384255
0.5406167245  -0.5654688368  -1.0593326377
0.5354221206  -0.5602765550  -1.0645167056
0.5302376567  -0.5550821767  -1.0696906383
0.5250633228  -0.5498859021  -1.0748544428
0.5198991106  -0.5446879255  -1.0800081248
0.5147450137  -0.5394884332  -1.0851516881
0.5096010276  -0.5342875996  -1.0902851351
0.5044671499  -0.5290855785  -1.0954084668
0.4993433797  -0.5238824800  -1.1005216834
0.4942297183  -0.5186783667  -1.1056247844
0.4891261686  -0.5134733220  -1.1107177683
0.4840327350  -0.5082675341  -1.1158006303
0.4789494229  -0.5030612701  -1.1208733618
0.4738762390  -0.4978547893  -1.1259359517
0.4688131927  -0.4926483168  -1.1309883878
0.4637602953  -0.4874420688  -1.1360306570
0.4587175600  -0.4822362659  -1.1410627446
0.4536850013  -0.4770311346  -1.1460846342
0.4486626356  -0.4718269056  -1.1510963080
0.4436504806  -0.4666238145  -1.1560977463
0.4386485558  -0.4614221010  -1.1610889282
0.4336568819  -0.4562220095  -1.1660698311
0.4286754817  -0.4510237885  -1.1710404307
0.4237043789  -0.4458276083  -1.1760007017
0.4187435989  -0.4406334804  -1.1809506175
0.4137931687  -0.4354416003  -1.1858901501
0.4088531168  -0.4302526214  -1.1908192690
0.4039234730  -0.4250671688  -1.1957379420
0.3990042684  -0.4198855262  -1.2006461364
0.3940955355  -0.4147079067  -1.2055438185
0.3891973081  -0.4095345684  -1.2104309535
0.3843096213  -0.4043657654  -1.2153075055
0.3794325112  -0.3992017490  -1.2201734373
0.3745660151  -0.3940427680  -1.2250287111
0.3697101713  -0.3888890710  -1.2298732876
0.3648650192  -0.3837409070  -1.2347071268
0.3600305994  -0.3785985275  -1.2395301875
0.3552069533  -0.3734621867  -1.2443424278
0.3503941232  -0.3683321437  -1.2491438048
0.3455921523  -0.3632086625  -1.2539342747
0.3408010848  -0.3580920136  -1.2587137928
0.3360209653  -0.3529824745  -1.2634823137
0.3312518396  -0.3478803298  -1.2682397913
0.3264937538  -0.3427858717  -1.2729861788
0.3217467548  -0.3376994004  -1.2777214286
0.3170108900  -0.3326212242  -1.2824454928
0.3122862075  -0.3275516599  -1.2871583229
0.3075727554  -0.3224910322  -1.2918598699
0.3028705828  -0.3174396738  -1.2965500844
0.2981797386  -0.3123979246  -1.3012289168
0.2935002722  -0.3073661317  -1.3058963173
0.2888322332  -0.3023446482  -1.3105522358
0.2841756714  -0.2973338325  -1.3151966223
0.2795306365  -0.2923340478  -1.3198294266
0.2748971783  -0.2873456610  -1.3244505987
0.2702753536  -0.2823701791  -1.3290601384
0.2656652277  -0.2774094924  -1.3336581026
0.2610668403  -0.2724612714  -1.3382444055
0.2564802017  -0.2675223859  -1.3428188306
0.2519053495  -0.2625945362  -1.3473812709
0.2473423514  -0.2576799114  -1.3519316863
0.2427912663  -0.2527790078  -1.3564700134
0.2382521440  -0.2478923050  -1.3609961934
0.2337250342  -0.2430202683  -1.3655101719
0.2292099858  -0.2381633462  -1.3700118995
0.2247070469  -0.2333219682  -1.3745013323
0.2202162645  -0.2284965430  -1.3789784318
0.2157376846  -0.2236874571  -1.3834431652
0.2112713518  -0.2188950736  -1.3878955058
0.2068173092  -0.2141197317  -1.3923354327
0.2023755983  -0.2093617466  -1.3967629312
0.1979462588  -0.2046214089  -1.4011779921
0.1935293285  -0.1998989855  -1.4055806126
0.1891248437  -0.1951947199  -1.4099707951
0.1847328382  -0.1905088331  -1.4143485476
0.1803533444  -0.1858415241  -1.4187138832
0.1759863924  -0.1811929720  -1.4230668196
0.1716320104  -0.1765633363  -1.4274073789
0.1672902246  -0.1719527592  -1.4317355869
0.1629610595  -0.1673613664  -1.4360514726
0.1586445373  -0.1627892691  -1.4403550676
0.1543406786  -0.1582365655  -1.4446464052
0.1500495020  -0.1537033423  -1.4489255200
0.1457710242  -0.1491896764  -1.4531924468
0.1415052600  -0.1446956364  -1.4574472199
0.1372522222  -0.1402212839  -1.4616898718
0.1330119217  -0.1357666783  -1.4659204328
0.1287873777  -0.1313329607  -1.4702017145
0.1245805369  -0.1269207660  -1.4745648594
0.1203835937  -0.1225272637  -1.4789025349
0.1161942820  -0.1181517780  -1.4832424193
0.1120166532  -0.1137958834  -1.4875825771
0.1078506482  -0.1094596420  -1.4919208100
0.1036962215  -0.1051431231  -1.4962546572
0.0995533423  -0.1008464021  -1.5005813949
0.0954219951  -0.0965695587  -1.5048980369
0.0913021810  -0.0923126760  -1.5092013339
0.0871939178  -0.0880758388  -1.5134877741
0.0830972408  -0.0838591313  -1.5177535830
0.0790122036  -0.0796626356  -1.5219947232
0.0749388784  -0.0754864292  -1.5262068946
0.0708773561  -0.0713305828  -1.5303855345
0.0668277473  -0.0671951580  -1.5345258173
0.0627901817  -0.0630802051  -1.5386226549
0.0587648086  -0.0589857609  -1.5426706962
0.0547517967  -0.0549118464  -1.5466643276
0.0507513334  -0.0508584654  -1.5505976726
0.0467636251  -0.0468256029  -1.5544645921
0.0427888961  -0.0428132238  -1.5582586841
0.0388273876  -0.0388212726  -1.5619732840
0.0348793571  -0.0348496731  -1.5656014645
0.0309450767  -0.0308983291  -1.5691360355
0.0270248319  -0.0269671252  -1.5725695441
0.0231189193  -0.0230559288  -1.5758942749
0.0192276449  -0.0191645924  -1.5791022494
0.0153513214  -0.0152929567  -1.5821852269
0.0114902653  -0.0114408541  -1.5851347033
0.0076447940  -0.0076081122  -1.5879419124
0.0038152223  -0.0037945587  -1.5905978249
0.0038113101  -0.0037945096  -1.5905978249
